1199 10059 41345
1199 10059 57046
3909 10033 63057
3909 10033 63654
1355 10059 69316
1199 10059 70609
4374 10033 72227
723 10033 85217
723 10033 85511
3909 10033 96359
3909 10033 96412
3909 10033 96457
3909 10033 97338
3909 10033 100116
3909 10033 100140
3909 10033 100176
3909 10033 101836
3909 10033 101888
3909 10033 117785
3909 10033 117810
3909 10033 117866
1199 10059 129121
3909 10033 129967
3909 10033 129993
3909 10033 130287
5745 10156 132361
1199 10059 134645
3909 10033 136177
3909 10033 136234
3909 10033 136259
3909 10033 136295
3909 10033 137234
3909 10033 137281
3909 10033 137925
3909 10033 138026
3909 10033 138061
3909 10033 144194
1199 10059 144225
3909 10033 144341
3909 10033 144895
3909 10033 145123
495 10033 145896
723 10033 165010
4510 10033 173260
6458 10033 180715
723 10033 198068
723 10033 220776
723 10033 249864
723 10033 251001
723 10033 257882
1199 10059 302721
723 10033 341476
495 10033 353973
723 10033 355120
7216 10059 356704
3801 10033 410646
3801 10033 413431
3801 10033 423230
723 10033 423312
723 10033 424081
3801 10033 424133
3801 10033 424428
3801 10033 425158
3801 10033 425267
3801 10033 427343
3801 10033 428287
3801 10033 429602
6458 10033 430245
723 10033 431350
723 10033 466295
1199 10059 469846
3801 10033 474862
3801 10033 474994
3801 10033 478046
3801 10033 479422
7137 10156 479805
3801 10033 479944
3801 10033 483048
3801 10033 483155
3801 10033 483696
3801 10033 483969
3801 10033 484267
3801 10033 484972
3801 10033 485584
3801 10033 486819
3669 10033 488063
3801 10033 490352
3801 10033 490699
3801 10033 491743
3801 10033 493380
3801 10033 493930
3801 10033 495161
3801 10033 496585
3801 10033 497109
3801 10033 497635
3801 10033 497961
3801 10033 502699
8492 10059 503515
3801 10033 512358
723 10033 515542
8531 10305 517829
3669 10717 519360
1064 10059 534613
723 10033 556022
3801 10033 560045
3801 10033 576591
3801 10033 577089
1199 10059 583455
723 10033 598596
723 10033 599681
495 10033 645463
495 10033 651413
517 10156 654026
7337 10434 682888
723 10033 686373
723 10033 686568
723 10033 699247
723 10033 702634
7281 10059 708289
1355 10059 712586
1199 10059 731379
1772 10059 748008
1199 10059 757847
723 10033 766414
723 10033 790942
1199 10059 803304
1199 10059 820600
7518 10033 838372
1199 10059 843796
7518 10033 846690
1355 10059 872652
1199 10059 914847
3801 10033 935093
3801 10033 935207
3801 10033 935578
3801 10033 942051
3801 10033 942475
3801 10033 942920
3801 10033 943509
723 10033 944319
3801 10033 944362
723 10033 956147
8075 10033 980470
1199 10059 984182
3801 10033 986917
3801 10033 987038
3801 10033 987172
3801 10033 992442
3801 10033 992656
3801 10033 992882
3801 10033 999739
3801 10033 1002005
3801 10033 1005040
3801 10033 1005409
3801 10033 1008292
3801 10033 1008627
3801 10033 1010854
3801 10033 1011308
3801 10033 1011662
1199 10059 1018783
3801 10033 1023943
3801 10033 1024199
3801 10033 1025692
3801 10033 1026050
3801 10033 1026345
3801 10033 1028354
723 10033 1028981
723 10033 1037459
723 10033 1037787
495 10033 1045395
723 10033 1074396
6458 10033 1105119
723 10033 1123685
723 10033 1130158
8075 10033 1145672
8075 10033 1165955
9183 10033 1198574
723 10033 1205633
723 10033 1206874
723 10033 1213430
8492 10059 1273023
723 10033 1286297
723 10033 1287974
723 10033 1292924
495 10033 1312472
8075 10033 1335631
723 10033 1338211
723 10033 1338362
6458 10033 1357798
1064 10059 1384625
1064 10059 1385563
1064 10059 1400966
9183 10033 1404358
9183 10033 1405330
9183 10033 1405331
9183 10033 1405692
9183 10033 1405693
9183 10033 1406063
9183 10033 1406063
9183 10033 1406422
9183 10033 1406850
723 10033 1423288
1199 10059 1426680
7137 10156 1430361
7137 10156 1430497
6458 10033 1443028
723 10033 1456449
723 10033 1470770
723 10033 1515821
8492 10059 1521028
8492 10059 1522326
8492 10059 1522428
8492 10059 1522516
8492 10059 1522630
8492 10059 1523300
723 10033 1547713
8492 10059 1555095
8492 10059 1555205
8492 10059 1555289
6458 10033 1564695
723 10033 1570313
723 10033 1591003
723 10033 1605328
723 10033 1635754
723 10033 1637764
495 10033 1639549
8492 10059 1642829
8492 10059 1642860
8492 10059 1643045
8492 10059 1643139
8492 10059 1643717
6458 10033 1651501
6458 10033 1691488
6458 10033 1691739
495 10033 1698330
8492 10059 1703553
8492 10059 1713301
8492 10059 1714635
8492 10059 1719372
723 10033 1724699
723 10033 1733608
723 10033 1768630
8492 10059 1768738
723 10033 1769335
9815 10305 1771818
495 10033 1776293
723 10033 1777173
3932 10156 1778368
3932 10156 1779668
9815 10305 1782158
8492 10059 1782458
396 10033 1784853
9815 10305 1787023
9815 10156 1807402
723 10033 1807693
9815 10305 1807936
1064 10059 1840068
723 10033 1843994
8492 10059 1851628
8492 10059 1851658
8492 10059 1851684
8492 10059 1851765
8492 10059 1851802
8492 10059 1851853
8492 10059 1851953
8492 10059 1851989
8492 10059 1852135
8492 10059 1852236
8492 10059 1852293
8492 10059 1852309
8492 10059 1852368
8492 10059 1852371
8492 10059 1852452
8492 10059 1852568
8492 10059 1853964
8492 10059 1854061
8492 10059 1855464
8492 10059 1855693
6458 10033 1875072
1064 10059 1905799
1064 10059 1906243
9815 10156 1916452
9815 10156 1922613
9587 10033 1963886
1064 10059 1976877
495 10033 1977691
723 10033 1983162
723 10033 1983607
1064 10059 2025347
8492 10059 2037539
1199 10059 2043035
495 10033 2064812
723 10033 2069089
723 10033 2070131
723 10033 2075939
3796 10033 2079458
1064 10059 2095899
723 10033 2106097
723 10033 2119639
495 10033 2140012
723 10033 2151732
723 10033 2154110
723 10033 2156353
723 10033 2166178
1064 10059 2180582
723 10033 2209254
723 10033 2209424
6042 10033 2210059
8492 10059 2225886
723 10033 2240025
6458 10033 2244604
495 10033 2250452
5413 10156 2269356
723 10033 2298245
723 10033 2325822
723 10033 2329274
495 10033 2342762
723 10033 2358147
723 10033 2372693
723 10033 2374180
9907 10033 2407143
723 10033 2418371
6458 10033 2423917
8720 10305 2426007
723 10033 2429688
723 10033 2459222
723 10033 2461630
723 10033 2469175
723 10033 2469339
723 10033 2469759
7281 10059 2472975
495 10033 2490423
495 10033 2491355
6458 10033 2502255
723 10033 2502363
723 10033 2509420
495 10033 2511306
723 10033 2551697
6458 10033 2554316
4726 10033 2578444
3180 10033 2581480
723 10033 2585284
723 10033 2585476
6458 10033 2590990
723 10033 2601223
723 10033 2601825
1064 10059 2615735
8075 10033 2622104
1064 10059 2622228
723 10033 2640054
723 10033 2666857
