3404 10543 55328
5426 10723 115198
5426 10723 115201
3531 10062 150727
4039 10154 156938
4039 10390 157547
2363 10154 194543
5426 10723 201599
5426 10723 201602
937 10154 207092
3404 10543 211846
3404 10543 222090
937 10154 234962
4039 10154 241554
4067 10386 246715
4039 10390 247473
2508 10386 252420
2508 10876 271375
6246 10417 283514
6997 10703 284415
5426 10723 287999
5426 10723 288001
3404 10543 292410
4039 10154 319271
263 10417 332677
5587 10154 344315
4039 10566 351399
5426 10723 374398
7815 10678 405459
4039 10154 406010
4039 10390 407737
5426 10723 460797
5426 10723 460799
193 10154 501214
1862 10723 506551
6997 10703 518026
6997 10703 524369
6861 10452 538953
2548 10723 557799
3404 10543 557980
1862 10723 665472
3404 10543 671127
263 10417 691294
5426 10723 719998
5426 10723 720000
937 10154 749427
4039 10154 765931
5426 10723 806399
2363 10154 843547
4039 10390 856122
2363 10154 856900
5426 10723 892798
3404 10543 905427
4039 10154 920687
1862 10723 922154
3850 10804 928702
1862 10723 935160
5426 10723 979197
3404 10543 1004514
6861 10452 1007793
6997 10703 1025078
5426 10723 1065599
6861 10452 1096170
2363 10392 1106294
2363 10392 1106611
419 10392 1114219
6861 10452 1137972
6997 10703 1150387
4039 10154 1178229
2363 10154 1310895
5426 10723 1324797
4175 10390 1338979
9388 10386 1373141
2363 10154 1411155
5426 10723 1411796
7480 10723 1443438
9388 10386 1451812
937 10154 1474372
5426 10723 1497599
937 10154 1506311
263 10417 1529190
4175 10390 1539472
5426 10723 1584599
2363 10154 1585747
2363 10154 1598395
5426 10723 1670399
7235 10392 1674549
8754 10154 1692313
4039 10154 1706483
7235 10392 1730294
8709 10452 1767722
7305 10154 1792080
4626 10723 1793656
6246 10417 1793670
4626 10723 1798092
8709 10452 1805065
8709 10452 1807821
6997 10703 1831645
4641 10703 1908505
5426 10723 1929597
5426 10723 1929599
3404 10543 1930921
8709 10452 1948553
937 10154 1965148
937 10154 1980022
937 10154 1982601
2363 10390 1994051
5426 10723 2015998
5426 10723 2016001
2363 10362 2027345
9647 10362 2034911
2508 10876 2036621
7073 10392 2039817
4039 10390 2048087
3404 10543 2050518
6997 10703 2063436
8709 10452 2074758
5426 10723 2102398
5426 10723 2102399
3404 10543 2121703
7235 10627 2186672
5426 10723 2188798
5426 10723 2188799
2508 10386 2213861
4039 10154 2229792
2163 10392 2255899
7073 10392 2272203
5426 10723 2275197
5426 10723 2275199
2163 10392 2300540
4763 10392 2321265
1385 10392 2339798
9983 10392 2339999
1996 10392 2365261
6751 10392 2387279
3404 10543 2397682
8709 10452 2400235
2124 10392 2418866
9057 10703 2425004
9057 10703 2425866
6997 10703 2452868
1996 10392 2466893
2121 10392 2489162
193 10392 2506862
3830 10703 2519054
3830 10703 2519770
263 10417 2524824
6997 10703 2525021
3830 10703 2529061
5426 10723 2537998
5426 10723 2538002
6997 10703 2578241
263 10392 2581221
6751 10392 2599287
2121 10392 2621758
5426 10723 2624397
5426 10723 2624399
3404 10543 2628147
2363 10392 2630376
3531 10392 2646655
3531 10392 2647264
3531 10392 2647958
1385 10392 2658761
2363 10392 2661560
2363 10392 2667345
2094 10392 2669909
