724 10432 16580
1622 10348 58115
4430 10771 73253
1861 10361 100441
5412 10087 114214
5412 10159 160831
3911 10728 165051
5415 10159 203743
5122 10159 280821
7584 10728 398202
2719 10432 402355
2719 10432 403220
6706 10432 411541
7183 10484 482717
3033 10728 570370
8732 10286 613846
5415 10087 630313
5415 10087 630965
5494 10654 643599
2379 10728 644461
5415 10087 673630
2379 10728 722641
5412 10087 839378
9098 10159 853034
4071 10484 855294
5415 10087 969940
3779 10432 1043475
2673 10348 1072240
7713 10159 1074578
9432 10159 1147121
9432 10159 1178096
9432 10159 1179635
9432 10159 1225737
9432 10159 1233708
323 10654 1265076
9098 10159 1287287
5816 10348 1349075
3779 10771 1374088
5415 10159 1408139
5415 10087 1523871
7437 10915 1533554
7437 10915 1534165
8732 10831 1543321
4718 10432 1552870
2372 10361 1599204
2372 10361 1599823
176 10348 1610303
5412 10087 1610505
9740 10468 1674124
9740 10468 1700847
179 10432 1740683
4718 10432 1787094
9098 10159 1805346
9098 10159 1806247
9098 10159 1807250
9098 10159 1807925
9098 10159 1808556
2372 10361 1813441
1582 10654 1823122
4952 10432 1827246
1582 10654 1870017
5415 10087 1874526
1582 10654 1884250
9098 10159 1892953
9098 10159 1893601
9098 10159 1894436
9098 10159 1895165
9098 10159 1895884
9098 10159 1896509
5412 10087 1924661
4718 10432 1978104
9098 10159 1978467
9098 10159 1979127
9098 10159 1979762
9098 10159 1980648
9098 10159 1982165
9098 10159 1982813
9098 10159 1983614
9098 10159 1984316
9098 10159 1985058
9098 10159 1985727
9098 10159 1986397
4430 10771 1986772
2719 10432 2045780
2372 10361 2052205
2372 10361 2052385
4718 10432 2063247
9098 10159 2064830
9098 10159 2065657
9098 10159 2066289
9098 10159 2066958
9098 10159 2067903
9098 10159 2069056
9098 10159 2069902
9098 10159 2071109
9098 10159 2072271
9098 10159 2073013
9098 10159 2073944
9098 10159 2075148
8965 10361 2086852
8965 10361 2087759
4718 10432 2129160
9098 10159 2152343
9098 10159 2153014
9098 10159 2157958
9098 10159 2159355
9098 10159 2160270
9098 10159 2161018
9098 10159 2161871
9098 10159 2164825
9098 10159 2165788
9098 10159 2166572
4718 10432 2208070
9098 10159 2244236
9098 10159 2245424
9098 10159 2246997
9098 10159 2248371
9098 10159 2249332
9098 10159 2251124
9098 10159 2252410
9098 10159 2253950
9098 10159 2254894
9098 10159 2255964
1687 10348 2263100
4718 10432 2280994
6900 10159 2303737
5412 10087 2312338
9645 10348 2341339
9645 10348 2342036
5412 10087 2423374
176 10348 2559914
4718 10432 2575221
2379 10728 2638729
4718 10432 2640286
4718 10432 2641185
