3449 10120 140298
4771 10403 165947
4771 10403 167370
7078 10282 216191
4771 10802 218710
4786 10574 226965
4771 10681 231071
4771 10802 272108
6569 10088 361301
7078 10282 366178
5059 10088 451339
8368 10088 463166
368 10802 497972
7078 10282 505448
8368 10088 534405
4771 10403 537335
7078 10282 591309
7730 10088 692789
7393 10403 748230
7078 10282 752422
7078 10282 787537
4771 10169 813166
4771 10802 903926
7078 10282 953417
7078 10282 1028321
7078 10282 1029398
3979 10640 1069279
3979 10640 1069958
3979 10640 1070730
3979 10640 1071464
3979 10640 1072191
3979 10640 1072851
5770 10075 1078286
4771 10403 1100172
7078 10282 1133292
7078 10282 1175440
4771 10403 1206141
3979 10640 1257880
4602 10088 1259971
7078 10282 1270184
7078 10282 1392930
7078 10388 1393632
8579 10120 1416863
2657 10388 1430633
6323 10640 1434337
8368 10088 1490779
8368 10088 1491376
8463 10075 1501602
7393 10403 1533140
7078 10282 1537323
7078 10282 1663067
4771 10802 1721790
7078 10388 1743956
7078 10388 1744516
4771 10403 1919827
4771 10802 1922606
6057 10640 1945139
7078 10282 1994395
7078 10388 1995750
718 10120 2044081
9797 10120 2064653
7078 10388 2083356
7078 10282 2083747
6057 10640 2132976
753 10403 2253199
7078 10282 2293621
9839 10075 2309952
7078 10282 2515759
2195 10574 2605819
2195 10574 2662203
