198 10112 1158
2756 10628 43237
3256 10320 52394
3734 10122 60019
3345 10112 60216
223 10726 63341
3345 10726 69011
4568 10724 77519
584 10209 91979
2756 10628 129638
1822 10122 149490
3734 10122 150163
2756 10628 216038
4640 10053 225252
2756 10628 302437
1822 10122 313133
1822 10122 313776
3734 10122 316026
7836 10053 317416
2273 10112 374523
2756 10628 388836
223 10726 399139
223 10726 415717
2981 10209 424696
2756 10628 475237
6592 10668 477690
3734 10122 481757
2756 10628 561636
5105 10053 565885
720 10320 595985
8403 10320 604958
1792 10053 607512
4568 10724 611507
3734 10122 636967
2756 10628 648036
198 10416 653179
223 10726 658053
6353 10668 685654
4568 10724 710977
4116 10724 721786
4640 10209 732084
2756 10628 734438
3734 10122 737386
4568 10724 793896
8447 10122 810865
3734 10122 814146
2756 10628 820839
2981 10209 832634
3734 10122 833762
4116 10724 842586
3734 10122 855065
4376 10053 856200
1449 10726 856654
8447 10320 863578
8332 10807 884039
3734 10122 898320
198 10112 914069
2756 10628 917442
2756 10973 917518
3734 10122 918328
4226 10807 921340
8447 10122 929806
1817 10053 936514
2756 10628 993636
8447 10122 1007126
3734 10122 1008704
6127 10320 1009947
6127 10320 1010003
720 10053 1021506
2756 10628 1080036
6163 10320 1088624
3734 10122 1124873
2756 10628 1166436
3083 10209 1205143
2756 10628 1252836
3734 10122 1257795
3256 10668 1263599
6922 10209 1264822
8447 10122 1292923
9516 10726 1295516
9516 10726 1296237
9516 10726 1297372
2756 10628 1339238
198 10112 1340199
198 10112 1342655
9516 10726 1349289
9516 10726 1367667
2981 10209 1368535
9516 10726 1368604
5105 10320 1369565
8899 10549 1403417
1817 10053 1414170
2756 10628 1425641
2981 10209 1453468
3156 10209 1461245
4640 10209 1477071
4640 10209 1505062
2756 10628 1519236
6163 10320 1542130
1449 10726 1550343
3681 10053 1598354
2756 10628 1598437
9698 10726 1625137
6163 10668 1627626
8283 10668 1630972
1602 10209 1655506
2756 10628 1684836
9786 10122 1696913
9786 10122 1698190
8020 10416 1698215
2273 10726 1720305
2273 10726 1720439
2981 10209 1766610
8966 10122 1767077
2756 10628 1771237
1602 10209 1813019
4640 10053 1837639
5105 10053 1841430
2756 10628 1857637
4760 10807 1863549
9698 10726 1877992
6592 10668 1879316
3681 10053 1901606
5105 10053 1910650
4640 10053 1943693
2756 10628 1951237
2756 10807 1951245
9698 10726 1962418
867 10122 1984257
4568 10724 1985656
4568 10724 1988880
6353 10053 1994055
720 10053 1994098
720 10122 1997781
720 10122 2023521
720 10122 2023569
2756 10628 2037638
9698 10726 2038616
9786 10122 2041492
9698 10726 2054728
9698 10726 2054859
9786 10122 2055222
9698 10726 2055713
3681 10209 2077650
1792 10209 2088172
9786 10122 2102603
2756 10628 2124044
9786 10122 2126967
9786 10122 2127720
9698 10726 2138343
9698 10726 2163987
2273 10726 2195572
4640 10053 2200940
2756 10628 2203237
9698 10726 2205951
9698 10726 2220445
9698 10726 2220922
9698 10726 2224895
9000 10726 2229275
9000 10726 2241117
1341 10209 2241526
6394 10209 2244880
9698 10726 2248380
9000 10726 2251744
2756 10628 2289643
8020 10416 2292691
6163 10053 2309715
1792 10209 2331536
9000 10726 2338054
4568 10724 2351305
2756 10628 2376034
9786 10122 2386604
9451 10792 2394047
6114 10726 2401082
6114 10726 2402624
2273 10726 2412188
9451 10122 2412981
9336 10209 2428533
9786 10122 2460009
2756 10628 2462450
2756 10628 2465234
2756 10628 2465430
7819 10209 2477212
9336 10209 2486381
9451 10122 2486615
9451 10122 2487216
2756 10628 2548830
6359 10209 2576756
1792 10053 2594081
6127 10320 2623298
2756 10628 2635231
