2771 10009 43610
2771 10009 43728
2771 10009 75598
4966 10054 91441
4966 10054 100036
2771 10009 127932
2771 10009 128107
2771 10009 129580
2771 10009 130039
4966 10054 132583
4966 10054 135300
6012 10050 141758
4966 10054 142305
4966 10054 142367
3676 10054 154878
5391 10054 185691
5391 10054 199047
2771 10009 215809
4966 10054 219063
5826 10050 227795
4966 10054 241912
4966 10054 244121
4966 10054 247456
4966 10054 250832
4966 10054 252917
4966 10054 253109
4966 10054 254238
4966 10054 272326
2771 10009 300055
2771 10009 300425
2771 10009 300574
6012 10050 301701
5826 10050 312039
4966 10054 322165
2771 10009 333689
2771 10009 333713
2771 10009 333877
4966 10054 340044
6456 10050 374683
2771 10009 384646
2771 10009 386619
2771 10009 386641
4966 10054 413086
4966 10054 418305
4966 10054 429447
2771 10742 435362
2771 10742 435420
2771 10009 436510
4966 10054 494900
4966 10054 534202
2771 10009 562101
2771 10009 562294
5826 10050 570459
4966 10054 574904
4966 10054 590929
493 10054 631938
2771 10009 646668
2771 10009 650198
2771 10009 650248
2771 10009 650278
6192 10054 658715
5826 10050 660308
5826 10050 664425
4635 10892 667023
4966 10054 682115
2771 10009 723822
2771 10009 727264
2771 10009 729035
2771 10009 729959
2771 10009 730630
2771 10009 730664
2771 10009 732153
2771 10009 732946
2771 10009 734270
5826 10050 747006
5826 10050 751326
493 10009 779613
6012 10050 802259
2771 10009 817555
2771 10009 817566
5826 10050 833327
5826 10050 836448
4966 10054 837581
4966 10054 856032
2771 10009 878647
2771 10009 907174
2771 10009 907209
2771 10009 907910
4966 10054 908797
5826 10050 918666
8210 10054 928251
4966 10054 932871
9256 10623 967776
9099 10623 981678
2771 10009 995074
2771 10009 995122
8963 10412 1002525
9256 10623 1003779
8964 10054 1010933
9256 10623 1021271
4966 10054 1023412
9256 10623 1030709
9256 10623 1046000
387 10054 1050018
9256 10623 1052657
2771 10009 1053232
9256 10623 1075413
4966 10054 1092285
9256 10623 1101540
5579 10412 1114454
9256 10623 1143694
2771 10009 1163704
5826 10050 1178922
8742 10050 1192848
8742 10050 1195181
4966 10054 1196965
2771 10009 1206364
2589 10050 1206758
2771 10009 1206970
2771 10009 1221103
4966 10054 1222209
2771 10009 1253874
2771 10009 1253936
2771 10009 1254286
5826 10050 1263905
2771 10009 1293634
9256 10623 1301695
9256 10623 1302733
9256 10623 1307893
8742 10050 1309283
9256 10623 1312120
9256 10623 1335450
9256 10623 1335614
2771 10009 1338911
4966 10054 1344896
4841 10054 1365084
4841 10054 1366289
8742 10050 1382218
8742 10050 1393335
6012 10050 1415993
2771 10009 1416445
5038 10050 1416888
2771 10009 1423657
2771 10009 1424625
2771 10009 1424868
2771 10009 1426799
2771 10009 1427680
4966 10054 1429005
4966 10054 1429959
9256 10623 1447890
4966 10054 1462016
2771 10009 1471392
2771 10009 1471422
5038 10050 1476933
5038 10050 1477153
2771 10009 1509789
2771 10009 1509800
4966 10054 1536438
2771 10009 1559068
1110 10623 1564617
9256 10623 1577190
2771 10009 1597165
2771 10009 1597263
678 10412 1635633
9256 10623 1641076
4966 10054 1654081
2771 10009 1654687
9765 10050 1685914
4966 10054 1696394
5826 10050 1700267
9256 10623 1701139
9256 10623 1701195
3900 10009 1715356
4966 10054 1726292
2771 10009 1738629
9256 10623 1741958
4966 10054 1779529
4966 10054 1781048
8742 10050 1829195
2755 10054 1833620
8742 10050 1835955
387 10054 1848190
2771 10009 1857736
2771 10009 1857864
2771 10009 1858007
2771 10742 1858021
2771 10009 1928757
2771 10009 1928784
2771 10009 1942600
2771 10009 1942614
9256 10623 1976309
2771 10009 2028456
2771 10009 2028488
9256 10623 2043682
9256 10623 2045458
4966 10054 2052263
4966 10054 2060459
5038 10050 2088879
5448 10054 2111646
2771 10009 2116819
2771 10009 2116841
4966 10054 2118015
9256 10623 2124549
4966 10054 2153464
2771 10009 2154394
4399 10054 2156761
2771 10009 2198022
2771 10009 2198123
2771 10009 2199352
2771 10009 2200143
2771 10009 2200158
2771 10009 2201237
4966 10054 2208274
9956 10050 2209357
9256 10623 2210757
9256 10623 2211282
9256 10623 2215913
5992 10412 2225569
475 10054 2231683
475 10054 2232441
7675 10768 2244532
2771 10009 2284920
2771 10009 2289508
2771 10009 2289579
2771 10009 2289849
2771 10742 2290644
4966 10054 2294778
4472 10050 2318844
9956 10050 2330302
9956 10050 2331013
9956 10050 2373639
4966 10054 2388498
7416 10054 2394273
129 10054 2403299
6012 10050 2411014
1383 10009 2432249
2771 10009 2450009
2771 10009 2458761
129 10826 2494823
9956 10050 2494846
2771 10009 2511843
2771 10009 2527461
2771 10009 2542437
2771 10009 2542966
2771 10009 2545793
2771 10009 2545851
2771 10742 2546453
2771 10009 2547094
2771 10009 2547112
2771 10009 2548370
2771 10009 2548421
2771 10009 2549318
2771 10009 2550282
2771 10009 2550395
2771 10009 2550447
2771 10009 2584409
9115 10054 2586112
129 10054 2587569
9956 10050 2592025
9956 10050 2595022
2771 10009 2595710
2771 10009 2595792
2771 10009 2602608
7896 10054 2603863
2771 10009 2618221
2771 10009 2628236
2771 10009 2628255
2771 10009 2630598
2771 10009 2630655
2771 10009 2631128
2771 10742 2631574
2771 10009 2637230
2771 10009 2637253
9256 10623 2654308
4966 10054 2669118
