4110 10331 89436
1184 10331 133352
3317 10331 146884
2643 10847 159435
3109 10595 220242
3698 10331 351789
5000 10331 354874
3829 10956 460212
5864 10869 501062
418 10489 656124
5182 10663 684201
1948 10331 709628
6960 10595 724234
6674 10331 781508
7947 10331 817675
6960 10595 852295
5864 10869 998247
3829 10956 1112360
1184 10331 1177131
4251 10595 1203657
4251 10595 1203697
1184 10331 1266142
1493 10946 1333299
9543 10946 1395301
1108 10834 1443054
1108 10834 1468695
1955 10847 1481278
4262 10663 1514203
6960 10595 1587568
1184 10331 1602187
6247 10331 1604792
1184 10331 1626515
2065 10489 1636993
9020 10553 1675293
5864 10869 1740770
6247 10331 1762819
4825 10663 1885775
1184 10331 1959956
6247 10331 1962825
1955 10847 1981933
710 10834 1983122
538 10101 1987535
1955 10847 1990622
1108 10834 2246316
6247 10331 2296432
4852 10847 2354262
9981 10331 2357037
9981 10331 2371226
1184 10331 2380527
9715 10595 2567954
1108 10834 2648332
