40 10025 218
1349 10057 14369
40 10025 28710
2556 10612 40823
2556 10612 41152
2671 10057 41464
2671 10025 41644
2556 10612 42012
2671 10057 42190
2671 10025 42731
3856 10256 61971
40 10025 71095
40 10025 74153
2671 10025 76240
2671 10057 76930
2671 10025 77255
1281 10057 78027
4783 10025 84977
40 10025 86956
4868 10612 88019
3960 10057 90937
40 10025 92561
4783 10025 103940
2556 10612 125676
5602 10057 126329
5602 10057 126388
5602 10057 126586
5602 10025 126660
2556 10612 126737
2671 10025 135817
2671 10057 140331
2671 10025 145721
4783 10025 150718
6279 10025 152277
6279 10025 152420
4783 10025 159653
3329 10612 162606
2671 10057 162817
4783 10025 163420
6556 10025 163580
6556 10025 163648
6556 10057 163662
6556 10025 164175
2671 10057 165614
2671 10025 165678
2671 10057 165891
2671 10025 166425
40 10025 178415
5602 10057 180349
40 10025 187681
6556 10025 190040
6556 10025 190169
6556 10057 190215
6556 10025 190257
1349 10057 193051
2671 10057 202374
2671 10057 202429
2671 10025 202498
2671 10025 203193
1281 10025 215720
7082 10057 216253
7082 10025 216266
2671 10025 230212
2671 10057 230236
4783 10025 230449
2671 10025 234214
4783 10025 234517
3856 10256 240758
2671 10025 248591
2671 10057 248900
6556 10025 253521
6556 10057 253562
7082 10025 256625
40 10025 257402
6556 10025 257680
40 10025 265184
2671 10025 286465
2671 10025 286612
2556 10612 297539
2556 10612 298046
7082 10025 300159
2556 10612 300186
7082 10025 300248
7082 10025 300318
7082 10057 300801
4783 10025 314882
2671 10057 319826
5602 10057 320389
5602 10057 320438
2671 10025 320949
40 10025 324709
2671 10057 336894
4783 10025 337096
2671 10025 337427
4783 10025 337435
40 10025 337777
2671 10025 337927
4705 10025 339817
4783 10025 340003
3856 10256 361999
2671 10057 373194
2671 10025 373396
2556 10612 386988
2556 10612 389153
5602 10057 397399
7082 10057 398459
7082 10025 398520
2671 10057 399589
2671 10025 400265
40 10025 402914
40 10025 418999
6556 10025 420493
2671 10025 421598
2671 10025 423025
40 10025 423651
2671 10025 426618
40 10025 443681
2671 10025 458568
282 10220 461159
2671 10025 462977
2671 10057 463166
2556 10612 470785
2556 10612 471905
8404 10057 474827
7082 10025 475138
7082 10057 475187
7082 10057 475251
8404 10057 475472
1281 10025 481026
40 10025 487965
7082 10025 489772
2671 10057 492974
2671 10025 493528
2671 10025 494303
40 10025 501815
3856 10256 502046
40 10025 505713
40 10025 506225
2671 10057 508323
2671 10025 513062
40 10025 528637
40 10025 528737
1349 10057 531191
2671 10025 549480
2671 10057 550157
2671 10025 550201
8404 10057 558283
8404 10057 558380
1349 10057 562623
7082 10057 570510
7082 10057 570549
40 10025 571379
40 10025 573623
5602 10057 574169
2671 10057 581412
2671 10025 581434
7082 10025 583542
7082 10057 584622
7082 10057 584639
7082 10057 584797
8404 10025 585979
40 10025 588187
40 10025 588258
4783 10025 592201
2671 10025 595605
2671 10025 595810
1281 10057 604189
1281 10025 604500
2671 10057 604650
1349 10057 639451
2671 10025 640061
8404 10057 640196
2671 10057 645703
2671 10025 645752
2671 10057 646111
1281 10025 653100
7082 10057 657489
7082 10057 657531
7082 10025 657615
7082 10025 657702
7082 10057 657922
7082 10057 658867
7082 10025 659053
7082 10057 659417
2671 10025 665797
40 10025 673062
40 10025 708381
2671 10057 723406
2671 10025 723426
2671 10057 723556
2556 10612 729977
2556 10612 730958
8404 10057 749241
8404 10057 749329
2671 10025 749458
2671 10025 759273
4783 10025 759524
3856 10256 760305
5602 10057 761335
8872 10791 770844
2671 10025 772994
2671 10025 773260
4783 10025 777288
3960 10057 784554
3960 10057 784693
4783 10025 786232
40 10025 786861
2671 10025 806667
8404 10057 819521
8404 10057 819570
5602 10057 820028
5602 10057 820073
1281 10025 822947
5602 10057 824380
1281 10025 830731
2671 10025 834172
3856 10256 840513
4783 10025 843817
8404 10057 844167
8404 10057 844300
2556 10612 844479
2556 10612 845897
3856 10256 846101
2671 10025 846718
2671 10025 849271
2671 10025 850433
40 10025 863161
4783 10025 870064
40 10025 877201
2671 10025 887366
2671 10025 887529
1349 10057 890636
5602 10057 904169
5602 10057 904183
4155 10612 904986
5602 10057 906832
2556 10612 907660
8404 10057 921620
8404 10057 921830
8404 10057 922182
40 10025 922977
4783 10025 925755
4783 10025 927740
2671 10025 928381
6100 10791 929491
2671 10025 930075
40 10025 935094
6556 10025 938266
6556 10025 938428
6556 10025 938718
6556 10025 938777
40 10025 959171
2671 10025 964572
2671 10025 965659
2671 10025 983912
2556 10612 988659
2556 10612 989477
5602 10057 992031
5602 10057 992052
2556 10612 993959
8404 10057 1000458
8404 10057 1000552
2671 10025 1011559
40 10025 1014447
40 10025 1016100
8404 10057 1018134
8404 10057 1018463
2671 10025 1021077
6556 10025 1025167
6556 10025 1025321
6556 10057 1026159
1281 10025 1031379
40 10025 1041780
2671 10025 1056001
2671 10025 1060967
6556 10025 1062673
6556 10025 1062712
6556 10057 1062753
2556 10612 1075790
2671 10025 1083072
2671 10025 1088616
4783 10025 1089306
8404 10057 1089988
8404 10057 1090612
40 10025 1097669
4783 10025 1098481
2671 10025 1103694
40 10025 1108787
40 10025 1109454
40 10025 1120283
2671 10025 1143289
2671 10025 1159323
2556 10612 1162032
2556 10612 1163602
2671 10025 1169177
8404 10025 1174767
7082 10025 1174974
6279 10057 1177177
40 10025 1178286
40 10025 1180952
2671 10025 1188338
5602 10057 1195843
5602 10057 1195892
6556 10025 1199870
6556 10025 1201102
40 10025 1203175
6556 10025 1203707
6556 10025 1204738
4783 10025 1209837
40 10025 1224692
40 10025 1225180
2671 10025 1231704
2671 10025 1232695
8404 10057 1237922
6556 10025 1238908
6556 10025 1239496
2556 10612 1249488
2556 10612 1252488
2671 10025 1252501
2556 10612 1252914
2671 10025 1253059
8404 10057 1253345
8404 10057 1253471
6279 10025 1255481
6279 10025 1256104
1281 10057 1261511
7082 10025 1266841
7082 10025 1267031
8404 10057 1267893
8404 10025 1268360
6279 10025 1271324
6279 10057 1271780
2671 10025 1272012
40 10025 1279558
7082 10057 1281168
40 10025 1281745
4783 10025 1283563
5602 10025 1286710
40 10025 1292564
40 10025 1299686
6802 10791 1306847
2671 10025 1326850
2671 10025 1327950
2671 10025 1328178
2556 10612 1334694
2556 10612 1335120
8404 10057 1346671
8404 10025 1354589
8404 10057 1354982
8404 10057 1355523
5602 10057 1360465
2671 10025 1360891
2671 10025 1362246
40 10025 1368314
40 10025 1371903
40 10025 1373078
6279 10025 1376709
6279 10025 1378361
6279 10025 1378391
6279 10025 1378434
6279 10025 1378450
6279 10057 1378472
40 10025 1378620
6556 10025 1379572
6556 10025 1379693
6556 10025 1380804
6556 10025 1381416
6556 10025 1381432
3856 10256 1383545
40 10025 1387544
40 10025 1390651
2671 10025 1418665
2671 10025 1418959
2556 10612 1422753
2556 10612 1422954
7082 10057 1423693
7082 10057 1423882
5602 10057 1425066
5602 10057 1425121
5602 10057 1425232
5602 10025 1425309
6279 10025 1428679
6279 10025 1429650
6279 10025 1429702
6279 10025 1429873
8404 10057 1434374
40 10025 1438059
40 10025 1441039
6279 10025 1441384
6279 10057 1441402
2671 10025 1446491
40 10025 1447620
2671 10025 1448357
40 10025 1449559
5602 10057 1462063
7082 10025 1464595
3856 10256 1465156
40 10025 1477308
2671 10025 1492890
2671 10025 1503398
2671 10025 1503785
8404 10025 1511676
5602 10057 1518271
1281 10025 1518298
2671 10025 1520146
6279 10025 1522067
6279 10025 1522744
8404 10057 1525124
2671 10025 1532100
2671 10025 1533326
6556 10025 1549698
6556 10025 1550057
6279 10025 1550129
6556 10025 1550348
6279 10025 1550372
6556 10025 1550397
4705 10057 1551382
6279 10025 1551703
4705 10025 1551745
6279 10025 1552541
4783 10025 1558051
4783 10025 1559053
4783 10025 1567664
40 10025 1568151
2671 10025 1568913
2671 10025 1569930
40 10025 1570016
8404 10057 1578842
6279 10025 1589571
2671 10025 1589918
2556 10612 1594882
2556 10612 1598345
8404 10057 1602321
5602 10057 1603954
8404 10057 1612580
8404 10057 1613015
7082 10057 1614374
7082 10025 1616099
4783 10025 1617853
2671 10025 1618516
2671 10025 1619536
40 10025 1637046
40 10025 1650357
6565 10025 1652411
3960 10057 1657307
2671 10025 1664044
2671 10025 1669934
2671 10025 1676512
5602 10057 1685784
2671 10025 1697744
8404 10057 1701083
8404 10057 1701606
4783 10025 1703069
2671 10025 1704812
8404 10057 1706701
8404 10025 1707755
40 10025 1710032
40 10025 1716996
40 10025 1730059
40 10025 1730208
40 10025 1734547
40 10025 1744281
3960 10057 1746131
3960 10057 1746511
8404 10057 1752299
2671 10025 1755686
2671 10025 1759296
2671 10025 1782196
2671 10025 1782339
7082 10025 1784598
9738 10582 1785487
8404 10025 1786088
9738 10582 1786172
7082 10025 1787686
7082 10025 1788316
40 10025 1789506
40 10025 1792284
6279 10025 1792536
40 10025 1793097
4378 10025 1802768
40 10025 1808686
4783 10025 1828802
8404 10025 1835041
2671 10025 1835482
2671 10025 1836457
8404 10057 1836577
8404 10057 1837088
2671 10025 1859362
2671 10025 1861591
4378 10025 1864602
4378 10025 1867632
8404 10057 1870897
8404 10057 1871381
9738 10612 1874424
7082 10025 1875373
7082 10057 1875549
8404 10025 1878721
2671 10025 1879309
4783 10025 1895590
6279 10025 1895705
6279 10025 1896849
6279 10025 1897061
6279 10025 1897252
6279 10057 1897267
4705 10057 1902581
2671 10025 1924122
8404 10057 1924469
8404 10057 1924539
2671 10025 1927789
9885 10025 1933470
9885 10025 1934174
2556 10612 1939175
2556 10612 1940204
5602 10057 1940742
5602 10057 1940772
5602 10057 1940792
7082 10025 1944561
4378 10025 1948936
6100 10791 1956044
2671 10025 1956133
2671 10025 1961983
8404 10025 1962186
2671 10025 1962362
8404 10057 1963448
4783 10025 1963681
40 10025 1966200
4868 10612 1969380
4868 10612 1969869
40 10025 1974061
40 10025 1977530
4378 10025 1979269
4783 10025 1984148
4783 10025 1990201
40 10025 1994040
3960 10057 2000200
2671 10025 2004526
5602 10057 2028571
2556 10612 2029056
5602 10025 2029282
2556 10025 2030809
2556 10025 2031861
4378 10025 2037055
8404 10057 2038487
8404 10025 2043730
40 10025 2046120
8404 10025 2046951
8404 10057 2047013
40 10025 2049552
2671 10025 2049755
8404 10057 2050358
8404 10025 2050424
40 10025 2052075
8404 10025 2052268
8404 10057 2052369
2671 10025 2055759
2671 10025 2056303
4783 10025 2061628
40 10025 2064051
40 10025 2064413
40 10025 2067172
40 10025 2068112
4783 10025 2071873
2671 10025 2092156
40 10025 2096081
40 10025 2096202
2671 10025 2098372
9885 10025 2098399
2556 10612 2112267
2556 10612 2113658
4378 10025 2118366
8404 10057 2120193
8404 10025 2125581
8404 10057 2131905
8404 10057 2131954
2671 10025 2134892
2671 10057 2136487
2671 10025 2136578
8404 10057 2139434
8404 10057 2140001
8404 10025 2140089
8404 10057 2140220
8404 10057 2140370
8404 10025 2140647
4783 10025 2146128
5602 10057 2149330
6279 10025 2158734
6279 10057 2158764
1349 10057 2160236
1281 10025 2163824
40 10025 2164390
4378 10025 2169441
4783 10025 2178345
2671 10057 2181138
2671 10025 2181180
2671 10025 2181737
8404 10057 2182828
2671 10025 2183075
5602 10057 2202504
5602 10057 2202785
5602 10025 2202970
2556 10612 2203372
2556 10612 2203596
8404 10025 2206054
4378 10025 2214218
8404 10057 2219083
8404 10025 2219165
3960 10057 2219250
8404 10057 2219413
40 10025 2221156
2671 10025 2223455
2671 10025 2224184
2671 10057 2224834
40 10025 2233783
4783 10025 2241847
40 10025 2244003
40 10025 2249107
3856 10256 2257582
40 10025 2261259
2671 10025 2263629
2671 10057 2264489
2671 10025 2265525
40 10025 2266086
9738 10241 2267026
9885 10025 2268188
4783 10025 2273610
2556 10612 2291330
4378 10025 2292507
2556 10612 2292721
8404 10057 2292980
8404 10025 2294143
4783 10025 2299658
40 10025 2300792
8404 10025 2304538
2671 10025 2309080
2671 10057 2309738
2671 10025 2309824
40 10025 2309912
2671 10057 2310766
8404 10025 2312949
8404 10025 2313535
8404 10057 2313822
282 10280 2315594
6556 10025 2323276
6556 10025 2323323
6556 10025 2323410
7082 10057 2325939
7082 10025 2326038
7082 10057 2326255
1281 10057 2338588
3856 10256 2338656
8404 10057 2343697
8404 10025 2344094
2671 10057 2349809
2671 10025 2349870
4783 10025 2350664
9885 10025 2353245
4378 10025 2376446
2556 10612 2377862
6838 10612 2380965
8404 10057 2388956
8404 10025 2389339
7082 10057 2393521
7082 10025 2394318
3960 10057 2394797
8404 10057 2395523
8404 10057 2395541
40 10025 2398446
8404 10025 2408632
8404 10025 2408784
4783 10025 2427374
4783 10025 2427523
4378 10025 2428644
40 10025 2429755
40 10025 2431348
40 10025 2432436
40 10025 2433503
9885 10025 2436567
2671 10025 2438072
2671 10057 2438318
2671 10057 2439077
4783 10025 2439468
2671 10025 2441108
9885 10025 2451287
6838 10612 2464334
2556 10612 2467091
2556 10612 2467542
2556 10612 2467953
4378 10025 2470165
8404 10025 2471129
6556 10025 2475625
1281 10025 2477268
4378 10025 2477884
2671 10025 2482675
8404 10057 2482839
2671 10057 2483586
2671 10025 2483729
7082 10057 2484849
7082 10025 2484860
40 10025 2485796
7082 10057 2487895
7082 10057 2487933
7082 10025 2488431
9738 10817 2488679
8404 10057 2491628
8404 10057 2492148
8404 10025 2492361
7082 10025 2493971
40 10025 2497139
40 10025 2501627
4783 10025 2504950
40 10025 2508066
40 10025 2511632
2671 10057 2518096
3856 10256 2525328
40 10025 2528882
2671 10025 2530649
2671 10025 2531131
9885 10025 2545850
8404 10025 2547603
2556 10612 2547645
8404 10025 2548376
5602 10057 2548479
5602 10057 2549352
5602 10057 2549529
9885 10025 2550659
2671 10025 2551244
4378 10025 2551816
9885 10025 2552755
8404 10057 2558706
6279 10025 2563443
40 10025 2570851
8404 10025 2572698
4378 10025 2578687
4705 10025 2581929
40 10025 2584787
40 10025 2587834
6279 10025 2589851
6279 10025 2590481
40 10025 2593840
4378 10025 2598860
2671 10025 2611908
2671 10025 2612337
2671 10057 2613489
40 10025 2615520
6556 10025 2617413
4378 10025 2628033
4378 10025 2628572
2556 10612 2633778
2556 10612 2634457
3329 10612 2635342
8404 10057 2635387
8404 10025 2635624
40 10025 2640011
2671 10025 2640025
8404 10057 2652931
8404 10057 2653022
40 10025 2655592
2671 10025 2662120
2671 10057 2662805
3856 10256 2666017
8404 10025 2666141
