376 10172 2769
463 10172 3616
624 10172 5025
973 10019 9014
463 10172 10818
973 10019 13813
463 10172 18022
973 10019 18611
973 10019 29120
463 10172 32415
973 10019 36322
2467 10463 37121
463 10172 39627
973 10019 40524
463 10172 46819
973 10019 47115
2982 10558 47246
3095 10172 49008
3095 10172 50476
3095 10172 51077
2982 10558 51381
2852 10121 51817
3095 10172 51975
3095 10172 52580
3095 10172 53482
3402 10019 54007
3095 10172 54375
3095 10172 54979
3095 10172 55596
3095 10172 56776
973 10019 57302
3095 10172 57677
3095 10172 58278
3095 10172 59177
3095 10172 59782
3095 10172 62176
3095 10172 62779
3946 10019 63695
3095 10172 63976
3095 10172 64878
3095 10172 65779
3095 10172 66676
2467 10463 67149
376 10172 67508
973 10019 68102
3095 10172 68178
3095 10172 68777
3095 10172 69379
3095 10172 70276
4310 10172 70908
2852 10121 71203
973 10019 72052
376 10172 74709
463 10172 75618
2982 10558 76388
4566 10172 77411
973 10019 78500
376 10172 81008
463 10172 82827
973 10019 83292
3095 10172 84267
3095 10172 84891
3095 10172 85566
973 10019 87210
3095 10172 87305
3095 10172 88366
3095 10172 89040
463 10172 90018
4264 10019 92732
4566 10172 93906
973 10019 94415
376 10172 95407
463 10172 97217
973 10019 99489
973 10019 104297
463 10172 104417
5276 10019 106286
973 10019 110291
624 10172 110526
463 10172 111618
973 10019 113907
973 10019 119892
5568 10019 124481
973 10019 125344
624 10172 127169
2467 10463 127758
973 10019 129190
2852 10121 130116
4566 10172 130506
5798 10019 134373
3145 10019 135135
973 10019 135215
973 10019 139379
463 10172 140417
3402 10019 140462
4566 10172 141310
973 10019 143402
463 10172 144016
3402 10019 147627
4566 10172 148510
5276 10019 149547
6238 10558 150372
3095 10172 150760
6267 10019 151901
463 10172 153017
4227 10800 153677
3946 10019 154028
4566 10172 155708
2852 10121 156208
463 10172 156616
2852 10121 156898
3095 10172 157453
3095 10172 158057
3095 10172 159205
6238 10558 160478
3095 10172 160502
4566 10172 162907
4310 10172 163515
6559 10172 163624
3095 10172 172877
3095 10172 173477
3095 10172 174073
3095 10172 174675
3095 10172 175275
3095 10172 175873
3095 10172 176477
3095 10172 177078
3095 10172 177677
3095 10172 178278
3095 10172 178882
4566 10172 180015
463 10172 185116
463 10172 192615
5276 10019 192759
463 10172 199815
5568 10019 200639
2982 10558 205846
463 10172 207316
7010 10172 210502
5568 10019 210710
3946 10019 212002
7010 10172 214428
7010 10172 215197
5276 10019 216169
2852 10121 216588
3145 10019 220130
2467 10463 220474
4566 10172 220551
2467 10019 221742
3946 10019 222971
3095 10172 223231
3095 10172 224414
2467 10463 224932
3095 10172 225015
3095 10172 225615
3095 10172 226217
3095 10172 226885
3095 10172 228015
3095 10172 228614
3095 10172 229218
3095 10172 229816
3946 10019 230278
3095 10172 230476
3095 10172 231616
3095 10172 232216
3095 10172 232846
3402 10019 234122
3095 10172 234620
3095 10172 235279
3095 10172 236417
3095 10172 237019
4264 10019 237036
3946 10019 237356
7332 10019 237373
3095 10172 237619
4264 10019 237693
7332 10019 237802
3095 10172 238274
6238 10558 238773
3095 10172 238873
3095 10172 240018
3095 10172 240624
3946 10019 241747
3095 10172 241820
2467 10463 242316
3095 10172 242420
3095 10172 243615
3095 10172 244280
3095 10172 245419
3946 10019 247427
3095 10172 248422
3095 10172 249615
3095 10172 250220
3095 10172 251413
463 10172 252026
6559 10172 252311
2852 10121 252320
4310 10172 252838
3095 10172 253823
3095 10172 254476
6559 10172 255015
3095 10172 255629
3095 10172 256869
2852 10121 264421
463 10172 270017
2467 10463 274950
463 10172 275414
463 10172 280820
7010 10172 281944
5276 10019 282753
5568 10019 298565
463 10172 298817
3946 10019 299307
7735 10172 304306
5276 10019 304346
463 10172 305117
6559 10172 305970
2467 10463 306957
4566 10172 307583
2852 10121 308983
3145 10019 309445
624 10172 311623
3402 10019 313237
2852 10121 315739
7735 10172 315980
7735 10172 316792
3402 10019 320476
3946 10019 323019
3946 10019 324663
463 10172 324916
5533 10019 333704
3946 10019 335685
2852 10121 338123
4310 10172 338309
463 10172 339618
6238 10558 339740
6559 10172 340200
6238 10558 341137
6559 10172 341179
463 10172 347421
4310 10172 348874
4310 10172 350160
2852 10121 352065
4566 10172 352956
624 10172 354218
624 10172 356442
5276 10019 360135
463 10172 361516
7010 10172 367590
463 10172 370217
6559 10172 377440
463 10172 378318
6559 10172 379514
6559 10172 381445
6559 10172 385675
6559 10172 387662
3946 10019 390246
2852 10121 391036
6559 10172 391049
4310 10172 391482
6559 10172 392404
2467 10463 392549
5634 10247 395537
3145 10019 395776
6559 10172 398999
5533 10019 399028
4310 10172 400425
4738 10019 402500
4566 10172 402616
6238 10558 403252
6559 10172 403951
6238 10558 403972
2467 10463 404578
7332 10019 406811
3402 10019 406855
7332 10019 406916
4738 10019 406984
6618 10019 409954
6559 10172 410649
463 10172 411317
6559 10172 412467
2852 10121 415156
6559 10172 415702
463 10172 418516
6238 10558 424090
7949 10121 424725
463 10172 425718
8298 10558 430122
8298 10558 430801
8298 10558 433296
8298 10558 434057
6238 10558 434258
8298 10558 434356
4310 10172 434605
8298 10558 434739
5634 10247 439130
2467 10463 446285
7949 10121 453232
6559 10172 456019
6559 10172 457993
6559 10172 459664
6559 10172 461516
6559 10172 462904
5568 10019 470568
5634 10247 473660
8405 10172 475375
2467 10463 480110
3145 10019 481958
3402 10019 486277
7332 10019 489172
7332 10019 489310
7332 10019 490212
3402 10019 493341
4310 10172 495348
6238 10558 497149
5276 10019 499266
7332 10019 501907
7332 10019 502873
2982 10558 503615
7332 10019 504129
4024 10019 507446
7332 10247 507876
3145 10019 511478
6238 10558 513716
553 10121 520452
4310 10172 520498
8405 10172 525334
5276 10019 536433
8575 10172 539774
8575 10172 541625
8575 10172 543647
2467 10463 543983
8575 10172 546090
8575 10172 548986
5568 10019 556657
2467 10463 558560
7735 10172 562749
3145 10019 563030
624 10172 567471
3145 10019 567804
3145 10019 568668
8405 10172 570403
3095 10172 572480
3095 10172 573678
3095 10172 574284
4310 10172 575681
3095 10172 576697
3095 10172 577301
3095 10172 578477
3095 10172 579075
3095 10172 579675
3402 10019 579747
3095 10172 580278
3095 10172 580879
3095 10172 581493
3095 10172 582676
3095 10172 583278
3095 10172 583940
3095 10172 585075
3095 10172 585675
3095 10172 586274
3095 10172 587477
3095 10172 588076
3095 10172 588677
5276 10019 588913
3095 10172 589277
3095 10172 589938
3095 10172 591077
3095 10172 591677
3095 10172 592276
3095 10172 592874
3095 10172 593489
3095 10172 594677
3095 10172 595291
8306 10019 596626
3095 10172 597081
4264 10121 597382
6238 10558 597586
3095 10172 597703
3095 10172 598877
6238 10558 599720
3095 10172 600075
3095 10172 600673
3095 10172 601274
3095 10172 601876
3095 10172 602477
3095 10172 603077
3095 10172 604274
3095 10172 604875
3095 10172 605476
3095 10172 606078
3095 10172 606693
3095 10172 607301
3095 10172 608177
624 10172 609375
8575 10172 610711
6238 10558 611959
5607 10121 614913
8575 10172 615689
5634 10247 618365
2852 10121 620957
4310 10172 621579
8575 10172 622746
5276 10019 622859
8575 10172 624001
8575 10172 625558
8575 10172 627541
8753 10558 629036
4566 10172 630745
8575 10172 634532
8575 10172 635893
7949 10455 640683
5276 10019 648256
7332 10019 649467
7332 10019 649922
2467 10463 654821
3946 10019 657088
6559 10172 658003
3095 10172 658895
3095 10172 660078
3095 10172 660679
3095 10172 661278
3095 10172 661882
3095 10172 663077
4310 10172 664198
7735 10172 664835
7735 10172 665439
3095 10172 666090
3402 10019 666156
3095 10172 667278
3095 10172 667878
3095 10172 668479
3095 10172 669076
3095 10172 669677
3095 10172 670277
3095 10172 670877
3095 10172 671475
5276 10019 671654
3095 10172 672134
3095 10172 673280
3095 10172 673879
3368 10019 673954
3095 10172 674479
2467 10019 674514
3095 10172 675676
2852 10121 675922
3095 10172 676879
3095 10172 677503
3095 10172 678134
3095 10172 678975
3095 10172 679574
3095 10172 680179
3095 10172 681076
3095 10172 681676
3095 10172 682303
3095 10172 683473
3095 10172 684142
6238 10558 684673
3095 10172 685877
3095 10172 687076
3095 10172 687674
3095 10172 688332
3095 10172 689476
3095 10172 690074
3095 10172 690671
3095 10172 691331
8298 10558 692299
3095 10172 692476
3095 10172 693733
8575 10172 694641
3095 10172 694875
3095 10172 695473
3095 10172 696074
8575 10172 696456
3095 10172 696674
6238 10558 697031
3095 10172 697273
2982 10558 697645
3095 10172 697875
8298 10558 698266
3095 10172 698485
5276 10019 713066
7735 10172 714670
7010 10172 716624
2467 10463 718782
7735 10172 720069
8575 10172 722918
5568 10019 729030
5634 10247 729891
6559 10172 735806
7332 10019 736383
7332 10019 736435
4310 10172 737849
6559 10172 738894
6238 10558 741057
3145 10019 741170
6238 10558 742307
6559 10172 743586
2467 10463 744154
6559 10172 746157
6559 10172 748804
8405 10172 752497
376 10172 754233
6238 10558 754652
5533 10019 760775
5533 10019 761932
376 10172 769508
6238 10558 770789
4310 10172 772053
376 10172 773708
376 10172 775809
376 10172 777972
8298 10558 780158
376 10172 780911
8575 10172 781029
8298 10558 781209
8575 10172 782506
376 10172 782708
8575 10172 784202
8575 10172 785818
8753 10558 787035
376 10172 787209
376 10172 789969
624 10172 792184
376 10172 793808
7735 10172 799268
6559 10172 801251
624 10172 803001
2995 10019 803575
7735 10172 804379
7010 10172 804998
6559 10172 806754
5320 10172 808525
7010 10172 809368
8575 10172 809413
7010 10172 810642
6559 10172 813060
5276 10019 815043
7332 10019 815708
7332 10019 815969
5568 10019 816253
8470 10121 817785
6559 10172 820865
2852 10121 822110
2467 10463 823349
3095 10172 828078
3095 10172 828680
3095 10172 829280
3095 10172 829876
3095 10172 830477
3946 10019 830915
6238 10558 831388
8405 10172 831680
3402 10019 831921
6559 10172 832149
3095 10172 832281
7735 10172 834004
6559 10172 835073
3402 10019 839188
4310 10172 840888
3368 10019 841398
5276 10019 842678
6559 10172 846008
8753 10558 848951
4310 10172 850542
7332 10019 852794
6559 10172 853025
6559 10172 854968
376 10172 857111
4566 10172 859424
376 10172 861011
376 10172 864909
6238 10558 866570
8298 10558 867504
376 10172 868868
8575 10172 870324
376 10172 873012
4024 10019 874167
8405 10172 875338
376 10172 875412
376 10172 880212
5276 10019 882260
7010 10172 884291
8753 10558 887754
7010 10172 888247
7010 10172 889003
7010 10172 890371
8575 10172 890454
6559 10172 890645
7010 10172 891051
7010 10172 891728
6559 10172 891820
7010 10172 893189
6559 10172 894333
6559 10172 898039
7010 10172 898418
8411 10247 902029
5568 10019 902274
7010 10172 902692
6559 10172 903109
7332 10019 903330
7332 10019 903420
7010 10172 903451
6559 10172 904519
7010 10172 906176
7010 10172 906804
6238 10558 909660
6559 10172 909777
4566 10172 910387
3145 10019 913761
8405 10172 913914
624 10172 917050
4566 10172 918013
4566 10172 925283
3368 10019 926333
2982 10558 926928
376 10172 927012
5276 10019 928649
6238 10558 931252
9203 10019 931612
2852 10121 931716
5533 10019 932236
4566 10172 932424
6238 10558 934076
4310 10172 935094
3095 10172 936085
3095 10172 937279
3095 10172 939080
3095 10172 939680
3095 10172 940876
3095 10172 944474
376 10172 948609
5634 10247 951108
376 10172 951604
376 10172 955871
8411 10247 957634
8298 10558 959514
8298 10558 959739
8298 10558 959820
376 10172 960309
376 10172 962712
376 10172 966608
5276 10019 966732
7010 10172 973514
7010 10172 983565
7010 10172 986858
6559 10172 988370
5634 10247 989248
5568 10019 989279
5276 10019 990142
6559 10172 991927
6559 10172 994425
4310 10172 994797
2852 10121 996569
6238 10558 997712
6238 10558 997843
7332 10019 999229
7332 10019 999384
7332 10019 999522
2467 10463 1000018
6559 10172 1000238
9293 10019 1002871
5634 10247 1003710
2467 10463 1005080
6559 10172 1005206
3402 10019 1007588
9293 10019 1008684
9293 10019 1009578
5276 10019 1011729
3402 10019 1011791
376 10172 1013709
4310 10172 1018263
376 10172 1019709
376 10172 1023910
376 10172 1027509
4024 10019 1032665
376 10172 1035310
376 10172 1035911
4024 10019 1038939
8575 10172 1039618
376 10172 1041910
6238 10558 1045654
376 10172 1046714
5568 10019 1048601
376 10172 1049413
5276 10019 1053127
376 10172 1053311
6238 10558 1053800
7010 10172 1056751
624 10172 1056771
8753 10558 1057645
7010 10172 1063661
7332 10019 1066402
7332 10019 1066998
7010 10172 1072155
7332 10019 1075744
5568 10019 1075881
9293 10019 1076189
5276 10019 1076540
9293 10019 1077087
9368 10172 1077454
9293 10019 1077961
3145 10019 1079315
4310 10172 1081653
3145 10019 1083413
4566 10172 1083629
3095 10172 1084278
8405 10172 1084401
3095 10172 1084876
6238 10558 1085032
3095 10172 1085476
5634 10247 1085675
3095 10172 1086089
6238 10558 1086337
3095 10172 1087283
2614 10172 1087286
3095 10172 1088477
3095 10172 1089078
9293 10019 1089251
2467 10463 1089541
3095 10172 1089676
9293 10019 1089993
3095 10172 1090277
3946 10019 1091429
3095 10172 1091475
9293 10019 1091491
2852 10121 1091545
3095 10172 1092076
6238 10558 1092300
9293 10019 1092396
3095 10172 1094477
4566 10172 1098023
3402 10019 1098202
3095 10172 1098677
3095 10172 1099582
3095 10172 1100479
3095 10172 1101077
3095 10172 1101677
3095 10172 1102281
3095 10172 1103476
5276 10019 1103527
376 10172 1104310
6238 10558 1104891
6238 10558 1104972
4566 10172 1105214
3095 10172 1105879
3095 10172 1106478
3095 10172 1107075
3095 10172 1107676
3095 10172 1108937
3095 10172 1110077
3095 10172 1110675
3095 10172 1111275
3095 10172 1111880
3095 10172 1113077
4024 10019 1113395
3095 10172 1114276
3095 10172 1114876
3095 10172 1115479
3095 10172 1116101
3095 10172 1117277
3095 10172 1117874
4024 10019 1118226
3095 10172 1118475
3095 10172 1119078
3095 10172 1120332
624 10172 1121067
6238 10558 1121633
624 10172 1121956
2982 10558 1122353
2982 10558 1122470
3095 10172 1122677
376 10172 1125908
624 10172 1129582
376 10172 1135811
8298 10558 1138210
8298 10558 1138490
8298 10558 1138700
8405 10172 1138715
8298 10558 1138773
5276 10019 1141338
973 10019 1144724
7949 10121 1145328
5634 10247 1145628
973 10019 1151889
973 10019 1159096
5568 10019 1160004
5276 10019 1162991
9293 10019 1165272
9293 10019 1166182
973 10019 1166303
9293 10019 1167081
6238 10558 1171631
6238 10558 1172331
3145 10019 1172680
2467 10463 1173352
973 10019 1173498
6238 10558 1174040
2467 10019 1174469
9293 10019 1176386
9293 10019 1177894
9293 10019 1178761
8359 10019 1180694
376 10172 1186211
5276 10019 1186393
973 10019 1187890
376 10172 1190711
376 10172 1193471
4024 10019 1197175
376 10172 1197310
376 10172 1201512
5634 10247 1201724
973 10019 1202296
9015 10455 1204117
376 10172 1204209
8298 10558 1204644
8298 10558 1205405
376 10172 1205710
376 10172 1207510
5276 10019 1209198
973 10019 1209504
376 10172 1212309
2982 10558 1214401
2982 10558 1214503
8405 10172 1216210
6238 10558 1216322
973 10019 1216702
376 10172 1219510
376 10172 1222512
973 10019 1223913
5276 10019 1224220
376 10172 1225869
8405 10172 1226015
5568 10019 1226130
8753 10558 1232092
973 10019 1238297
2467 10463 1245272
973 10019 1245488
9293 10019 1252559
973 10019 1252684
6559 10172 1255223
6238 10558 1256091
2467 10463 1258551
3145 10019 1259078
3145 10019 1259127
6238 10558 1259322
973 10019 1259895
6559 10172 1260997
6559 10172 1263429
9293 10019 1264279
3402 10019 1264655
7735 10172 1265288
8298 10558 1266522
624 10172 1267030
973 10019 1267115
624 10172 1267978
8298 10558 1268273
8298 10558 1270735
8298 10558 1271966
376 10172 1272312
6238 10558 1273403
973 10019 1274307
376 10172 1277471
376 10172 1279811
973 10019 1281500
376 10172 1283111
376 10172 1287309
376 10172 1288571
973 10019 1288684
4024 10019 1293446
973 10019 1295883
8575 10172 1299830
2982 10558 1300256
2982 10558 1300343
8575 10172 1301478
624 10172 1303321
624 10172 1305198
376 10172 1305911
376 10172 1308670
973 10019 1310316
9573 10172 1317488
973 10019 1317498
7735 10172 1317669
7010 10172 1318220
9573 10172 1319096
7010 10172 1320217
9573 10172 1320434
6267 10019 1321246
7735 10172 1323069
973 10019 1324705
9246 10019 1326845
973 10019 1331910
8753 10558 1333763
8753 10558 1335159
8753 10558 1335202
7735 10172 1335667
8753 10558 1336266
8753 10558 1336844
9293 10019 1337175
9293 10019 1338068
973 10019 1339094
6559 10172 1341717
8405 10172 1342493
6559 10172 1342624
2467 10463 1344901
973 10019 1346292
6559 10172 1346598
6238 10558 1347739
9293 10019 1349211
6238 10558 1349593
6559 10172 1350614
9293 10019 1350686
9293 10019 1351571
6238 10558 1352298
9293 10019 1352489
3402 10019 1353419
9293 10019 1353438
3402 10019 1357359
3551 10800 1358321
5276 10019 1362495
3946 10019 1364673
6559 10172 1367018
973 10019 1367887
6559 10172 1368939
6559 10172 1371981
757 10019 1374182
973 10019 1374557
6559 10172 1374653
6238 10558 1377126
973 10019 1379685
4024 10019 1380838
973 10019 1384759
8575 10172 1384993
2852 10121 1385533
8298 10558 1385719
8298 10558 1385910
8575 10172 1386346
8575 10172 1387862
8575 10172 1389347
4310 10172 1391776
8575 10172 1392778
8575 10172 1394088
624 10172 1394474
624 10172 1395121
8575 10172 1397296
1024 10019 1397383
8575 10172 1398637
9573 10172 1400222
5568 10019 1401444
5276 10019 1402394
2982 10558 1402423
4264 10121 1408700
6559 10172 1410851
6559 10172 1413397
6559 10172 1416294
7010 10172 1419278
7010 10172 1419892
6559 10172 1420227
9293 10019 1422669
6559 10172 1423399
9293 10019 1423608
5568 10019 1423617
5276 10019 1423875
7735 10172 1427249
6559 10172 1427852
7735 10172 1432870
2467 10463 1432910
3946 10019 1433968
2852 10121 1434150
6238 10558 1435284
9293 10019 1438093
9293 10019 1438939
4566 10172 1440020
3095 10172 1440978
3095 10172 1443679
3095 10172 1444278
3402 10019 1444657
9293 10019 1445188
9293 10019 1446078
9293 10019 1447865
9293 10019 1451498
6238 10558 1458833
4310 10172 1459018
6238 10558 1461934
6238 10558 1465188
6238 10558 1465603
9306 10121 1466068
5634 10247 1475363
8405 10172 1475693
2852 10121 1478544
624 10172 1478806
624 10172 1480047
624 10172 1487064
9573 10172 1490036
9573 10172 1490944
9573 10172 1491767
9573 10172 1492368
5568 10019 1492981
9573 10172 1492990
9573 10172 1493683
2467 10019 1493985
9573 10172 1494321
9573 10172 1494957
9573 10172 1495636
9573 10172 1496943
9573 10172 1498293
5634 10247 1500997
7735 10172 1504116
6559 10172 1506304
8753 10558 1507574
8753 10558 1507766
5276 10019 1508471
9293 10019 1509612
6559 10172 1510847
7735 10172 1512071
6559 10172 1515301
9293 10019 1517730
9293 10019 1518666
2467 10463 1518718
3145 10019 1518783
9293 10019 1519573
6238 10558 1520456
6559 10172 1520915
9293 10019 1522041
3402 10019 1522948
624 10172 1523139
7332 10019 1523253
6238 10558 1523431
3095 10172 1523778
6559 10172 1523909
3095 10172 1524379
3551 10800 1524908
3095 10172 1524980
3095 10172 1525592
3095 10172 1526782
3095 10172 1527380
3095 10172 1527979
3095 10172 1528638
3095 10172 1529780
3402 10019 1530226
3095 10172 1530382
3095 10172 1530980
6559 10172 1531252
3095 10172 1531577
3095 10172 1532178
3095 10172 1532781
3095 10172 1533395
6559 10172 1533931
3095 10172 1534280
3095 10172 1534888
2852 10121 1535167
6559 10172 1535561
3095 10172 1536081
3095 10172 1536681
6559 10172 1536927
3095 10172 1537278
3095 10172 1537878
3095 10172 1538488
3095 10172 1539676
3095 10172 1540281
2982 10019 1540764
6559 10172 1541552
6559 10172 1542864
3095 10172 1545081
6559 10172 1545090
3095 10172 1545679
3095 10172 1546877
3095 10172 1547481
5634 10247 1548076
3095 10172 1548680
5634 10247 1549032
3095 10172 1549278
2982 10558 1550378
3095 10172 1551077
3095 10172 1552276
3095 10172 1552944
9015 10455 1553231
3095 10172 1554081
3095 10172 1554679
3095 10172 1555866
3095 10172 1556472
3095 10172 1557075
3095 10172 1557684
8405 10172 1558203
3095 10172 1558333
624 10172 1559108
6238 10558 1559931
3095 10172 1560076
3095 10172 1560676
3095 10172 1561293
3095 10172 1562481
3095 10172 1563664
3095 10172 1564275
2467 10463 1564376
3095 10172 1565472
3095 10172 1566076
3095 10172 1567278
3095 10172 1568472
3095 10172 1569076
5568 10019 1575655
5568 10019 1579164
5390 10172 1585937
7735 10172 1586167
5634 10247 1589244
8405 10172 1590615
8405 10172 1592131
5634 10247 1592223
2467 10463 1595184
9293 10019 1596910
9293 10019 1597825
6559 10172 1599065
7735 10172 1602073
5634 10247 1604001
5634 10247 1604187
2852 10121 1604232
3145 10019 1604320
2467 10019 1605484
6559 10172 1605841
6559 10172 1606744
6238 10558 1607413
6559 10172 1607998
5634 10247 1608380
6238 10558 1608390
5634 10247 1608695
7735 10172 1609270
6559 10172 1609277
3402 10019 1609363
9293 10019 1609595
3095 10172 1609876
9293 10019 1610193
6559 10172 1610392
3095 10172 1610477
3095 10172 1611080
9293 10019 1611348
3095 10172 1611681
3095 10172 1612879
3095 10172 1613480
2852 10121 1613770
2852 10121 1613809
3095 10172 1614081
3095 10172 1614681
5320 10019 1614844
3095 10172 1615281
3095 10172 1616536
4227 10019 1616694
3095 10172 1617679
4310 10172 1618427
7332 10019 1618966
7332 10019 1619072
7332 10019 1619332
5276 10019 1620035
3551 10800 1621131
7332 10019 1622351
376 10172 1622708
9293 10019 1623946
376 10172 1626611
4310 10172 1634208
624 10172 1638237
2852 10121 1638455
624 10172 1638888
3551 10800 1642885
6267 10019 1646129
4024 10019 1648762
8405 10172 1649342
8405 10172 1651227
8753 10558 1651330
8753 10558 1651390
8753 10558 1651476
8753 10558 1652346
8405 10172 1653241
624 10172 1653961
4264 10121 1656946
4264 10121 1659274
624 10172 1662566
624 10172 1663433
1968 10172 1666941
2467 10463 1668401
7735 10172 1673995
7735 10172 1677668
5568 10019 1680025
9293 10019 1680603
9293 10019 1681282
7332 10019 1682976
7332 10019 1683016
7332 10019 1683169
7332 10019 1683389
7332 10247 1683628
8405 10172 1685176
9368 10172 1685639
2467 10463 1686081
9568 10019 1687506
7735 10172 1688467
9368 10172 1689097
8405 10172 1689163
9368 10172 1689732
9368 10172 1691962
9368 10172 1692875
9368 10172 1693844
9368 10172 1694900
9293 10019 1695012
9293 10019 1695659
9368 10172 1696259
6238 10558 1696468
9293 10019 1696827
3551 10800 1698212
9293 10019 1698374
3946 10019 1699372
4310 10172 1699460
3402 10019 1702562
3402 10019 1703189
8753 10558 1704723
6618 10019 1711746
2982 10558 1713070
3368 10019 1713135
2982 10558 1713206
2982 10558 1713617
2982 10558 1713699
2982 10558 1714055
2982 10558 1714419
8753 10558 1715890
6238 10558 1718864
6238 10558 1718987
5634 10247 1722146
5276 10019 1722510
4024 10019 1726746
4310 10172 1731563
9015 10455 1736358
6238 10558 1740133
8405 10172 1744056
5276 10019 1746183
2467 10463 1746423
2467 10019 1746431
2467 10463 1764706
9293 10019 1765165
7949 10121 1766767
9293 10019 1766964
9293 10019 1768148
5276 10019 1771395
5634 10247 1771491
6238 10558 1775006
5634 10247 1777207
3145 10019 1777860
5634 10247 1778086
624 10172 1778562
2467 10463 1779203
2467 10019 1781730
3095 10172 1782080
8405 10172 1782159
3095 10172 1782681
3095 10172 1783876
3095 10172 1784480
3095 10172 1785078
3095 10172 1786276
3095 10172 1786881
3095 10172 1789287
9703 10121 1790772
9822 10121 1791477
3095 10172 1792278
3095 10172 1794077
2982 10558 1795334
2982 10558 1795554
8405 10172 1795587
2982 10558 1795664
3095 10172 1795877
3402 10019 1798161
5320 10019 1798362
624 10172 1819108
9246 10019 1820721
9568 10019 1821610
9568 10019 1822214
6238 10558 1823334
9568 10019 1823409
9568 10019 1824010
5634 10247 1829476
4833 10019 1832924
2467 10463 1834267
2467 10019 1835848
2467 10463 1844606
9293 10019 1853351
9293 10019 1854272
8405 10172 1856589
9568 10019 1858285
9568 10019 1858885
9568 10019 1859980
9568 10019 1860578
7949 10121 1860821
9568 10019 1861367
9568 10019 1866057
2467 10463 1866115
9568 10019 1866659
9293 10019 1866911
9293 10019 1867769
3402 10019 1869860
3095 10172 1870278
3095 10172 1870880
3095 10172 1871477
3095 10172 1872080
3095 10172 1872683
3095 10172 1873307
3095 10172 1874476
3095 10172 1875075
6238 10558 1875357
3095 10172 1875690
3402 10019 1875857
6238 10558 1875963
3095 10172 1876878
3095 10172 1877479
3095 10172 1878084
9368 10172 1878699
9368 10172 1879319
9368 10172 1879936
9368 10172 1880578
9568 10019 1905961
9025 10019 1907131
9568 10019 1907970
2852 10121 1907989
9568 10019 1908610
8575 10172 1910308
9568 10019 1910395
9568 10019 1911042
8575 10172 1912714
8575 10172 1922053
5568 10019 1922640
8575 10172 1923949
7010 10172 1924998
7010 10172 1927501
9568 10019 1935069
9568 10019 1939085
9568 10019 1939769
9293 10019 1942761
3145 10019 1951068
6238 10558 1951742
8405 10172 1952272
9293 10019 1952352
6238 10558 1953236
6238 10558 1953532
9293 10019 1953558
9293 10019 1954157
3402 10019 1955078
9293 10019 1955079
6238 10558 1955811
9293 10019 1955948
2467 10463 1957322
8753 10558 1957517
6238 10558 1958356
9293 10019 1958698
5276 10019 1962156
6618 10019 1967813
5276 10019 1968140
6618 10019 1968643
2467 10463 1969725
6618 10019 1970077
7332 10019 1970502
7332 10019 1970587
6618 10019 1970829
2852 10121 1971233
6618 10019 1972353
6618 10019 1973577
6618 10019 1974405
6618 10019 1975155
6618 10019 1976273
6618 10019 1977734
6618 10019 1978754
6618 10019 1979545
6618 10019 1980819
6618 10019 1981796
4310 10172 1985326
8753 10558 1987944
8753 10558 1988781
4738 10019 1989191
9568 10019 1990963
9568 10019 1994139
9568 10019 1996026
8575 10172 1996131
8575 10172 1999119
8753 10558 1999650
8575 10172 2002365
2467 10463 2003288
624 10172 2007183
624 10172 2007847
8575 10172 2010209
5568 10019 2011092
5390 10172 2014635
6267 10019 2017385
8405 10172 2019720
9573 10172 2024519
6618 10019 2024756
9573 10172 2025167
6618 10019 2025799
9573 10172 2025877
7010 10172 2026938
9573 10172 2026962
9573 10172 2027730
7010 10172 2028207
9573 10172 2028396
9293 10019 2028647
9573 10172 2029104
9368 10172 2030401
160 10121 2031022
4310 10172 2031901
8405 10172 2033477
2852 10121 2035081
6238 10558 2035846
4566 10172 2035925
6238 10558 2036835
4629 10019 2037100
6238 10558 2037129
6238 10558 2037342
9368 10172 2037615
9293 10019 2037929
6238 10558 2038016
3946 10019 2038488
9293 10019 2039754
9293 10019 2041256
3095 10172 2041282
6238 10558 2041868
9368 10172 2044809
3095 10172 2046066
2467 10463 2047418
9368 10172 2048400
3402 10019 2049450
9368 10172 2052000
5276 10019 2052739
2852 10121 2053101
2852 10121 2053938
6618 10019 2053956
6618 10019 2055363
9368 10172 2055599
6618 10019 2056053
4310 10172 2061399
6618 10019 2062506
6618 10019 2063248
5634 10247 2066315
5634 10247 2067564
9293 10019 2069422
2982 10558 2070908
8753 10558 2074295
8753 10558 2074927
8575 10172 2076468
8575 10172 2077920
757 10019 2077927
757 10019 2078012
2852 10121 2078108
757 10019 2078255
8575 10172 2079490
8575 10172 2081799
624 10172 2081898
624 10172 2082834
8575 10172 2083916
4310 10172 2084957
8575 10172 2086059
8575 10172 2093361
8575 10172 2095077
9368 10172 2095200
7010 10172 2096807
5568 10019 2098312
8575 10172 2099465
8575 10172 2101630
9368 10172 2102399
7735 10172 2108271
9368 10172 2109614
9368 10172 2113202
7010 10172 2114288
9293 10019 2115970
9368 10172 2116799
9293 10019 2117131
2852 10121 2117529
4566 10172 2119691
5276 10019 2120560
3145 10019 2122352
2852 10121 2122587
7735 10172 2123769
6238 10558 2123943
6238 10558 2124460
9293 10019 2126125
6618 10019 2126192
6238 10558 2126646
9293 10019 2126734
3368 10019 2127262
3095 10172 2127689
3402 10019 2127772
9293 10019 2127969
4310 10172 2129234
3095 10172 2130674
3095 10172 2131271
3095 10172 2131872
9293 10019 2132149
3095 10172 2132473
3095 10172 2133072
3095 10172 2133671
3095 10172 2134273
3095 10172 2134884
3402 10019 2134959
9368 10172 2138400
2982 10558 2138520
2467 10463 2139538
8753 10558 2140701
8753 10558 2142584
8753 10558 2143073
3487 10172 2147864
2852 10121 2151628
5634 10247 2155601
4566 10172 2163905
4566 10172 2164505
4566 10172 2165106
2852 10121 2170795
624 10172 2174104
5432 10019 2174632
9368 10172 2181599
5568 10019 2187632
9368 10172 2188798
9293 10019 2191208
7010 10172 2191678
9368 10172 2196013
9293 10019 2199030
9368 10172 2203200
2852 10121 2204023
7010 10172 2204179
4566 10172 2207402
2852 10121 2207654
2467 10463 2208411
7735 10172 2209330
3145 10019 2210054
6238 10558 2210134
9368 10172 2210400
6238 10558 2211543
6238 10558 2211715
4310 10172 2212841
3095 10172 2214101
9293 10019 2214325
3095 10172 2215310
9293 10019 2215840
6238 10558 2215942
3095 10172 2215949
3095 10172 2217070
8753 10558 2217510
3095 10172 2217706
3095 10172 2218899
8753 10558 2219549
3095 10172 2220070
3095 10172 2221307
3402 10019 2221352
8753 10558 2221424
3095 10172 2223100
9368 10172 2224798
6238 10558 2225291
4310 10172 2225821
8753 10558 2225833
2852 10121 2226735
1895 10019 2227160
3095 10172 2227275
3095 10172 2229072
9293 10019 2229950
3095 10172 2230269
3095 10172 2231472
3095 10172 2233274
8753 10558 2237882
2852 10121 2239748
6238 10558 2242424
2982 10558 2244994
2982 10558 2245228
2982 10558 2245453
4288 10800 2248703
2852 10121 2256842
4288 10813 2257949
553 10121 2257970
624 10172 2263832
5568 10019 2265782
9368 10172 2268000
9368 10172 2282402
8405 10172 2284331
9293 10019 2284388
9293 10019 2285594
9293 10019 2286514
7010 10172 2287605
9368 10172 2289600
7010 10172 2290278
2852 10121 2290568
6238 10558 2295298
3145 10019 2296040
6238 10558 2296716
9368 10172 2296800
2467 10463 2299028
9293 10019 2299093
9293 10019 2299998
9293 10019 2300601
3402 10019 2302622
9368 10172 2304001
9293 10019 2304232
9368 10172 2311199
2982 10558 2313249
5276 10019 2315366
3946 10019 2318235
2852 10121 2322655
6238 10558 2322662
4024 10019 2326267
4024 10019 2330685
5634 10247 2335605
4024 10019 2338031
5634 10247 2343279
8753 10558 2345018
8753 10558 2345595
8753 10558 2346562
8753 10558 2347978
5568 10019 2353879
9368 10172 2354400
8575 10172 2355556
8575 10172 2357064
8575 10172 2359021
9368 10172 2361598
9368 10172 2368798
9293 10019 2370809
9293 10019 2371981
7332 10019 2372069
7332 10019 2372346
9368 10172 2376004
6238 10558 2378336
6238 10558 2378506
6238 10558 2378752
5634 10247 2379469
7735 10172 2380270
2467 10463 2381528
3145 10019 2383033
9293 10019 2386388
3402 10019 2386912
4310 10172 2389138
9368 10172 2390399
2852 10121 2393234
2467 10463 2393482
6238 10558 2396592
9368 10172 2397599
5533 10019 2398818
5292 10019 2403107
8753 10558 2404900
8753 10558 2406513
8753 10558 2407890
8753 10558 2407950
8753 10558 2414592
1895 10019 2415227
8298 10558 2418889
8298 10558 2419043
8298 10558 2419511
2852 10121 2419558
5634 10247 2419812
6238 10558 2420891
8298 10558 2421777
2467 10463 2427551
2852 10121 2431868
2467 10463 2439650
9368 10172 2440801
6267 10019 2446666
9368 10172 2448000
9368 10172 2455200
2467 10463 2458262
5634 10247 2459919
9368 10172 2462399
6238 10558 2468087
6238 10558 2469250
6267 10121 2469558
9368 10172 2469599
6238 10558 2470065
8298 10558 2470423
8298 10558 2470453
8298 10558 2470490
6238 10558 2473130
8298 10558 2473905
6267 10019 2474703
2852 10121 2475300
8298 10558 2475611
6267 10019 2475833
9368 10172 2476799
3402 10019 2476911
9368 10172 2480400
8753 10558 2481195
8753 10558 2482379
3402 10019 2484665
6238 10558 2489596
8405 10172 2490318
8405 10172 2495817
4024 10019 2497509
2852 10121 2501177
8575 10172 2518111
624 10172 2518759
8753 10558 2520456
8753 10558 2520978
2995 10019 2522114
5568 10019 2525823
4288 10019 2527192
5634 10247 2529735
9368 10172 2530801
7010 10172 2531435
5634 10247 2537237
9368 10172 2537999
5634 10247 2538548
7010 10172 2545048
9368 10172 2545200
5634 10247 2545627
3368 10019 2550355
9368 10172 2552401
2467 10463 2554388
6238 10558 2557417
5276 10019 2559264
6238 10558 2559425
9368 10172 2559602
6238 10558 2560018
2467 10019 2561290
6238 10558 2561785
3402 10019 2563484
6238 10558 2566252
5276 10019 2570964
2852 10121 2571596
8405 10172 2572303
9368 10172 2574000
5634 10247 2579650
5634 10247 2580773
5634 10247 2581623
2852 10121 2589762
8753 10558 2594562
624 10172 2597602
8753 10558 2598192
6238 10558 2598223
8753 10558 2598371
624 10172 2598590
8575 10172 2599237
8575 10172 2600655
6238 10558 2601547
8575 10172 2601973
5568 10019 2613882
9368 10172 2615405
9368 10172 2616297
9368 10172 2617200
9368 10172 2619003
9368 10172 2620800
2467 10463 2622062
9368 10172 2624399
9368 10172 2628002
9368 10172 2631601
5276 10019 2635172
8405 10172 2635863
2852 10121 2638312
8405 10172 2638750
9368 10172 2638800
6559 10172 2640999
6238 10558 2645994
6238 10558 2646407
6238 10558 2647141
2852 10121 2647920
6559 10172 2648456
3402 10019 2650085
4310 10172 2651266
6238 10558 2653315
3402 10019 2657071
3946 10019 2659067
2852 10121 2663959
9203 10301 2665549
4310 10172 2665549
6238 10558 2673365
