150 10015 824
150 10015 1754
150 10015 2620
150 10015 3509
150 10015 4119
150 10015 5604
150 10015 6202
150 10015 6799
150 10015 7988
150 10015 8668
150 10015 9802
150 10015 10407
1090 10015 10703
1090 10015 10705
150 10015 11114
150 10015 12517
150 10015 13397
150 10015 14712
1090 10015 14914
1456 10015 16003
150 10015 16176
150 10015 17013
150 10015 20665
150 10015 21818
1456 10015 22490
150 10015 24579
150 10015 25708
1891 10021 26209
1456 10015 26915
150 10015 27546
150 10015 29013
150 10015 29899
150 10015 30567
150 10015 32022
150 10015 33496
1456 10015 35810
150 10015 36318
150 10015 37117
1090 10015 37689
150 10015 38656
150 10015 39548
1456 10015 41296
150 10015 41357
150 10015 46478
2954 10015 46859
150 10015 47077
150 10015 47953
150 10015 48866
150 10015 49739
150 10015 50372
3186 10015 50671
150 10015 52410
1090 10015 53297
150 10015 53673
150 10015 54285
150 10015 55120
150 10015 56074
3567 10015 56991
150 10015 57017
3186 10015 57877
426 10015 59785
1090 10015 61109
1090 10015 61110
150 10015 62292
150 10015 63832
150 10015 64463
1090 10015 64694
150 10015 65122
150 10015 66490
150 10015 67753
150 10015 68357
4201 10015 68471
150 10015 68955
150 10015 69724
150 10015 71022
150 10015 71682
1090 10015 72208
150 10015 72316
150 10015 75014
4500 10015 75387
150 10015 75792
150 10015 76460
150 10015 77440
150 10015 78192
150 10015 79396
150 10015 80085
150 10015 80896
1090 10015 83665
1090 10015 83668
150 10015 84547
150 10015 85456
150 10015 86289
150 10015 89008
150 10015 89912
150 10015 91124
1090 10015 91142
1456 10015 91325
150 10015 93223
150 10015 94423
150 10015 95062
150 10015 96878
150 10015 97526
1090 10015 98668
1090 10015 98669
1090 10015 98670
1456 10015 99041
150 10015 99496
2954 10015 99617
1090 10015 102272
150 10015 102552
150 10015 103391
1456 10015 106437
150 10015 107064
150 10015 108512
150 10015 109145
1090 10015 110348
150 10015 110954
150 10015 112162
150 10015 113958
2954 10015 115064
150 10015 116314
150 10015 116921
150 10015 118419
150 10015 119911
150 10015 120805
150 10015 121405
1456 10015 122198
150 10015 122345
1090 10015 122648
1090 10015 122648
1090 10015 122648
1090 10015 122649
150 10015 123256
150 10015 125317
2954 10015 125414
150 10015 126201
1090 10015 126265
1090 10015 126266
1090 10015 126267
150 10015 127095
150 10015 127764
1456 10015 127828
2954 10015 129277
150 10015 131884
150 10015 133175
150 10015 133772
150 10015 134371
150 10015 134988
4201 10015 135647
150 10015 136992
5821 10015 137858
1789 10015 138107
150 10015 139450
150 10015 141544
1090 10015 141585
150 10015 144053
3186 10015 144099
150 10015 144848
3567 10015 144923
1090 10015 145495
150 10015 146063
150 10015 147664
150 10015 149129
4038 10015 149160
150 10015 149731
150 10015 150796
4500 10015 150940
150 10015 151805
150 10015 152507
1090 10015 152841
150 10015 153209
150 10015 153968
150 10015 154652
150 10015 155313
150 10015 155983
1090 10015 156549
1090 10015 156550
150 10015 158060
150 10015 159313
150 10015 160006
1090 10015 160456
1090 10015 160456
1090 10015 160457
150 10015 160748
150 10015 161956
150 10015 162934
150 10015 164059
1090 10015 164365
1090 10015 164366
1090 10015 164367
1090 10015 164368
150 10015 165650
150 10015 166483
150 10015 167536
1090 10015 167945
150 10015 168154
150 10015 168869
150 10015 171311
150 10015 172163
150 10015 172759
150 10015 173521
150 10015 174917
150 10015 176966
150 10015 178750
1090 10015 179371
1090 10015 179373
150 10015 181004
1456 10015 182080
150 10015 183152
150 10015 184594
150 10015 185779
150 10015 186550
2954 10015 187346
150 10015 187958
2954 10015 188125
150 10015 188955
150 10015 189569
1456 10015 190262
150 10015 190772
1090 10015 191079
150 10015 191369
150 10015 192274
150 10015 194178
150 10015 194954
150 10015 195551
150 10015 196149
150 10015 196768
150 10015 198322
1456 10015 199193
150 10015 200141
150 10015 200882
150 10015 201739
6935 10015 202159
150 10015 202335
150 10015 203349
150 10015 204138
1456 10015 204958
150 10015 206149
150 10015 208640
150 10015 210262
1090 10015 210860
7024 10015 211934
7024 10015 212598
150 10015 212748
150 10015 213591
1456 10015 214394
150 10015 214458
1090 10015 214764
2954 10015 214955
150 10015 215649
150 10015 216371
2954 10015 216399
150 10015 217835
150 10015 218469
1090 10015 218962
150 10015 219128
150 10015 219860
150 10015 221102
150 10015 221705
150 10015 223057
3186 10015 223494
150 10015 224438
150 10015 225250
150 10015 225850
1090 10015 226155
150 10015 226655
4201 10015 227633
150 10015 227957
150 10015 228860
3567 10015 229425
1090 10015 230053
150 10015 230380
2540 10021 230567
3186 10015 230822
150 10015 231625
150 10015 232290
150 10015 233501
1090 10015 233661
1090 10015 233662
1090 10015 233663
150 10015 234138
150 10015 235784
150 10015 236420
150 10015 237106
4500 10015 237314
1090 10015 237559
1090 10015 237559
1090 10015 237559
1090 10015 237560
150 10015 239369
150 10015 240669
150 10015 242383
150 10015 243247
1090 10015 245068
150 10015 245548
150 10015 246390
150 10015 248644
150 10015 249362
150 10015 250261
150 10015 251172
150 10015 252071
150 10015 252855
150 10015 253932
150 10015 254722
150 10015 255850
150 10015 256641
150 10015 260451
150 10015 261308
150 10015 262756
150 10015 263357
1090 10015 263645
150 10015 264916
150 10015 265516
150 10015 266414
1456 10015 266680
150 10015 267391
1090 10015 267553
150 10015 268356
150 10015 269428
1090 10015 270874
150 10015 270993
150 10015 271836
7206 10161 272272
150 10015 272665
1456 10015 273730
150 10015 274346
7600 10015 274491
1090 10015 274757
7600 10015 275405
150 10015 275454
7600 10015 276462
2954 10015 276634
150 10015 277163
7206 10161 277221
150 10015 277760
150 10015 278650
7206 10161 278673
150 10015 279951
2954 10015 281328
150 10015 281645
1090 10015 282545
150 10015 282547
150 10015 283144
150 10015 284453
1456 10015 285909
7662 10015 285973
7206 10161 287089
150 10015 287228
150 10015 288073
150 10015 288850
150 10015 289875
1090 10015 290356
1090 10015 290357
150 10015 290522
150 10015 292628
1456 10015 293788
150 10015 294075
1090 10015 294549
150 10015 295507
426 10015 295829
150 10015 297990
150 10015 298641
2954 10015 299752
7024 10015 299883
150 10015 300008
1456 10015 300329
6935 10015 300493
7024 10015 300518
2954 10015 300534
426 10015 300661
150 10015 300870
6935 10015 302638
150 10015 303262
109 10015 303603
2954 10015 303983
150 10015 304224
150 10015 304874
150 10015 308120
426 10015 308437
426 10015 309380
150 10015 309431
109 10015 309544
1090 10015 309558
3186 10015 309712
150 10015 311659
150 10015 312257
4201 10015 312553
150 10015 313036
1090 10015 313440
150 10015 313819
150 10015 314540
4038 10015 316268
3186 10015 316909
150 10015 316962
1090 10015 317352
150 10015 317746
3567 10015 318314
150 10015 318875
150 10015 320453
1090 10015 320954
150 10015 322189
150 10015 322921
150 10015 323561
150 10015 324650
5821 10015 324658
5821 10015 325315
150 10015 325522
150 10015 326409
150 10015 327351
4500 10015 327849
150 10015 328176
1090 10015 328794
1090 10015 328794
150 10015 329664
7662 10015 329907
150 10015 330625
150 10015 331937
150 10015 332798
1090 10015 332958
1090 10015 332959
150 10015 334460
150 10015 335058
150 10015 335846
150 10015 336548
150 10015 338348
150 10015 339277
150 10015 340340
150 10015 340937
150 10015 342265
150 10015 344118
1090 10015 344355
1090 10015 344355
1090 10015 344357
150 10015 344949
150 10015 346815
150 10015 347704
1090 10015 348262
150 10015 349366
150 10015 350739
150 10015 351337
150 10015 351954
1090 10015 352163
1090 10015 352164
150 10015 353061
150 10015 353788
150 10015 354725
1090 10015 355744
150 10015 355848
150 10015 357557
150 10015 358237
150 10015 359052
150 10015 360757
1456 10015 361417
2954 10015 361820
150 10015 361831
6935 10015 362107
150 10015 362451
2954 10015 362762
1090 10015 362976
1090 10015 362976
150 10015 363703
150 10015 364521
150 10015 365351
150 10015 366844
150 10015 368048
150 10015 368952
150 10015 369551
150 10015 371134
1456 10015 372212
150 10015 373543
150 10015 374530
150 10015 375142
1090 10015 375860
150 10015 376269
150 10015 376938
1456 10015 378809
150 10015 378942
150 10015 381425
8098 10015 381438
1090 10015 381867
1090 10015 381868
8098 10015 382227
150 10015 383131
150 10015 383729
150 10015 384325
150 10015 385021
8098 10015 385313
150 10015 385638
8098 10015 386168
150 10015 386448
150 10015 387444
8098 10015 388242
150 10015 388552
1456 10015 389411
8098 10015 389683
150 10015 390028
150 10015 390721
150 10015 391856
150 10015 392492
150 10015 393089
1090 10015 393293
6935 10015 393712
150 10015 393982
4201 10015 394110
6935 10015 394830
8098 10015 395728
150 10015 395894
3186 10015 396195
8098 10015 396799
150 10015 397358
150 10015 398694
150 10015 399541
150 10015 400955
150 10015 403229
3186 10015 403299
8098 10015 403726
7600 10015 403991
150 10015 404139
150 10015 404781
7600 10015 405641
7600 10015 406324
8193 10015 406457
150 10015 406895
7600 10015 407093
7600 10015 407722
6935 10015 407807
1090 10015 408319
1090 10015 408319
1090 10015 408320
7600 10015 408380
426 10015 408384
8098 10015 409741
150 10015 410005
150 10015 410601
150 10015 411248
1090 10015 411867
1090 10015 411868
1090 10015 411869
150 10015 411928
150 10015 412609
150 10015 413292
150 10015 414616
150 10015 415248
150 10015 417044
150 10015 417942
4500 10015 419592
1090 10015 419649
150 10015 419731
150 10015 421712
150 10015 423019
150 10015 424849
150 10015 425746
150 10015 427887
150 10015 428586
150 10015 430587
150 10015 431193
150 10015 431794
8305 10539 431864
150 10015 433405
1090 10015 434671
150 10015 435987
150 10015 436710
150 10015 437780
1456 10015 438380
1090 10015 438560
150 10015 439275
150 10015 440712
150 10015 442208
150 10015 442851
8193 10015 443651
150 10015 444614
150 10015 445539
1090 10015 445758
1456 10015 445911
150 10015 447358
150 10015 448836
150 10015 449737
7662 10015 450148
150 10015 450364
8098 10015 450848
150 10015 451215
3567 10015 451753
150 10015 452756
1090 10015 453550
150 10015 453988
1456 10015 455348
8098 10015 455501
150 10015 455514
7662 10015 455563
7662 10015 456596
1090 10015 457180
1090 10015 457181
150 10015 457397
6935 10015 457592
150 10015 459196
7662 10015 459500
150 10015 459938
1456 10015 461249
7024 10015 461459
150 10015 461718
150 10015 462671
150 10015 465196
150 10015 467300
1456 10015 467896
7024 10015 469916
150 10015 470124
150 10015 470732
150 10015 471340
8098 10015 471733
150 10015 472007
6935 10015 473425
1456 10015 473572
150 10015 473772
7024 10015 473800
150 10015 474810
8098 10015 475815
8193 10015 475871
7024 10015 475997
150 10015 476446
150 10015 477071
150 10015 477819
8098 10015 478230
1090 10015 479748
150 10015 479846
8098 10015 480239
8098 10015 481124
150 10015 482531
150 10015 483173
4201 10015 483340
150 10015 484069
150 10015 485094
150 10015 486457
1090 10015 486965
8446 10015 489096
3186 10015 489781
150 10015 491730
150 10015 492911
8098 10015 494156
150 10015 494627
1090 10015 494655
150 10015 495388
8098 10015 495979
150 10015 496216
150 10015 497610
8098 10015 497883
1090 10015 498251
150 10015 498312
150 10015 498996
150 10015 499700
150 10015 501126
8098 10015 501753
1090 10015 501883
1090 10015 501884
4500 10015 502140
150 10015 503728
8098 10015 503988
150 10015 504347
1090 10015 505781
150 10015 505829
7662 10015 506172
150 10015 506722
8098 10015 506973
150 10015 507389
150 10015 507985
7662 10015 508269
150 10015 508597
7662 10015 509155
1090 10015 509350
7662 10015 510129
150 10015 511704
150 10015 512538
7662 10015 512863
1090 10015 513247
1090 10015 513248
150 10015 513318
150 10015 514100
150 10015 514812
7662 10015 514831
150 10015 516208
150 10015 516972
1090 10015 517155
150 10015 517580
150 10015 519383
150 10015 521125
150 10015 521722
150 10015 522397
150 10015 523116
150 10015 524459
1090 10015 524983
1090 10015 524983
1090 10015 524984
150 10015 526223
150 10015 526889
2954 10015 527389
150 10015 527624
7662 10015 527761
150 10015 528338
2954 10015 528348
2954 10015 529103
150 10015 529242
150 10015 530010
150 10015 530710
7662 10015 531412
150 10015 531927
1456 10015 533326
150 10015 533471
150 10015 536125
2954 10015 536163
6935 10015 536296
1090 10015 536349
150 10015 537330
150 10015 538569
150 10015 539483
150 10015 540401
150 10015 541866
150 10015 542473
150 10015 543304
1456 10015 543444
150 10015 543912
150 10015 544530
8098 10015 544931
150 10015 545595
3567 10015 546734
150 10015 547583
150 10015 548319
1090 10015 548659
150 10015 549088
8098 10015 551081
150 10015 551433
1456 10015 552574
150 10015 554784
150 10015 555380
150 10015 556539
150 10015 557171
8193 10015 557270
6935 10015 557951
1090 10015 558857
7024 10015 559249
1456 10015 559336
7024 10015 559896
8098 10015 561588
150 10015 561691
150 10015 563780
8098 10015 564674
150 10015 566176
426 10015 566695
150 10015 566776
1090 10015 567259
8098 10015 567379
150 10015 568594
150 10015 569212
4201 10015 569799
150 10015 571221
8098 10015 571857
6935 10015 572095
150 10015 572723
150 10015 573320
1090 10015 574748
1090 10015 574749
150 10015 574851
3186 10015 576425
150 10015 577389
8193 10015 577472
150 10015 578111
8193 10015 578275
8193 10015 580515
4349 10015 580552
150 10015 581015
150 10015 582629
150 10015 583294
8098 10015 583836
150 10015 584050
150 10015 584719
8098 10015 584833
150 10015 585396
150 10015 586099
1090 10015 586175
1090 10015 586176
150 10015 588511
8098 10015 589953
1090 10015 590055
150 10015 590127
150 10015 591966
7662 10015 592116
8098 10015 592120
150 10015 593778
150 10015 594414
7662 10015 594433
150 10015 595207
150 10015 596002
150 10015 598129
150 10015 598883
150 10015 599514
150 10015 600489
7662 10015 600594
150 10015 601253
150 10015 601850
150 10015 602752
150 10015 603381
150 10015 604517
1090 10015 605589
150 10015 606200
150 10015 607235
150 10015 608119
150 10015 609085
150 10015 610101
150 10015 611126
150 10015 612059
1456 10015 612631
150 10015 613277
7662 10015 613778
150 10015 614010
6935 10015 614333
150 10015 615319
150 10015 615983
8193 10015 616576
150 10015 618339
2954 10015 618432
1456 10015 618518
7662 10015 618963
150 10015 619865
2954 10015 619965
7662 10015 621130
7662 10015 621862
2954 10015 622184
150 10015 622512
150 10015 624905
2954 10015 624906
2954 10015 625707
150 10015 625848
8193 10015 626248
1456 10015 626609
150 10015 626734
150 10015 627396
8193 10015 627766
150 10015 628204
150 10015 628880
150 10015 629727
7662 10015 631358
150 10015 631810
1090 10015 631997
8098 10015 632665
1456 10015 633139
150 10015 633977
150 10015 634699
3567 10015 634707
4349 10015 635273
150 10015 635480
150 10015 637820
8098 10015 638219
1456 10015 640399
150 10015 640509
150 10015 641112
6935 10015 641913
150 10015 642444
2954 10015 642478
2954 10015 643348
8098 10015 643679
150 10015 644107
1456 10015 644195
8098 10015 647706
150 10015 648062
2954 10015 648366
150 10015 648660
150 10015 649533
2954 10015 649553
150 10015 650600
150 10015 651997
150 10015 652817
6935 10015 653053
2954 10015 653729
150 10015 654990
3186 10015 655381
150 10015 655601
4201 10015 656066
150 10015 656847
150 10015 657608
150 10015 659119
150 10015 659744
8098 10015 659855
150 10015 660726
6935 10015 661697
1090 10015 662304
1090 10015 662306
1090 10015 662307
1090 10015 662309
150 10015 662425
3186 10015 662581
150 10015 664238
150 10015 665128
1090 10015 665919
150 10015 667038
150 10015 668713
1090 10015 669824
1090 10015 669825
8098 10015 670379
150 10015 670892
150 10015 671491
150 10015 672102
150 10015 673337
150 10015 673957
150 10015 674810
150 10015 676600
1090 10015 677298
8268 10015 677703
150 10015 678136
4500 10015 678503
150 10015 679576
150 10015 680180
150 10015 680787
150 10015 681384
150 10015 682514
150 10015 683252
150 10015 684929
1090 10015 685104
150 10015 687107
150 10015 689111
1090 10015 689309
1090 10015 689309
150 10015 690700
150 10015 691975
150 10015 693620
150 10015 694636
150 10015 696122
150 10015 697831
150 10015 698446
150 10015 700042
1456 10015 700640
150 10015 700919
150 10015 702437
150 10015 703225
150 10015 703849
150 10015 707236
150 10015 708609
1456 10015 709319
150 10015 711101
150 10015 712298
6935 10015 715297
150 10015 715668
1456 10015 716386
150 10015 717149
150 10015 718043
7024 10015 718642
2954 10015 718875
150 10015 719768
2954 10015 719799
3567 10015 719863
8098 10015 720559
150 10015 721568
1090 10015 723208
1090 10015 723210
150 10015 723737
150 10015 724366
150 10015 725001
1456 10015 725456
150 10015 726655
150 10015 728625
150 10015 729341
150 10015 729973
150 10015 730571
150 10015 731546
6935 10015 732087
150 10015 732708
150 10015 733309
150 10015 734001
1456 10015 734583
7024 10015 734746
150 10015 734904
150 10015 735520
150 10015 736942
150 10015 737538
426 10015 738129
8098 10015 738240
1090 10015 738529
1090 10015 738530
150 10015 738736
150 10015 739341
150 10015 739943
150 10015 740981
1090 10015 742162
150 10015 742432
4201 10015 742882
150 10015 743835
8193 10015 744043
150 10015 744518
6935 10015 746107
150 10015 746299
150 10015 747704
150 10015 748938
3186 10015 749052
150 10015 749616
150 10015 752250
150 10015 752875
150 10015 753471
150 10015 754371
8098 10015 754926
150 10015 754968
8268 10015 755505
150 10015 755565
150 10015 756163
8193 10015 756825
150 10015 757524
150 10015 758301
150 10015 759769
150 10015 760366
150 10015 761035
1090 10015 761291
150 10015 761765
150 10015 762632
150 10015 763338
150 10015 764223
1090 10015 764917
150 10015 766011
4500 10015 766913
150 10015 766928
150 10015 767759
1090 10015 768506
150 10015 768735
150 10015 769340
109 10015 771560
150 10015 771992
1090 10015 772698
150 10015 773250
150 10015 775516
150 10015 777086
150 10015 778870
150 10015 779507
150 10015 780139
150 10015 781396
150 10015 782291
150 10015 785180
150 10015 785784
150 10015 786476
150 10015 787103
1090 10015 787384
150 10015 788884
150 10015 789607
150 10015 790204
1090 10015 791015
1090 10015 791016
150 10015 792136
1456 10015 792455
7600 10015 793419
150 10015 794173
150 10015 795021
7600 10015 795074
7600 10015 796160
150 10015 797411
150 10015 798080
150 10015 798677
1456 10015 798733
1090 10015 798782
150 10015 800428
150 10015 801131
150 10015 801951
1090 10015 802396
150 10015 802641
7662 10015 803494
150 10015 803532
150 10015 804226
1456 10015 805252
2954 10015 805332
150 10015 806197
1090 10015 806598
150 10015 807973
150 10015 809537
1090 10015 810198
3567 10015 810474
150 10015 811323
1456 10015 811658
150 10015 813020
8098 10015 813478
150 10015 813943
150 10015 815560
7024 10015 815942
7024 10015 817598
150 10015 817933
1090 10015 818295
2954 10015 818301
8193 10015 818795
150 10015 818895
6935 10015 819643
2954 10015 819689
1456 10015 820240
150 10015 820334
2954 10015 820698
150 10015 821244
2954 10015 821429
150 10015 822329
2954 10015 822796
6935 10015 822808
150 10015 823086
150 10015 823948
2954 10015 824975
150 10015 825158
4201 10015 826537
2954 10015 826684
150 10015 826960
6935 10015 827071
2954 10015 827419
150 10015 827921
3186 10015 828187
8446 10015 828410
150 10015 828730
150 10015 830227
1090 10015 830298
6935 10015 830944
150 10015 833548
150 10015 836128
150 10015 837681
1090 10015 837823
1090 10015 837825
150 10015 838646
150 10015 839605
4065 10021 840344
150 10015 840749
150 10015 841352
1090 10015 841690
150 10015 842548
7600 10015 843493
150 10015 843942
7600 10015 844679
150 10015 844727
1090 10015 845297
1090 10015 845298
7600 10015 845427
150 10015 846166
4840 10015 847276
150 10015 847918
150 10015 848598
1090 10015 848949
150 10015 850287
150 10015 850946
150 10015 851593
150 10015 852395
1090 10015 853084
1090 10015 853085
150 10015 854161
150 10015 855159
4500 10015 855409
1090 10015 856691
150 10015 857797
150 10015 858484
150 10015 859397
150 10015 860105
150 10015 862878
150 10015 863552
150 10015 865312
6935 10015 866192
150 10015 866272
150 10015 867799
150 10015 868713
6935 10015 868883
150 10015 869418
150 10015 870969
150 10015 871601
6935 10015 871994
150 10015 872461
150 10015 873983
150 10015 875236
1090 10015 876148
150 10015 876616
7600 10015 877182
1456 10015 877540
7600 10015 878049
150 10015 878562
7600 10015 878763
7600 10015 880188
1090 10015 880337
2954 10015 880359
150 10015 880927
7600 10015 881003
2954 10015 881417
7600 10015 881672
150 10015 882685
150 10015 884417
1456 10015 884797
150 10015 885065
150 10015 886596
150 10015 887528
150 10015 888197
2954 10015 888488
150 10015 889050
6935 10015 889733
150 10015 890244
150 10015 891447
1456 10015 892684
3567 10015 893242
150 10015 894370
150 10015 894970
1090 10015 895343
1090 10015 895346
150 10015 897730
6935 10015 898054
150 10015 898338
150 10015 899423
1090 10015 899535
7024 10015 899840
150 10015 900361
7024 10015 900900
150 10015 901414
7024 10015 901632
150 10015 902478
150 10015 903086
1456 10015 903528
7024 10015 905209
150 10015 905326
2954 10015 905860
7024 10015 906049
150 10015 906083
7024 10015 906646
150 10015 906740
1090 10015 907645
150 10015 907709
2954 10015 908391
150 10015 909735
150 10015 910340
150 10015 910949
8098 10015 910953
1090 10015 911256
150 10015 911557
150 10015 913333
150 10015 913939
8098 10015 913993
3186 10015 914570
150 10015 914842
1090 10015 915142
150 10015 915491
8098 10015 916292
9085 10015 916313
150 10015 916582
1090 10015 919050
1090 10015 919051
150 10015 919350
150 10015 920078
150 10015 920779
4201 10015 921034
3186 10015 921785
1090 10015 922662
4500 10015 923225
150 10015 923531
150 10015 924259
150 10015 924886
7600 10015 925661
150 10015 925737
7600 10015 926387
150 10015 927361
5951 10015 927560
7600 10015 927893
150 10015 928125
9085 10015 928428
7600 10015 928509
150 10015 928941
7600 10015 929846
150 10015 930381
7600 10015 930449
1090 10015 930730
150 10015 931126
7600 10015 931218
150 10015 932009
150 10015 932835
150 10015 933437
9085 10015 933604
150 10015 934040
1090 10015 934346
150 10015 934638
150 10015 936146
150 10015 936797
150 10015 937416
150 10015 938014
1090 10015 938240
1090 10015 938240
1090 10015 938241
150 10015 938837
150 10015 939446
150 10015 940043
150 10015 941853
1090 10015 942141
150 10015 945143
1090 10015 945751
150 10015 945800
150 10015 946965
150 10015 947564
150 10015 948442
150 10015 949046
1090 10015 949645
150 10015 951870
150 10015 952630
150 10015 954127
150 10015 954745
150 10015 956590
1090 10015 957141
1090 10015 957142
150 10015 958147
150 10015 958811
150 10015 960510
9085 10015 962354
150 10015 963453
1090 10015 964925
150 10015 965238
150 10015 967689
150 10015 972327
150 10015 973045
150 10015 973994
150 10015 974595
150 10015 975192
1090 10015 976345
1090 10015 976346
150 10015 976507
7662 10015 977214
150 10015 977526
7662 10015 979097
150 10015 980422
6935 10015 980708
2954 10015 980711
150 10015 981561
150 10015 982338
1090 10015 984152
150 10015 984914
426 10015 984995
9267 10015 985233
3567 10015 985286
150 10015 985814
150 10015 986653
150 10015 987314
150 10015 988096
150 10015 988960
150 10015 989651
8098 10015 990591
7024 10015 991154
1090 10015 991336
150 10015 991702
7024 10015 992496
150 10015 993444
8098 10015 993915
7024 10015 994088
150 10015 995045
8098 10015 995094
150 10015 995655
150 10015 996466
150 10015 997170
150 10015 997928
150 10015 998978
150 10015 999620
150 10015 1000334
3186 10015 1000928
150 10015 1000968
9085 10015 1000981
4201 10015 1002334
150 10015 1002809
150 10015 1003406
1090 10015 1006342
150 10015 1006481
150 10015 1007446
150 10015 1008045
3186 10015 1008137
150 10015 1008742
1090 10015 1010241
1090 10015 1010241
150 10015 1010675
908 10015 1010920
8193 10015 1012017
150 10015 1012377
1090 10015 1013865
150 10015 1015364
150 10015 1016282
1090 10015 1017734
150 10015 1018758
4500 10015 1019400
150 10015 1020752
1090 10015 1021337
1090 10015 1021338
150 10015 1021469
150 10015 1022539
150 10015 1023161
150 10015 1023823
150 10015 1024488
1090 10015 1025227
150 10015 1025845
150 10015 1026737
150 10015 1027944
1090 10015 1029127
1090 10015 1029128
150 10015 1030104
7456 10015 1030605
150 10015 1031559
1090 10015 1032729
1090 10015 1032729
1090 10015 1032731
150 10015 1033339
150 10015 1033951
150 10015 1035436
150 10015 1036096
1090 10015 1036382
150 10015 1038259
150 10015 1039224
150 10015 1039821
150 10015 1041917
150 10015 1043001
6935 10015 1043619
150 10015 1043989
150 10015 1045233
150 10015 1047029
150 10015 1049838
150 10015 1050554
150 10015 1052956
150 10015 1054101
150 10015 1054711
150 10015 1056798
150 10015 1058069
7024 10015 1058289
150 10015 1058739
7662 10015 1058768
1090 10015 1059128
1090 10015 1059131
150 10015 1059460
7024 10015 1062395
150 10015 1062930
150 10015 1063943
150 10015 1065157
3567 10015 1065636
150 10015 1066832
150 10015 1067429
8098 10015 1067559
150 10015 1068135
150 10015 1068735
1090 10015 1070532
1090 10015 1070534
150 10015 1071304
150 10015 1072402
8098 10015 1073500
150 10015 1073529
150 10015 1074127
150 10015 1074863
150 10015 1075466
8098 10015 1075488
150 10015 1076072
150 10015 1076750
150 10015 1078101
150 10015 1079072
150 10015 1079853
150 10015 1082393
150 10015 1083140
150 10015 1083744
150 10015 1084361
150 10015 1085234
9085 10015 1085752
1090 10015 1085831
1090 10015 1085838
150 10015 1086013
6935 10015 1086135
150 10015 1086737
150 10015 1087338
4201 10015 1088295
1090 10015 1089470
6935 10015 1089635
150 10015 1089816
6935 10015 1092327
1090 10015 1093055
150 10015 1093357
150 10015 1094014
3186 10015 1094518
150 10015 1094854
150 10015 1097064
150 10015 1098139
150 10015 1098738
150 10015 1099659
150 10015 1100350
150 10015 1101741
150 10015 1102641
150 10015 1103257
4500 10015 1103432
150 10015 1104558
9085 10015 1104691
1090 10015 1104724
1090 10015 1104725
1090 10015 1104726
1090 10015 1104727
1090 10015 1104727
150 10015 1105170
150 10015 1105964
150 10015 1107436
1090 10015 1108344
1090 10015 1108345
1090 10015 1108346
150 10015 1108474
150 10015 1109071
150 10015 1109848
150 10015 1110456
150 10015 1111213
150 10015 1112138
1090 10015 1112545
1090 10015 1112545
150 10015 1112838
150 10015 1116272
150 10015 1117951
150 10015 1119557
150 10015 1120350
150 10015 1121859
150 10015 1122509
7662 10015 1122878
1090 10015 1123947
1090 10015 1123948
150 10015 1124380
150 10015 1126224
150 10015 1127607
1090 10015 1128125
1090 10015 1128126
150 10015 1128317
150 10015 1130351
6935 10015 1130880
150 10015 1130951
150 10015 1131616
150 10015 1133433
150 10015 1136235
7662 10015 1136434
150 10015 1136955
1090 10015 1138931
150 10015 1139357
150 10015 1140513
150 10015 1141156
150 10015 1141999
7662 10015 1142147
150 10015 1143187
150 10015 1144456
150 10015 1145138
1090 10015 1146720
150 10015 1149346
150 10015 1150335
150 10015 1151416
7662 10015 1153069
150 10015 1153211
7662 10015 1154001
150 10015 1154047
150 10015 1155158
3567 10015 1156714
150 10015 1158640
150 10015 1159458
150 10015 1160554
150 10015 1161261
150 10015 1161864
150 10015 1162471
150 10015 1164022
150 10015 1164918
8193 10015 1167094
150 10015 1167351
150 10015 1169321
8193 10015 1169372
150 10015 1169959
8193 10015 1170926
150 10015 1171770
150 10015 1172426
6935 10015 1172527
8193 10015 1172564
150 10015 1173320
3186 10015 1173699
150 10015 1175611
150 10015 1177762
150 10015 1180401
1090 10015 1181233
4201 10015 1181311
150 10015 1181422
150 10015 1183216
150 10015 1183838
150 10015 1184442
1090 10015 1185128
150 10015 1186713
150 10015 1187354
150 10015 1188025
1090 10015 1189048
150 10015 1189168
150 10015 1190078
426 10015 1190971
150 10015 1191868
150 10015 1193064
7662 10015 1193494
150 10015 1193661
9085 10015 1194016
150 10015 1194342
150 10015 1196136
1090 10015 1196264
7662 10015 1196632
150 10015 1196742
150 10015 1197571
4500 10015 1197579
1090 10015 1200147
1090 10015 1200148
150 10015 1200466
150 10015 1202905
1090 10015 1203733
150 10015 1203894
150 10015 1205437
150 10015 1206250
7662 10015 1207082
150 10015 1207091
1090 10015 1207335
150 10015 1207694
150 10015 1208355
426 10015 1208731
150 10015 1209254
150 10015 1210338
150 10015 1211002
150 10015 1211947
150 10015 1213171
150 10015 1214289
150 10015 1214955
150 10015 1216517
150 10015 1217945
150 10015 1218726
1090 10015 1218743
150 10015 1220039
150 10015 1220950
150 10015 1223654
150 10015 1224257
150 10015 1224870
150 10015 1225765
150 10015 1226602
150 10015 1228395
150 10015 1229652
150 10015 1230449
1090 10015 1230730
150 10015 1231188
150 10015 1232589
150 10015 1233249
1090 10015 1234338
150 10015 1235525
150 10015 1236199
150 10015 1236862
150 10015 1237700
150 10015 1239865
3567 10015 1240027
150 10015 1240462
150 10015 1241309
150 10015 1242756
150 10015 1243471
150 10015 1244178
150 10015 1246958
150 10015 1247665
150 10015 1248440
150 10015 1249267
150 10015 1250055
1090 10015 1250832
1090 10015 1250833
150 10015 1252401
150 10015 1253731
150 10015 1254768
150 10015 1255596
150 10015 1258101
150 10015 1259733
3186 10015 1260101
150 10015 1260688
150 10015 1261464
150 10015 1262162
4201 10015 1262457
150 10015 1262891
150 10015 1263554
150 10015 1264299
150 10015 1265478
150 10015 1267175
3186 10015 1267323
150 10015 1268827
150 10015 1269446
1090 10015 1270049
150 10015 1270782
150 10015 1271601
150 10015 1272454
4500 10015 1273308
150 10015 1274560
150 10015 1275571
150 10015 1276695
150 10015 1279467
150 10015 1280195
150 10015 1280862
150 10015 1282281
150 10015 1282934
150 10015 1284249
150 10015 1285451
150 10015 1286672
150 10015 1287269
150 10015 1287874
150 10015 1288777
150 10015 1289597
150 10015 1290260
150 10015 1291460
150 10015 1292140
1090 10015 1292538
150 10015 1292959
150 10015 1293673
150 10015 1294326
150 10015 1295260
150 10015 1297203
150 10015 1299884
150 10015 1300688
150 10015 1301353
150 10015 1301957
150 10015 1302554
9085 10015 1302661
150 10015 1303417
150 10015 1304839
150 10015 1305442
150 10015 1306446
150 10015 1307350
150 10015 1308099
150 10015 1310062
150 10015 1311090
150 10015 1311733
150 10015 1312568
150 10015 1313175
150 10015 1314794
150 10015 1315471
150 10015 1316190
150 10015 1316834
150 10015 1319007
150 10015 1319711
3567 10015 1320478
150 10015 1321925
150 10015 1322915
1090 10015 1323436
150 10015 1323933
426 10015 1324384
150 10015 1324567
150 10015 1325174
150 10015 1325779
150 10015 1327209
150 10015 1327811
150 10015 1329857
150 10015 1330551
150 10015 1331587
150 10015 1333350
150 10015 1334059
1090 10015 1335135
1090 10015 1335136
150 10015 1335226
150 10015 1335884
150 10015 1336482
150 10015 1338812
150 10015 1339709
150 10015 1340472
4201 10015 1340522
8003 10015 1340725
4349 10015 1341198
150 10015 1342003
7024 10015 1343102
150 10015 1343441
150 10015 1344269
150 10015 1345095
7024 10015 1345147
1090 10015 1346233
1090 10015 1346235
150 10015 1347074
150 10015 1347678
150 10015 1348358
150 10015 1350706
150 10015 1351306
150 10015 1352956
1090 10015 1353430
1090 10015 1353431
150 10015 1353556
4349 10015 1353731
9085 10015 1353908
5821 10015 1355509
150 10015 1356071
5821 10015 1356140
1090 10015 1357362
1090 10015 1357363
150 10015 1357778
150 10015 1359277
150 10015 1360229
1090 10015 1361220
150 10015 1361968
150 10015 1362862
150 10015 1363526
4500 10015 1365110
150 10015 1366171
4349 10015 1367365
150 10015 1368248
1090 10015 1368731
1090 10015 1368731
1090 10015 1368733
150 10015 1369970
150 10015 1371071
150 10015 1371779
1090 10015 1372375
1090 10015 1372375
150 10015 1373462
150 10015 1374144
150 10015 1376045
150 10015 1376685
4620 10015 1378849
150 10015 1379056
150 10015 1381240
150 10015 1383583
1090 10015 1383673
8003 10161 1383873
150 10015 1385219
150 10015 1386216
150 10015 1387102
1090 10015 1387328
150 10015 1387751
150 10015 1388363
150 10015 1389809
150 10015 1391226
1090 10015 1391464
150 10015 1391847
150 10015 1392859
150 10015 1393751
150 10015 1394473
150 10015 1397500
150 10015 1398169
1090 10015 1398662
150 10015 1399755
150 10015 1401195
150 10015 1402465
1090 10015 1402865
150 10015 1403229
150 10015 1405392
150 10015 1406109
4349 10015 1408028
150 10015 1408327
150 10015 1408997
150 10015 1410342
8955 10015 1410821
3567 10015 1411238
150 10015 1412887
1090 10015 1413661
1090 10015 1413661
150 10015 1413869
150 10015 1416967
150 10015 1417991
150 10015 1419745
150 10015 1421181
1090 10015 1421487
1090 10015 1421488
150 10015 1421912
150 10015 1423401
150 10015 1424413
150 10015 1425039
1090 10015 1425714
150 10015 1426414
7600 10015 1426771
150 10015 1427088
7600 10015 1427632
7600 10015 1428291
150 10015 1428413
4038 10015 1428553
7024 10015 1428889
7600 10015 1428956
1090 10015 1429334
150 10015 1431671
4201 10015 1432686
150 10015 1432841
1090 10015 1432919
150 10015 1433580
150 10015 1434208
1090 10015 1437469
150 10015 1437729
150 10015 1438428
8098 10015 1438969
150 10015 1439889
1090 10015 1441036
1090 10015 1441036
1090 10015 1441037
150 10015 1441110
150 10015 1442046
150 10015 1443127
1090 10015 1444626
150 10015 1446690
1090 10015 1448470
150 10015 1448566
150 10015 1449486
150 10015 1450124
1090 10015 1452368
1090 10015 1452368
150 10015 1452744
150 10015 1453822
150 10015 1455321
4500 10015 1455947
150 10015 1455984
1090 10015 1456378
150 10015 1457375
150 10015 1458168
150 10015 1459072
150 10015 1460132
4349 10015 1460411
150 10015 1460748
150 10015 1462567
1090 10015 1463492
1090 10015 1463494
1090 10015 1463494
150 10015 1464905
1090 10015 1467410
150 10015 1467615
150 10015 1469408
150 10015 1470314
150 10015 1471101
150 10015 1472504
150 10015 1474884
1090 10015 1475470
1090 10015 1475471
150 10015 1475487
150 10015 1476453
150 10015 1477399
9688 10015 1477867
150 10015 1478840
150 10015 1480643
150 10015 1481440
1090 10015 1483879
150 10015 1484715
150 10015 1485374
150 10015 1486061
150 10015 1486702
150 10015 1487534
150 10015 1488932
150 10015 1489719
1090 10015 1491668
150 10015 1491764
150 10015 1492817
150 10015 1493598
4349 10015 1495373
150 10015 1495820
150 10015 1497977
3567 10015 1498204
1644 10015 1498226
150 10015 1498574
150 10015 1501101
150 10015 1502707
150 10015 1503645
1090 10015 1504282
150 10015 1504383
150 10015 1505321
150 10015 1506652
4038 10015 1507386
150 10015 1507527
150 10015 1507529
150 10015 1508183
150 10015 1508892
150 10015 1509788
426 10015 1509983
150 10015 1510816
8098 10015 1511219
150 10015 1511438
150 10015 1514769
150 10015 1517852
150 10015 1518585
4201 10015 1518907
150 10015 1519305
1090 10015 1519354
1090 10015 1519355
150 10015 1520290
9676 10015 1521381
150 10015 1522487
1090 10015 1522949
1090 10015 1522949
1090 10015 1522951
1090 10015 1522952
150 10015 1523234
150 10015 1524032
8193 10015 1524752
150 10015 1524847
150 10015 1526390
1090 10015 1526670
150 10015 1527943
8305 10539 1528594
150 10015 1528646
150 10015 1529429
1090 10015 1530683
150 10015 1530802
150 10015 1531399
150 10015 1532305
1090 10015 1534289
1090 10015 1534290
1090 10015 1534291
150 10015 1534438
150 10015 1535111
150 10015 1536134
150 10015 1537992
150 10015 1540221
150 10015 1541914
150 10015 1542657
150 10015 1544253
150 10015 1544856
150 10015 1545642
150 10015 1546514
8305 10539 1546734
150 10015 1547141
150 10015 1548330
4500 10015 1548929
150 10015 1548940
1090 10015 1549046
1090 10015 1549047
150 10015 1549709
150 10015 1550546
150 10015 1551208
150 10015 1552559
1090 10015 1553164
150 10015 1554026
150 10015 1555820
150 10015 1556719
1090 10015 1556788
150 10015 1557517
150 10015 1559016
150 10015 1560193
150 10015 1561097
150 10015 1562841
9688 10015 1563233
150 10015 1563514
1090 10015 1564872
150 10015 1565430
150 10015 1567084
150 10015 1567813
150 10015 1568410
1090 10015 1568469
1090 10015 1568470
150 10015 1571243
150 10015 1571843
150 10015 1572498
150 10015 1573094
150 10015 1575334
150 10015 1576236
150 10015 1578332
150 10015 1579994
150 10015 1582241
4349 10015 1583029
150 10015 1583250
150 10015 1584056
150 10015 1584925
8193 10015 1585753
150 10015 1585853
1090 10015 1587089
1090 10015 1587091
3567 10015 1587123
150 10015 1587580
150 10015 1589239
150 10015 1589933
150 10015 1590670
150 10015 1591688
150 10015 1592823
150 10015 1593654
150 10015 1594540
1090 10015 1594895
150 10015 1595285
150 10015 1596218
150 10015 1598500
150 10015 1600536
150 10015 1601139
150 10015 1601746
150 10015 1602808
150 10015 1603736
150 10015 1605700
1090 10015 1606310
1090 10015 1606311
150 10015 1607386
5821 10015 1607438
150 10015 1608923
150 10015 1609756
1090 10015 1610256
1090 10015 1610256
1090 10015 1610257
3186 10015 1613086
150 10015 1613157
4201 10015 1613327
1090 10015 1613883
1090 10015 1613883
1090 10015 1613884
150 10015 1614349
150 10015 1615877
1090 10015 1617715
150 10015 1618401
150 10015 1620369
1090 10015 1621280
1090 10015 1621281
150 10015 1622782
150 10015 1623642
150 10015 1624564
150 10015 1625253
150 10015 1628151
150 10015 1628861
1090 10015 1629099
4349 10015 1629327
150 10015 1630946
150 10015 1631605
150 10015 1632500
4500 10015 1632893
150 10015 1633552
150 10015 1634716
150 10015 1635343
150 10015 1636120
150 10015 1636959
150 10015 1637714
150 10015 1638926
150 10015 1640420
150 10015 1641130
150 10015 1642208
150 10015 1643126
150 10015 1644011
1090 10015 1644122
1090 10015 1644123
150 10015 1645418
150 10015 1647515
150 10015 1648227
150 10015 1648828
150 10015 1651644
150 10015 1653442
150 10015 1654836
150 10015 1657689
150 10015 1659317
150 10015 1661717
150 10015 1662492
150 10015 1663090
150 10015 1666398
150 10015 1666996
150 10015 1668666
150 10015 1670123
3567 10015 1670392
150 10015 1671205
150 10015 1671913
150 10015 1673912
150 10015 1675515
150 10015 1676289
150 10015 1677215
150 10015 1678083
1090 10015 1678321
150 10015 1679443
150 10015 1680039
150 10015 1680913
8193 10015 1681645
150 10015 1682605
150 10015 1683729
150 10015 1684400
150 10015 1685233
150 10015 1687284
7600 10015 1688340
150 10015 1690094
4349 10015 1691332
150 10015 1692864
1090 10015 1693961
150 10015 1694063
150 10015 1695571
150 10015 1696286
4201 10015 1697114
1090 10015 1697557
150 10015 1697608
5119 10539 1697829
3186 10015 1699479
150 10015 1699863
150 10015 1700727
1090 10015 1701420
9688 10015 1702438
150 10015 1702459
150 10015 1704745
1090 10015 1705346
1090 10015 1705347
1090 10015 1705348
150 10015 1705940
150 10015 1706755
1090 10015 1708933
150 10015 1709174
150 10015 1710058
150 10015 1710812
426 10015 1711302
150 10015 1711652
1090 10015 1712552
1090 10015 1712552
1090 10015 1712553
1090 10015 1712554
150 10015 1713371
150 10015 1713982
150 10015 1715172
150 10015 1715915
4500 10015 1716031
150 10015 1716515
150 10015 1717308
150 10015 1718011
150 10015 1718609
150 10015 1719515
150 10015 1721182
150 10015 1721971
150 10015 1723160
150 10015 1723997
9688 10015 1725286
150 10015 1725498
150 10015 1726159
150 10015 1726756
150 10015 1727483
150 10015 1729582
150 10015 1731216
1090 10015 1731733
1090 10015 1731734
150 10015 1731814
150 10015 1732411
150 10015 1733020
150 10015 1733893
150 10015 1734506
1090 10015 1735340
150 10015 1736067
150 10015 1737882
150 10015 1739949
150 10015 1740816
150 10015 1741694
150 10015 1742484
1090 10015 1742527
150 10015 1743488
150 10015 1744094
150 10015 1745314
150 10015 1747707
150 10015 1748374
6935 10015 1748533
150 10015 1749486
7662 10015 1749907
150 10015 1752199
150 10015 1752868
150 10015 1754898
150 10015 1755786
7662 10015 1756086
150 10015 1756394
3567 10015 1757348
150 10015 1757354
150 10015 1758258
150 10015 1760301
1090 10015 1761124
150 10015 1762103
150 10015 1762997
150 10015 1764083
150 10015 1765573
150 10015 1766492
150 10015 1767557
150 10015 1771689
150 10015 1772491
7024 10015 1773334
150 10015 1773496
7024 10015 1773994
150 10015 1774175
7024 10015 1774773
150 10015 1774937
4201 10015 1775936
7600 10015 1775943
7600 10015 1776567
7600 10015 1777298
150 10015 1777745
7600 10015 1778006
7600 10015 1778644
3186 10015 1778648
150 10015 1778677
7600 10015 1779333
150 10015 1779395
7600 10015 1779960
150 10015 1780102
7600 10015 1780607
150 10015 1781013
7600 10015 1781233
150 10015 1781897
7600 10015 1782088
150 10015 1782686
150 10015 1783457
150 10015 1784176
150 10015 1784778
150 10015 1785379
3186 10015 1785852
150 10015 1786270
150 10015 1787295
150 10015 1788869
150 10015 1790058
150 10015 1790654
150 10015 1791255
1090 10015 1791734
1090 10015 1791735
1090 10015 1791736
150 10015 1793056
150 10015 1793668
8193 10015 1794069
150 10015 1794515
1090 10015 1795350
1090 10015 1795351
4500 10015 1796560
150 10015 1796609
150 10015 1798900
1090 10015 1798926
150 10015 1799676
150 10015 1800273
4500 10015 1800379
150 10015 1801162
150 10015 1801765
150 10015 1802904
150 10015 1803681
150 10015 1804397
150 10015 1804994
150 10015 1805903
7662 10015 1806103
150 10015 1806967
150 10015 1808375
1090 10015 1810349
1090 10015 1810349
1090 10015 1810350
150 10015 1810710
150 10015 1812194
150 10015 1812821
150 10015 1814341
150 10015 1816022
150 10015 1817905
1090 10015 1818150
1090 10015 1818150
1090 10015 1818151
150 10015 1818793
7662 10015 1819107
150 10015 1819391
150 10015 1820298
150 10015 1820896
150 10015 1821843
1090 10015 1822333
1090 10015 1822334
150 10015 1822454
150 10015 1823061
150 10015 1823882
7662 10015 1823943
1090 10015 1825938
150 10015 1827209
150 10015 1828095
150 10015 1828889
150 10015 1830502
150 10015 1831743
150 10015 1833376
150 10015 1834104
150 10015 1834796
150 10015 1835902
150 10015 1836672
150 10015 1837648
150 10015 1838606
150 10015 1839209
150 10015 1840409
7662 10015 1840630
150 10015 1841045
1090 10015 1841537
3567 10015 1842230
150 10015 1842236
150 10015 1843114
150 10015 1843760
150 10015 1844674
150 10015 1846397
150 10015 1847062
150 10015 1847890
150 10015 1848700
150 10015 1849394
150 10015 1850472
150 10015 1852171
150 10015 1854386
150 10015 1856660
150 10015 1858097
150 10015 1858885
150 10015 1859906
150 10015 1860545
150 10015 1861307
150 10015 1862185
1090 10015 1862555
150 10015 1863976
150 10015 1865655
150 10015 1866491
150 10015 1867410
150 10015 1868303
9676 10015 1869170
4201 10015 1869705
150 10015 1869863
1090 10015 1870029
150 10015 1870614
150 10015 1871899
3186 10015 1872253
150 10015 1872881
150 10015 1873725
150 10015 1874323
150 10015 1875249
150 10015 1876868
150 10015 1877664
150 10015 1878977
150 10015 1881126
150 10015 1882153
150 10015 1882994
4500 10015 1883995
150 10015 1885269
150 10015 1886053
150 10015 1886650
150 10015 1887579
150 10015 1888473
1090 10015 1888938
1090 10015 1888938
150 10015 1889315
150 10015 1890096
4349 10015 1890357
7218 10161 1891454
150 10015 1894800
150 10015 1899547
150 10015 1901589
150 10015 1903569
1090 10015 1904005
150 10015 1904295
150 10015 1905676
150 10015 1906717
1090 10015 1907911
150 10015 1908803
150 10015 1909413
150 10015 1910372
150 10015 1914481
150 10015 1915293
150 10015 1916285
150 10015 1916886
150 10015 1918162
150 10015 1919506
1090 10015 1919628
150 10015 1920867
150 10015 1922911
150 10015 1923965
150 10015 1924575
150 10015 1925601
150 10015 1927476
3567 10015 1928184
150 10015 1928352
150 10015 1929949
150 10015 1932827
150 10015 1933464
150 10015 1934312
150 10015 1935094
150 10015 1935798
150 10015 1936896
150 10015 1937493
150 10015 1938565
4349 10015 1938601
150 10015 1940943
1090 10015 1942687
150 10015 1944495
150 10015 1945104
150 10015 1945819
150 10015 1946811
1090 10015 1946896
150 10015 1948105
150 10015 1948714
4201 10015 1951221
150 10015 1951835
150 10015 1952588
150 10015 1953373
150 10015 1954698
426 10015 1954724
150 10015 1955935
150 10015 1956648
4349 10015 1957204
150 10015 1958007
3186 10015 1958677
150 10015 1958688
150 10015 1959298
1090 10015 1962482
1090 10015 1962483
1090 10015 1962483
150 10015 1963148
150 10015 1964439
150 10015 1965386
4038 10015 1965696
150 10015 1966435
150 10015 1967281
1090 10015 1969693
1090 10015 1969693
1090 10015 1969695
150 10015 1969838
150 10015 1971688
150 10015 1972422
150 10015 1973060
9676 10015 1973150
4500 10015 1973290
1090 10015 1973600
1090 10015 1973600
1090 10015 1973601
150 10015 1974315
150 10015 1975085
150 10015 1976020
150 10015 1977360
1090 10015 1977532
1090 10015 1977533
150 10015 1978250
150 10015 1979141
150 10015 1979912
1090 10015 1981096
150 10015 1981182
150 10015 1982780
150 10015 1984210
150 10015 1985001
1090 10015 1985281
1090 10015 1985281
1090 10015 1985282
150 10015 1985599
150 10015 1986211
150 10015 1987823
150 10015 1988505
150 10015 1989303
150 10015 1991188
150 10015 1991927
150 10015 1992659
9688 10015 1992758
1090 10015 1992789
1090 10015 1992789
150 10015 1993395
150 10015 1995800
150 10015 1996400
1090 10015 1996686
1090 10015 1996686
150 10015 1998318
150 10015 1999110
150 10015 2000910
150 10015 2001800
1090 10015 2004189
150 10015 2005401
150 10015 2006178
150 10015 2006903
150 10015 2007615
1090 10015 2008397
150 10015 2009290
150 10015 2010915
3567 10015 2011757
1090 10015 2012283
150 10015 2012900
150 10015 2013987
4349 10015 2014577
150 10015 2015589
1090 10015 2015884
150 10015 2017084
1456 10015 2018095
150 10015 2019194
150 10015 2020812
150 10015 2021479
150 10015 2023659
1456 10015 2023662
4349 10015 2024583
150 10015 2024599
150 10015 2025787
150 10015 2026425
9676 10015 2027209
150 10015 2027237
9676 10015 2027849
1090 10015 2027889
1090 10015 2027889
150 10015 2028017
7600 10015 2028133
150 10015 2028785
426 10015 2029219
150 10015 2029657
150 10015 2030491
7600 10015 2030616
6532 10015 2030749
150 10015 2031207
7600 10015 2031232
1090 10015 2031492
6532 10015 2031622
150 10015 2031803
7600 10015 2031940
7600 10015 2032604
7600 10015 2033303
150 10015 2033591
150 10015 2034454
1090 10015 2035100
1090 10015 2035101
150 10015 2035389
150 10015 2036012
150 10015 2036841
150 10015 2037499
150 10015 2038101
7148 10021 2038108
1090 10015 2038718
150 10015 2039005
150 10015 2039608
150 10015 2040360
150 10015 2041058
1644 10015 2041398
150 10015 2041812
1090 10015 2042580
4201 10015 2043425
150 10015 2043798
3186 10015 2045089
150 10015 2045616
1090 10015 2046207
150 10015 2046217
150 10015 2048265
150 10015 2049023
9676 10015 2049025
150 10015 2049631
1090 10015 2050121
1090 10015 2050123
1090 10015 2050123
5821 10015 2051065
5821 10015 2051814
150 10015 2052739
9676 10015 2053866
150 10015 2053994
1090 10015 2053996
9676 10015 2054530
150 10015 2054599
9676 10015 2055139
150 10015 2055651
150 10015 2056257
1090 10015 2057588
150 10015 2058198
150 10015 2058807
150 10015 2059698
150 10015 2060296
1090 10015 2061190
1090 10015 2061190
1090 10015 2061191
1090 10015 2061191
9676 10015 2061236
150 10015 2061801
150 10015 2062401
9676 10015 2062782
150 10015 2063071
4500 10015 2064212
150 10015 2064312
150 10015 2065650
150 10015 2066312
150 10015 2067498
4103 10015 2068687
1090 10015 2069293
150 10015 2069620
150 10015 2070335
150 10015 2072870
150 10015 2075007
150 10015 2075700
1090 10015 2076788
150 10015 2077687
150 10015 2078290
150 10015 2078909
8287 10021 2079240
9688 10015 2079745
1090 10015 2080425
150 10015 2080993
1456 10015 2081436
150 10015 2081592
150 10015 2082217
150 10015 2083049
1090 10015 2084287
1090 10015 2084288
150 10015 2084459
150 10015 2085334
150 10015 2086044
1456 10015 2086649
150 10015 2086699
1090 10015 2087909
150 10015 2088191
150 10015 2091457
1090 10015 2091798
150 10015 2092215
150 10015 2093121
150 10015 2094729
9676 10015 2095338
3567 10015 2096670
150 10015 2096890
1456 10015 2097363
150 10015 2098337
9676 10015 2098582
150 10015 2099010
9676 10015 2099474
150 10015 2099746
4349 10015 2101391
4349 10015 2102093
150 10015 2102433
150 10015 2103185
150 10015 2104034
9688 10015 2105621
150 10015 2106492
1090 10015 2106780
1090 10015 2106781
150 10015 2107231
150 10015 2108228
150 10015 2108889
1090 10015 2110682
1456 10015 2111002
150 10015 2111008
150 10015 2112194
150 10015 2113412
7024 10015 2114199
150 10015 2114415
7024 10015 2114953
150 10015 2115235
150 10015 2116038
7600 10015 2116471
150 10015 2116883
7600 10015 2117315
150 10015 2117719
7600 10015 2117951
150 10015 2119770
8193 10015 2119878
150 10015 2120550
150 10015 2121800
1090 10015 2121812
1090 10015 2121813
150 10015 2123262
150 10015 2123896
3186 10015 2124005
150 10015 2124958
150 10015 2125639
1090 10015 2125701
150 10015 2126732
150 10015 2127463
1090 10015 2129420
1090 10015 2129421
150 10015 2129467
150 10015 2130213
150 10015 2132602
1090 10015 2133199
1090 10015 2133200
1090 10015 2133201
150 10015 2134647
150 10015 2135890
1090 10015 2136805
1090 10015 2136807
1090 10015 2136807
8268 10015 2137059
4349 10015 2137697
150 10015 2139153
150 10015 2139831
150 10015 2140506
150 10015 2141303
150 10015 2142066
4038 10015 2142467
4500 10015 2143609
150 10015 2143822
1090 10015 2144300
1090 10015 2144300
150 10015 2145073
150 10015 2145967
4038 10015 2146355
150 10015 2146705
150 10015 2148805
150 10015 2149440
150 10015 2150118
150 10015 2150741
150 10015 2151933
1090 10015 2152085
150 10015 2152697
150 10015 2154426
1090 10015 2155706
150 10015 2156008
150 10015 2156715
150 10015 2157312
150 10015 2158406
150 10015 2159016
150 10015 2160621
150 10015 2162597
1090 10015 2163388
1090 10015 2163388
150 10015 2164701
150 10015 2165428
150 10015 2166187
1090 10015 2166979
150 10015 2167059
150 10015 2167694
150 10015 2168602
150 10015 2169204
150 10015 2169815
150 10015 2170812
1090 10015 2170869
1090 10015 2170869
150 10015 2171734
150 10015 2172439
1456 10015 2173008
150 10015 2173116
150 10015 2174596
1090 10015 2174766
1090 10015 2174768
1351 10015 2175819
1351 10015 2175922
1456 10015 2176010
1090 10015 2178381
150 10015 2178634
150 10015 2179534
150 10015 2180234
150 10015 2180832
150 10015 2181615
150 10015 2182684
150 10015 2183305
150 10015 2184740
150 10015 2185692
1456 10015 2186308
150 10015 2186316
9676 10015 2186358
150 10015 2187196
150 10015 2187805
150 10015 2188402
150 10015 2189584
4349 10015 2189704
150 10015 2190468
150 10015 2191398
150 10015 2191997
150 10015 2193924
1456 10015 2194469
150 10015 2195297
3567 10015 2195335
150 10015 2197403
1090 10015 2197891
1090 10015 2197892
150 10015 2198249
7024 10015 2199118
150 10015 2199331
150 10015 2200039
7024 10015 2200108
150 10015 2200840
150 10015 2201632
7600 10015 2201890
150 10015 2202444
7600 10015 2202518
150 10015 2203102
150 10015 2204025
1090 10015 2205708
150 10015 2206276
150 10015 2206965
7600 10015 2207634
150 10015 2208208
7600 10015 2208286
7600 10015 2208994
150 10015 2209531
1090 10015 2209619
1090 10015 2209620
7600 10015 2209770
7600 10015 2210464
150 10015 2210613
150 10015 2211328
150 10015 2212022
4201 10015 2212201
150 10015 2213295
150 10015 2214017
9676 10015 2217057
150 10015 2217198
1090 10015 2217375
3186 10015 2217683
150 10015 2217820
150 10015 2221258
1090 10015 2221352
150 10015 2222559
150 10015 2224045
1090 10015 2224898
150 10015 2225542
150 10015 2226794
1090 10015 2228794
1090 10015 2228795
4840 10015 2228840
150 10015 2231294
150 10015 2232067
1090 10015 2232380
150 10015 2232775
150 10015 2235066
1090 10015 2236084
150 10015 2236386
4500 10015 2236461
150 10015 2237303
150 10015 2237930
8268 10015 2239018
150 10015 2240193
150 10015 2240862
150 10015 2241732
150 10015 2242513
150 10015 2243548
1090 10015 2244363
150 10015 2245562
150 10015 2246255
150 10015 2247756
150 10015 2248375
150 10015 2249236
150 10015 2250064
150 10015 2251037
150 10015 2252019
150 10015 2252720
150 10015 2253447
1456 10015 2253604
150 10015 2254214
150 10015 2254996
1090 10015 2255486
150 10015 2255620
150 10015 2258242
150 10015 2258840
1456 10015 2260210
1090 10015 2262979
150 10015 2264237
150 10015 2264838
150 10015 2266241
150 10015 2267257
1456 10015 2267507
150 10015 2268442
150 10015 2269330
150 10015 2270234
7662 10015 2270510
150 10015 2270892
150 10015 2271491
150 10015 2272228
7662 10015 2274130
150 10015 2274617
150 10015 2275356
150 10015 2276842
1456 10015 2277316
1090 10015 2278571
150 10015 2278859
150 10015 2279856
426 10015 2280872
4349 10015 2281229
150 10015 2281354
150 10015 2282229
150 10015 2283020
150 10015 2284517
1090 10015 2286115
150 10015 2286512
150 10015 2287238
1090 10015 2287605
150 10015 2288237
7024 10015 2288813
150 10015 2289142
1090 10015 2289368
7024 10015 2289759
150 10015 2289816
150 10015 2291229
150 10015 2291898
150 10015 2292633
1090 10015 2294796
150 10015 2295647
150 10015 2297177
1090 10015 2297199
150 10015 2298029
150 10015 2298807
1090 10015 2298967
150 10015 2299641
150 10015 2300577
1090 10015 2301459
1090 10015 2301459
4201 10015 2301637
1090 10015 2302309
150 10015 2302410
3567 10015 2303604
150 10015 2303620
1090 10015 2304106
1090 10015 2304107
150 10015 2306750
150 10015 2307675
6796 10015 2309404
1090 10015 2309486
150 10015 2309610
150 10015 2310734
150 10015 2311350
150 10015 2313496
150 10015 2315031
150 10015 2316651
1090 10015 2317614
150 10015 2318656
150 10015 2320115
150 10015 2320712
7662 10015 2321202
150 10015 2321436
4500 10015 2321523
1090 10015 2321802
150 10015 2322152
150 10015 2323640
150 10015 2324333
150 10015 2325138
150 10015 2325921
150 10015 2326537
7662 10015 2326682
150 10015 2328453
7662 10015 2328888
1090 10015 2328972
150 10015 2329357
7662 10015 2329498
150 10015 2331235
1090 10015 2331390
150 10015 2331950
150 10015 2332548
150 10015 2334132
150 10015 2335631
1090 10015 2335880
150 10015 2336478
150 10015 2337447
150 10015 2339170
150 10015 2340635
1456 10015 2341070
150 10015 2341407
150 10015 2342034
1090 10015 2342168
150 10015 2342910
150 10015 2343632
150 10015 2344245
150 10015 2344943
1090 10015 2345500
150 10015 2345737
150 10015 2347059
150 10015 2347828
1456 10015 2348279
150 10015 2348446
150 10015 2350125
150 10015 2350855
150 10015 2351534
150 10015 2352429
150 10015 2353822
150 10015 2354895
150 10015 2355757
150 10015 2356655
1090 10015 2356871
150 10015 2357322
150 10015 2358633
150 10015 2359874
1456 10015 2360721
150 10015 2361217
150 10015 2362203
150 10015 2363528
150 10015 2365303
150 10015 2366007
1456 10015 2366467
150 10015 2366605
150 10015 2367755
150 10015 2368686
150 10015 2369291
150 10015 2370914
7024 10015 2371712
7024 10015 2372894
150 10015 2373028
1090 10015 2373386
150 10015 2373634
7024 10015 2374588
150 10015 2374641
150 10015 2376205
150 10015 2377115
150 10015 2378600
150 10015 2379345
150 10015 2380097
150 10015 2380935
4201 10015 2381908
150 10015 2382232
150 10015 2383935
795 10015 2384326
150 10015 2386063
9676 10015 2386432
150 10015 2386946
1090 10015 2388364
150 10015 2388806
9676 10015 2389088
3567 10015 2389460
9676 10015 2389939
150 10015 2390024
150 10015 2391022
150 10015 2392350
150 10015 2393170
150 10015 2394081
1090 10015 2395016
150 10015 2395060
4038 10015 2396885
150 10015 2397137
150 10015 2397757
150 10015 2398578
150 10015 2399486
150 10015 2400165
150 10015 2400762
1090 10015 2401014
150 10015 2401394
1090 10015 2402786
9676 10015 2402856
4500 10015 2403039
150 10015 2403048
6796 10015 2403935
150 10015 2405405
150 10015 2406824
1090 10015 2407873
150 10015 2408554
150 10015 2410058
150 10015 2410713
150 10015 2411537
150 10015 2412339
150 10015 2413034
150 10015 2414544
150 10015 2415210
150 10015 2416357
150 10015 2417618
150 10015 2418332
150 10015 2419061
150 10015 2419695
1090 10015 2420840
150 10015 2421062
150 10015 2422052
1090 10015 2422333
150 10015 2422897
150 10015 2424017
150 10015 2424822
150 10015 2425541
1456 10015 2425997
150 10015 2427010
150 10015 2427795
150 10015 2428394
150 10015 2429313
150 10015 2430079
150 10015 2431044
150 10015 2431701
1456 10015 2432084
150 10015 2432417
150 10015 2433430
150 10015 2437937
150 10015 2439014
150 10015 2440108
1456 10015 2443170
150 10015 2443717
150 10015 2444553
150 10015 2445506
9676 10015 2445925
150 10015 2446235
150 10015 2447420
150 10015 2448063
150 10015 2449719
150 10015 2450422
150 10015 2451622
150 10015 2454162
150 10015 2455049
150 10015 2455691
1090 10015 2456549
150 10015 2457426
1456 10015 2458449
1090 10015 2459530
150 10015 2461063
150 10015 2461939
150 10015 2462634
150 10015 2463789
150 10015 2464438
1090 10015 2465254
150 10015 2465712
150 10015 2467323
150 10015 2467955
150 10015 2468591
150 10015 2471249
150 10015 2471847
150 10015 2472736
150 10015 2473819
150 10015 2474448
150 10015 2475186
150 10015 2475792
3567 10015 2476299
150 10015 2476569
150 10015 2477430
4201 10015 2477567
1090 10015 2478762
150 10015 2479541
150 10015 2480621
150 10015 2481442
150 10015 2483084
150 10015 2483916
150 10015 2484571
1090 10015 2484742
150 10015 2486322
1090 10015 2486539
150 10015 2487157
1090 10015 2487745
150 10015 2487866
1090 10015 2489227
150 10015 2489362
150 10015 2490362
150 10015 2491164
150 10015 2491810
150 10015 2493761
150 10015 2494468
4500 10015 2495724
150 10015 2496028
1090 10015 2496435
150 10015 2497824
426 10015 2498288
150 10015 2498422
150 10015 2499063
150 10015 2500811
150 10015 2502270
150 10015 2502975
150 10015 2503775
1090 10015 2505142
150 10015 2506812
150 10015 2507724
150 10015 2508856
150 10015 2510442
150 10015 2511739
1090 10015 2512338
150 10015 2513457
150 10015 2514328
150 10015 2515224
150 10015 2516064
1456 10015 2516314
150 10015 2516662
150 10015 2517265
150 10015 2517909
150 10015 2518516
150 10015 2520608
150 10015 2522261
150 10015 2522955
1456 10015 2523052
1090 10015 2525288
150 10015 2525482
1090 10015 2526425
150 10015 2526742
150 10015 2527747
150 10015 2529623
150 10015 2530242
150 10015 2531864
150 10015 2532640
150 10015 2533324
4038 10015 2533424
1456 10015 2534331
150 10015 2534468
150 10015 2535902
1090 10015 2539330
150 10015 2539870
150 10015 2541126
150 10015 2542032
150 10015 2543529
1456 10015 2544275
1090 10015 2547135
150 10015 2547432
1090 10015 2547747
150 10015 2548529
1090 10015 2549537
150 10015 2549861
150 10015 2550606
150 10015 2552249
150 10015 2553154
7024 10015 2553547
1090 10015 2555242
150 10015 2555956
1644 10015 2556840
1090 10015 2558232
150 10015 2558444
150 10015 2559189
150 10015 2559788
1090 10015 2560662
4038 10015 2560853
150 10015 2562000
3567 10015 2564140
150 10015 2564858
4201 10015 2566639
150 10015 2566900
150 10015 2568214
1090 10015 2568505
150 10015 2569153
1090 10015 2569434
1090 10015 2569980
150 10015 2570378
150 10015 2571454
1090 10015 2571731
150 10015 2572063
1090 10015 2572360
1090 10015 2574143
150 10015 2574456
150 10015 2575533
150 10015 2576130
1090 10015 2576239
150 10015 2576760
1090 10015 2576857
1090 10015 2576858
1090 10015 2576860
1090 10015 2577757
5821 10015 2578093
1090 10015 2578347
150 10015 2579252
1090 10015 2579279
1090 10015 2579869
150 10015 2580018
5821 10015 2580060
150 10015 2580672
1090 10015 2580823
150 10015 2581303
4500 10015 2582028
1090 10015 2582227
150 10015 2582328
1090 10015 2582852
150 10015 2583062
150 10015 2584298
150 10015 2584914
150 10015 2586684
150 10015 2587643
150 10015 2588596
150 10015 2590165
1090 10015 2590340
1090 10015 2590952
150 10015 2590961
150 10015 2591869
150 10015 2594240
150 10015 2594847
1090 10015 2595133
150 10015 2596818
150 10015 2597715
150 10015 2598555
1090 10015 2599057
150 10015 2600231
150 10015 2600865
150 10015 2601616
150 10015 2602476
1456 10015 2602890
150 10015 2603080
1090 10015 2604160
150 10015 2604318
1090 10015 2604748
1090 10015 2604748
150 10015 2605039
1090 10015 2605644
150 10015 2607140
150 10015 2607916
150 10015 2608650
150 10015 2609361
150 10015 2611042
1456 10015 2611511
150 10015 2611762
150 10015 2612536
150 10015 2613135
150 10015 2615359
7024 10015 2616113
150 10015 2616161
150 10015 2616920
150 10015 2617542
150 10015 2618544
150 10015 2620062
1456 10015 2620637
150 10015 2620937
1090 10015 2624539
150 10015 2625127
1090 10015 2625131
1456 10015 2627443
7024 10015 2629152
150 10015 2629335
7024 10015 2630057
150 10015 2630127
150 10015 2631671
150 10015 2632325
150 10015 2632928
1090 10015 2634133
150 10015 2634938
150 10015 2636232
150 10015 2636967
7024 10015 2638248
150 10015 2638333
150 10015 2639260
150 10015 2640941
150 10015 2641878
150 10015 2642586
150 10015 2644832
150 10015 2645658
150 10015 2646679
150 10015 2647302
150 10015 2648206
1090 10015 2648294
150 10015 2648942
150 10015 2649774
9676 10015 2650126
1090 10015 2651359
150 10015 2653251
7283 10015 2654243
1090 10015 2654580
150 10015 2654687
150 10015 2655285
150 10015 2656807
150 10015 2657829
150 10015 2658434
150 10015 2659229
9676 10015 2660752
150 10015 2660848
1090 10015 2661746
150 10015 2662150
1090 10015 2662654
150 10015 2662951
1090 10015 2664147
1090 10015 2664148
150 10015 2664266
150 10015 2665377
150 10015 2666405
4500 10015 2667100
150 10015 2667256
1090 10015 2668363
150 10015 2668840
1090 10015 2669164
4038 10015 2669262
150 10015 2669814
1090 10015 2669979
150 10015 2670578
150 10015 2671307
1090 10015 2671533
150 10015 2673176
150 10015 2673997
150 10015 2674965
1090 10015 2676458
150 10015 2676621
150 10015 2677337
150 10015 2677947
