63 10039 309
63 10039 819
63 10039 1687
63 10039 2664
408 10039 3050
63 10039 3302
483 10206 3746
63 10039 3984
513 10065 4010
513 10065 5495
857 10303 7595
63 10039 13482
408 10039 18202
408 10039 18736
1801 10039 22647
1854 10065 23690
1914 10091 25079
1863 10065 27754
2724 10091 42648
2952 10373 46793
4278 10049 70188
408 10039 72468
408 10039 78280
857 10303 80168
1801 10039 86568
2724 10091 93736
857 10303 94261
408 10039 94619
408 10039 95365
2724 10091 102654
857 10303 106542
857 10303 136107
1801 10039 155071
513 10065 155931
1801 10039 165164
513 10065 165225
1801 10039 170411
4278 10049 171002
513 10065 184323
513 10065 184934
513 10065 185525
6857 10065 192672
2724 10091 209187
1801 10039 229086
513 10065 230664
2724 10091 230782
513 10065 232247
63 10039 236242
857 10303 240232
513 10065 247921
7474 10091 252686
7482 10049 253423
513 10065 253780
28 10303 259026
6745 10049 261992
513 10065 267415
513 10065 268393
2952 10373 305439
7482 10049 306952
2724 10091 307081
1801 10039 308021
7474 10091 311548
7474 10091 340168
870 10049 344655
870 10049 349258
1801 10039 350265
6745 10049 350554
4902 10049 351025
1914 10091 352702
7975 10049 356484
1946 10049 362354
857 10303 371393
2724 10091 384429
2952 10373 386325
2952 10373 387374
7482 10049 394645
7474 10091 404080
7482 10049 404394
7474 10091 404803
7474 10091 405337
1801 10039 406427
1801 10039 419985
5103 10065 422699
7474 10091 423128
63 10039 423183
63 10039 430955
1801 10039 430996
63 10039 434423
1801 10039 437493
7482 10049 445984
513 10065 446290
7474 10091 461176
2724 10091 462196
2724 10091 466967
2952 10373 470032
7474 10091 474442
8374 10049 485345
2724 10091 487054
1801 10039 487512
2724 10091 487839
513 10065 488431
7474 10091 489757
7474 10091 489950
7474 10091 489983
7474 10091 490081
7474 10091 490165
7474 10091 490227
7474 10091 490273
63 10039 501403
7474 10091 507401
7474 10091 507960
7474 10091 513955
4553 10049 514135
7474 10091 514307
7474 10091 514388
7975 10049 521189
4693 10049 526208
6582 10039 531343
1436 10049 540992
2952 10373 549566
2952 10373 550612
3066 10065 551463
857 10303 553753
7482 10049 566675
7482 10049 567394
7474 10091 573875
7474 10091 574016
2724 10091 575613
7474 10091 581246
7474 10091 581664
7474 10091 581675
7474 10091 595496
7474 10091 597483
63 10039 598278
63 10039 603283
63 10039 607995
63 10039 609217
1801 10039 609327
408 10039 610661
63 10039 610684
408 10039 610958
2724 10091 616761
2724 10091 641102
7482 10049 653509
63 10039 658487
63 10039 659180
7474 10091 666379
408 10039 667208
1801 10039 670864
63 10039 671254
7474 10091 674230
7474 10091 674319
7474 10091 674336
7474 10091 674354
1801 10039 677337
857 10303 679383
1801 10039 680905
408 10039 681860
63 10039 687381
857 10303 689779
857 10303 692494
857 10303 693523
408 10039 696963
1801 10039 698049
28 10049 712161
1436 10049 726770
2724 10091 729949
7384 10049 734943
7474 10091 746429
7474 10091 746451
7474 10091 746474
2724 10091 748320
2724 10091 748366
7482 10049 748399
7474 10091 748817
2724 10091 749900
513 10065 753421
8869 10049 757727
7474 10091 764350
7474 10091 768226
7474 10091 770119
8809 10065 770898
3320 10049 772342
7474 10091 772798
3320 10049 776200
1801 10039 783562
7482 10049 795318
1801 10039 796885
7474 10091 809472
7474 10091 818819
7474 10091 819503
7474 10091 819907
3320 10049 824228
2952 10373 825761
7482 10049 826872
6215 10049 828697
857 10303 829108
1801 10039 837071
1801 10039 837161
7474 10091 847824
7474 10091 849291
513 10065 850668
513 10065 851303
7474 10091 852460
7474 10091 858759
7474 10091 858783
7482 10049 862184
3320 10049 868970
513 10065 871511
2724 10091 872632
513 10065 875764
3149 10049 893107
7474 10091 899473
7474 10091 899625
7474 10091 899730
3320 10049 900957
2952 10373 902085
2724 10091 922444
2724 10091 924545
8869 10049 929998
513 10065 932147
7482 10049 936510
7474 10091 939825
7474 10091 939981
1636 10065 940317
7474 10091 943269
1636 10065 945495
1801 10039 948334
8951 10049 951042
1801 10039 967123
408 10039 968219
408 10039 968240
408 10039 968266
4954 10049 990798
2952 10373 997127
2952 10373 998029
7482 10049 999445
1801 10039 1007198
7474 10091 1008111
2724 10091 1009558
2724 10091 1009563
2724 10091 1010231
1801 10039 1022133
3058 10091 1026856
513 10065 1033206
7474 10091 1035751
7474 10091 1035829
7474 10091 1035941
7474 10091 1035972
7474 10091 1036090
7474 10091 1036131
7474 10091 1036757
1801 10039 1038529
8001 10049 1054771
2724 10091 1054789
8001 10049 1056803
2724 10091 1058880
2724 10091 1065729
2952 10373 1066315
2724 10091 1083603
2724 10091 1089707
7482 10049 1089883
7474 10091 1091851
7474 10091 1094177
7474 10091 1094350
7474 10091 1095154
3058 10091 1096967
408 10039 1104108
7474 10091 1109164
7474 10091 1110817
7474 10091 1110989
7474 10091 1111299
7474 10091 1111468
7474 10091 1111635
7474 10091 1119320
513 10065 1134812
2724 10091 1139038
2196 10049 1153093
7474 10091 1160998
7474 10091 1161205
7474 10091 1161624
7474 10091 1162224
2498 10049 1165737
2498 10049 1167791
7474 10091 1172193
7482 10049 1178973
2724 10091 1180603
7474 10091 1190823
7474 10091 1190862
7474 10091 1191060
9349 10049 1197155
63 10039 1199296
7474 10091 1200844
63 10039 1207786
63 10039 1208873
6582 10065 1215502
63 10039 1219252
408 10039 1219291
2724 10091 1241027
2724 10091 1245517
7482 10049 1275868
513 10065 1279815
513 10065 1280578
513 10065 1281228
513 10065 1281326
513 10065 1281626
63 10039 1282469
513 10065 1283357
63 10039 1286210
513 10065 1286628
513 10065 1287082
513 10065 1288044
513 10065 1288123
513 10065 1288658
513 10065 1289139
1801 10039 1292255
513 10065 1293009
7474 10091 1295443
513 10065 1302076
408 10039 1302445
513 10065 1304365
9349 10049 1311061
2724 10091 1311542
2724 10091 1315051
2724 10091 1318857
2952 10373 1345071
2952 10373 1345993
2724 10091 1346612
2724 10091 1347263
2724 10091 1354416
2724 10091 1355128
8809 10049 1356866
513 10065 1366018
513 10065 1368099
513 10065 1368193
513 10065 1368226
513 10065 1368395
513 10065 1368521
513 10065 1368900
513 10065 1369107
513 10065 1370525
1801 10039 1370631
513 10065 1372822
1801 10039 1378281
1801 10039 1398689
2724 10091 1402424
2724 10091 1423725
2952 10373 1425738
2952 10373 1427251
2724 10091 1442406
7482 10049 1442828
2724 10091 1447778
2724 10091 1448424
2498 10049 1454436
513 10065 1459233
513 10065 1460428
7482 10049 1463788
1801 10039 1473995
7474 10091 1511649
2952 10373 1511697
2952 10373 1512482
2724 10091 1526806
1801 10039 1538380
7474 10091 1548750
3320 10049 1554461
1801 10039 1556388
2724 10091 1561807
513 10065 1565005
7228 10049 1569409
9349 10049 1574815
2952 10373 1597944
2952 10373 1602237
1801 10039 1604668
3320 10049 1623227
1801 10039 1623910
7482 10049 1628381
6639 10049 1640841
513 10065 1642302
513 10065 1643666
513 10065 1648001
2724 10091 1655292
2724 10091 1667333
2498 10049 1678089
2952 10373 1684023
2952 10373 1685071
8990 10049 1699792
2724 10091 1701474
7474 10091 1702204
2724 10091 1703044
513 10065 1714235
513 10065 1719035
513 10065 1721378
3058 10091 1722871
513 10065 1734305
2952 10373 1776191
7482 10049 1779883
1801 10039 1781973
8809 10065 1783374
2724 10091 1785635
9349 10049 1796290
408 10039 1799883
1801 10039 1805674
513 10065 1812677
513 10065 1812764
513 10065 1812799
513 10065 1812900
2724 10091 1829139
2724 10091 1830793
1801 10039 1832602
408 10039 1832860
513 10065 1835408
2952 10373 1855529
2952 10373 1856468
2724 10091 1857876
2724 10091 1869251
9631 10049 1873833
1801 10039 1874995
408 10039 1877368
408 10039 1879865
7474 10091 1888437
408 10039 1889714
1801 10039 1890123
408 10039 1893685
408 10039 1893745
408 10039 1895657
408 10039 1898924
1801 10039 1901159
2724 10091 1901279
7482 10049 1912199
7482 10049 1914714
2724 10091 1935813
2952 10373 1949548
2655 10049 1953467
2724 10091 1957048
9060 10065 1965250
3066 10065 1977508
408 10039 1982170
7482 10049 2005959
2724 10091 2018084
9582 10065 2028727
7482 10049 2037529
2952 10373 2039653
2724 10091 2085608
2724 10091 2095508
2724 10091 2095560
4957 10065 2095866
2724 10091 2096032
2724 10091 2097906
9582 10065 2118513
3066 10065 2120638
7482 10049 2120888
7482 10049 2125414
2724 10091 2128215
3320 10049 2128737
7482 10049 2130013
513 10065 2140867
9582 10065 2141389
9631 10049 2162336
513 10065 2165821
513 10065 2175473
513 10065 2175616
2724 10091 2178850
180 10049 2189416
9582 10065 2194735
2952 10373 2203103
9582 10065 2205745
2724 10091 2218037
2724 10091 2218299
7482 10049 2219468
513 10065 2227017
151 10049 2229496
151 10049 2230131
2724 10091 2230382
151 10049 2234275
151 10049 2242276
7482 10049 2242689
513 10065 2248250
151 10049 2250984
513 10065 2254515
513 10065 2254590
2724 10091 2263933
2724 10091 2263936
2724 10091 2277160
159 10049 2314713
2724 10091 2314885
7474 10091 2322048
513 10065 2344520
7384 10049 2390285
9582 10065 2390468
7482 10049 2393034
9582 10065 2393062
2724 10091 2394308
513 10065 2402643
4278 10049 2406344
6582 10065 2442969
2724 10091 2452159
1898 10454 2452271
2724 10091 2455034
2724 10091 2455034
3066 10065 2464429
2952 10373 2465762
2724 10091 2466979
2952 10373 2467353
2724 10091 2474690
408 10039 2483951
408 10039 2484451
513 10065 2484942
408 10039 2486381
63 10039 2491192
8957 10049 2494732
408 10039 2499344
408 10039 2499547
408 10039 2501047
408 10039 2502631
9213 10049 2543499
2952 10373 2548062
9582 10065 2575700
9582 10065 2578037
9582 10065 2578082
513 10065 2582528
7482 10049 2586320
1801 10039 2606228
1947 10065 2624907
63 10039 2626980
7482 10049 2639454
2952 10373 2640494
