149 10086 820
224 10086 1416
249 10086 1583
315 10086 2148
177 10162 2601
365 10086 2647
503 10086 3917
641 10086 5135
837 10086 7340
851 10086 7465
1048 10086 10092
1054 10086 10184
1070 10086 10459
1088 10086 10690
1222 10086 12618
1501 10086 16818
1501 10086 16855
1524 10086 17136
1578 10086 18267
1616 10086 18926
1668 10086 20121
2000 10086 26986
2153 10086 30121
2505 10086 37658
2578 10086 39568
2676 10086 41579
2692 10086 41950
2830 10086 44801
2895 10086 45842
2951 10086 46776
2975 10086 47151
2978 10086 47168
365 10086 47818
641 10086 51069
3214 10086 51082
503 10086 52400
1054 10086 53677
3440 10086 54994
1222 10086 60808
3878 10086 62350
1668 10086 63350
3973 10086 64094
4060 10086 65728
4072 10086 66045
4174 10086 67980
224 10086 68648
4232 10086 69199
2000 10086 70437
4302 10086 70721
4325 10086 71220
1088 10086 72026
149 10086 73623
241 10583 74316
1616 10086 75497
4519 10086 75999
4524 10086 76047
4540 10086 76498
4541 10086 76521
4547 10086 76739
4578 10086 77817
837 10086 79381
4646 10086 80161
851 10086 80186
4048 10404 80325
2975 10086 80880
4666 10086 80883
2951 10086 81631
4737 10086 83410
4775 10086 84732
2692 10086 85319
249 10086 85322
2676 10086 85884
2830 10086 88070
1524 10086 88536
241 10583 89194
4953 10086 90888
365 10086 91144
5044 10086 94837
2153 10086 95456
1054 10086 96982
3440 10086 98278
315 10086 99362
2505 10086 99467
1501 10086 101017
1048 10086 104647
2895 10086 104929
1578 10086 105403
224 10086 112113
4547 10086 120202
2951 10086 122458
503 10086 122581
2000 10086 123211
641 10086 126375
2578 10086 126768
2692 10086 128938
365 10086 129402
1070 10086 130884
2978 10086 131363
365 10086 132684
2830 10086 132773
1222 10086 135298
2975 10086 135386
4541 10086 135771
4540 10086 137131
3214 10086 137452
3878 10086 138062
5044 10086 138682
5900 10086 139400
1668 10086 140118
3973 10086 141211
5900 10086 141611
2505 10086 142953
4302 10086 144727
3440 10086 145430
149 10086 146242
2153 10086 148200
4775 10086 150485
4232 10086 151342
1578 10086 153467
4048 10404 153790
4524 10086 158945
4578 10086 162194
224 10086 164524
4547 10086 166290
503 10086 166326
4060 10086 167791
1048 10086 167839
2975 10086 168267
2951 10086 168931
1616 10086 169964
641 10086 170067
1054 10086 170117
4072 10086 171448
4737 10086 171843
4174 10086 174914
2676 10086 176436
2676 10086 176567
2978 10086 177195
365 10086 177266
837 10086 178765
851 10086 179433
1524 10086 182156
5044 10086 182164
4519 10086 182972
1222 10086 183635
4646 10086 185891
4666 10086 186506
4325 10086 186739
4541 10086 187217
315 10086 187403
4302 10086 189007
3440 10086 190039
149 10086 193168
2505 10086 196337
2692 10086 208571
224 10086 208747
2951 10086 208915
503 10086 209869
249 10086 210203
4547 10086 210729
2578 10086 212231
2000 10086 213228
3878 10086 214491
365 10086 217701
2830 10086 217788
2975 10086 218099
1054 10086 218134
1070 10086 218743
3973 10086 219787
641 10086 220293
1668 10086 222197
4775 10086 224730
5044 10086 225607
2978 10086 226845
3214 10086 227239
4232 10086 228938
4048 10404 237894
241 10248 238756
4524 10086 241632
4072 10086 243073
4541 10086 243182
4519 10086 244098
4578 10086 248912
4666 10086 252203
2951 10086 252892
224 10086 253043
249 10086 253531
4646 10086 253684
4540 10086 254007
4547 10086 254301
503 10086 254375
2505 10086 254736
1048 10086 254916
2692 10086 255160
7356 10086 255295
2153 10086 255851
4737 10086 256545
1088 10086 257728
1524 10086 260710
2676 10086 261218
2000 10086 261526
3440 10086 263387
1222 10086 264882
365 10086 267273
3973 10086 268669
5044 10086 269039
837 10086 269055
1054 10086 269178
851 10086 269247
2895 10086 276608
1616 10086 276764
149 10086 277385
1578 10086 279186
315 10086 280067
4325 10086 280085
1501 10086 281463
2951 10086 295433
503 10086 297604
249 10086 297786
2505 10086 298072
2692 10086 298534
4547 10086 298613
2975 10086 301484
1070 10086 303341
2830 10086 304256
241 10583 304581
2978 10086 306662
241 10162 306824
2676 10086 307357
1222 10086 309219
5900 10086 309643
4646 10086 310108
641 10086 310227
4540 10086 310544
5900 10086 310613
3214 10086 311293
5044 10086 312295
3973 10086 312618
1054 10086 313924
4524 10086 314161
4072 10086 314853
1668 10086 316614
4232 10086 317497
3878 10086 320835
4048 10404 321176
3440 10086 323794
2000 10086 323936
4541 10086 334127
4578 10086 335190
4775 10086 335233
1088 10086 335318
4325 10086 338258
2951 10086 338794
1616 10086 340339
249 10086 341044
4547 10086 342390
4737 10086 342404
1578 10086 344805
365 10086 344946
4519 10086 345677
503 10086 345743
2830 10086 347763
2153 10086 347904
4174 10086 348094
2676 10086 350744
837 10086 351083
4060 10086 351388
851 10086 352351
837 10086 354192
1222 10086 354633
5044 10086 355507
4666 10086 356060
4540 10086 356552
1054 10086 357323
1524 10086 357688
2505 10086 357790
4953 10086 359012
2895 10086 361172
149 10086 361679
315 10086 362028
1501 10086 363128
1668 10086 367554
224 10086 372399
2692 10086 379562
2951 10086 381534
1048 10086 383904
2975 10086 385598
249 10086 386743
5900 10086 387313
365 10086 387568
4547 10086 388095
503 10086 389042
2000 10086 390091
2830 10086 391042
641 10086 391682
3878 10086 391770
2578 10086 392873
3973 10086 393427
1222 10086 395642
3214 10086 397401
3440 10086 398659
5044 10086 398827
4646 10086 399592
2153 10086 401881
1054 10086 402265
4060 10086 402922
1070 10086 403756
4048 10404 406147
149 10086 407941
4072 10086 409655
4232 10086 410546
1668 10086 410984
1578 10086 411337
4541 10086 413261
4524 10086 414261
4578 10086 418405
2578 10086 419644
2692 10086 423065
2676 10086 423965
2676 10086 424086
2951 10086 427293
4519 10086 427657
365 10086 432991
4666 10086 433432
4174 10086 433713
4737 10086 433802
2830 10086 434284
4302 10086 435404
2978 10086 436193
851 10086 436350
837 10086 436557
1524 10086 439487
4775 10086 440659
3878 10086 440990
1222 10086 440991
3440 10086 442025
315 10086 443000
4646 10086 443328
3973 10086 443758
2505 10086 444380
1088 10086 445317
4540 10086 445418
1501 10086 445621
2153 10086 448956
2895 10086 449635
1616 10086 449894
224 10086 450528
4325 10086 452020
1048 10086 459722
2578 10086 462899
4547 10086 465039
2951 10086 468057
2676 10086 471122
241 10162 474637
365 10086 476165
5044 10086 476577
2975 10086 476989
2692 10086 478267
2830 10086 479510
1070 10086 481200
1668 10086 482355
1222 10086 484508
3440 10086 485453
3973 10086 487955
3214 10086 489108
4540 10086 489364
4060 10086 489459
4232 10086 491100
641 10086 493324
4519 10086 494719
149 10086 495217
1578 10086 501621
4541 10086 502009
5900 10086 506363
837 10086 509788
851 10086 510769
2951 10086 512559
1501 10086 513379
315 10086 513407
503 10086 514537
4524 10086 514988
4775 10086 515148
2676 10086 515256
4072 10086 515450
4578 10086 516593
4737 10086 516830
365 10086 518761
2505 10086 519318
5044 10086 521215
1616 10086 521307
224 10086 521838
1524 10086 525159
3878 10086 527613
241 10583 528162
1048 10086 530812
4646 10086 533756
4325 10086 534513
3440 10086 535023
2895 10086 536178
2153 10086 537466
149 10086 539167
2000 10086 544647
1578 10086 545210
4060 10086 548908
2692 10086 551991
4232 10086 555204
2951 10086 561937
4541 10086 562920
2505 10086 562980
2975 10086 563535
2676 10086 564168
2978 10086 565501
224 10086 565680
2830 10086 565931
4302 10086 567890
641 10086 569407
1668 10086 571193
4540 10086 571983
365 10086 572826
3214 10086 572834
3973 10086 573766
1048 10086 574581
4519 10086 580285
4524 10086 581902
1222 10086 583302
4666 10086 585683
2000 10086 592269
2692 10086 595971
2951 10086 601063
4737 10086 601997
4072 10086 602317
249 10086 605126
1616 10086 605159
2505 10086 606501
4578 10086 606754
4775 10086 607181
4174 10086 607304
1088 10086 608655
2978 10086 608772
4060 10086 608869
2830 10086 609367
224 10086 609810
4646 10086 609923
837 10086 611512
851 10086 611562
4541 10086 613640
365 10086 613996
1048 10086 618112
4540 10086 619503
4325 10086 622296
315 10086 622301
1501 10086 623242
2895 10086 623697
4519 10086 623764
3878 10086 630526
2000 10086 636262
4547 10086 638840
2692 10086 639234
2676 10086 642603
2951 10086 648131
1616 10086 648980
2975 10086 650604
503 10086 650782
249 10086 650853
2830 10086 652877
1222 10086 655176
8792 10086 655234
4060 10086 655370
4302 10086 655898
1668 10086 656169
1088 10086 657669
3214 10086 659556
365 10086 659738
2978 10086 659994
3973 10086 660520
3440 10086 663267
4540 10086 663462
4174 10086 665975
4232 10086 666446
4519 10086 667685
641 10086 668054
1054 10086 671911
4666 10086 672645
4541 10086 673163
4325 10086 676312
241 10583 678925
241 10404 679411
4775 10086 679470
2000 10086 679697
3878 10086 680629
4072 10086 681322
4578 10086 681361
4547 10086 682591
2951 10086 684041
2692 10086 684481
2578 10086 684831
241 10162 690844
4524 10086 691399
241 10162 691510
837 10086 692543
851 10086 693105
2676 10086 694232
4646 10086 695297
249 10086 695599
2830 10086 697358
241 10583 697956
2975 10086 698052
365 10086 699303
1524 10086 701307
2153 10086 702163
5044 10086 702234
2895 10086 702939
2505 10086 703553
224 10086 704543
149 10086 705836
4302 10086 707013
1048 10086 709998
1578 10086 712324
315 10086 714900
1501 10086 715566
1616 10086 715851
1668 10086 722358
4547 10086 725817
2692 10086 727783
2578 10086 728134
5900 10086 735091
4541 10086 735301
503 10086 736323
2687 10583 736684
2676 10086 737888
4524 10086 738587
249 10086 739196
365 10086 739472
8939 10086 740308
2830 10086 740697
8939 10086 740981
1222 10086 741405
2975 10086 741884
4775 10086 742255
3214 10086 743599
1054 10086 744596
5044 10086 745473
241 10583 745834
3973 10086 747093
3440 10086 747762
149 10086 752903
241 10162 753067
241 10162 753454
3878 10086 754735
4519 10086 754990
4232 10086 755319
4646 10086 755688
1578 10086 756379
4540 10086 756612
315 10086 756962
241 10162 757343
1501 10086 757511
4174 10086 760434
4060 10086 760615
4666 10086 761465
241 10583 764350
4578 10086 766687
4302 10086 768244
4547 10086 769270
2000 10086 769309
2153 10086 769454
641 10086 770655
2951 10086 770669
2692 10086 771198
4325 10086 774040
4072 10086 774612
241 10583 774818
1616 10086 779334
365 10086 779384
241 10583 780485
4524 10086 782031
837 10086 782471
851 10086 782535
1524 10086 785066
1222 10086 785162
241 10583 785520
8939 10086 786304
1088 10086 787927
1054 10086 787966
2505 10086 788249
1048 10086 788822
4541 10086 789704
224 10086 791915
2895 10086 794401
149 10086 796456
1578 10086 801098
2578 10086 806920
1668 10086 811206
5900 10086 816829
2676 10086 817781
1070 10086 821434
5044 10086 821697
2830 10086 822014
2975 10086 822044
4540 10086 823533
503 10086 823643
3973 10086 824524
641 10086 824934
8939 10086 826025
241 10583 827020
5900 10086 828211
5900 10086 828813
1222 10086 829285
3214 10086 830365
4302 10086 831271
2000 10086 832767
1054 10086 832855
3440 10086 834716
4519 10086 836630
4232 10086 836856
4775 10086 840282
3878 10086 842725
4666 10086 845257
4524 10086 847168
1048 10086 847541
4060 10086 849519
224 10086 850420
4541 10086 850797
2978 10086 851504
4578 10086 854305
8792 10086 855867
315 10086 856843
2951 10086 856911
1501 10086 857247
2692 10086 858487
4547 10086 858613
2676 10086 858940
4646 10086 860468
837 10086 862288
2153 10086 862594
4737 10086 864447
2830 10086 865343
1088 10086 865656
851 10086 866153
4072 10086 866275
4174 10086 868374
241 10583 869934
641 10086 870193
5044 10086 870714
3973 10086 871011
2505 10086 872225
1054 10086 877830
4302 10086 878114
365 10086 878307
8939 10086 878696
1616 10086 879615
2895 10086 880081
4519 10086 880667
149 10086 881370
4953 10086 883223
1578 10086 886105
4325 10086 889386
224 10086 897902
5900 10086 900651
2676 10086 903784
1048 10086 904789
2578 10086 905350
503 10086 906168
1070 10086 908586
2830 10086 909108
2975 10086 909370
2692 10086 909801
5044 10086 913963
1222 10086 914412
3214 10086 914588
8792 10086 914933
4232 10086 917133
365 10086 918724
3440 10086 918807
4072 10086 919204
3973 10086 919406
641 10086 919848
315 10086 920610
1501 10086 922545
1054 10086 922877
5900 10086 923605
4775 10086 924455
4646 10086 924650
241 10162 925420
249 10086 926365
8939 10086 928991
4519 10086 931134
9207 10086 931253
4666 10086 933528
4541 10086 933639
9207 10086 933855
241 10248 937105
241 10248 937790
2000 10086 938980
3878 10086 939159
4578 10086 940547
4524 10086 942186
4547 10086 943029
2951 10086 943313
1237 10162 946005
1616 10086 946841
4953 10086 948098
2676 10086 949413
4540 10086 950155
8792 10086 952602
2830 10086 953460
4174 10086 953766
2975 10086 953802
5900 10086 955770
2153 10086 957279
5044 10086 957285
1524 10086 957320
1222 10086 957776
837 10086 958885
851 10086 962529
224 10086 962634
4072 10086 963512
3440 10086 963947
2505 10086 965124
4325 10086 965446
1048 10086 966189
315 10086 966910
3973 10086 967137
8939 10086 968372
2895 10086 968489
1501 10086 969330
641 10086 969589
4737 10086 969672
9234 10404 974237
2578 10086 979411
2692 10086 982750
1668 10086 983414
2000 10086 984678
503 10086 989243
8792 10086 991299
249 10086 991652
1054 10086 994554
1070 10086 994611
4646 10086 996626
2975 10086 997946
2830 10086 998068
4060 10086 998214
2978 10086 998645
365 10086 998713
2676 10086 1000086
5044 10086 1001061
241 10162 1003877
3214 10086 1004706
2153 10086 1006268
4072 10086 1007018
1088 10086 1007516
5900 10086 1008106
3440 10086 1009079
149 10086 1011482
4232 10086 1014276
4325 10086 1014486
8939 10086 1014563
1578 10086 1016037
5900 10086 1016405
4302 10086 1017141
3973 10086 1017995
9207 10086 1018122
315 10086 1018180
1501 10086 1021267
4541 10086 1022178
4524 10086 1022436
8792 10086 1024720
2692 10086 1026358
3878 10086 1026447
4547 10086 1026823
641 10086 1026871
1616 10086 1026949
4578 10086 1027112
4666 10086 1027700
2000 10086 1028747
641 10086 1029066
2951 10086 1030960
4519 10086 1031488
241 10583 1032229
4737 10086 1035549
241 10404 1035587
241 10162 1036058
503 10086 1036551
4775 10086 1036846
4174 10086 1037648
8792 10086 1038708
241 10583 1039858
365 10086 1040207
4646 10086 1040635
1070 10086 1041506
2830 10086 1042466
1524 10086 1042642
2975 10086 1042981
4060 10086 1042985
837 10086 1042993
241 10404 1046234
241 10583 1047719
851 10086 1048222
1054 10086 1049358
2153 10086 1050971
2505 10086 1051081
1048 10086 1051136
4953 10086 1051829
2895 10086 1053465
2578 10086 1057711
3440 10086 1057981
4325 10086 1059462
224 10086 1059864
2692 10086 1069813
4547 10086 1071213
641 10086 1073802
503 10086 1080072
4541 10086 1081226
365 10086 1081547
1070 10086 1084328
149 10086 1084335
4524 10086 1084862
5900 10086 1086600
5044 10086 1087109
4060 10086 1087308
3214 10086 1087783
3973 10086 1088451
241 10583 1088524
2975 10086 1089382
1222 10086 1089625
241 10162 1090024
1578 10086 1090522
2951 10086 1091610
1088 10086 1092987
1668 10086 1094348
2830 10086 1095155
315 10086 1095926
9207 10086 1100159
2000 10086 1101431
8939 10086 1102712
837 10086 1103573
2978 10086 1103651
5900 10086 1105429
241 10583 1106762
851 10086 1106918
2153 10086 1111120
4666 10086 1113065
3878 10086 1114470
4540 10086 1115178
4547 10086 1116991
4072 10086 1117839
2676 10086 1117926
4578 10086 1118008
9387 10583 1118508
249 10086 1118584
4519 10086 1121067
241 10404 1122818
241 10583 1122871
4302 10086 1123126
2951 10086 1123229
4737 10086 1124160
1054 10086 1126993
4775 10086 1127494
4524 10086 1128457
365 10086 1128819
4174 10086 1129007
1524 10086 1131004
4060 10086 1131411
5900 10086 1132726
3973 10086 1134181
4953 10086 1136752
1088 10086 1136783
9207 10086 1138426
149 10086 1141769
2895 10086 1142905
1578 10086 1143831
315 10086 1143877
2505 10086 1144919
224 10086 1146399
1048 10086 1147448
2578 10086 1150252
2692 10086 1153216
4646 10086 1157366
2951 10086 1163398
2676 10086 1164387
249 10086 1164804
2975 10086 1169765
4541 10086 1169984
2830 10086 1170444
5900 10086 1170545
3878 10086 1171404
4524 10086 1171876
4302 10086 1172010
1668 10086 1173376
241 10162 1173449
4547 10086 1173601
241 10162 1174560
4060 10086 1176985
1524 10086 1177262
3440 10086 1177285
8939 10086 1177382
503 10086 1177979
241 10404 1178203
3214 10086 1178316
365 10086 1178415
3973 10086 1179035
4174 10086 1180984
9207 10086 1184200
4232 10086 1184214
4048 10404 1186952
4666 10086 1189866
9361 10086 1190601
224 10086 1190875
4072 10086 1191373
241 10162 1194348
5900 10086 1194861
4519 10086 1196037
4775 10086 1196602
1054 10086 1197369
5900 10086 1198882
241 10162 1199544
1616 10086 1199738
4540 10086 1202944
641 10086 1205139
5900 10086 1205316
241 10110 1205547
2951 10086 1206966
4325 10086 1207255
2676 10086 1207839
4737 10086 1207959
2505 10086 1208220
2692 10086 1210519
1088 10086 1210612
241 10162 1211657
5900 10086 1211964
1048 10086 1212257
315 10086 1213047
4578 10086 1213337
1501 10086 1214541
4524 10086 1215148
2895 10086 1216393
5900 10086 1216619
837 10086 1217614
4541 10086 1218124
1070 10086 1218829
851 10086 1220314
241 10404 1221237
5044 10086 1221768
365 10086 1223871
1524 10086 1224652
7356 10086 1224752
4060 10086 1225205
4302 10086 1226905
3878 10086 1230284
8939 10086 1233772
149 10086 1234549
224 10086 1235157
2000 10086 1237775
249 10086 1251512
2676 10086 1252025
241 10583 1252429
2692 10086 1253976
2975 10086 1254056
2951 10086 1254281
4737 10086 1254684
2830 10086 1255238
241 10404 1255939
4547 10086 1257605
1054 10086 1259106
503 10086 1259847
365 10086 1260637
2895 10086 1263094
365 10086 1264080
3973 10086 1264177
3214 10086 1264329
9207 10086 1264845
4540 10086 1266428
837 10086 1267824
4232 10086 1267838
4060 10086 1269137
1088 10086 1269270
4666 10086 1269495
1668 10086 1269919
2978 10086 1270210
315 10086 1270710
4519 10086 1272655
4174 10086 1273644
641 10086 1275772
4775 10086 1279662
9207 10086 1280108
8939 10086 1280529
851 10086 1281865
4524 10086 1283355
3878 10086 1284469
4302 10086 1284716
9361 10086 1288895
4578 10086 1289361
3440 10086 1291017
241 10404 1292306
241 10404 1293028
149 10086 1293717
249 10086 1295020
2676 10086 1295992
8792 10086 1297183
7356 10086 1297585
4737 10086 1298419
2830 10086 1298682
4646 10086 1299624
4953 10086 1299677
241 10583 1302508
1070 10086 1303211
2000 10086 1303705
1524 10086 1305511
1054 10086 1305955
365 10086 1306557
4541 10086 1307469
2153 10086 1310013
1501 10086 1311535
2505 10086 1311548
4666 10086 1312746
224 10086 1312832
2895 10086 1313031
1578 10086 1313266
4072 10086 1313846
315 10086 1314029
1616 10086 1314452
1048 10086 1314732
4953 10086 1315939
2578 10086 1325280
9207 10086 1334426
2692 10086 1335970
2975 10086 1336620
503 10086 1338371
8792 10086 1338423
8939 10086 1338758
249 10086 1339793
5044 10086 1340611
2978 10086 1341799
8792 10086 1341800
4737 10086 1341909
2830 10086 1343318
4775 10086 1343382
1668 10086 1343908
1070 10086 1345191
365 10086 1346795
3440 10086 1347352
4302 10086 1348416
3214 10086 1350547
3973 10086 1352998
641 10086 1355161
149 10086 1355474
2153 10086 1356520
4232 10086 1356584
315 10086 1357328
1578 10086 1358701
9207 10086 1359303
4048 10404 1362491
4524 10086 1365364
4541 10086 1365490
2000 10086 1366059
241 10404 1366404
241 10583 1367338
4666 10086 1369613
4578 10086 1371498
2578 10086 1372099
4519 10086 1372790
1088 10086 1374124
4060 10086 1374190
8792 10086 1375232
9361 10086 1376911
1616 10086 1378177
4072 10086 1379203
4540 10086 1379546
4547 10086 1380033
2692 10086 1381207
2676 10086 1383650
503 10086 1383820
2978 10086 1385678
837 10086 1386130
2830 10086 1386686
851 10086 1386935
4737 10086 1387130
365 10086 1389164
1524 10086 1389874
4302 10086 1392184
1054 10086 1393288
4775 10086 1393955
2505 10086 1394250
3440 10086 1394555
224 10086 1395018
4174 10086 1395406
2895 10086 1396349
1048 10086 1397192
8939 10086 1399771
149 10086 1400629
315 10086 1404573
4646 10086 1405021
1578 10086 1406014
2578 10086 1415434
9361 10086 1419963
1668 10086 1422300
8792 10086 1422695
249 10086 1422986
1616 10086 1423388
2975 10086 1424672
1070 10086 1426632
9207 10086 1427600
4737 10086 1427945
503 10086 1428441
4547 10086 1428815
5044 10086 1429013
2978 10086 1429440
8199 10086 1429644
3973 10086 1429660
2830 10086 1430838
1088 10086 1432617
365 10086 1436190
4302 10086 1436966
3214 10086 1437073
3440 10086 1437177
4775 10086 1437311
241 10583 1438513
641 10086 1439223
2000 10086 1439560
4174 10086 1439840
2505 10086 1440506
2153 10086 1441153
4666 10086 1443161
224 10086 1443647
4060 10086 1444751
4232 10086 1445968
4519 10086 1446414
2578 10086 1448259
4540 10086 1449627
241 10404 1454804
2692 10086 1456449
8939 10086 1456756
4541 10086 1456980
241 10583 1458284
4578 10086 1459287
4072 10086 1459444
4646 10086 1460515
2951 10086 1461715
9361 10086 1463289
1054 10086 1463345
249 10086 1466288
1616 10086 1467961
315 10086 1468350
4737 10086 1471273
241 10404 1472359
2975 10086 1472990
2830 10086 1474099
3973 10086 1475477
1048 10086 1476696
4953 10086 1477624
365 10086 1478716
1524 10086 1480113
1088 10086 1480141
4302 10086 1481217
851 10086 1481610
837 10086 1482345
3440 10086 1482839
4775 10086 1482918
2978 10086 1483940
1501 10086 1484684
2153 10086 1485229
149 10086 1485457
2895 10086 1485855
4953 10086 1487393
1578 10086 1489799
2505 10086 1490765
224 10086 1490857
2692 10086 1500570
4547 10086 1500913
4953 10086 1501135
2578 10086 1502493
9361 10086 1506825
503 10086 1507672
249 10086 1509658
1616 10086 1511414
8792 10086 1512522
1070 10086 1512634
9207 10086 1513871
5044 10086 1514281
2830 10086 1517549
4325 10086 1518365
8792 10086 1519770
3214 10086 1520143
365 10086 1521463
4540 10086 1522488
3973 10086 1523992
1088 10086 1524735
2975 10086 1524930
4174 10086 1525964
4775 10086 1527195
315 10086 1528576
2153 10086 1528859
4302 10086 1531631
8939 10086 1533411
5900 10086 1533685
2000 10086 1534001
4048 10404 1534102
2978 10086 1534556
241 10583 1535186
241 10404 1536036
4072 10086 1536976
3878 10086 1538239
4232 10086 1538712
5900 10086 1538990
241 10583 1539961
4524 10086 1540584
4541 10086 1541476
241 10248 1542073
4060 10086 1543556
4646 10086 1545042
4578 10086 1546050
2692 10086 1546297
3440 10086 1547826
1668 10086 1548297
9361 10086 1548972
1054 10086 1549394
2951 10086 1549474
4519 10086 1549630
2676 10086 1550590
4737 10086 1551204
641 10086 1551619
503 10086 1552198
1616 10086 1555005
241 10404 1558188
1524 10086 1559384
837 10086 1560119
851 10086 1560641
9207 10086 1560840
365 10086 1561893
4666 10086 1561983
2975 10086 1563008
4540 10086 1568315
4953 10086 1569199
4174 10086 1569225
1501 10086 1569837
2895 10086 1569862
224 10086 1570403
2505 10086 1571458
1048 10086 1571574
2505 10086 1571950
2153 10086 1572307
149 10086 1575646
1088 10086 1575874
2000 10086 1580307
4325 10086 1583885
2578 10086 1586053
2692 10086 1590669
9361 10086 1591837
8792 10086 1595795
8792 10086 1595978
3878 10086 1598154
1070 10086 1599468
2830 10086 1600570
5044 10086 1600999
3973 10086 1602374
4646 10086 1602430
641 10086 1603137
503 10086 1603278
4547 10086 1604338
9207 10086 1604370
365 10086 1606296
3214 10086 1607536
4541 10086 1608046
241 10404 1608784
4302 10086 1610241
1578 10086 1611330
4540 10086 1613337
4174 10086 1616971
4232 10086 1617173
2975 10086 1617644
6548 10110 1617824
6548 10110 1618074
8939 10086 1620346
241 10162 1620686
4060 10086 1621250
2000 10086 1623887
4524 10086 1624465
4519 10086 1624715
1501 10086 1625232
4666 10086 1628319
4072 10086 1631877
1088 10086 1631896
1054 10086 1631953
4578 10086 1632146
315 10086 1633200
9361 10086 1634796
4775 10086 1635786
1668 10086 1635820
641 10086 1636568
2692 10086 1638356
249 10086 1639804
2676 10086 1641416
3440 10086 1641428
1524 10086 1641588
837 10086 1646122
2978 10086 1646153
851 10086 1646592
4646 10086 1647814
1222 10086 1648231
241 10404 1648329
241 10583 1648672
365 10086 1648845
2153 10086 1650683
5044 10086 1651307
4953 10086 1651735
4541 10086 1651954
4325 10086 1654442
2578 10086 1655822
2895 10086 1657367
2505 10086 1657389
149 10086 1657580
224 10086 1659228
1578 10086 1661229
9234 10086 1663391
9234 10086 1664964
9234 10086 1665565
1616 10086 1670717
3878 10086 1678263
4547 10086 1678414
9361 10086 1678427
1048 10086 1681449
249 10086 1683342
503 10086 1683830
9207 10086 1683979
2975 10086 1684986
8792 10086 1686204
2830 10086 1686414
2692 10086 1687738
2978 10086 1689484
4524 10086 1691114
1222 10086 1691388
241 10162 1691961
1668 10086 1693175
1070 10086 1693389
1054 10086 1693535
3214 10086 1694830
4174 10086 1695248
5044 10086 1696154
3973 10086 1696156
365 10086 1697360
4060 10086 1700439
1088 10086 1702296
2000 10086 1706673
8939 10086 1706715
241 10583 1709219
4302 10086 1710494
4541 10086 1712784
224 10086 1713098
4048 10404 1713501
4519 10086 1715409
4072 10086 1715663
315 10086 1716332
4666 10086 1717465
4232 10086 1718289
4325 10086 1719576
2505 10086 1720808
641 10086 1723992
4775 10086 1724729
4578 10086 1725489
4737 10086 1726647
503 10086 1727140
4646 10086 1727175
1048 10086 1729010
2830 10086 1731395
1524 10086 1734528
2978 10086 1734636
4524 10086 1734732
9207 10086 1735888
837 10086 1736587
4540 10086 1736841
851 10086 1737113
5044 10086 1737479
1222 10086 1738117
2895 10086 1738543
4174 10086 1738610
1616 10086 1739153
1070 10086 1739513
2153 10086 1740690
1054 10086 1741283
1501 10086 1742737
149 10086 1742987
365 10086 1743468
4953 10086 1748225
7356 10086 1749121
4953 10086 1750080
2692 10086 1757059
4547 10086 1762274
9361 10086 1764286
8792 10086 1768410
249 10086 1769063
3878 10086 1769387
8792 10086 1769758
503 10086 1770498
241 10162 1771936
241 10162 1772044
1048 10086 1772551
2000 10086 1772703
1088 10086 1773733
2975 10086 1773798
241 10404 1776146
4302 10086 1776973
8939 10086 1778095
4541 10086 1778214
1524 10086 1781436
3973 10086 1781670
2895 10086 1782371
241 10583 1782576
9207 10086 1783084
1054 10086 1785200
4232 10086 1785208
2153 10086 1785832
3214 10086 1786107
8792 10086 1792319
4325 10086 1793374
4519 10086 1795367
4060 10086 1795396
4666 10086 1798241
3440 10086 1802300
2692 10086 1805550
4524 10086 1805910
2951 10086 1806038
4048 10404 1806432
1668 10086 1807096
9361 10086 1807426
2830 10086 1808466
4737 10086 1810317
1237 10162 1810674
641 10086 1810910
4646 10086 1811201
2978 10086 1811616
4547 10086 1811984
1616 10086 1813132
4578 10086 1814128
149 10086 1815956
2975 10086 1815999
1088 10086 1817805
315 10086 1818109
4072 10086 1818183
1501 10086 1820124
3878 10086 1820234
503 10086 1820382
4174 10086 1820676
1578 10086 1821424
8939 10086 1823804
1222 10086 1825314
241 10404 1826111
837 10086 1826445
851 10086 1827180
2895 10086 1827529
1524 10086 1828160
365 10086 1829116
1070 10086 1830520
9207 10086 1830716
224 10086 1838064
2000 10086 1838377
2505 10086 1839123
1048 10086 1845585
4232 10086 1848827
9361 10086 1851524
2692 10086 1851640
2676 10086 1853587
2951 10086 1855572
4541 10086 1857050
2978 10086 1858515
2975 10086 1862504
4060 10086 1863894
503 10086 1864845
4540 10086 1865471
1088 10086 1865666
1668 10086 1868505
3214 10086 1870101
3878 10086 1870420
837 10086 1870493
365 10086 1871685
4646 10086 1872452
1054 10086 1872459
2895 10086 1873123
315 10086 1874255
2830 10086 1876690
3440 10086 1878287
9207 10086 1879377
851 10086 1881213
4174 10086 1884057
2000 10086 1885088
4519 10086 1885814
4578 10086 1887213
4524 10086 1888128
4547 10086 1890120
8939 10086 1890315
1501 10086 1890660
241 10404 1891949
1524 10086 1894449
9361 10086 1895499
2676 10086 1897554
1222 10086 1900351
4737 10086 1900670
641 10086 1901738
4325 10086 1902933
5044 10086 1903138
2975 10086 1904404
2153 10086 1905270
1616 10086 1909543
2978 10086 1911109
1088 10086 1912297
3878 10086 1912433
837 10086 1914042
224 10086 1914927
2505 10086 1915478
149 10086 1916437
2895 10086 1917838
1048 10086 1922129
1578 10086 1922933
4953 10086 1924258
4953 10086 1927448
2000 10086 1928613
7356 10086 1929518
9361 10086 1936959
4547 10086 1937846
503 10086 1941330
2692 10086 1941895
1070 10086 1945549
2830 10086 1946376
5044 10086 1946443
2578 10086 1946522
1054 10086 1947251
2975 10086 1949678
241 10404 1949822
3214 10086 1951483
4541 10086 1952721
365 10086 1953651
641 10086 1953892
3440 10086 1955363
4540 10086 1955668
3973 10086 1955832
8939 10086 1957531
1088 10086 1957592
4174 10086 1958085
2978 10086 1958407
3878 10086 1958894
9207 10086 1959162
149 10086 1960219
4232 10086 1960516
4524 10086 1961994
4048 10404 1962637
4775 10086 1964844
315 10086 1965253
4666 10086 1966003
1668 10086 1966560
1578 10086 1968048
241 10248 1968200
1501 10086 1968235
241 10110 1971446
4519 10086 1971665
4072 10086 1971689
2000 10086 1971872
4578 10086 1977425
8792 10086 1980180
2951 10086 1980483
4302 10086 1980541
1616 10086 1981320
9361 10086 1981448
4547 10086 1982108
4737 10086 1983635
1524 10086 1985910
7356 10086 1988865
4646 10086 1989321
503 10086 1989597
2830 10086 1989637
1070 10086 1990398
837 10086 1993175
8792 10086 1993841
851 10086 1993862
5044 10086 1995716
365 10086 1996254
4325 10086 1997309
1222 10086 1997350
2153 10086 1999292
2505 10086 2000845
1054 10086 2001136
2978 10086 2001711
4174 10086 2002045
3440 10086 2002053
1048 10086 2003117
1088 10086 2004090
149 10086 2004373
2895 10086 2004811
4953 10086 2006400
1578 10086 2011667
315 10086 2011809
2578 10086 2016310
4953 10086 2017716
2000 10086 2018211
4953 10086 2020276
2692 10086 2022795
9361 10086 2023255
224 10086 2024173
2975 10086 2026941
8792 10086 2027309
8792 10086 2027926
4953 10086 2029047
1070 10086 2031279
3973 10086 2033996
2830 10086 2036247
5044 10086 2038944
3214 10086 2039205
4540 10086 2040988
8792 10086 2041031
365 10086 2041371
8939 10086 2041996
1054 10086 2044781
9207 10086 2045098
3440 10086 2045646
3878 10086 2046329
1088 10086 2047899
4232 10086 2049173
1668 10086 2050081
4524 10086 2050829
241 10162 2051175
4775 10086 2055790
1048 10086 2056564
4325 10086 2056888
4541 10086 2057465
4060 10086 2058142
503 10086 2059070
315 10086 2059182
4547 10086 2061227
4578 10086 2063178
4666 10086 2063223
4646 10086 2063511
1222 10086 2065059
2951 10086 2066535
249 10086 2066539
4072 10086 2066653
641 10086 2067784
9361 10086 2068531
7356 10086 2068686
2692 10086 2068810
1524 10086 2069744
241 10583 2070143
851 10086 2072625
837 10086 2072778
4302 10086 2074458
4737 10086 2074593
2676 10086 2074596
4174 10086 2074805
241 10162 2074878
2000 10086 2075277
4519 10086 2077624
3973 10086 2081059
5044 10086 2082971
365 10086 2085277
1501 10086 2086428
224 10086 2087400
2153 10086 2088314
4953 10086 2088592
3440 10086 2088859
149 10086 2089845
2578 10086 2090035
2895 10086 2091464
1578 10086 2092642
2505 10086 2094856
1616 10086 2105556
1668 10086 2109006
9361 10086 2109828
503 10086 2110601
2692 10086 2113011
249 10086 2113441
2975 10086 2113718
1048 10086 2114565
1070 10086 2117193
2830 10086 2119122
2978 10086 2120544
4646 10086 2123528
1088 10086 2124712
4060 10086 2125112
365 10086 2125240
1054 10086 2125437
9207 10086 2125575
3214 10086 2125980
3973 10086 2126000
1222 10086 2126007
4524 10086 2126221
5044 10086 2126410
1237 10162 2131784
4775 10086 2133181
149 10086 2133427
2578 10086 2133571
3440 10086 2135152
1578 10086 2136351
8939 10086 2137622
4232 10086 2138162
1237 10162 2141365
4519 10086 2141876
4541 10086 2142892
4072 10086 2143332
4666 10086 2145643
1237 10162 2146670
4547 10086 2147599
4540 10086 2148637
1237 10162 2150669
4578 10086 2151043
9361 10086 2152883
2000 10086 2152894
2951 10086 2152922
1668 10086 2156169
1524 10086 2157820
4174 10086 2158302
2692 10086 2160948
1616 10086 2161133
837 10086 2167520
851 10086 2167612
365 10086 2168000
1088 10086 2169112
1054 10086 2174283
2153 10086 2175534
2505 10086 2176593
3440 10086 2179479
224 10086 2179893
315 10086 2180067
1501 10086 2180940
4737 10086 2182193
4953 10086 2182245
4953 10086 2183980
4646 10086 2188125
2578 10086 2190125
4953 10086 2194019
9361 10086 2196844
503 10086 2197846
249 10086 2200112
9207 10086 2200712
2830 10086 2204377
1070 10086 2204533
5044 10086 2206250
3973 10086 2207146
2975 10086 2209486
1222 10086 2210143
641 10086 2210335
365 10086 2210697
3878 10086 2211213
3214 10086 2213284
2692 10086 2217017
4540 10086 2217564
149 10086 2219269
4524 10086 2219771
4232 10086 2219826
241 10583 2220266
4953 10086 2221690
1054 10086 2222186
149 10086 2222433
1578 10086 2224090
1237 10162 2226429
4541 10086 2226964
8939 10086 2227529
315 10086 2229136
4325 10086 2230247
4666 10086 2230664
1501 10086 2231109
4072 10086 2232128
4578 10086 2234437
4302 10086 2234964
4547 10086 2235678
2578 10086 2238082
3440 10086 2238367
4519 10086 2238587
1616 10086 2238777
9361 10086 2238903
1668 10086 2240429
1088 10086 2240829
503 10086 2241341
4646 10086 2242255
2951 10086 2242814
2676 10086 2243248
9207 10086 2244671
4737 10086 2246426
2830 10086 2247905
4953 10086 2248969
4775 10086 2249862
8792 10086 2251083
3973 10086 2251829
2975 10086 2252234
5044 10086 2253583
837 10086 2254402
1222 10086 2254804
4953 10086 2254951
1524 10086 2256290
3878 10086 2257280
4174 10086 2258615
851 10086 2258767
224 10086 2259265
2153 10086 2260839
149 10086 2264397
2505 10086 2266750
7356 10086 2267111
4953 10086 2268315
4953 10086 2270507
641 10086 2281136
2578 10086 2281417
9361 10086 2282810
1048 10086 2284439
503 10086 2285672
1054 10086 2290839
1070 10086 2291550
241 10162 2291961
2895 10086 2292302
2830 10086 2292705
9207 10086 2293401
2978 10086 2293566
8792 10086 2296727
4524 10086 2298590
3973 10086 2299853
3214 10086 2300212
2975 10086 2301473
2692 10086 2301485
3878 10086 2302442
1088 10086 2302918
4302 10086 2304073
4232 10086 2308930
315 10086 2312147
4666 10086 2312237
8939 10086 2313356
4325 10086 2314014
8792 10086 2314719
5044 10086 2317991
4072 10086 2318176
4060 10086 2318371
4519 10086 2320157
1237 10162 2322183
1237 10162 2323045
851 10086 2323283
4541 10086 2323766
837 10086 2324500
4547 10086 2325094
4540 10086 2325683
4646 10086 2325856
9361 10086 2326107
1668 10086 2326748
224 10086 2327420
149 10086 2328894
4578 10086 2331887
503 10086 2331939
4775 10086 2333550
1054 10086 2334762
2830 10086 2336287
2505 10086 2336448
9207 10086 2336747
1578 10086 2336748
365 10086 2337687
1222 10086 2337844
4524 10086 2342166
3973 10086 2343198
3878 10086 2347858
2895 10086 2349195
1524 10086 2351651
1048 10086 2352137
1616 10086 2368219
2692 10086 2368379
9361 10086 2368915
224 10086 2370846
2975 10086 2373059
4541 10086 2375059
5044 10086 2378069
8792 10086 2379226
1668 10086 2381713
1054 10086 2382048
4072 10086 2382849
4737 10086 2383508
4302 10086 2384004
249 10086 2384271
1222 10086 2384900
2830 10086 2385734
3214 10086 2386041
641 10086 2387068
503 10086 2388975
3878 10086 2394182
9207 10086 2394446
8939 10086 2394588
4232 10086 2394813
2153 10086 2394927
4060 10086 2397331
4174 10086 2398323
2505 10086 2402180
4540 10086 2404102
4325 10086 2406655
4646 10086 2408011
9361 10086 2412008
1237 10162 2417173
4547 10086 2417289
837 10086 2417366
4775 10086 2417536
851 10086 2417741
4524 10086 2419599
2975 10086 2421055
365 10086 2421781
4072 10086 2426599
4666 10086 2426696
1237 10162 2427602
1222 10086 2428316
1054 10086 2428603
4541 10086 2428631
2830 10086 2428996
1616 10086 2429896
4519 10086 2432320
5044 10086 2433805
4302 10086 2434599
2895 10086 2436772
149 10086 2438103
3878 10086 2438993
224 10086 2439206
1524 10086 2439509
503 10086 2439746
1578 10086 2440191
2578 10086 2441004
315 10086 2441515
1501 10086 2444686
2505 10086 2445422
1048 10086 2447251
4578 10086 2450258
2692 10086 2456488
4232 10086 2456747
249 10086 2458726
9361 10086 2459956
2676 10086 2460307
365 10086 2463514
8792 10086 2464863
8939 10086 2466297
4737 10086 2467335
3973 10086 2468457
1668 10086 2472278
2830 10086 2472514
1054 10086 2472976
1222 10086 2473191
3214 10086 2473902
4060 10086 2474247
837 10086 2476316
851 10086 2477019
4174 10086 2478259
9207 10086 2479186
3878 10086 2480261
4325 10086 2481417
4666 10086 2484203
2951 10086 2484817
3878 10086 2487324
4519 10086 2489248
315 10086 2490305
4524 10086 2491274
4775 10086 2496572
4547 10086 2497347
4646 10086 2499010
4578 10086 2500774
9361 10086 2502179
4232 10086 2503202
2676 10086 2503987
4072 10086 2505997
2692 10086 2506887
1070 10086 2507210
8792 10086 2509313
1237 10162 2510661
5044 10086 2512239
1501 10086 2513633
365 10086 2514312
8939 10086 2515490
3973 10086 2515756
1054 10086 2516536
4302 10086 2518047
4541 10086 2518948
224 10086 2519644
2505 10086 2521236
837 10086 2521551
149 10086 2521788
1048 10086 2522441
851 10086 2522547
4325 10086 2524725
1616 10086 2527533
1578 10086 2529298
2578 10086 2540504
503 10086 2544400
9361 10086 2545296
2975 10086 2548464
1070 10086 2549320
2830 10086 2550369
2692 10086 2550387
9207 10086 2553844
2978 10086 2555436
5044 10086 2555807
1668 10086 2560005
3214 10086 2560143
241 10583 2560188
1088 10086 2561740
2153 10086 2565163
4232 10086 2568560
8792 10086 2570653
4325 10086 2572429
8939 10086 2572832
4524 10086 2575143
641 10086 2575356
4541 10086 2576281
4302 10086 2579419
4072 10086 2579640
1048 10086 2579849
1048 10086 2579860
1048 10086 2579869
4775 10086 2581157
3878 10086 2582568
4666 10086 2582966
4547 10086 2584033
224 10086 2587483
3878 10086 2587995
9361 10086 2589258
4953 10086 2589707
1616 10086 2589864
2505 10086 2590161
1237 10162 2590859
4174 10086 2591126
1237 10162 2591285
1237 10162 2591371
2676 10086 2592617
1222 10086 2593272
4737 10086 2593648
2830 10086 2593740
4953 10086 2596527
9207 10086 2598104
1524 10086 2598752
5044 10086 2599204
1054 10086 2604878
315 10086 2605926
149 10086 2609499
1501 10086 2610153
1578 10086 2614867
2578 10086 2624752
1048 10086 2626832
2692 10086 2630664
2975 10086 2633531
503 10086 2634968
1070 10086 2635677
4737 10086 2637087
2830 10086 2637922
2895 10086 2638585
3214 10086 2640652
4524 10086 2641635
5044 10086 2642457
1222 10086 2643287
365 10086 2647774
4232 10086 2648037
4072 10086 2648532
1054 10086 2649001
241 10583 2652437
1668 10086 2655705
4519 10086 2656135
8939 10086 2660419
2505 10086 2660710
2505 10086 2660720
4775 10086 2660822
9207 10086 2661503
4666 10086 2661654
224 10086 2662685
4541 10086 2664369
1616 10086 2666990
1088 10086 2668556
9361 10086 2668878
4540 10086 2669681
3878 10086 2670168
4547 10086 2670651
4646 10086 2673702
2676 10086 2673710
4325 10086 2673994
4578 10086 2674034
7356 10086 2674378
4174 10086 2678287
