471 10290 6961
1590 10013 18503
1590 10013 53276
3573 10471 65905
1590 10013 72093
1590 10013 100324
5411 10767 135855
4523 10253 140885
3573 10471 183356
3573 10471 183556
1590 10013 229112
6660 10253 266522
5538 10267 283910
1590 10013 318676
1590 10013 398069
1590 10013 403881
1590 10013 407604
8418 10013 479500
8418 10013 479731
8418 10013 479903
8418 10013 479933
1590 10013 487370
8418 10013 492819
1590 10013 497528
1590 10013 500397
3573 10471 526538
3573 10814 546051
1528 10787 585677
1590 10013 586649
1590 10013 589571
1590 10013 656755
5905 10929 673849
1590 10013 745309
1590 10013 753671
8418 10013 758369
8418 10013 760386
1590 10013 762262
8418 10013 782970
8418 10013 783581
8418 10013 783919
4135 10253 803872
1590 10013 828910
1590 10013 853797
818 10290 855258
818 10290 855309
5019 10253 870602
4523 10253 890341
1590 10013 910617
1590 10013 930175
3573 10471 954368
1590 10013 1005246
1590 10013 1013386
8418 10013 1121310
1430 10253 1129107
8418 10013 1131780
8418 10013 1131832
8418 10013 1132138
8418 10013 1132237
8418 10013 1138045
8418 10013 1138064
8418 10013 1138102
8418 10013 1165824
8418 10013 1165867
8418 10013 1165886
8418 10013 1165948
8418 10013 1166291
8418 10013 1166393
8418 10013 1166474
8418 10013 1167852
8418 10013 1170136
8418 10013 1170506
8418 10013 1170533
8418 10013 1170570
8418 10013 1170617
8418 10013 1185374
8418 10013 1186110
8418 10013 1186265
8418 10013 1186299
8418 10013 1186531
1590 10013 1188572
3056 10854 1196691
2401 10969 1240474
1590 10013 1266474
1590 10013 1323033
1590 10013 1353516
8171 10870 1374728
9632 10013 1392920
9632 10013 1393017
9632 10013 1393060
9632 10013 1393113
9632 10013 1393171
9632 10013 1393225
9632 10013 1393993
467 10839 1417672
1590 10013 1438127
8418 10013 1464716
8418 10013 1465388
8418 10013 1465815
8418 10013 1466026
9632 10013 1473853
8418 10013 1538302
1590 10013 1542480
1590 10013 1613896
9632 10013 1650657
9632 10013 1662606
1590 10013 1697734
9632 10013 1735398
9632 10013 1737584
9632 10013 1737677
3573 10814 1743533
9632 10013 1763670
9632 10013 1768245
9632 10013 1785658
9632 10013 1785702
9632 10013 1785789
8418 10013 1797238
8418 10013 1797313
8418 10013 1797575
8418 10013 1797626
8418 10013 1865028
9632 10013 1866924
9632 10013 1867196
9632 10013 1867420
9632 10013 1877720
8418 10013 1878616
8418 10013 1878660
8418 10013 1878781
8418 10013 1897902
8418 10013 1904503
8418 10013 1904582
8418 10013 1904770
8418 10013 1904875
9632 10013 1906452
9632 10013 1908135
8418 10013 1942392
1590 10013 1956494
1590 10013 1972799
467 10854 1976788
8418 10013 1983364
8418 10013 1983393
8418 10013 1983421
9632 10013 1995828
9632 10013 1997607
9632 10013 1998627
9632 10013 2025411
3573 10814 2035040
1590 10013 2046076
8171 10471 2047226
8418 10013 2057577
8418 10013 2058237
8418 10013 2060328
9632 10013 2084148
1590 10013 2141202
6660 10253 2163907
433 10471 2171834
2602 10787 2181967
7591 10787 2194320
1590 10013 2210374
1590 10013 2242643
9632 10013 2251377
9632 10013 2251522
9632 10013 2255935
9632 10013 2305948
9632 10013 2307934
1590 10013 2313202
8418 10013 2321728
8418 10013 2321979
8418 10013 2322016
9632 10013 2326281
9980 10013 2328508
8418 10013 2334095
8418 10013 2334128
8418 10013 2334166
8418 10013 2334269
8418 10013 2334298
1590 10013 2383116
9632 10013 2396001
9980 10013 2404350
9980 10013 2405049
9980 10013 2406001
9980 10013 2407208
9632 10013 2426206
9632 10013 2428605
2568 10471 2430264
9980 10013 2438714
9980 10013 2464288
9980 10013 2465143
9980 10013 2466319
9980 10013 2466435
9632 10013 2473137
9632 10013 2473260
4651 10854 2478466
9632 10013 2478492
1590 10013 2487354
9632 10013 2510674
1590 10013 2571836
9632 10013 2580467
9632 10013 2591385
9632 10013 2595456
3573 10814 2596337
4075 10253 2613454
1590 10013 2647525
