321 10152 2187
321 10152 3443
501 10107 3906
907 10152 8119
926 10107 8383
926 10107 9905
501 10107 13479
1629 10152 19160
1629 10152 19980
1711 10500 20939
1629 10152 21344
1760 10152 21858
1629 10152 22082
1629 10152 22826
1629 10152 23729
501 10107 26555
907 10152 28432
2107 10152 29104
2107 10152 29802
2107 10152 30530
2107 10152 31924
2230 10152 31947
2369 10107 35110
2763 10152 43428
2904 10107 45964
2904 10107 47207
1711 10500 47559
3025 10500 47850
501 10107 48412
3227 10152 51328
501 10107 53444
926 10107 57842
926 10107 58040
2369 10107 63005
1550 10500 66945
4713 10500 82623
4753 10500 84060
4753 10152 85217
907 10152 89011
501 10107 90560
3227 10152 91633
501 10107 96171
907 10152 96759
3227 10152 98513
5198 10500 101803
5219 10152 102815
3227 10152 103446
5232 10152 103678
907 10152 104554
501 10107 108300
2763 10152 110774
5350 10152 110943
5232 10152 111977
5396 10500 113563
907 10152 113648
2107 10152 114325
2107 10152 114937
2107 10152 115581
2904 10107 115689
5350 10152 116128
2107 10152 116588
5232 10152 118600
5501 10152 120155
5501 10152 120934
907 10152 121270
5350 10152 123160
1760 10152 123695
1760 10152 125868
5350 10152 126546
5501 10152 126662
5501 10152 127974
1760 10152 129101
5501 10152 129774
321 10152 130210
907 10152 131419
321 10152 139949
2369 10107 141008
2230 10152 141786
6196 10152 148602
6197 10107 148700
2369 10107 148855
2230 10500 150078
6197 10107 151443
2369 10107 152360
2369 10107 153380
6371 10500 155451
6489 10500 159982
6495 10071 160341
4713 10500 166750
6647 10500 169381
926 10107 171680
6647 10500 172079
1711 10500 179434
6495 10071 184429
4753 10500 187039
5232 10152 188968
6817 10152 189748
5219 10152 190457
5232 10152 191841
6817 10152 192570
6817 10152 193267
6817 10152 193948
6817 10152 194672
6196 10152 195524
6905 10152 197813
6905 10152 198659
5232 10152 199633
6905 10152 200009
1629 10152 200668
6905 10152 200739
5198 10500 202507
5198 10500 202619
2107 10152 202975
2107 10152 203671
6905 10152 204277
2107 10152 204450
5350 10152 204471
6196 10152 205033
6977 10152 206537
2107 10152 206709
501 10107 206839
5350 10152 208995
6489 10500 215579
1760 10152 216037
1760 10152 217158
6647 10500 218260
2763 10152 220860
6371 10500 222408
501 10107 227899
7271 10152 232212
2904 10107 232280
6371 10152 233627
6489 10500 234484
1711 10500 234610
6495 10071 236110
6197 10107 236538
6197 10107 238350
6197 10107 238351
2230 10152 238379
1550 10500 244163
6371 10152 244774
501 10107 245094
2904 10107 247558
7271 10152 250254
4713 10500 254989
1206 10152 259818
6371 10500 267650
1550 10152 269646
1550 10152 270788
4753 10500 271400
5232 10152 272009
501 10107 272588
5350 10152 276225
5198 10500 278439
6196 10152 278672
6196 10152 280720
6905 10152 284663
6905 10152 285361
501 10107 285526
6905 10152 286172
7271 10152 286591
2763 10152 287735
5232 10152 287855
2107 10152 288440
2369 10107 288517
2107 10152 289316
2107 10152 290071
2107 10152 290804
7271 10152 291815
1760 10152 292821
5501 10152 294235
5501 10152 294836
1760 10152 295452
5501 10152 299160
5501 10152 299832
5501 10152 301497
5501 10152 302250
5501 10152 303637
1760 10152 304424
1760 10152 305775
6371 10152 308637
501 10107 308641
1711 10500 313605
501 10107 313883
5396 10500 315893
321 10152 317028
4753 10500 319724
1550 10500 321136
6489 10500 321158
5219 10152 323760
6197 10107 325088
6647 10500 327990
6495 10071 331021
1550 10152 331685
4713 10500 336431
7987 10152 345713
7987 10152 345974
1206 10152 348411
501 10107 353358
5232 10152 353473
5350 10152 354779
501 10107 358464
6977 10152 359078
6817 10152 361300
5350 10152 362567
1711 10500 362616
6817 10152 363629
6817 10152 364311
6817 10152 365062
6817 10152 366330
6817 10152 366986
2369 10107 367871
6817 10152 368919
5198 10500 369473
8067 10107 371807
2369 10107 372097
6905 10152 373594
2107 10152 374002
1760 10152 374655
2107 10152 374894
6977 10152 375000
2107 10152 375644
5350 10152 376047
2107 10152 376475
907 10152 377707
8067 10107 378722
1760 10152 379061
1629 10152 379592
8067 10107 379793
7271 10152 380134
8067 10107 380381
5350 10152 380669
6977 10152 382771
1760 10152 382827
1629 10152 383574
1760 10152 383736
1629 10152 384610
602 10071 384932
5350 10152 385029
1760 10152 385559
1711 10500 385583
8067 10107 386720
1629 10152 386821
1760 10152 386894
6898 10752 387565
1629 10152 387906
907 10152 387986
1760 10152 388773
6489 10500 393733
2763 10152 394240
6489 10500 394410
6371 10152 395154
6371 10500 395690
6197 10107 396552
1711 10500 397800
2904 10107 399205
2904 10107 401148
501 10107 403350
6196 10152 405467
2904 10107 406596
2904 10107 407222
6197 10107 407917
2904 10107 408746
2369 10107 410465
5219 10152 411064
6647 10500 413192
7711 10152 413211
7711 10152 414012
1550 10500 414315
2369 10107 414954
7711 10152 415354
501 10107 415885
6197 10107 420435
4713 10500 425323
5350 10152 438023
907 10152 438426
5232 10152 440325
907 10152 444396
3227 10152 444618
4753 10500 447772
3227 10152 450288
6196 10152 450430
2904 10107 457224
1760 10152 457612
8067 10107 459233
1760 10152 460844
5350 10152 461180
2107 10152 461981
2904 10107 462014
1760 10152 462149
926 10107 462355
2107 10152 462743
1760 10152 462851
5501 10152 463381
2107 10152 463536
8380 10152 463670
1760 10152 464004
2107 10152 464331
5501 10152 464644
7271 10152 464904
8380 10152 464912
1760 10152 465328
5501 10152 465658
2904 10107 466580
907 10152 466619
8389 10152 466795
8389 10500 466808
8380 10152 467159
5501 10152 467607
3227 10152 467836
8380 10152 468410
5501 10152 468434
1760 10152 469486
8067 10107 470530
5501 10152 470652
2369 10107 470805
8067 10107 471469
2369 10107 471533
6898 10752 471603
8067 10107 471706
907 10152 472655
8067 10107 474346
5219 10152 474467
2369 10107 475997
8067 10107 477358
926 10107 479145
7271 10152 479235
2904 10107 479407
2904 10107 480004
1711 10500 480170
6371 10152 481123
6371 10500 481165
7271 10152 483100
2904 10107 486965
8389 10500 487382
8389 10152 487397
6489 10500 489584
6495 10071 492263
1711 10500 494366
8389 10500 494616
6495 10071 494671
2763 10152 500303
6647 10500 503180
7987 10152 518385
4753 10500 520753
501 10107 521771
907 10152 522778
5350 10152 522938
8380 10152 526350
8380 10152 527795
4713 10500 529507
5219 10152 533290
8380 10152 533724
1629 10152 534261
8380 10152 536147
5198 10500 537604
1760 10152 538935
1760 10152 542538
8067 10107 545691
2904 10107 547200
2107 10152 548448
2107 10152 549093
6977 10152 549630
1379 10107 549914
2107 10152 549986
501 10107 550033
5350 10152 550165
2107 10152 551662
8067 10107 551740
1760 10152 552246
2904 10107 552376
6977 10152 555404
6817 10152 555634
907 10152 556708
6817 10152 557145
2904 10107 557636
6817 10152 558244
501 10107 561459
8067 10107 565201
8067 10107 566287
8389 10500 567779
8389 10152 568076
2763 10152 570735
2369 10107 572662
2230 10152 573819
1711 10500 574131
6489 10500 574677
6196 10152 576443
2230 10152 582846
6197 10107 584259
2904 10107 584495
1550 10500 585859
4753 10152 587500
2230 10500 587838
501 10107 587993
7271 10152 592381
6495 10071 592736
4753 10500 595352
6647 10500 595431
6371 10152 604802
6371 10500 604849
4713 10500 614489
2230 10500 616556
926 10107 616724
3025 10152 623166
5198 10500 628983
8067 10107 631185
2107 10152 634901
2107 10152 635537
2107 10152 636238
2107 10152 637757
3025 10500 638504
8067 10107 638701
2230 10500 639466
2369 10107 644277
907 10152 644943
2904 10107 649003
2904 10107 652277
8389 10152 652747
8389 10500 652888
2904 10107 653436
2230 10500 654141
501 10107 657012
1711 10500 657015
2763 10152 659165
501 10107 662438
2904 10107 664003
5219 10152 664600
2230 10500 666069
4753 10152 667495
1711 10500 667954
2230 10500 668522
6371 10500 670744
6371 10152 670791
5219 10152 671826
2369 10107 672598
8830 10152 675870
8830 10152 680090
6495 10071 680182
8830 10152 681358
8830 10152 682301
8830 10152 682962
501 10107 683180
8830 10152 684102
5219 10152 697901
926 10107 698592
8585 10152 701633
3227 10152 703315
8380 10152 703718
5232 10152 704600
8380 10152 705371
8380 10152 705989
8380 10152 706956
926 10107 707691
8380 10152 707780
926 10107 708415
4713 10500 708692
8380 10152 708750
926 10107 709603
1711 10500 709796
5396 10500 711238
6196 10152 711576
6196 10152 712520
6196 10152 713655
6196 10152 714957
5198 10500 715080
6196 10152 716235
6905 10152 717523
6905 10152 718222
5350 10152 718421
6977 10152 718744
6905 10152 718823
8380 10152 718881
2904 10107 719880
8380 10152 719962
5232 10152 720671
8380 10152 720709
8905 10152 720803
2107 10152 720860
5350 10152 721101
5501 10152 721137
2107 10152 721590
2107 10152 722191
2107 10152 722857
8380 10152 723382
2107 10152 724132
8380 10152 724346
8905 10152 724825
8380 10152 725844
8380 10152 726734
6489 10500 730539
6898 10752 731575
5501 10152 732381
8067 10107 734501
1760 10152 735378
1711 10500 735948
7271 10152 736268
501 10107 737086
1550 10152 738220
6489 10500 738497
7271 10152 739037
6197 10107 742033
6371 10152 742115
2369 10107 742329
6647 10500 742330
6371 10500 742675
8905 10152 743450
6647 10500 744195
8905 10152 745367
501 10107 746487
5396 10152 749725
5396 10152 749926
5396 10152 750365
8389 10152 751251
8389 10500 751788
6197 10107 753104
6197 10107 756384
2369 10107 757394
5219 10152 758422
2763 10152 758925
8389 10152 763459
4713 10500 771753
7987 10152 777109
8905 10152 784471
5232 10152 787523
3227 10152 789666
3227 10152 792032
4753 10152 793400
1550 10500 793819
1550 10107 797056
1629 10152 798826
5198 10500 804757
6905 10152 805104
7271 10152 805747
2107 10152 806847
5350 10152 807316
6977 10152 808029
5232 10152 808422
6817 10152 808907
1760 10152 809507
2107 10152 810142
2904 10107 810899
2107 10152 811227
2107 10152 812501
6977 10152 812731
1711 10500 813753
6817 10152 814260
907 10152 814715
6817 10152 815690
7271 10152 815699
1760 10152 817136
501 10107 817822
6817 10152 817916
1760 10152 818227
7680 10152 818733
6817 10152 818766
2763 10152 818991
7680 10152 819358
1760 10152 821548
2369 10107 821830
2230 10500 827291
6371 10152 828810
6371 10500 828843
6489 10500 830008
8389 10152 832130
5219 10152 832327
8389 10500 832435
4515 10230 833026
5396 10500 836853
5219 10152 837326
6495 10071 841171
6197 10107 843404
2369 10107 846519
6495 10071 849186
6495 10071 849570
6495 10071 849581
6495 10071 852787
2369 10107 853005
5219 10152 853458
501 10107 858379
5219 10152 859767
5219 10152 862022
7987 10152 864216
907 10152 869281
501 10107 870574
6977 10152 871569
5219 10152 873859
5232 10152 876328
907 10152 876727
1760 10152 877909
2230 10152 878100
2904 10107 879265
3227 10152 881085
5255 10152 885113
2230 10500 888354
5350 10152 889004
6905 10152 890867
6905 10152 891499
5232 10152 892306
6905 10152 892555
2107 10152 892995
2107 10152 893815
3736 10354 894982
5501 10152 895431
1760 10152 895540
5198 10500 895594
2230 10500 895804
8905 10152 895884
9160 10152 896463
7271 10152 896508
2369 10107 897075
9160 10152 897325
2107 10152 897374
8380 10152 897389
1760 10152 897812
8905 10152 898042
9160 10152 898060
8380 10152 898359
2107 10152 898772
9160 10152 898795
321 10152 898813
8380 10152 899393
1760 10152 899775
9160 10152 899937
8380 10152 900107
1760 10152 900728
9160 10152 900816
9160 10152 901752
5350 10152 902126
9160 10152 902492
3227 10152 902751
2763 10152 902868
9160 10152 903282
3227 10152 903579
9160 10152 904211
5501 10152 905600
9160 10152 905642
321 10152 906378
1760 10152 906440
9160 10152 906687
5501 10152 907159
5501 10152 908069
9160 10152 908317
6197 10107 908478
1760 10152 908803
5501 10152 909343
9160 10152 910246
9160 10152 911241
6197 10107 911758
2230 10500 912618
9160 10152 912822
6371 10152 914292
6371 10500 914315
1711 10500 914564
7271 10152 914714
501 10107 914938
6489 10500 915999
5396 10500 916487
5282 10152 929078
6197 10107 929785
6647 10500 933747
6647 10500 936717
2369 10107 941657
926 10107 948055
4753 10152 952278
3227 10152 953614
926 10107 954931
501 10107 955456
5350 10152 955673
926 10107 958481
1206 10152 958916
5232 10152 962409
8905 10152 962971
8380 10152 963661
8380 10152 964683
5350 10152 964938
1711 10500 966456
2904 10107 966528
6817 10152 967778
9160 10152 967873
6817 10152 968553
9160 10152 969018
9160 10152 969812
9160 10152 970585
1760 10152 970596
9160 10152 971394
9160 10152 972411
2904 10107 972626
8905 10152 973572
7680 10152 973592
9160 10152 974273
6905 10152 974416
9160 10152 974879
6905 10152 975067
1760 10152 975471
6905 10152 976097
8380 10152 976106
9160 10152 976541
8380 10152 976856
6905 10152 976982
5337 10152 977055
9160 10152 977154
1711 10500 977422
8380 10152 977827
9160 10152 977828
9160 10152 978536
5337 10152 978783
1760 10152 978837
2107 10152 978946
8380 10152 979391
5232 10152 979569
5337 10152 979819
1760 10152 980646
2107 10152 981050
8380 10152 981096
9160 10152 981476
2107 10152 981673
8380 10152 981936
1760 10152 982051
9160 10152 982130
8905 10152 982239
9160 10152 983076
6196 10152 983098
5093 10152 983159
8905 10152 983321
2107 10152 983433
9160 10152 983727
1629 10152 983885
6196 10152 983965
9160 10152 984529
8067 10107 984618
8380 10152 985146
5198 10500 985378
321 10152 985474
8380 10152 986202
6196 10152 986512
7987 10152 987176
6196 10152 987182
9160 10152 989580
9160 10152 990356
9160 10152 991029
2369 10107 992694
8067 10107 993832
321 10152 994187
9271 10604 994194
9160 10152 994579
2763 10152 994907
9160 10152 995208
501 10107 995678
9160 10152 995834
9160 10152 996470
9160 10152 997087
9160 10152 997698
6196 10152 997919
9160 10152 998318
6196 10152 998724
9160 10152 999021
6196 10152 999504
9160 10152 999940
6197 10107 1001592
6371 10152 1002335
6371 10500 1002413
5337 10152 1002583
1711 10500 1003278
6196 10152 1007494
6489 10500 1007935
9298 10107 1008227
8389 10152 1010083
8389 10152 1016585
7271 10152 1016596
1550 10152 1018014
6197 10107 1024386
2230 10500 1026123
4713 10500 1027349
4713 10500 1027375
4713 10500 1027407
8830 10500 1029188
501 10107 1036926
926 10107 1039708
5350 10152 1042698
8905 10152 1050386
3227 10152 1051010
6196 10152 1052125
5232 10152 1052283
2230 10152 1052639
8905 10152 1053934
8067 10107 1060413
5396 10500 1062488
8905 10152 1063351
3227 10152 1065401
2369 10107 1065524
2107 10152 1066282
5501 10152 1066296
3227 10152 1066834
2107 10152 1066951
8905 10152 1067604
5501 10152 1067973
2107 10152 1068670
5501 10152 1069107
2107 10152 1070085
5232 10152 1070166
5501 10152 1070185
8905 10152 1070387
5198 10500 1071311
5501 10152 1073685
5501 10152 1074614
9369 10500 1077927
9271 10604 1078820
7271 10152 1079023
6371 10152 1086909
6371 10500 1086947
6196 10152 1092565
6196 10152 1093992
8389 10152 1094552
6196 10152 1094792
501 10107 1096439
501 10107 1100079
6489 10500 1102197
6197 10107 1103612
9369 10500 1105474
6197 10107 1105690
2369 10107 1108119
6495 10071 1109387
2763 10152 1110540
6495 10071 1115221
6647 10500 1116747
6647 10500 1117548
7271 10152 1117668
7068 10230 1119770
926 10107 1123260
7987 10152 1124807
4713 10500 1127911
321 10152 1128520
907 10152 1130940
501 10107 1136650
1629 10152 1138479
1629 10152 1140587
8344 10107 1141259
1629 10152 1141327
1629 10152 1142003
6977 10152 1142078
8344 10107 1142244
8344 10107 1143052
8344 10107 1143785
1629 10152 1144489
1629 10152 1145256
1629 10152 1146476
8344 10107 1149638
6977 10152 1150738
2107 10152 1150862
2107 10152 1151735
2107 10152 1152445
907 10152 1153018
2107 10152 1153338
5198 10500 1155198
2369 10107 1158394
6817 10152 1159119
6817 10152 1160227
9271 10604 1163750
9369 10500 1166717
2763 10152 1169244
4404 10107 1172396
501 10107 1177862
6196 10152 1179053
2369 10107 1185252
1711 10500 1185424
9369 10500 1185734
9369 10500 1186705
9369 10500 1187402
926 10107 1187864
9369 10500 1188099
321 10152 1189064
4753 10500 1191861
6489 10500 1195814
2369 10107 1196597
6495 10071 1199057
501 10107 1201007
4713 10500 1202835
2230 10500 1205251
926 10107 1210971
4753 10152 1215957
4753 10152 1216015
2904 10107 1233927
6196 10152 1235556
2904 10107 1236809
2904 10107 1237782
2107 10152 1239276
2107 10152 1240013
2107 10152 1241053
2107 10152 1242435
2904 10107 1244280
2904 10107 1244887
5198 10500 1245820
7987 10152 1248900
2369 10107 1251765
8067 10107 1253148
6196 10152 1256377
2369 10107 1264439
2369 10107 1265042
5219 10152 1267157
321 10152 1267849
9369 10500 1269306
9369 10500 1270429
1711 10500 1270772
9369 10500 1271074
6196 10152 1271076
6371 10152 1271768
6371 10500 1271798
501 10107 1276004
1550 10500 1277595
2369 10107 1277966
6495 10071 1284557
8830 10500 1285823
8830 10500 1286432
8830 10500 1287730
8830 10500 1288366
6489 10500 1288749
8830 10500 1289015
8830 10500 1289660
2763 10152 1290489
8830 10500 1290539
6371 10152 1291053
6371 10500 1291168
8830 10500 1291320
6495 10071 1298499
2904 10107 1307413
1206 10152 1309228
8905 10152 1310426
4753 10152 1313696
6196 10152 1316060
6196 10152 1318002
8905 10152 1318301
6196 10152 1319102
8905 10152 1319298
6196 10152 1320278
8905 10152 1322083
9160 10152 1323146
9160 10152 1324109
2230 10500 1324253
8380 10152 1324602
2107 10152 1324606
9160 10152 1324755
2107 10152 1325234
9160 10152 1325670
8905 10152 1325712
9160 10152 1326379
2107 10152 1326578
6905 10152 1327354
5198 10500 1327389
2107 10152 1327613
6905 10152 1328038
8380 10152 1328118
9160 10152 1328475
8380 10152 1328829
6905 10152 1328853
5501 10152 1329140
9160 10152 1329144
6196 10152 1329673
9160 10152 1329784
8380 10152 1329837
5501 10152 1330183
6905 10152 1330300
8380 10152 1330554
9160 10152 1330593
1760 10152 1330782
6196 10152 1330825
9160 10152 1331303
9160 10152 1332324
5501 10152 1332575
9160 10152 1332968
7271 10152 1332969
2369 10107 1333127
5501 10152 1333319
9160 10152 1333601
9160 10152 1334309
1760 10152 1334759
9160 10152 1334926
9160 10152 1335897
1760 10152 1336395
9160 10152 1336539
9160 10152 1337154
1760 10152 1337568
9160 10152 1337859
1760 10152 1338437
1760 10152 1340259
8067 10107 1343546
6371 10152 1345151
6371 10500 1345234
3025 10500 1348572
8389 10152 1349927
5219 10152 1353114
2369 10107 1354691
9369 10500 1355829
6489 10500 1356063
1711 10500 1356475
9369 10500 1356520
9369 10500 1357069
5396 10152 1357258
2369 10107 1359133
6197 10107 1359555
6197 10107 1360389
6197 10107 1360390
2369 10107 1363490
6495 10071 1364429
6197 10107 1366455
9369 10500 1368366
4713 10500 1372711
4713 10500 1372731
6647 10500 1376615
6647 10500 1378147
6647 10500 1378851
7987 10152 1383607
5350 10152 1387551
6977 10152 1387913
5396 10500 1390366
5396 10152 1390430
926 10107 1391764
8905 10152 1394836
926 10107 1396607
1760 10152 1396743
8905 10152 1397104
1760 10152 1397900
1760 10152 1398875
5232 10152 1399014
6977 10152 1399178
8905 10152 1399621
8905 10152 1400332
9160 10152 1401157
1629 10152 1401170
5232 10152 1401224
9160 10152 1402278
1760 10152 1402399
9160 10152 1403442
9160 10152 1404072
1629 10152 1404489
9160 10152 1404716
1206 10152 1405364
9160 10152 1405412
6905 10152 1405980
9160 10152 1406086
9160 10152 1406772
9160 10152 1407576
6905 10152 1408016
9160 10152 1408280
6905 10152 1408636
9160 10152 1409052
5232 10152 1409425
9160 10152 1409688
8905 10152 1410295
5198 10500 1411091
1629 10152 1411809
2107 10152 1412661
9160 10152 1412986
2107 10152 1413403
9160 10152 1413606
2107 10152 1414031
9160 10152 1414213
5282 10152 1415084
2107 10152 1415141
9160 10152 1415556
5282 10152 1415850
9160 10152 1416241
5282 10152 1416835
9160 10152 1417008
6817 10152 1417308
9160 10152 1417777
2369 10107 1418213
9160 10152 1418424
7271 10152 1419006
6197 10107 1419249
9160 10152 1419305
9160 10152 1420035
9160 10152 1421185
9160 10152 1421902
7271 10152 1422321
9160 10152 1422918
9160 10152 1423550
9160 10152 1424194
9160 10152 1424893
9160 10152 1425508
7271 10152 1425581
9160 10152 1426188
5282 10152 1427456
6196 10152 1429779
8389 10152 1431929
2763 10152 1431947
6371 10152 1434658
6371 10500 1434682
6489 10500 1434986
6489 10500 1435790
2369 10107 1440544
1711 10500 1443353
6495 10071 1444491
8067 10107 1446417
6197 10107 1448682
6197 10107 1451369
6495 10071 1454031
8830 10500 1457266
4713 10500 1460704
6197 10107 1460970
8830 10500 1463708
6495 10071 1464404
7987 10152 1468523
3227 10152 1473200
3227 10152 1476115
8905 10152 1477324
8905 10152 1479822
5232 10152 1480509
5350 10152 1480787
5232 10152 1485191
6196 10152 1487673
4753 10152 1488319
6196 10152 1489681
5232 10152 1494281
8905 10152 1496790
5350 10152 1498406
2107 10152 1499730
2369 10107 1500121
2107 10152 1500385
5350 10152 1500913
8905 10152 1500982
2107 10152 1501144
2230 10500 1502552
5198 10500 1502905
2107 10152 1503113
6196 10152 1503349
7271 10152 1504031
1760 10152 1505949
1760 10152 1506669
1760 10152 1507560
5350 10152 1507800
1760 10152 1508925
906 10152 1510164
1760 10152 1510260
1760 10152 1510914
2230 10500 1512488
3025 10500 1516075
6197 10107 1516753
8389 10152 1519578
8389 10500 1519882
5396 10500 1520303
6371 10500 1520780
5396 10152 1520818
5396 10152 1520877
2763 10152 1521476
321 10152 1522372
6489 10500 1522756
2369 10107 1523991
1711 10500 1524551
9609 10500 1524599
2230 10500 1524738
6196 10152 1525710
9369 10500 1527496
2369 10107 1530901
926 10107 1531221
1550 10500 1532286
2369 10107 1532794
6495 10071 1534714
6495 10071 1535474
9609 10500 1535856
8830 10500 1537695
8830 10500 1538373
8830 10500 1540224
9369 10500 1541405
8830 10500 1542755
5146 10604 1546187
6495 10071 1546978
8830 10500 1550173
6647 10500 1551223
7987 10152 1555994
5219 10152 1558880
3025 10500 1562113
8905 10152 1564785
5232 10152 1564812
5396 10500 1565351
5396 10152 1565939
5232 10152 1568632
5219 10152 1570694
321 10152 1571301
8905 10152 1580253
5350 10152 1580436
9236 10107 1580848
2369 10107 1581357
5198 10500 1582383
2107 10152 1584098
3227 10152 1584580
3227 10152 1585664
7271 10152 1585786
2107 10152 1585953
2107 10152 1587757
5350 10152 1587925
3025 10500 1589276
6489 10500 1590124
8905 10152 1590234
2369 10107 1590363
3025 10500 1597696
907 10152 1597729
3025 10500 1602468
2369 10107 1604035
8389 10152 1604072
6371 10500 1604356
5396 10152 1607251
5396 10500 1607347
6197 10107 1607415
2763 10152 1607608
8389 10152 1609272
321 10152 1609361
1711 10500 1612371
8389 10500 1613615
6495 10071 1614952
5219 10152 1619489
7987 10152 1619518
6197 10107 1621167
9364 10720 1626815
6197 10107 1630161
6495 10071 1637216
6495 10071 1638109
3227 10152 1640251
1206 10152 1645143
5396 10152 1649501
5232 10152 1655017
2230 10500 1657379
6196 10152 1663719
5350 10152 1668177
8067 10107 1668524
2107 10152 1672778
3025 10500 1673193
5198 10500 1673211
2107 10152 1673626
3227 10152 1673732
2107 10152 1674469
2107 10152 1675407
321 10152 1678281
5350 10152 1680061
907 10152 1682237
6489 10500 1683671
7271 10152 1684245
8067 10107 1687972
2369 10107 1688039
6197 10107 1689272
5396 10500 1690314
5396 10152 1690948
6371 10500 1693149
1711 10500 1693679
8389 10152 1695465
2369 10107 1696745
7987 10152 1697364
1711 10500 1697373
321 10152 1699580
6495 10071 1702064
2230 10500 1705436
6495 10071 1707092
1550 10500 1707733
5219 10152 1710446
8830 10500 1715751
8830 10500 1716682
5219 10152 1717750
8830 10500 1717801
8830 10500 1721584
5219 10152 1722235
5219 10152 1727009
4713 10500 1731088
4713 10500 1731108
4713 10500 1731130
5219 10152 1732639
907 10152 1734936
8905 10152 1734981
5396 10152 1737906
8905 10152 1740643
5232 10152 1743289
5350 10152 1743734
926 10107 1745067
907 10152 1745242
1711 10500 1752483
5232 10152 1754188
2230 10500 1757552
2107 10152 1758588
9369 10500 1759009
2107 10152 1759512
5350 10152 1759639
8067 10107 1760024
8380 10152 1760126
2107 10152 1760311
2107 10152 1761339
8380 10152 1761576
5350 10152 1761861
8067 10107 1762250
8380 10152 1762488
6489 10500 1762504
5350 10152 1762579
5198 10500 1762736
8380 10152 1763142
8380 10152 1764589
2369 10107 1764998
8067 10107 1768161
8830 10500 1773719
6647 10500 1775169
8067 10107 1775672
6647 10500 1775771
9369 10500 1776785
8067 10107 1776968
6647 10500 1777125
8830 10500 1780028
2763 10152 1780461
8830 10500 1780690
8830 10500 1783513
8830 10500 1790285
8830 10500 1791441
9369 10500 1791777
8830 10500 1792055
2763 10152 1793452
9369 10500 1793565
8830 10500 1794206
8830 10500 1795279
8830 10500 1797418
8830 10500 1798115
9824 10107 1798369
3640 10152 1798625
3640 10152 1798678
8830 10500 1798876
9369 10500 1799288
9369 10500 1799358
9369 10500 1799480
8830 10500 1799659
9369 10500 1799794
8830 10500 1799846
8830 10500 1799910
9369 10500 1799951
8830 10500 1800067
9369 10500 1800079
8830 10500 1800210
8830 10500 1800283
9369 10500 1800372
8830 10500 1800379
8830 10500 1800493
8830 10500 1800551
8830 10500 1800687
9369 10500 1800716
8830 10152 1800814
8830 10500 1800924
9369 10500 1800955
9369 10500 1801184
9369 10500 1801411
8830 10152 1801415
9369 10500 1801618
9369 10500 1801922
9369 10500 1802073
9369 10500 1802224
9369 10500 1802278
9369 10500 1802393
9369 10500 1802702
9369 10500 1802791
9369 10500 1802919
9369 10500 1802999
9369 10500 1803108
9369 10500 1803360
9369 10500 1803509
9369 10500 1803567
9369 10500 1803693
9369 10500 1803835
9369 10500 1804039
321 10152 1814173
4713 10500 1820563
5396 10152 1823938
6371 10500 1824474
7987 10152 1824688
926 10107 1829386
4796 10152 1831593
4796 10152 1832428
4796 10152 1833509
321 10152 1836998
2107 10152 1843840
2107 10152 1844774
2107 10152 1845645
2107 10152 1846578
5198 10500 1851035
6196 10152 1851843
8067 10107 1852162
6489 10500 1859488
2369 10107 1860485
8067 10107 1860672
8067 10107 1861409
8067 10107 1861464
9851 10107 1863755
8067 10107 1865102
6196 10152 1872630
8389 10152 1873775
6371 10500 1874644
1711 10500 1874755
1550 10500 1874778
926 10107 1876903
9851 10107 1879299
926 10107 1880436
2763 10152 1884943
9863 10152 1885250
9369 10500 1887348
9369 10500 1887427
9369 10500 1887587
9369 10500 1887661
6495 10071 1892124
6371 10500 1894198
4713 10500 1894576
9793 10152 1897062
3025 10500 1900857
1206 10152 1903450
6977 10152 1906284
8905 10152 1906358
6977 10152 1907176
6977 10152 1908115
8905 10152 1909375
5232 10152 1909910
5350 10152 1910419
5396 10152 1911084
6977 10152 1913082
5232 10152 1913954
907 10152 1914042
6977 10152 1915138
926 10107 1915403
4753 10152 1919905
6905 10152 1923849
6905 10152 1924509
6905 10152 1925120
6977 10152 1927769
8905 10152 1927940
6977 10152 1929543
9369 10500 1930018
9369 10500 1930103
9369 10500 1930156
2107 10152 1930202
9369 10500 1930248
9369 10500 1930358
9369 10500 1930404
9369 10500 1930441
9369 10500 1930488
6977 10152 1930500
9369 10500 1930551
9369 10500 1930659
2107 10152 1931136
2107 10152 1932286
8380 10152 1934058
2763 10152 1934431
8380 10152 1934716
2107 10152 1934756
7271 10152 1935203
8380 10152 1935314
6196 10152 1935947
8380 10152 1935959
5198 10500 1937129
2369 10107 1940434
9851 10107 1946318
6197 10107 1951985
5396 10152 1955353
3025 10500 1955737
1711 10500 1960319
2230 10500 1961348
321 10152 1963230
6197 10107 1963386
6197 10107 1963388
6489 10500 1964867
2369 10107 1964900
6197 10107 1966112
6197 10107 1966112
5219 10152 1968726
926 10107 1969089
6647 10500 1969310
6647 10500 1970486
6647 10500 1971102
2369 10107 1972974
4713 10500 1982861
5350 10152 1993001
5396 10500 1993909
5396 10500 1993962
926 10107 1995092
926 10107 1997138
5232 10152 1999441
6977 10152 2000974
5232 10152 2001433
6977 10152 2001721
5350 10152 2001879
8905 10152 2002213
6977 10152 2002418
1629 10152 2002550
8905 10152 2003157
1629 10152 2003816
9160 10152 2004396
9160 10152 2005052
9160 10152 2005805
9904 10500 2005886
5232 10152 2006144
9160 10152 2006565
1629 10152 2006742
6905 10152 2006865
9160 10152 2007402
1629 10152 2007714
9160 10152 2008073
9160 10152 2008761
8905 10152 2008971
9160 10152 2009424
9904 10500 2009668
1629 10152 2009764
9160 10152 2010052
9160 10152 2010656
9160 10152 2011301
9160 10152 2011966
8905 10152 2012109
6905 10152 2012406
8380 10152 2012454
9160 10152 2012836
5350 10152 2012882
8380 10152 2013139
9160 10152 2013517
8380 10152 2013820
9160 10152 2014171
9904 10500 2014464
8380 10152 2015015
9160 10152 2015023
7271 10152 2015256
8380 10152 2015982
8905 10152 2016166
1629 10152 2016405
6196 10152 2016421
5198 10500 2016421
8380 10152 2016709
5350 10152 2017162
8380 10152 2017870
2107 10152 2017984
9160 10152 2018054
7271 10152 2018217
9160 10152 2018670
2107 10152 2018810
7987 10152 2018810
9160 10152 2019320
6196 10152 2019337
8380 10152 2019384
2107 10152 2019546
9160 10152 2019999
8380 10152 2020087
2107 10152 2020615
9160 10152 2020702
1760 10152 2021435
9160 10152 2021660
2107 10152 2021993
1760 10152 2022227
9160 10152 2022401
6196 10152 2022637
1760 10152 2023006
9160 10152 2023545
1760 10152 2023935
9160 10152 2024212
1760 10152 2024690
9160 10152 2024847
6817 10152 2024919
1760 10152 2025294
9160 10152 2025612
9904 10500 2025785
6898 10604 2025920
1760 10152 2026238
9160 10152 2026589
9904 10152 2027043
9160 10152 2027909
9904 10152 2028585
9160 10152 2028637
9160 10152 2029299
9160 10152 2030042
9160 10152 2031103
9904 10500 2031888
2763 10152 2032078
9160 10152 2032189
9160 10152 2032845
9160 10152 2033934
9160 10152 2034936
6371 10500 2036503
5219 10152 2038399
2230 10500 2039554
4753 10152 2042799
6196 10152 2045493
9904 10152 2045763
1711 10500 2045950
9851 10107 2046797
9904 10152 2046883
9904 10152 2047584
5219 10152 2047994
9904 10500 2048332
5282 10152 2048545
9904 10500 2048942
6495 10071 2051318
6489 10500 2052290
5282 10152 2052305
6197 10107 2052565
6197 10107 2053152
6197 10107 2053153
2230 10500 2056667
2369 10107 2057607
4713 10500 2066516
926 10107 2070835
9863 10152 2073870
6030 10439 2078865
5350 10152 2079125
926 10107 2079927
8905 10152 2081549
6030 10439 2081767
8380 10152 2083259
8380 10152 2084146
3227 10152 2084930
8380 10152 2086079
8905 10152 2086083
5232 10152 2086281
3227 10152 2086612
8380 10152 2087437
8380 10152 2088130
9160 10152 2089914
9160 10152 2091201
9904 10152 2091265
9904 10500 2091339
9160 10152 2091938
9160 10152 2092575
5232 10152 2093170
9160 10152 2093349
9160 10152 2094009
5501 10152 2094648
5501 10152 2095768
3025 10500 2096289
9160 10152 2096380
9160 10152 2097235
9160 10152 2097853
6977 10152 2097859
9160 10152 2098576
2763 10152 2099543
6977 10152 2099675
9160 10152 2099883
2230 10500 2099915
6977 10152 2100431
9160 10152 2100701
7271 10152 2101132
9160 10152 2101390
3227 10152 2102289
6196 10152 2102747
2369 10107 2102978
2107 10152 2103001
2107 10152 2103838
6196 10152 2104437
9160 10152 2104737
8905 10152 2105175
2107 10152 2105614
9160 10152 2105933
2107 10152 2106363
7987 10152 2106727
9160 10152 2107095
5198 10500 2107857
7271 10152 2108358
9160 10152 2108439
7271 10152 2109037
2369 10107 2109115
9160 10152 2109135
8905 10152 2109321
9160 10152 2110213
9160 10152 2111247
9160 10152 2112061
1760 10152 2112279
9160 10152 2112888
1760 10152 2112889
1760 10152 2113597
9160 10152 2113611
6489 10500 2113725
9160 10152 2114372
9160 10152 2115041
9160 10152 2115745
9160 10152 2116474
9160 10152 2117918
9160 10152 2119437
9160 10152 2120068
3025 10500 2120296
9160 10152 2120728
2230 10152 2122467
2230 10152 2122548
2230 10152 2122637
8389 10152 2123372
5219 10152 2127344
8389 10152 2129082
6196 10152 2133377
6371 10500 2133440
1711 10500 2134060
6196 10152 2138495
6197 10107 2140160
926 10107 2140527
4713 10500 2149125
6495 10071 2153714
6495 10071 2157299
6030 10439 2162745
3227 10152 2166569
8380 10152 2168177
8380 10152 2168783
8905 10152 2169061
8380 10152 2169879
8380 10152 2170752
5232 10152 2171243
8380 10152 2171540
8380 10152 2172364
3227 10152 2172590
8380 10152 2173120
8905 10152 2173391
5232 10152 2173421
1711 10500 2173909
8380 10152 2174082
1629 10152 2175831
3227 10152 2176382
5232 10152 2177435
1629 10152 2177704
9160 10152 2177741
1629 10152 2178340
9160 10152 2178347
9160 10152 2179063
8905 10152 2179762
9160 10152 2179823
1629 10152 2180358
9160 10152 2180450
9160 10152 2181184
2230 10500 2181321
9160 10152 2181864
9160 10152 2182462
1629 10152 2183083
9160 10152 2183136
1629 10152 2183718
9160 10152 2183757
3025 10500 2184286
9160 10152 2184408
9160 10152 2185267
8380 10152 2185817
9160 10152 2185890
9160 10152 2186567
9160 10152 2187246
8905 10152 2187956
8380 10152 2187987
8380 10152 2188701
2107 10152 2189799
3025 10500 2190059
6817 10152 2190295
2107 10152 2190764
6977 10152 2190930
9160 10152 2190960
2107 10152 2191547
9160 10152 2191673
6817 10152 2192182
9160 10152 2192379
2107 10152 2192396
9160 10152 2193170
8380 10152 2193246
6817 10152 2193368
9160 10152 2193959
6196 10152 2194095
6196 10152 2195390
5350 10152 2196688
6196 10152 2198346
5198 10500 2198835
6817 10152 2199416
1711 10500 2200419
6817 10152 2201718
2369 10107 2203179
8067 10107 2205483
2763 10152 2208438
6371 10500 2210088
6371 10152 2210352
3025 10500 2210720
6647 10500 2211335
6197 10107 2211575
6647 10500 2212257
9724 10152 2213549
8389 10152 2214693
6197 10107 2215156
6647 10500 2215568
4753 10152 2216047
5219 10152 2216681
1711 10500 2218903
8067 10107 2221259
8067 10107 2221678
9904 10500 2225221
6197 10107 2225665
6197 10107 2232592
6489 10500 2232805
5219 10152 2234700
2369 10107 2236610
6495 10071 2236754
4713 10500 2242623
2369 10107 2243950
8380 10152 2253368
3227 10152 2254267
6977 10152 2257010
8380 10152 2258594
5232 10152 2259192
8905 10152 2260358
8380 10152 2260529
8380 10152 2261376
1760 10152 2263401
8380 10152 2263427
8905 10152 2263963
1760 10152 2264257
1760 10152 2265059
1206 10152 2269345
8905 10152 2270487
8380 10152 2270692
9904 10500 2270951
8380 10152 2271729
8380 10152 2272494
6977 10152 2273371
8905 10152 2274196
8380 10152 2274595
8067 10107 2274969
8380 10152 2275667
6977 10152 2275770
530 10673 2276147
2107 10152 2276672
2107 10152 2277579
8380 10152 2277622
2107 10152 2278334
2107 10152 2279370
5501 10152 2280217
6977 10152 2280272
1711 10500 2281456
5198 10500 2281519
8067 10107 2281617
7271 10152 2282204
7987 10152 2282731
5350 10152 2283201
5501 10152 2284464
9904 10500 2288909
4753 10152 2288915
4753 10152 2290857
907 10152 2290868
4753 10152 2291638
4753 10152 2291931
6489 10500 2292931
8067 10107 2293668
9904 10152 2294219
9904 10500 2294279
8067 10107 2294353
1711 10500 2295988
3025 10500 2298989
6371 10500 2299078
8067 10107 2300441
2763 10152 2304047
8067 10107 2305355
8067 10107 2305994
2369 10107 2308213
9851 10107 2308680
9904 10500 2308934
1711 10500 2309110
6197 10107 2311574
6647 10500 2313546
6197 10107 2316710
6495 10071 2319943
1550 10500 2323722
6495 10071 2323761
6495 10071 2329083
6495 10071 2330254
6495 10071 2331331
4713 10500 2338648
8905 10152 2339013
5232 10152 2343659
8905 10152 2345371
3227 10152 2345378
1629 10152 2349722
1629 10152 2350361
1629 10152 2352929
1629 10152 2353596
2904 10107 2354110
926 10107 2355699
1629 10152 2358619
926 10107 2359436
2369 10107 2360791
3227 10152 2360956
3025 10500 2361063
2107 10152 2362870
321 10152 2362957
2107 10152 2363627
8067 10107 2363981
5198 10500 2364024
2107 10152 2364578
2107 10152 2366107
6817 10152 2366157
6817 10152 2366993
9904 10500 2367347
1760 10152 2367955
1760 10152 2368751
907 10152 2369841
3227 10152 2369939
6489 10500 2370265
1760 10152 2370871
9851 10107 2373557
9851 10107 2374685
8067 10107 2376900
8067 10107 2377151
4753 10152 2377309
9904 10500 2379845
321 10152 2380656
2763 10152 2381860
9851 10107 2382349
1550 10500 2385875
5396 10152 2386030
5396 10500 2386520
6647 10500 2389456
8067 10107 2389924
5219 10152 2389928
9904 10500 2402637
926 10107 2404974
9851 10107 2409644
9851 10107 2410321
9851 10107 2413220
9851 10107 2416740
9851 10107 2418319
6495 10071 2419012
9987 10752 2420239
501 10107 2428683
4713 10500 2430545
907 10152 2432780
321 10152 2438861
321 10152 2439739
6196 10152 2440773
6196 10152 2443621
907 10152 2443630
6196 10152 2444565
321 10152 2447661
9904 10500 2450013
2107 10152 2451112
2107 10152 2452520
5198 10500 2453090
2107 10152 2453301
6196 10152 2453725
9851 10107 2453763
2107 10152 2454350
7987 10152 2455858
8067 10107 2459377
9851 10107 2462951
9851 10107 2464330
3025 10500 2464646
501 10107 2465075
4753 10152 2466250
321 10152 2468880
2763 10152 2468980
7987 10152 2471095
99 10152 2471415
7271 10152 2471978
321 10152 2474958
9793 10673 2478556
8067 10107 2482462
1711 10500 2485963
8830 10500 2489055
8830 10500 2489877
6495 10071 2493647
5934 10354 2495468
7271 10152 2495766
6371 10500 2496297
6371 10500 2496336
4713 10500 2500659
6489 10500 2505089
602 10071 2507733
3025 10500 2510523
9851 10107 2512921
1206 10152 2513334
8380 10152 2513358
3227 10152 2514295
5232 10152 2514646
8380 10152 2515142
8380 10152 2515913
5232 10152 2517549
9793 10673 2518204
3227 10152 2518636
8905 10152 2519643
8905 10152 2520571
9838 10152 2520587
1760 10152 2522014
1760 10152 2522799
907 10152 2523587
6196 10152 2528815
1760 10152 2530062
926 10107 2530161
9160 10152 2531678
9160 10152 2532455
1760 10152 2533086
9160 10152 2533272
8380 10152 2533438
8380 10152 2534299
8380 10152 2535219
8380 10152 2536543
8380 10152 2537318
9160 10152 2537744
2107 10152 2538409
2107 10152 2539208
7680 10152 2539310
1760 10152 2539353
1760 10152 2540402
2107 10152 2540629
1760 10152 2541198
5198 10500 2541489
5501 10152 2541579
6905 10152 2542691
5501 10152 2543901
5501 10152 2544750
5501 10152 2545847
1760 10152 2546974
5501 10152 2547483
1550 10500 2554049
3025 10500 2554097
3025 10500 2554124
2763 10152 2556144
4845 10152 2556220
6647 10500 2556534
6197 10107 2557203
6647 10500 2557404
2369 10107 2557437
1711 10500 2559267
5219 10152 2565417
6489 10500 2565599
9851 10107 2566241
6197 10107 2567371
9851 10107 2568537
8067 10107 2573284
8067 10107 2573344
926 10107 2574483
6197 10107 2575506
6495 10071 2575601
6495 10071 2575618
4753 10152 2576681
9369 10500 2578361
9369 10500 2578427
9369 10500 2578468
9369 10500 2578492
9369 10500 2578551
9369 10500 2578574
9369 10500 2578597
9369 10500 2578616
9369 10500 2578716
9369 10500 2578734
9369 10500 2578760
9369 10500 2578790
9369 10500 2578808
9369 10500 2578981
9369 10500 2579013
9369 10500 2579029
9369 10500 2579049
9369 10500 2579079
9369 10500 2579150
9369 10500 2579176
9369 10500 2579191
9369 10500 2579219
9369 10500 2579265
9369 10500 2579308
9369 10500 2579341
9369 10500 2579364
9369 10500 2579397
9369 10500 2579413
9369 10500 2579499
9369 10500 2579556
9369 10500 2579638
9369 10500 2579679
9369 10500 2579712
9369 10500 2579751
9369 10500 2579820
9369 10500 2579835
9369 10500 2579891
9369 10500 2579991
9369 10500 2580006
9369 10500 2580024
9369 10500 2580041
9369 10500 2580069
5219 10152 2581962
4713 10500 2583979
9851 10107 2585379
6495 10071 2586617
321 10152 2589413
6977 10152 2597075
6647 10500 2597257
907 10152 2597936
5232 10152 2601456
8380 10152 2602107
8380 10152 2603101
8380 10152 2603804
4753 10152 2604301
5232 10152 2604946
9160 10152 2610339
9160 10152 2610973
6196 10152 2611491
9160 10152 2612152
9160 10152 2613324
9160 10152 2614911
1629 10152 2614929
9160 10152 2615584
9160 10152 2616305
9160 10152 2616946
9160 10152 2617722
9160 10152 2618599
926 10107 2618883
5232 10152 2619258
9160 10152 2619299
3227 10152 2619622
321 10152 2619958
9160 10152 2619967
9160 10152 2623297
9160 10152 2624039
9904 10500 2624582
9160 10152 2624836
2107 10152 2625128
9160 10152 2625553
2107 10152 2626005
5198 10500 2626209
9160 10152 2626408
2107 10152 2626650
9160 10152 2627100
2107 10152 2627286
9160 10152 2627830
6905 10152 2628397
9160 10152 2628610
6905 10152 2629036
9160 10152 2629320
6817 10152 2630082
9160 10152 2630140
9160 10152 2630862
9160 10152 2632171
9160 10152 2632878
9904 10500 2633526
5350 10152 2633694
9160 10152 2634239
9160 10152 2634934
6371 10500 2635256
9160 10152 2635574
9160 10152 2636223
9160 10152 2636943
9160 10152 2637565
9160 10152 2638170
9160 10152 2638768
9160 10152 2639518
9160 10152 2640126
6197 10107 2640875
321 10152 2641663
2763 10152 2643476
1550 10500 2645308
2230 10500 2645753
1711 10500 2645859
9063 10152 2645922
6489 10500 2647000
9904 10500 2648176
5396 10152 2649362
6197 10107 2649555
4753 10152 2650284
4753 10152 2653620
6196 10152 2653792
1711 10500 2653833
6196 10152 2655026
4753 10152 2655856
4753 10152 2656317
6197 10107 2667257
7271 10152 2670319
4713 10500 2673343
7987 10152 2677131
