417 10005 3137
780 10005 6754
1187 10005 12006
1187 10005 12532
1187 10005 13054
1187 10005 14411
1369 10420 14666
1187 10005 18166
3229 10005 51369
3229 10005 92235
3229 10005 92647
1369 10420 100405
5783 10005 133909
417 10005 137613
417 10005 138188
1187 10005 149319
1187 10005 150594
1369 10420 154382
5891 10426 159406
3229 10005 165117
5647 10420 183006
1369 10420 187048
5299 10265 207841
780 10005 208541
5833 10005 218888
5783 10005 220484
417 10005 224638
417 10005 224986
417 10005 225543
3229 10005 227328
3229 10005 232163
3229 10005 238541
1369 10420 242291
3229 10005 257057
1369 10420 276445
5783 10005 281056
780 10005 298239
417 10005 309376
417 10005 310094
417 10005 310610
417 10005 311221
417 10005 311582
5783 10005 314969
1187 10005 326548
1187 10005 326750
417 10005 332720
8005 10005 351197
8006 10005 351327
8013 10005 352713
780 10254 356486
1369 10420 371296
780 10005 383544
8112 10005 384271
8005 10005 384285
5783 10005 395392
5783 10005 395560
3229 10005 395863
417 10005 397092
8159 10005 397474
8159 10005 397905
8159 10005 398833
6419 10005 406007
1369 10420 408464
8159 10005 411270
8112 10005 419057
5891 10005 421736
8159 10005 440153
8159 10005 440220
3229 10005 451423
1369 10420 456958
8159 10005 457187
8159 10005 457357
8159 10005 459543
8159 10005 460931
8159 10005 471588
8159 10005 471768
8159 10005 471891
8159 10005 472111
8112 10005 473137
8159 10005 473993
8159 10005 475524
8159 10005 475627
8159 10005 477178
8159 10005 477751
8159 10005 478217
8159 10005 478761
8159 10005 479065
8159 10005 480295
8159 10005 480342
3229 10005 481208
3229 10005 482033
3229 10005 482430
3229 10005 482640
3229 10005 482848
3229 10005 482957
8159 10005 483640
417 10005 484560
8159 10005 485068
8159 10005 490751
8159 10005 490859
8159 10005 494724
8159 10005 494893
8159 10005 495040
8159 10005 495137
8159 10005 495184
8159 10005 496855
8159 10005 497177
8159 10005 497506
3229 10005 498490
8112 10005 499052
1369 10420 503534
8159 10005 529586
8159 10005 530452
8159 10005 530656
8159 10005 530947
8159 10005 531108
3229 10005 531231
8159 10005 531361
8159 10005 531641
8159 10005 531704
8159 10005 531861
1187 10005 532209
8557 10005 532307
417 10005 532705
417 10005 532950
417 10005 533437
1187 10005 533567
1187 10005 534156
1187 10005 535859
1187 10005 536957
3229 10005 551295
8159 10005 555078
8159 10005 555186
8159 10005 555451
8159 10005 561825
8159 10005 562073
8159 10005 562241
8159 10005 562615
8159 10005 562886
6028 10005 569007
417 10005 570221
417 10005 570938
8159 10005 573245
8159 10005 573393
1187 10005 573545
8159 10005 573730
8159 10005 574020
3229 10005 577032
8159 10005 578403
8159 10005 578686
8159 10005 580185
8112 10005 580188
1369 10420 580917
8159 10005 581821
8159 10005 581884
8159 10005 582041
8005 10005 582083
8112 10005 582326
8159 10005 582498
8159 10005 583229
8159 10005 585073
1187 10005 589303
1187 10005 589904
1187 10005 595800
1187 10005 596378
8323 10511 596960
1187 10005 597117
1187 10005 597727
1187 10005 598235
8013 10005 598700
1187 10005 599341
1187 10005 600470
1187 10005 601417
1187 10005 601892
8557 10005 603158
1187 10005 611773
3229 10005 620710
6419 10005 620929
3229 10005 656511
417 10005 656645
417 10005 656726
417 10005 656899
417 10005 657090
417 10005 657174
417 10005 657194
3229 10005 658672
3229 10005 658953
3229 10005 659021
3229 10005 659102
3229 10005 659252
1187 10005 668412
1187 10005 668504
1187 10005 668587
1187 10005 669659
1187 10005 670846
1369 10420 678998
3229 10005 694406
8557 10005 694551
3229 10005 694604
8557 10005 699366
8557 10005 700738
8013 10005 701152
8557 10005 702701
8557 10005 702783
8557 10005 703156
8557 10005 706176
1369 10420 708546
8005 10005 709694
3229 10005 729949
3229 10005 730047
3229 10005 730325
3229 10005 730432
8112 10005 734975
8112 10005 735866
8112 10005 737575
417 10005 743679
417 10005 743859
417 10005 744155
3229 10005 744164
3229 10005 744245
3229 10005 744337
417 10005 744439
3229 10005 744660
417 10005 744982
1187 10005 753025
1187 10005 753071
1187 10005 753410
1369 10420 757464
1187 10005 758469
1187 10005 760265
2028 10648 761295
6419 10005 767625
3229 10005 768724
3229 10005 775021
3229 10005 775041
8006 10005 785970
1369 10420 790541
8005 10005 796244
3229 10005 802498
3229 10005 802559
8112 10005 821777
417 10005 828714
417 10005 829236
417 10005 829301
417 10005 829494
417 10005 829635
417 10005 830216
3229 10005 831873
3229 10005 831947
6419 10005 835985
5783 10005 837491
1369 10420 838517
8557 10005 844168
1187 10005 849407
1187 10005 850183
8006 10005 852554
8006 10005 853271
8006 10005 853983
1187 10005 854280
1187 10005 854808
1187 10005 855261
6321 10005 867886
7880 10005 871275
1187 10005 877561
5783 10005 880373
963 10270 880809
3229 10005 921532
3229 10005 921622
3229 10005 921669
3229 10005 921823
3229 10005 921939
1187 10005 923024
3229 10005 923143
3229 10005 923154
1187 10005 923418
1187 10005 923644
1187 10005 924514
1187 10005 926009
8557 10005 926109
6419 10005 927879
1187 10005 929500
1369 10420 930026
1187 10005 930955
1187 10005 931813
8557 10005 959992
8006 10005 960784
8557 10005 961572
1369 10420 963575
1187 10005 964174
8557 10005 964772
1187 10005 965024
1187 10005 967468
5783 10005 969601
780 10005 978594
8005 10005 988456
3229 10005 995698
3229 10005 995970
3229 10005 996143
3229 10005 996208
3229 10005 996310
3229 10005 1000512
3229 10005 1000520
3229 10005 1003386
3229 10005 1009707
3229 10005 1009861
2028 10648 1016124
3229 10005 1016978
1187 10005 1018900
1187 10005 1019930
9315 10005 1023306
6340 10005 1040235
6697 10005 1043547
6419 10005 1043786
8005 10005 1046752
8005 10005 1047630
1369 10420 1050148
8005 10005 1051221
1187 10005 1052383
6419 10005 1052942
1187 10005 1053032
1187 10005 1056298
9315 10005 1066510
8005 10005 1080956
3229 10005 1085501
417 10005 1087996
5783 10005 1088016
417 10005 1088066
417 10005 1088165
417 10005 1088294
417 10005 1088520
3229 10005 1089851
3229 10005 1089947
3229 10005 1092491
3229 10005 1092819
6419 10005 1095990
6419 10005 1097786
8557 10005 1097979
5783 10005 1098783
6419 10005 1100762
8006 10005 1101209
1187 10005 1101882
6419 10005 1102116
1187 10005 1103018
1187 10005 1104598
1369 10420 1110765
780 10005 1130481
1187 10005 1133018
1187 10005 1137167
1187 10005 1141358
1187 10005 1141621
1187 10005 1141712
1187 10005 1141837
8005 10005 1143479
1187 10005 1144552
8005 10005 1144599
3229 10005 1169013
417 10005 1174321
417 10005 1174862
417 10005 1175539
2028 10648 1177202
5783 10005 1181138
6697 10005 1183665
3229 10005 1184880
3229 10005 1184974
3229 10005 1185060
3229 10005 1185098
3229 10005 1185299
8013 10005 1186891
1187 10005 1187687
1187 10005 1189476
1187 10005 1190917
1369 10420 1199065
3229 10005 1202005
780 10005 1202230
3229 10005 1205369
780 10005 1214565
3229 10005 1216854
8557 10005 1220268
1187 10005 1221776
1187 10005 1221911
1187 10005 1222453
1187 10005 1222725
3229 10005 1236283
3229 10005 1236620
3229 10005 1236742
3229 10005 1236928
3229 10005 1236995
3229 10005 1237320
3229 10005 1237542
3229 10005 1237803
3229 10005 1237892
3229 10005 1237936
3229 10005 1238127
3229 10005 1238296
3229 10005 1238478
3229 10005 1238666
3229 10005 1238805
3229 10005 1252435
780 10005 1262237
417 10005 1263034
417 10005 1263164
417 10005 1263288
3229 10005 1263387
5783 10005 1263389
3229 10005 1263509
3229 10005 1263574
417 10005 1263693
3229 10005 1263843
417 10005 1263954
3229 10005 1263966
3229 10005 1264157
3229 10005 1264252
3229 10005 1264615
3229 10005 1264969
1187 10005 1272233
1187 10005 1273008
1187 10005 1274974
1187 10005 1278077
417 10005 1302995
8557 10005 1307795
6419 10005 1308448
6419 10005 1308581
8557 10005 1312610
8557 10005 1312862
8557 10005 1314644
1187 10005 1317122
1187 10005 1318467
3229 10005 1338621
3229 10005 1338659
5783 10005 1338806
3229 10005 1339247
3229 10005 1339339
3229 10005 1339932
3229 10005 1343122
3229 10005 1343281
3229 10005 1343345
3229 10005 1343549
3229 10005 1343594
3229 10005 1343775
3229 10005 1344199
3229 10005 1344245
3229 10005 1344381
3229 10005 1345342
417 10005 1346183
417 10005 1347853
417 10005 1348402
417 10005 1348476
9315 10005 1357611
1369 10420 1358149
9315 10005 1358342
1187 10005 1359544
1187 10005 1360170
1187 10005 1360299
1187 10005 1360675
1187 10005 1360920
1187 10005 1361370
1187 10005 1362544
1187 10005 1367623
4613 10426 1382008
3229 10005 1383853
3229 10005 1383925
6340 10005 1385033
6340 10005 1385884
7239 10486 1386669
6340 10005 1390232
6340 10005 1390293
8006 10005 1391571
3229 10005 1392543
3229 10005 1392597
3229 10005 1392637
3229 10005 1392920
3229 10005 1393039
3229 10005 1393189
1187 10005 1395612
3229 10005 1395685
3229 10005 1395922
1187 10005 1403059
1369 10420 1412534
417 10005 1433754
1369 10420 1435907
417 10005 1436792
5783 10005 1441621
6697 10005 1447353
7239 10312 1447445
8006 10005 1448180
1187 10005 1449617
1187 10005 1451827
8006 10005 1451926
8006 10005 1452742
8006 10005 1452888
8006 10005 1453058
1187 10005 1453121
646 10648 1454817
9224 10898 1469187
5783 10005 1472571
780 10005 1478504
5783 10005 1480470
5783 10005 1484038
9315 10005 1484327
1187 10005 1485582
1187 10005 1485987
1369 10420 1486120
1187 10005 1486550
9315 10005 1493581
417 10005 1519561
417 10005 1519779
417 10005 1520088
417 10005 1520274
417 10005 1520730
417 10005 1520979
417 10005 1521906
1187 10005 1530015
9315 10005 1530243
1187 10005 1530851
780 10005 1530880
1187 10005 1531487
1187 10005 1531946
1187 10005 1532006
9315 10005 1532484
1187 10005 1532846
9315 10005 1534768
780 10005 1538377
9315 10005 1539144
9315 10005 1539855
9315 10005 1539930
9315 10005 1540471
780 10005 1540964
6697 10005 1542971
8006 10005 1543575
9315 10005 1544030
9315 10005 1545619
9315 10005 1547238
9315 10005 1550485
1187 10005 1571918
1187 10005 1572587
9315 10005 1585789
9315 10005 1585923
1369 10420 1590220
417 10005 1607455
417 10005 1607521
417 10005 1607797
417 10005 1608044
417 10005 1608375
8005 10005 1615402
7239 10486 1617421
7239 10486 1617685
7239 10486 1619673
8112 10005 1620929
8006 10005 1623268
8006 10005 1626946
780 10005 1628614
1369 10420 1632586
780 10005 1645401
8557 10005 1647729
8557 10005 1649977
8557 10005 1650733
1187 10005 1656389
1187 10005 1657766
1187 10005 1658848
8112 10005 1671548
8112 10005 1672563
8112 10005 1679125
9022 10005 1683360
417 10005 1692493
417 10005 1693330
417 10005 1693478
417 10005 1693571
417 10005 1694050
9315 10005 1709238
5783 10005 1710348
5783 10005 1710698
646 10648 1713427
1187 10005 1747157
1187 10005 1748672
780 10005 1774523
8557 10005 1780595
8006 10005 1801107
8557 10005 1801191
780 10005 1815450
1187 10005 1822960
1187 10005 1823687
1187 10005 1824534
1187 10005 1824936
1187 10005 1830903
1187 10005 1831325
1187 10005 1834324
1187 10005 1835090
417 10005 1867716
417 10005 1867893
417 10005 1868025
1369 10420 1868292
417 10005 1868298
417 10005 1868761
8557 10005 1869051
1187 10005 1875126
1187 10005 1876756
1187 10005 1878289
1187 10005 1878971
1187 10005 1880253
8006 10005 1880851
1187 10005 1881778
1248 10648 1882626
1187 10005 1882834
8006 10005 1900916
780 10005 1909390
5783 10005 1909417
9624 10005 1914738
1187 10005 1918921
1187 10005 1919112
1187 10005 1922114
8112 10005 1945690
8112 10005 1946778
417 10005 1953184
417 10005 1954353
417 10005 1954522
1187 10005 1968804
8006 10005 1971279
8006 10005 1971361
780 10005 1971519
8013 10005 1985872
8557 10005 1998204
1187 10005 2000944
417 10005 2038825
417 10005 2039176
417 10005 2039332
417 10005 2039479
417 10005 2039802
417 10005 2040188
5891 10005 2042612
2028 10648 2048734
417 10005 2049640
9315 10005 2060851
8006 10005 2060918
9315 10005 2060971
8006 10005 2062271
1187 10005 2075431
1187 10005 2077171
1187 10005 2077272
1187 10005 2083349
1187 10005 2086255
7860 10177 2087591
1187 10005 2089018
8112 10005 2109830
8112 10005 2111188
417 10005 2125512
417 10005 2125940
417 10005 2126138
417 10005 2126619
417 10005 2126830
1187 10005 2134791
8006 10005 2135034
1187 10005 2137174
7239 10005 2137290
8006 10005 2138752
8006 10005 2138923
8006 10005 2140319
8006 10005 2140761
2028 10648 2140767
9925 10420 2161987
9925 10420 2165930
8557 10005 2169170
417 10005 2179939
417 10005 2181148
8112 10005 2202737
780 10005 2204193
8112 10005 2208854
417 10005 2213498
417 10005 2214082
417 10005 2214196
417 10005 2214286
417 10005 2214635
417 10005 2214759
9917 10005 2217217
780 10005 2221170
7551 10648 2222847
2028 10648 2226683
8112 10005 2235321
1187 10005 2237337
8006 10005 2237644
780 10005 2240287
8006 10005 2243839
9925 10420 2244771
9315 10005 2247830
8013 10005 2248281
8013 10005 2249010
8013 10005 2253303
9935 10648 2253844
5783 10005 2258467
6697 10005 2259902
9925 10420 2260270
8013 10005 2262749
8557 10005 2262752
9315 10005 2274723
8159 10005 2279399
780 10005 2281311
8112 10005 2286843
2028 10648 2294790
5633 10005 2295550
417 10005 2297811
417 10005 2297918
417 10005 2298163
7860 10177 2298319
5633 10005 2299502
9315 10005 2308410
9315 10005 2308832
9624 10005 2310704
8006 10005 2315462
8006 10005 2316214
8013 10005 2318932
9925 10420 2320253
9624 10270 2320305
8557 10005 2333165
8557 10005 2333762
8557 10005 2334908
8557 10005 2340717
9022 10005 2351522
9925 10420 2352481
8013 10005 2360553
8159 10005 2367646
8159 10005 2376508
8557 10005 2393534
5891 10005 2393643
8557 10005 2394295
8557 10005 2395440
9917 10265 2400029
780 10005 2405914
1187 10005 2421316
1187 10005 2422098
1187 10005 2424278
8557 10005 2431970
1187 10005 2436336
1187 10005 2436511
8159 10005 2443431
8112 10005 2447470
8112 10005 2463922
8112 10005 2465195
8557 10005 2481112
8013 10005 2499180
5783 10005 2506531
5783 10005 2511519
9925 10420 2512724
5783 10005 2524557
780 10005 2532729
8112 10005 2544351
8112 10005 2544707
9022 10005 2553726
9022 10005 2554255
9022 10005 2557770
8112 10005 2557895
5783 10005 2560824
3632 10254 2562038
6419 10005 2562976
8159 10005 2564221
417 10005 2564548
417 10005 2564745
417 10005 2565102
417 10005 2565226
1187 10005 2566163
1187 10005 2567197
1187 10005 2567619
8112 10005 2568002
8159 10005 2570302
8006 10005 2597583
8006 10005 2597920
8159 10005 2611587
8112 10005 2639049
8159 10005 2642466
417 10005 2643252
5783 10005 2644043
417 10005 2644269
8112 10005 2645333
417 10005 2645369
417 10005 2645996
417 10005 2646443
417 10005 2646623
417 10005 2646743
8112 10005 2648177
8159 10005 2649272
2028 10648 2651485
1187 10005 2653538
6340 10005 2653608
1187 10005 2654790
8112 10005 2658448
7520 10254 2664493
5783 10005 2665808
6419 10005 2669234
5783 10005 2676862
