746 10067 6348
12 10250 92310
6173 10537 147824
12 10250 167795
12 10250 196496
6173 10537 215733
6173 10537 231738
6173 10537 241865
2956 10343 250541
12 10250 282198
6101 10781 282855
6101 10781 283260
6173 10537 292587
6173 10537 299723
6173 10537 304843
6173 10537 308176
6173 10537 316097
7692 10537 352743
12 10250 361376
6173 10537 389169
6173 10537 392970
6173 10537 410602
12 10250 442284
6173 10537 468866
6567 10343 514300
6567 10343 514960
6567 10343 515596
7692 10537 568771
7692 10537 569133
12 10250 593236
7692 10537 614010
7692 10537 617659
7692 10537 618486
6101 10781 631348
7692 10537 673171
7692 10537 674870
5878 10911 705837
6567 10299 749209
4853 10299 760078
6101 10781 797472
2887 10393 814380
6101 10781 840755
6101 10781 890454
6101 10911 899518
7692 10537 899632
6257 10513 903620
6173 10537 909406
6173 10537 910918
6173 10537 911493
6173 10537 933160
6173 10537 933482
6173 10537 934138
2346 10250 979771
6101 10781 982221
6101 10781 986204
4755 10291 1011819
6101 10699 1065252
6101 10781 1072995
6101 10781 1074220
6173 10537 1079914
6173 10537 1083426
6173 10537 1083660
6173 10537 1087135
6173 10537 1087229
6173 10537 1093768
6173 10537 1097311
6567 10343 1113557
7692 10537 1131406
6101 10699 1141032
6173 10537 1162501
6101 10781 1236337
6101 10781 1246242
4558 10537 1301230
12 10250 1317310
6173 10537 1336310
6173 10537 1358886
6173 10537 1360525
6173 10537 1360634
8499 10250 1384028
6173 10537 1386635
6101 10781 1418427
6173 10537 1418953
6173 10537 1425053
6173 10537 1434490
6173 10537 1447571
6173 10537 1447606
6101 10911 1525002
6101 10781 1525389
6101 10781 1525888
6101 10911 1585926
6101 10781 1586653
6101 10781 1589260
6567 10299 1607404
6567 10299 1642410
9775 10513 1661615
6101 10911 1662786
6101 10781 1662803
6101 10781 1664419
9775 10513 1664771
6101 10781 1666268
6101 10781 1676097
6173 10537 1706952
2956 10393 1740489
6101 10699 1756005
6101 10781 1765598
6101 10781 1766008
6101 10781 1768789
6173 10537 1817530
9775 10911 1831296
6101 10911 1844251
6101 10781 1853467
3498 10919 1858354
6101 10781 1864916
6173 10537 1907165
6173 10537 1956181
6173 10537 1956467
7692 10537 1997894
6173 10537 2029847
9775 10911 2035980
6173 10537 2042304
9816 10781 2046021
9775 10911 2111467
6173 10537 2116819
6173 10537 2117599
6173 10537 2132271
6173 10537 2133601
6173 10537 2139338
6173 10537 2152544
9816 10911 2198854
6101 10781 2221753
6101 10911 2222316
6101 10781 2223037
6173 10537 2223713
6173 10537 2223982
6173 10537 2226427
6567 10299 2229750
6257 10911 2257222
6101 10911 2275744
6101 10781 2276446
7692 10537 2281895
6101 10781 2287008
4755 10291 2321604
3498 10919 2379803
1819 10911 2397187
4280 10393 2511430
6101 10781 2528523
6101 10513 2528529
4853 10944 2529920
6101 10911 2531020
6567 10343 2550010
6101 10781 2555743
6101 10781 2560342
6173 10537 2565031
6257 10513 2577662
6101 10911 2631160
6101 10781 2632639
6101 10781 2633919
3498 10919 2670130
