2311 10294 33762
2912 10637 55656
3887 10580 62560
2912 10637 63488
2311 10294 113624
2912 10637 139945
3887 10580 149468
6223 10637 152112
300 10637 158770
2311 10294 200730
5593 10341 211963
3945 10383 254118
2311 10294 262316
2733 10637 276334
3887 10580 290228
3887 10580 325180
2311 10294 325665
3887 10580 348708
2311 10294 374751
2311 10294 397769
6270 10427 406985
3945 10383 425917
2733 10637 433435
184 10427 434408
2733 10637 496015
2311 10294 507516
6630 10888 517331
7913 10744 521312
3887 10580 527110
3887 10580 532520
2311 10294 552126
6630 10888 552297
300 10458 588126
4144 10341 591007
2311 10294 637158
5593 10502 645754
5593 10341 645986
7247 10502 664434
7442 10458 671927
2311 10294 723721
5593 10341 732440
5593 10341 732550
5593 10502 732588
3945 10383 771764
2311 10294 798803
5593 10341 816988
5593 10341 817077
2311 10294 930522
7493 10637 936461
3945 10383 945831
2311 10294 979077
2311 10294 983267
5593 10341 990768
5593 10341 991048
5593 10341 991085
5593 10383 991292
2311 10294 1063535
9358 10427 1072608
5593 10341 1077597
7913 10637 1087638
9052 10580 1090291
2311 10294 1150019
5593 10341 1167619
5593 10383 1167710
8338 10580 1200361
6795 10741 1223103
2311 10294 1234599
472 10427 1245665
5593 10341 1246252
5593 10383 1248525
5593 10383 1249716
6630 10888 1269242
3631 10637 1279706
7913 10744 1286192
8309 10383 1316801
2311 10294 1323731
2311 10294 1361568
9086 10383 1374622
2311 10294 1409074
7247 10502 1424412
2311 10294 1501449
764 10637 1502889
9372 10294 1502923
5593 10341 1510647
5593 10341 1510742
5002 10294 1518079
7247 10502 1540471
7247 10502 1540505
3945 10383 1548793
2311 10294 1559380
8338 10888 1578929
3118 10502 1601810
7247 10383 1608284
7247 10502 1608674
2311 10294 1608761
9086 10383 1624876
3945 10383 1633950
5593 10341 1683879
3945 10383 1720773
9308 10832 1721265
9745 10294 1738458
9745 10294 1745653
9745 10294 1752860
2311 10294 1757747
9745 10294 1760074
5593 10341 1767692
5593 10341 1767752
9745 10294 1774480
9745 10294 1781671
7247 10502 1784979
9745 10294 1788878
9745 10294 1796084
9745 10294 1803268
3887 10580 1826798
2311 10294 1848138
5593 10341 1855039
3945 10383 1894075
764 10637 1912553
2733 10637 1933966
2311 10294 1934657
2311 10294 1942911
4144 10341 1964840
3945 10383 1981777
9086 10341 1986684
9745 10294 2019257
2311 10294 2022947
5593 10341 2026701
5593 10502 2026733
5593 10502 2027740
5593 10341 2027873
7247 10383 2058370
7247 10502 2059114
7247 10502 2059663
3945 10383 2068295
2311 10294 2101958
5593 10341 2114032
5593 10383 2114428
2912 10427 2117338
4716 10832 2131546
3945 10383 2154190
2311 10294 2189355
8203 10427 2191971
5593 10341 2200795
5593 10341 2201162
5593 10341 2201354
8121 10832 2213936
9052 10888 2242588
2311 10294 2278126
5593 10341 2286382
3118 10502 2291288
3945 10383 2325039
6630 10888 2341321
2311 10294 2361400
5593 10383 2373941
3945 10383 2415512
3945 10383 2416096
3945 10383 2417292
311 10637 2429351
2311 10294 2457324
5593 10341 2463405
3945 10383 2503084
2311 10294 2536214
3945 10383 2589075
3308 10637 2607179
2311 10294 2658245
3945 10383 2675494
933 10427 2677622
