235 10131 1515
694 10175 5793
1259 10023 13222
881 10311 19556
1818 10131 24267
694 10175 51675
3742 10733 64698
1259 10442 65163
1259 10442 65658
5280 10816 106544
5280 10816 139283
694 10175 159024
1733 10023 190805
6936 10175 202261
511 10905 218477
7298 10094 249205
1211 10023 277764
5280 10816 279665
511 10905 300257
7298 10094 301104
5701 10131 314727
694 10175 319444
1712 10733 329870
4437 10816 377704
511 10905 387985
5280 10816 399666
694 10175 425611
5511 10442 427861
4056 10905 440794
4056 10905 442926
636 10175 465621
5280 10816 475520
8143 10023 481545
235 10313 513869
235 10313 534164
636 10175 538935
5280 10816 551424
235 10313 565142
1945 10023 597259
235 10131 598930
2294 10311 623203
3826 10905 628260
3577 10442 662685
694 10175 691340
694 10175 696243
5280 10816 725652
4531 10023 766514
694 10175 774075
1733 10023 778622
694 10175 794865
5280 10816 888479
636 10442 892326
3341 10311 914351
694 10175 918858
5106 10606 929455
1170 10733 937994
9227 10952 945500
9227 10952 946583
9227 10952 947231
9227 10952 947848
694 10175 950062
5280 10816 968195
694 10175 1012690
4855 10131 1044098
694 10175 1046642
5280 10816 1054992
5280 10816 1062403
5701 10131 1084083
1733 10023 1095484
636 10442 1100106
694 10175 1118730
636 10175 1146201
694 10175 1173591
694 10175 1183748
694 10175 1220111
8795 10175 1260949
694 10175 1269090
1733 10023 1309049
5280 10816 1316533
8407 10023 1377093
488 10023 1392082
6722 10023 1392335
5280 10816 1401939
9334 10441 1404867
1733 10023 1483384
5280 10816 1488529
4437 10816 1520139
6294 10175 1541149
694 10175 1544121
694 10175 1547512
3344 10311 1552703
1733 10023 1572314
511 10094 1593949
8676 10094 1604875
5280 10816 1661822
8407 10023 1683783
694 10175 1695313
8407 10023 1697762
8407 10023 1725822
6736 10023 1728837
6736 10023 1729435
5280 10816 1759535
9227 10952 1778308
9227 10952 1778760
6736 10023 1826592
6736 10023 1828258
6648 10023 1833972
7209 10905 1834773
694 10175 1866318
694 10175 1866485
8407 10023 1881600
1733 10023 1882105
9227 10952 1892891
694 10175 1911517
7877 10175 1928631
694 10175 1947334
5280 10816 1954794
694 10175 1960257
694 10175 1963251
694 10175 1974204
4871 10441 1999499
5280 10816 2009458
5511 10442 2030295
6294 10175 2053626
9227 10952 2053854
636 10175 2100301
2478 10441 2115460
8407 10023 2132570
6294 10175 2147155
694 10175 2149679
5280 10816 2182213
694 10175 2248193
694 10175 2249015
3915 10175 2257932
3915 10175 2258119
5280 10816 2269985
3789 10175 2296127
694 10175 2316462
6722 10023 2364161
694 10175 2392025
9448 10094 2403222
5207 10442 2414867
511 10094 2425507
9227 10952 2428817
8407 10023 2474562
694 10175 2477152
694 10175 2489478
3577 10325 2493809
694 10175 2496149
9227 10952 2512080
5280 10816 2530966
1945 10023 2537804
7785 10905 2540218
9495 10175 2554246
6294 10175 2571853
6294 10175 2576391
5701 10131 2637685
