3081 10520 48772
460 10470 88925
460 10470 88985
5285 10520 106727
460 10470 149508
6543 10333 162973
7249 10600 235317
5245 10774 244266
778 10520 252345
460 10518 254473
460 10518 255144
460 10518 257346
6786 10774 260555
3169 10874 414647
778 10520 427725
460 10518 432304
8194 10385 440209
460 10518 511718
460 10518 515825
6543 10409 576632
8527 10871 595065
8725 10600 609586
6667 10409 849977
3510 10409 889756
777 10409 927942
8861 10774 945791
3081 10385 1030738
6085 10871 1287060
778 10520 1298440
8014 10333 1308889
8014 10333 1309497
3510 10409 1401609
1050 10470 1402150
1050 10470 1402395
778 10520 1451747
460 10518 1509001
4324 10712 1553525
4324 10712 1553805
112 10774 1571066
112 10774 1573113
1050 10470 1573644
1050 10774 1578226
7249 10600 1613108
6780 10385 1618179
460 10518 1637723
778 10520 1637776
6667 10409 1640121
7249 10600 1640849
1050 10470 1677068
4543 10774 1789404
4543 10774 1790002
4543 10774 1791183
8014 10333 1830405
8014 10333 1834052
9449 10385 1893602
9860 10518 1957189
5043 10774 1984406
1050 10470 2003055
9860 10600 2042579
7164 10600 2048862
6667 10409 2067772
1050 10470 2104583
7804 10712 2161342
9860 10470 2163262
778 10520 2169244
7546 10712 2237788
7823 10518 2243458
7823 10518 2244947
6626 10774 2250108
3081 10385 2419500
7249 10600 2426344
8014 10333 2511032
8014 10333 2511631
7249 10600 2527028
7249 10600 2595340
