766 10016 6610
2292 10016 33474
2507 10016 37681
2730 10016 42743
2730 10016 43552
766 10016 59538
766 10016 59688
766 10016 59971
766 10016 60191
766 10016 62440
3957 10344 63899
766 10016 68352
766 10016 69042
3957 10344 72005
4460 10113 74154
766 10016 76057
2507 10016 77212
766 10016 77866
3957 10344 78091
766 10016 78169
766 10016 80819
766 10016 83396
766 10016 94422
766 10016 95502
766 10016 100683
766 10016 103561
2292 10016 116322
5521 10113 121061
766 10016 125721
6047 10001 142837
6047 10001 143078
766 10016 143385
766 10016 143737
3957 10344 147228
3957 10344 153515
3957 10344 156063
2187 10016 161483
766 10016 162351
766 10016 162410
766 10016 162459
766 10016 162533
766 10016 162782
766 10016 164376
6587 10016 165326
766 10016 165956
766 10016 166260
766 10016 168248
766 10016 168696
766 10016 169289
766 10016 173277
766 10016 174111
766 10016 174315
766 10016 179665
766 10016 181945
6047 10001 187441
3957 10344 188503
766 10016 190404
5521 10113 191795
3957 10344 192690
6047 10001 198787
6047 10001 198943
6047 10001 199073
6047 10001 199219
2292 10016 202927
6587 10016 203649
6587 10016 211481
766 10016 211935
2730 10016 214598
2730 10016 215932
2730 10016 216713
2730 10016 217861
766 10016 223482
766 10016 223504
766 10016 223516
3957 10344 224532
2187 10016 224534
6587 10016 225307
3957 10344 227152
766 10016 228909
766 10016 228989
766 10016 229030
766 10016 229704
766 10016 229727
766 10016 230408
3957 10344 246138
766 10016 249097
766 10016 249129
766 10016 249186
766 10016 249297
766 10016 249399
766 10016 249594
766 10016 251081
766 10016 251243
766 10016 251290
766 10016 252058
766 10016 252890
766 10016 256598
766 10016 257463
766 10016 260680
766 10016 260998
5521 10113 261055
766 10016 262298
6047 10001 266844
6047 10001 267022
6047 10001 267119
766 10016 267561
766 10016 267640
6047 10001 272332
6047 10001 272399
6047 10001 272507
3957 10344 278125
3957 10344 281226
6047 10001 284295
4460 10113 286642
2292 10016 289125
6587 10016 290155
766 10016 298350
6587 10016 304336
6587 10016 311669
6047 10001 313580
6047 10001 313672
766 10016 315457
766 10016 315631
766 10016 315846
766 10016 316118
766 10016 316637
766 10016 317050
7294 10016 325159
7294 10016 325269
3957 10344 333742
766 10016 334097
766 10016 334248
766 10016 334451
766 10016 334512
4460 10113 334654
766 10016 334702
766 10016 334808
3957 10344 335175
766 10016 336984
766 10016 341504
5521 10113 345080
766 10016 345734
766 10016 352353
6047 10001 371004
6047 10001 371875
6047 10001 371983
6047 10001 372065
6047 10001 372127
6587 10016 372689
6047 10001 373228
4460 10113 373298
2292 10016 375934
6047 10001 376368
6587 10016 376378
6587 10016 383525
766 10016 384896
6587 10016 391514
4460 10113 397477
6587 10016 397903
6047 10001 398333
766 10016 402272
766 10016 403068
766 10016 403274
766 10016 403319
766 10016 403441
766 10016 403741
766 10016 403854
4460 10113 403887
3957 10344 408062
4460 10113 410647
4460 10113 411378
766 10016 412087
766 10016 412137
766 10016 412256
4460 10113 414525
4460 10113 415416
3957 10344 415855
766 10016 419900
766 10016 419924
766 10016 420165
766 10016 420311
766 10016 420708
766 10016 420770
766 10016 421325
6047 10001 424937
766 10016 425868
766 10016 427359
766 10016 427393
766 10016 428468
766 10016 428758
766 10016 428870
766 10016 429044
766 10016 429418
766 10016 429756
2730 10016 431936
6047 10001 434304
6047 10001 436141
6047 10001 436440
6047 10001 436543
766 10016 439343
766 10016 439375
766 10016 440257
6047 10001 441524
6047 10001 441671
6047 10001 442114
6047 10001 442328
5521 10113 443132
6047 10001 446125
6047 10001 446608
6047 10001 448510
6047 10001 450047
6047 10001 450338
6047 10001 450561
2507 10016 455274
6047 10001 457318
6047 10001 457490
6047 10001 457625
6047 10001 459736
2292 10016 462282
6587 10016 462939
6047 10001 463919
6047 10001 464250
6047 10001 470348
6587 10016 470542
2730 10016 476848
7490 10016 477333
6587 10016 477344
2730 10016 478187
6587 10016 484567
7490 10016 484664
766 10016 491730
7490 10016 491769
766 10016 491770
766 10016 491823
766 10016 492388
766 10016 493719
766 10016 494175
766 10016 494409
766 10016 494800
766 10016 496823
3957 10344 502164
3957 10344 510759
3957 10344 512699
766 10016 517810
766 10016 517873
766 10016 518066
766 10016 518915
766 10016 522061
6047 10001 524677
766 10016 530214
6047 10001 531454
6047 10001 531537
6047 10001 536441
6047 10001 536956
6047 10001 537257
6047 10001 537541
6047 10001 537598
766 10016 539213
6047 10001 540680
6195 10016 543120
6047 10001 543523
2292 10016 548895
6047 10001 551918
5521 10113 552364
5521 10113 553536
5521 10113 554248
5521 10113 555232
2730 10016 560971
2730 10016 562486
766 10016 566339
766 10016 566407
766 10016 567060
6587 10016 569915
6587 10016 572013
766 10016 577097
766 10016 577168
766 10016 577267
766 10016 579590
6587 10016 580124
766 10016 580334
766 10016 580583
766 10016 581022
766 10016 581580
766 10016 595435
766 10016 595575
766 10016 595831
766 10016 596150
7490 10016 598582
3957 10344 598838
766 10016 599401
3957 10344 600099
6047 10001 604807
6691 10016 610320
766 10016 611020
766 10016 612042
766 10016 621941
6047 10001 625326
6047 10001 625761
6047 10001 626195
6047 10001 631198
6047 10001 631282
6047 10001 633957
2292 10016 635264
2165 10113 640857
6047 10001 653199
4460 10113 654718
766 10016 659010
766 10016 659602
766 10016 661479
766 10016 663954
2165 10344 667898
8640 10016 672427
5787 10016 673136
3957 10344 674841
3957 10344 681908
766 10016 685108
766 10016 685592
766 10016 685625
766 10016 685786
766 10016 686254
5521 10016 686443
766 10016 688410
5521 10016 689938
6764 10016 694534
6764 10016 695154
766 10016 696311
766 10016 698298
5521 10113 698650
5521 10113 699257
2292 10016 721333
6587 10016 722045
2507 10016 727905
5521 10113 729933
766 10016 730314
766 10016 730503
766 10016 730535
8930 10016 733687
6587 10016 748803
766 10016 748806
766 10016 748857
766 10016 748952
766 10016 749098
766 10016 749367
766 10016 749485
766 10016 749672
2165 10113 754114
4460 10113 760247
766 10016 767212
766 10016 767353
766 10016 767497
766 10016 767605
766 10016 769002
3957 10344 769052
4460 10113 769831
766 10016 770797
766 10016 770998
766 10016 773775
766 10016 773943
3957 10344 774058
766 10016 775042
2730 10016 776553
766 10016 779155
766 10016 780964
5521 10113 782326
766 10016 784963
2507 10016 785037
2507 10016 788152
766 10016 788483
2165 10344 801645
2507 10016 804287
2165 10344 804523
6047 10001 804554
6047 10001 806397
6047 10001 806521
2292 10016 807855
6587 10016 808854
6047 10001 814060
6047 10001 814223
6587 10016 815502
6047 10001 815701
6691 10016 816842
766 10016 816975
766 10016 817083
6587 10016 823120
9021 10016 827403
2165 10344 829057
6587 10016 830170
7490 10016 831954
766 10016 834485
766 10016 834571
766 10016 834634
766 10016 834769
766 10016 835119
766 10016 835565
766 10016 835854
2507 10016 840133
2642 10016 841141
8242 10016 843333
3957 10344 850143
766 10016 854138
766 10016 854367
766 10016 854654
766 10016 854949
766 10016 855110
766 10016 855478
766 10016 857222
766 10016 858217
766 10016 858506
6691 10016 858815
766 10016 859130
766 10016 860427
766 10016 862952
766 10016 864132
766 10016 872107
6047 10001 872603
6047 10001 872699
766 10016 873170
6047 10001 873196
6047 10001 873338
766 10016 873676
6047 10001 874178
6047 10001 874290
6047 10001 874656
6047 10001 874939
6047 10001 875141
6047 10001 878850
6047 10001 879044
6047 10001 881327
6047 10001 885907
6047 10001 886005
2292 10016 894246
6047 10001 894965
6587 10016 895056
6047 10001 895419
6047 10001 895577
8930 10016 901454
6587 10016 902513
766 10016 903380
6587 10016 910690
6587 10016 916510
7490 10016 918509
4460 10113 919005
2165 10344 919149
766 10016 920125
766 10016 920193
4460 10113 920231
766 10016 920506
766 10016 920683
766 10016 921428
766 10016 921586
766 10016 921636
6047 10001 922202
8930 10016 923500
6047 10001 923570
3957 10344 936991
766 10016 939199
766 10016 939240
766 10016 939988
766 10016 940354
766 10016 940578
766 10016 940804
766 10016 940908
766 10016 941024
766 10016 941106
766 10016 944380
766 10016 944761
766 10016 945965
766 10016 946926
766 10016 948028
6047 10001 948862
6047 10001 949061
6047 10001 949711
2730 10016 949828
6047 10001 950628
766 10016 950719
766 10016 950902
766 10016 951760
6047 10001 951765
766 10016 953292
6047 10001 956392
6691 10016 957990
2292 10016 980378
6587 10016 988555
766 10016 989639
8930 10016 991768
3957 10344 995374
6587 10016 996379
8930 10016 998996
8970 10016 999054
6587 10016 1002991
6047 10001 1006073
6047 10001 1006165
766 10016 1007145
766 10016 1007253
766 10016 1007536
7490 10016 1007590
766 10016 1007710
6047 10001 1007838
6047 10001 1008251
766 10016 1008511
6587 10016 1009993
6047 10001 1010900
6047 10001 1013463
3788 10016 1017177
6047 10001 1017565
4460 10113 1020484
4460 10113 1020549
4460 10113 1022630
766 10016 1026307
766 10016 1026449
766 10016 1026475
766 10016 1026615
766 10016 1027670
766 10016 1028424
766 10016 1029840
766 10016 1030977
766 10016 1031639
6381 10016 1032520
766 10016 1033113
766 10016 1034436
766 10016 1035632
6047 10001 1043701
6047 10001 1043885
6047 10001 1044007
6047 10001 1044096
766 10016 1045859
766 10016 1045955
766 10016 1046004
6047 10001 1049783
6047 10001 1049937
6047 10001 1050094
6047 10001 1050358
6047 10001 1051571
2165 10113 1055758
8930 10016 1063817
2292 10016 1066881
6587 10016 1074805
2507 10016 1077278
2730 10016 1082442
6587 10016 1084115
6587 10016 1089274
766 10016 1093796
766 10016 1094055
766 10016 1094121
766 10016 1095059
766 10016 1096170
6587 10016 1096369
766 10016 1097787
766 10016 1100216
766 10016 1100252
766 10016 1100306
766 10016 1100339
766 10016 1102499
766 10016 1103572
766 10016 1104072
766 10016 1105580
766 10016 1105924
766 10016 1106858
766 10016 1107724
766 10016 1107831
766 10016 1109382
766 10016 1110079
2507 10016 1123426
3468 10113 1123768
766 10016 1129394
766 10016 1129460
766 10016 1129516
766 10016 1130182
6047 10001 1138477
2292 10016 1153325
4460 10113 1153912
2730 10016 1164734
2730 10016 1165906
7490 10016 1166774
2730 10016 1167095
7490 10016 1167371
7490 10016 1168275
2730 10016 1168303
7490 10016 1168879
7490 10016 1169764
7490 10016 1171567
7490 10016 1172174
6587 10016 1172735
7490 10016 1174275
7490 10016 1174893
4460 10113 1176429
6587 10016 1177917
766 10016 1179962
766 10016 1180370
766 10016 1181090
766 10016 1181656
766 10016 1181889
766 10016 1182028
4460 10113 1187144
766 10016 1188734
7490 10016 1194785
6691 10016 1196159
766 10016 1201228
766 10016 1204049
766 10016 1205750
766 10016 1217799
766 10016 1218238
766 10016 1228176
2292 10016 1240693
766 10016 1267112
766 10016 1269128
766 10016 1272014
766 10016 1272158
766 10016 1274392
766 10016 1286934
766 10016 1290457
766 10016 1304243
766 10016 1304531
6587 10016 1323523
8930 10016 1325497
2292 10016 1325986
2165 10113 1328717
766 10016 1335532
3468 10113 1344892
8930 10016 1345195
3490 10016 1349918
766 10016 1353701
766 10016 1353777
766 10016 1353905
766 10016 1354273
766 10016 1354306
6587 10016 1355734
4460 10113 1371180
766 10016 1371989
766 10016 1372038
766 10016 1372140
766 10016 1372533
766 10016 1373236
766 10016 1373456
766 10016 1374563
766 10016 1377029
766 10016 1377125
766 10016 1378189
766 10016 1378264
766 10016 1380664
766 10016 1383102
766 10016 1390828
766 10016 1391764
766 10016 1420822
766 10016 1420845
766 10016 1420863
7490 10016 1421359
2730 10016 1425415
7490 10016 1427782
6587 10016 1434850
766 10016 1439634
766 10016 1439963
766 10016 1440294
766 10016 1440370
766 10016 1440519
6587 10016 1442097
8930 10016 1443127
4460 10113 1447975
766 10016 1460770
766 10016 1461359
766 10016 1461725
766 10016 1462607
766 10016 1462981
766 10016 1463368
766 10016 1465237
766 10016 1465961
766 10016 1467208
766 10016 1470592
766 10016 1471269
766 10016 1473393
3468 10113 1475227
766 10016 1477524
766 10016 1477957
766 10016 1481023
8930 10016 1494460
2292 10016 1498846
6587 10016 1507042
8930 10016 1507918
2730 10016 1510202
766 10016 1525979
766 10016 1526182
766 10016 1526536
4460 10113 1527619
9720 10016 1529687
9720 10016 1530737
9720 10016 1531685
3468 10113 1532222
9720 10016 1532730
9720 10016 1534926
9720 10016 1536214
9720 10016 1537306
9720 10016 1539370
4460 10113 1540191
9720 10016 1540202
9720 10016 1543980
9720 10016 1544716
9720 10016 1546508
9720 10016 1547415
9720 10016 1548335
766 10016 1548638
766 10016 1548935
766 10016 1549240
9720 10016 1549273
766 10016 1549317
9720 10016 1550111
766 10016 1550378
766 10016 1550717
766 10016 1551254
9720 10016 1552831
9720 10016 1553719
9720 10016 1554628
9720 10016 1556430
9720 10016 1557332
9720 10016 1558202
9720 10016 1560023
766 10016 1561949
766 10016 1562511
9720 10016 1562735
766 10016 1563647
9720 10016 1566315
766 10016 1566912
9720 10016 1567212
766 10016 1567709
9720 10016 1568112
9720 10016 1571720
9720 10016 1572620
9426 10016 1572623
9720 10016 1573549
9426 10016 1575818
9720 10016 1576213
9720 10016 1577140
9720 10016 1578018
9720 10016 1578904
9720 10016 1579808
9720 10016 1580706
9720 10016 1582554
9720 10016 1584334
8930 10016 1584879
2292 10016 1585257
9720 10016 1586111
9720 10016 1587920
9720 10016 1588816
9720 10016 1589705
9720 10016 1590652
9720 10016 1591521
2292 10016 1592751
8930 10016 1593721
766 10016 1594005
766 10016 1594156
766 10016 1594183
9720 10016 1594238
9720 10016 1595117
9720 10016 1596028
9720 10016 1597813
2730 10016 1598969
2730 10016 1599594
9720 10016 1599616
9720 10016 1600512
7490 10016 1600599
5584 10016 1601252
6587 10016 1601315
9720 10016 1603212
9720 10016 1605066
9720 10016 1605950
9720 10016 1606846
9720 10016 1609629
9720 10016 1610473
4460 10113 1610682
766 10016 1611960
766 10016 1612038
9720 10016 1612238
766 10016 1612270
766 10016 1612502
766 10016 1612603
766 10016 1613488
9720 10016 1614032
6587 10016 1614775
9720 10016 1614933
9720 10016 1615831
9720 10016 1616916
9720 10016 1619746
3957 10344 1622026
9720 10016 1622231
9720 10016 1622947
9720 10016 1624839
9720 10016 1625724
9720 10016 1626616
4460 10113 1628640
9720 10016 1629304
9720 10016 1630232
9720 10016 1632916
9720 10016 1633818
9720 10016 1634725
9720 10016 1635606
9720 10016 1636511
9720 10016 1637440
9720 10016 1638330
766 10016 1638861
766 10016 1638997
766 10016 1639204
766 10016 1639535
9720 10016 1640113
9720 10016 1643721
9720 10016 1644609
9720 10016 1645513
9720 10016 1646401
9720 10016 1647320
9720 10016 1649118
9720 10016 1650019
9720 10016 1650913
9720 10016 1652715
9720 10016 1655429
9720 10016 1657209
9720 10016 1658117
9720 10016 1659009
9720 10016 1660054
9720 10016 1661707
9720 10016 1664405
9720 10016 1666204
9720 10016 1668009
9720 10016 1668929
9720 10016 1669813
2292 10016 1671428
9720 10016 1671617
9720 10016 1672517
6047 10001 1673214
9720 10016 1674309
9720 10016 1675224
9720 10016 1676129
9720 10016 1677920
9720 10016 1679723
8930 10016 1680917
9720 10016 1681522
2730 10016 1683503
2730 10016 1685004
9720 10016 1685126
9720 10016 1686014
9720 10016 1686903
9720 10016 1688743
9720 10016 1689607
9720 10016 1690512
8930 10016 1691049
9720 10016 1692320
9720 10016 1694130
766 10016 1695738
766 10016 1695789
9720 10016 1695912
766 10016 1695967
766 10016 1696145
766 10016 1696527
766 10016 1697055
766 10016 1697108
9720 10016 1697726
766 10016 1698639
9720 10016 1698659
9720 10016 1699535
766 10016 1699587
9720 10016 1700442
766 10016 1701105
9720 10016 1701310
766 10016 1701765
766 10016 1701865
3468 10113 1702395
766 10016 1703388
9720 10016 1704995
9720 10016 1706521
9720 10016 1707572
9720 10016 1708455
9720 10016 1710433
766 10016 1711593
766 10016 1712377
766 10016 1712442
9720 10016 1713017
766 10016 1713124
766 10016 1713548
9720 10016 1714822
766 10016 1714939
9720 10016 1715716
9720 10016 1717515
9720 10016 1718409
9720 10016 1719313
9720 10016 1720228
9720 10016 1721132
9720 10016 1722915
4460 10113 1724860
9720 10016 1730126
9720 10016 1731906
9720 10016 1732810
9720 10016 1733705
9720 10016 1739143
766 10016 1739643
766 10016 1739992
766 10016 1740414
9720 10016 1740920
9720 10016 1743609
9720 10016 1745418
9720 10016 1750826
9720 10016 1754403
9720 10016 1755308
9720 10016 1756216
9720 10016 1757103
2292 10016 1757912
9720 10016 1758020
9720 10016 1759817
9720 10016 1760726
9720 10016 1761611
9720 10016 1763413
9720 10016 1764316
7490 10016 1764794
9720 10016 1765211
9720 10016 1766123
2730 10016 1768682
9720 10016 1768841
9720 10016 1769708
2730 10016 1771303
9720 10016 1772400
9720 10016 1773330
9720 10016 1774207
9720 10016 1776030
766 10016 1776662
766 10016 1776683
9720 10016 1776920
766 10016 1777105
9720 10016 1778707
9720 10016 1780506
9720 10016 1781427
9720 10016 1782342
9720 10016 1785000
9720 10016 1785937
766 10016 1785993
766 10016 1786124
766 10016 1786592
9720 10016 1787712
766 10016 1789236
9720 10016 1789530
766 10016 1790067
766 10016 1790884
9720 10016 1791065
766 10016 1791968
9720 10016 1793232
9720 10016 1794708
9720 10016 1795600
9720 10016 1798521
9720 10016 1801218
9720 10016 1802109
766 10016 1802893
9720 10016 1803018
766 10016 1803053
9720 10016 1803926
9720 10016 1806614
766 10016 1807175
9720 10016 1808418
9720 10016 1809309
9720 10016 1810223
9720 10016 1812916
9720 10016 1813814
9720 10016 1815635
9720 10016 1816530
9720 10016 1817418
9720 10016 1820116
9720 10016 1821011
766 10016 1821561
9720 10016 1822825
9720 10016 1824621
9720 10016 1828224
9720 10016 1829117
9720 10016 1830000
9720 10016 1830919
9720 10016 1832732
9720 10016 1833612
9720 10016 1836312
9720 10016 1837206
9720 10016 1837836
9720 10016 1839603
9720 10016 1840213
9720 10016 1840811
9720 10016 1842002
9720 10016 1842625
9720 10016 1843242
2292 10016 1844024
9720 10016 1844408
9720 10016 1846839
9720 10016 1848038
7490 10016 1848484
9720 10016 1849222
9720 10016 1850461
9720 10016 1852213
9720 10016 1852822
9720 10016 1854092
2730 10016 1854488
2730 10016 1855267
9720 10016 1855857
9720 10016 1860368
9720 10016 1861512
9720 10016 1862128
9720 10016 1863047
9720 10016 1863898
9720 10016 1865418
766 10016 1866891
766 10016 1867057
766 10016 1867881
766 10016 1868254
9720 10016 1869352
766 10016 1871301
9720 10016 1872080
9720 10016 1874117
766 10016 1877335
766 10016 1877422
766 10016 1877879
170 10016 1878299
9720 10016 1880142
766 10016 1881113
766 10016 1881444
9720 10016 1888250
4460 10113 1888988
9720 10016 1889128
9720 10016 1899303
766 10016 1901099
9720 10016 1910404
9720 10016 1911306
766 10016 1911449
9720 10016 1912215
9720 10016 1913113
9720 10016 1914023
9720 10016 1915819
9720 10016 1917026
9720 10016 1918206
9720 10016 1918877
9720 10016 1920642
9720 10016 1921799
9720 10016 1922477
9720 10016 1924233
9720 10016 1924837
5521 10113 1925950
9720 10016 1926040
8930 10016 1927573
9720 10016 1930206
2292 10016 1931196
9720 10016 1931472
9720 10016 1932610
7490 10016 1934893
9720 10016 1936226
9720 10016 1937430
8930 10016 1937898
9720 10016 1938098
9720 10016 1939198
766 10016 1939454
9720 10016 1939829
9720 10016 1941037
9720 10016 1942259
9720 10016 1943105
9720 10016 1944034
9720 10016 1946104
9720 10016 1947025
9720 10016 1948831
8930 10016 1948964
9720 10016 1950622
9720 10016 1952408
9720 10016 1953087
9720 10016 1954260
9720 10016 1955182
9720 10016 1957206
766 10016 1957324
766 10016 1957489
766 10016 1957819
766 10016 1958091
766 10016 1958199
766 10016 1958302
766 10016 1958455
766 10016 1958870
9720 10016 1959024
766 10016 1959105
9720 10016 1963006
9720 10016 1963610
9720 10016 1968627
9720 10016 1969231
9720 10016 1971049
9720 10016 1974652
9720 10016 1976462
9720 10016 1977611
9720 10016 1978263
766 10016 1979967
766 10016 1980049
766 10016 1981011
766 10016 1981746
766 10016 1982710
766 10016 1983131
766 10016 1983591
766 10016 1985463
9720 10016 1985713
9720 10016 1989620
9720 10016 1990230
9720 10016 1990852
9720 10016 1992303
9720 10016 1993544
9720 10016 1995949
9720 10016 1997708
9720 10016 1999503
9720 10016 2002230
9720 10016 2004010
9720 10016 2005221
766 10016 2006909
9720 10016 2007607
766 10016 2009378
9720 10016 2010013
9720 10016 2011206
9720 10016 2011824
8930 10016 2015492
9720 10016 2016620
2292 10016 2016971
5521 10113 2017739
2165 10344 2019710
9720 10016 2020202
9720 10016 2020810
9720 10016 2023260
9720 10016 2025608
9720 10016 2026872
9720 10016 2028924
9720 10016 2029550
9720 10016 2030439
9720 10016 2031346
9720 10016 2032214
9720 10016 2032837
9720 10016 2033719
8930 10016 2034682
9720 10016 2035511
9720 10016 2037045
9720 10016 2037954
9720 10016 2038602
6587 10016 2039793
9720 10016 2040010
9720 10016 2041823
5584 10016 2042111
9720 10016 2042726
766 10016 2043504
766 10016 2043993
766 10016 2044115
766 10016 2044194
766 10016 2044364
766 10016 2044468
766 10016 2044535
9720 10016 2044843
8930 10016 2045912
9720 10016 2046013
9720 10016 2046658
6587 10016 2047010
9720 10016 2049611
9720 10016 2050523
9720 10016 2051132
9720 10016 2051730
9720 10016 2052337
766 10016 2053111
766 10016 2053138
766 10016 2053253
9720 10016 2053865
9184 10113 2055972
9720 10016 2056233
9720 10016 2056840
9720 10016 2057438
766 10016 2063365
766 10016 2063604
9720 10016 2063757
766 10016 2063896
766 10016 2064180
766 10016 2064405
9720 10016 2064669
6444 10016 2064671
9720 10016 2065823
766 10016 2066096
766 10016 2066124
9720 10016 2067919
766 10016 2067952
766 10016 2068198
766 10016 2069112
766 10016 2071557
766 10016 2071957
7490 10016 2072585
766 10016 2072843
9720 10016 2073310
9720 10016 2074825
766 10016 2077457
9720 10016 2079933
9720 10016 2082323
9720 10016 2083201
9720 10016 2084110
9720 10016 2085013
9720 10016 2085916
9720 10016 2086809
9720 10016 2092835
9720 10016 2093451
9720 10016 2096348
9720 10016 2096947
9720 10016 2098739
9720 10016 2099344
4460 10113 2101252
9720 10016 2102496
2292 10016 2103615
9720 10016 2104454
9720 10016 2107152
8930 10016 2110066
6587 10016 2111642
9720 10016 2111948
9720 10016 2112551
766 10016 2112599
766 10016 2112660
766 10016 2112749
9720 10016 2113154
9720 10016 2113761
2730 10016 2114572
9720 10016 2116743
2730 10016 2117066
2730 10016 2118566
6587 10016 2118855
9720 10016 2119185
2165 10113 2119291
9720 10016 2120682
9720 10016 2122167
8930 10016 2122344
9720 10016 2125746
9720 10016 2126350
9720 10016 2127541
9720 10016 2128145
9720 10016 2128784
9720 10016 2130582
766 10016 2131164
766 10016 2131878
766 10016 2132057
9720 10016 2132117
766 10016 2132354
766 10016 2132373
9720 10016 2133277
9720 10016 2134469
9720 10016 2136869
9720 10016 2137763
9720 10016 2138679
9720 10016 2139554
9720 10016 2140157
9720 10016 2140760
9720 10016 2141358
9720 10016 2142302
9720 10016 2143481
9720 10016 2146477
9720 10016 2147672
9720 10016 2150372
766 10016 2150521
766 10016 2150678
766 10016 2151061
766 10016 2151149
766 10016 2151765
9720 10016 2151850
766 10016 2152134
9720 10016 2154561
9720 10016 2155773
9720 10016 2158775
9720 10016 2162354
9720 10016 2165068
9720 10016 2165940
9720 10016 2166569
9720 10016 2168955
766 10016 2169600
9720 10016 2170143
9720 10016 2170753
9720 10016 2171955
9720 10016 2173151
9720 10016 2173758
9720 10016 2175243
9720 10016 2176158
9720 10016 2177354
9720 10016 2178845
9720 10016 2180065
9720 10016 2181255
9720 10016 2182166
9720 10016 2183347
8930 10016 2185889
9720 10016 2186344
5521 10113 2187545
5521 10113 2187888
9720 10016 2188168
5521 10113 2188471
5521 10113 2188659
9720 10016 2189351
5521 10113 2189706
2292 10016 2189874
5521 10113 2190763
9720 10016 2192508
9720 10016 2193242
9720 10016 2194160
9720 10016 2198392
9720 10016 2200454
2730 10016 2202499
9720 10016 2204367
2730 10016 2204907
9720 10016 2205251
6587 10016 2205968
2730 10016 2206620
9720 10016 2206758
9720 10016 2207659
9720 10016 2208571
9720 10016 2210352
9720 10016 2212462
6587 10016 2213097
9720 10016 2213657
5584 10016 2215199
9720 10016 2215818
2165 10113 2215843
766 10016 2216905
766 10016 2216921
766 10016 2217015
766 10016 2217266
766 10016 2217520
9720 10016 2217559
9720 10016 2218454
9720 10016 2219068
9720 10016 2219690
9720 10016 2221466
9720 10016 2224461
8930 10016 2224495
9720 10016 2225658
9720 10016 2226889
9720 10016 2227742
9720 10016 2231074
9720 10016 2232287
9720 10016 2235931
9720 10016 2238273
7490 10016 2238902
766 10016 2238911
5521 10113 2238991
766 10016 2239102
766 10016 2239152
5521 10113 2239166
766 10016 2239208
9720 10016 2239226
766 10016 2239357
766 10016 2239453
5521 10113 2239803
5521 10113 2239838
766 10016 2240234
766 10016 2240310
766 10016 2240842
766 10016 2242144
9720 10016 2244249
5521 10113 2246167
9720 10016 2248849
3192 10113 2249131
9720 10016 2250271
9720 10016 2252370
9720 10016 2254177
9720 10016 2255947
9720 10016 2257158
9720 10016 2260744
766 10016 2261382
766 10016 2261402
9720 10016 2261646
9720 10016 2262568
5521 10113 2263352
9720 10016 2263739
5521 10113 2264007
9720 10016 2265246
766 10016 2266032
9720 10016 2266448
9720 10016 2267651
9720 10016 2268578
9720 10016 2269743
9720 10016 2270944
9720 10016 2271572
9720 10016 2272760
9720 10016 2273956
9720 10016 2275760
9720 10016 2276379
9720 10016 2277559
2292 10016 2278230
9720 10016 2279954
8930 10016 2281035
9720 10016 2281453
9720 10016 2282667
9720 10016 2283271
6587 10016 2284435
9720 10016 2284506
2165 10113 2286866
5521 10113 2287058
9720 10016 2287161
9720 10016 2288650
9720 10016 2289258
6587 10016 2291788
5584 10016 2291827
5584 10016 2291943
5584 10016 2292149
9720 10016 2292870
9720 10016 2294055
9720 10016 2294959
8190 10016 2295434
9720 10016 2295871
9720 10016 2297082
9720 10016 2298881
9720 10016 2301242
9720 10016 2301880
766 10016 2302139
766 10016 2302302
766 10016 2302688
9720 10016 2302771
766 10016 2302944
766 10016 2303216
766 10016 2303941
9720 10016 2304314
766 10016 2304472
9720 10016 2305156
766 10016 2305361
766 10016 2307395
766 10016 2307665
9720 10016 2307854
9720 10016 2309048
9720 10016 2310267
766 10016 2310292
766 10016 2310480
766 10016 2310533
766 10016 2310614
766 10016 2310969
766 10016 2311753
9720 10016 2311765
766 10016 2313127
9720 10016 2314464
766 10016 2314669
766 10016 2314710
766 10016 2315918
766 10016 2315965
766 10016 2316254
9720 10016 2316861
766 10016 2317027
9720 10016 2317486
6047 10001 2318434
766 10016 2318470
9720 10016 2318661
9720 10016 2321356
9720 10016 2321975
9720 10016 2322859
9720 10016 2323762
9720 10016 2324689
9720 10016 2325544
766 10016 2326949
766 10016 2327139
9720 10016 2327956
5521 10113 2327961
5521 10113 2328711
5521 10113 2328934
5521 10113 2329113
9720 10016 2329149
5521 10113 2329421
766 10016 2329533
9720 10016 2329748
766 10016 2330490
766 10016 2330529
766 10016 2330584
766 10016 2331081
766 10016 2331226
9720 10016 2331560
9720 10016 2333371
5521 10113 2334315
9720 10016 2335155
5521 10113 2335339
5521 10113 2335559
5521 10113 2335742
5521 10113 2336488
5521 10113 2337778
9720 10016 2337862
9720 10016 2338739
9720 10016 2339343
9720 10016 2341172
9720 10016 2342342
9720 10016 2343542
9720 10016 2344759
5521 10113 2345460
9720 10016 2345961
9720 10016 2347158
9720 10016 2348052
766 10016 2348074
9720 10016 2350147
9720 10016 2351650
9720 10016 2355617
9720 10016 2356215
9720 10016 2358019
9720 10016 2359218
9720 10016 2359825
9720 10016 2361024
9720 10016 2362208
2292 10016 2362267
9720 10016 2363466
3039 10016 2365799
9720 10016 2366414
9720 10016 2368853
9720 10016 2371576
9720 10016 2373339
9720 10016 2374825
2730 10016 2376022
9720 10016 2376091
9720 10016 2376938
2730 10016 2377060
2730 10016 2378400
9720 10016 2379314
9720 10016 2379957
7090 10016 2380053
9720 10016 2381111
9720 10016 2381711
9720 10016 2382610
766 10016 2383141
766 10016 2383153
766 10016 2383202
766 10016 2383223
4460 10113 2383416
9720 10016 2385609
9720 10016 2390409
9720 10016 2391910
3039 10016 2392770
9720 10016 2393126
766 10016 2393154
766 10016 2393569
766 10016 2393935
9720 10016 2394057
9720 10016 2396723
9720 10016 2398537
9720 10016 2400610
9720 10016 2401840
9720 10016 2403630
9720 10016 2407547
766 10016 2407881
766 10016 2408054
9720 10016 2408455
9720 10016 2409618
9720 10016 2410819
9720 10016 2412952
9720 10016 2415691
766 10016 2416072
766 10016 2416210
766 10016 2417846
4460 10113 2417904
4460 10113 2418009
9720 10016 2418634
9720 10016 2421323
9720 10016 2422522
9720 10016 2425206
9720 10016 2426410
9720 10016 2428263
9720 10016 2430945
5521 10113 2433020
8554 10113 2433414
5521 10113 2434096
5521 10113 2434252
9720 10016 2434803
9720 10016 2436648
9720 10016 2437271
5521 10113 2437515
9720 10016 2441407
9720 10016 2442637
9720 10016 2443803
9720 10016 2444448
9720 10016 2446271
2292 10016 2449304
9720 10016 2451036
2507 10016 2451248
9720 10016 2451655
9720 10016 2452552
9720 10016 2455516
3039 10016 2456761
9720 10016 2457051
9720 10016 2459720
9720 10016 2460918
9720 10016 2462108
9720 10016 2464215
9720 10016 2466610
2165 10113 2468540
9720 10016 2468769
9720 10016 2469937
9720 10016 2471434
9720 10016 2472303
9720 10016 2474418
9720 10016 2476225
766 10016 2477036
9720 10016 2478020
766 10016 2478113
9720 10016 2478927
9720 10016 2479811
9720 10016 2480817
766 10016 2481995
2165 10113 2483371
766 10016 2483419
9720 10016 2483424
9720 10016 2486106
9720 10016 2487680
9720 10016 2488842
766 10016 2489230
9720 10016 2490022
766 10016 2492313
9720 10016 2492402
9720 10016 2493968
766 10016 2496434
9720 10016 2498452
9720 10016 2500278
4460 10113 2501025
9720 10016 2502614
5521 10113 2505842
9720 10016 2506555
9720 10016 2508304
9720 10016 2509535
9720 10016 2510197
9720 10016 2511061
9720 10016 2513755
9720 10016 2514620
454 10016 2514840
9720 10016 2515501
9720 10016 2516139
9720 10016 2522443
9720 10016 2523043
9720 10016 2524825
9720 10016 2526018
9720 10016 2529071
9720 10016 2530216
9720 10016 2530855
9720 10016 2532022
9720 10016 2534459
9720 10016 2535630
2292 10016 2535712
9720 10016 2536317
9720 10016 2537439
9720 10016 2539854
9720 10016 2540742
8930 10016 2541393
9720 10016 2541912
9720 10016 2542805
766 10016 2544465
766 10016 2544517
9720 10016 2544718
9720 10016 2545534
7490 10016 2545772
9720 10016 2546702
9720 10016 2547338
9720 10016 2548249
9720 10016 2549178
2642 10016 2549893
9720 10016 2550048
9720 10016 2550953
9720 10016 2552138
9720 10016 2553018
9720 10016 2553648
9720 10016 2554261
9720 10016 2555712
9720 10016 2557243
9720 10016 2558155
9720 10016 2558775
9720 10016 2559687
9720 10016 2561707
766 10016 2561978
766 10016 2562232
766 10016 2562488
766 10016 2562793
766 10016 2562890
766 10016 2563505
9720 10016 2563572
9720 10016 2564174
6587 10016 2565166
9720 10016 2565333
9720 10016 2565943
9720 10016 2567153
8930 10016 2567877
9720 10016 2568069
9720 10016 2568993
9720 10016 2570462
9720 10016 2571654
9720 10016 2574062
9720 10016 2574991
9720 10016 2577627
9720 10016 2578230
9720 10016 2581308
9720 10016 2582431
766 10016 2584010
766 10016 2584029
766 10016 2584228
766 10016 2584779
766 10016 2585806
766 10016 2585942
766 10016 2586405
766 10016 2586627
9720 10016 2586642
9720 10016 2587510
766 10016 2589162
766 10016 2590685
9720 10016 2590811
9720 10016 2591408
9720 10016 2592944
766 10016 2593359
766 10016 2593412
766 10016 2594454
766 10016 2595197
9720 10016 2595315
9720 10016 2595939
9720 10016 2597166
766 10016 2598242
9720 10016 2598341
766 10016 2598356
766 10016 2598476
766 10016 2598720
766 10016 2598857
9720 10016 2601022
9720 10016 2601951
766 10016 2603681
9720 10016 2604326
9720 10016 2605561
9720 10016 2606400
9720 10016 2607645
9720 10016 2610612
9720 10016 2611804
9720 10016 2615220
9720 10016 2616436
9720 10016 2617629
8930 10016 2620062
9720 10016 2621241
9720 10016 2621845
2292 10016 2622238
9720 10016 2626634
9720 10016 2627243
9720 10016 2629028
6587 10016 2629977
766 10016 2630662
9720 10016 2637138
6587 10016 2637598
9720 10016 2637744
9720 10016 2638345
9720 10016 2639227
9720 10016 2641036
9720 10016 2642244
9720 10016 2643196
6587 10016 2644308
7490 10016 2644359
4460 10113 2645796
9720 10016 2648008
9720 10016 2649190
766 10016 2649492
766 10016 2649604
766 10016 2649675
766 10016 2650072
766 10016 2650329
766 10016 2650894
766 10016 2650912
7490 10016 2651676
4460 10113 2651894
9720 10016 2651946
2165 10113 2652504
9720 10016 2654872
9720 10016 2656050
9720 10016 2657273
9720 10016 2658465
9720 10016 2659325
9720 10016 2659929
9720 10016 2662155
9720 10016 2663247
9720 10016 2663850
9720 10016 2665039
9720 10016 2667433
766 10016 2672446
766 10016 2672505
9720 10016 2672863
766 10016 2673018
766 10016 2673877
9720 10016 2674065
766 10016 2674247
766 10016 2675015
766 10016 2675463
766 10016 2675690
9720 10016 2675853
9720 10016 2677021
