2475 10621 42572
2745 10621 43070
2745 10621 45842
1156 10714 61305
1315 10643 114685
2745 10621 126914
6063 10029 143459
2745 10621 205962
2745 10621 217380
3808 10358 291817
2745 10621 295470
2745 10621 295515
3018 10329 313048
6168 10024 346728
1999 10278 372189
1999 10881 373250
2475 10621 379027
2745 10621 420773
6063 10029 433368
2745 10621 481748
6063 10029 488643
5764 10024 525206
4237 10761 553460
8611 10024 558326
2745 10621 563475
6063 10029 583275
2562 10085 597522
2745 10621 608350
2475 10621 644879
2745 10621 648078
2745 10621 648979
6063 10029 675705
8838 10085 680401
1315 10329 715400
2745 10621 732525
6063 10029 754329
2475 10621 760404
2475 10621 769946
8838 10085 771023
8838 10085 781188
8475 10024 799491
2745 10621 814827
8511 10643 816256
3018 10329 833802
8475 10024 841350
1787 10714 857581
6063 10029 874000
8055 10085 896589
5267 10024 903092
2745 10621 904789
8475 10024 931333
9088 10642 947182
8838 10085 954677
9264 10085 975456
53 10085 996339
6063 10029 1016073
2745 10621 1017143
8838 10085 1036473
8475 10024 1041075
2745 10621 1076673
53 10085 1092465
2475 10621 1099330
9088 10642 1114809
53 10085 1122081
8909 10024 1152600
2745 10621 1162823
2745 10621 1162880
2745 10621 1167810
4237 10761 1176215
9264 10085 1185937
2475 10621 1249871
8838 10085 1259852
6168 10761 1266719
5764 10024 1266807
6168 10761 1267442
2745 10621 1271584
2745 10621 1271777
6063 10029 1273343
2463 10278 1277804
2745 10621 1278672
8475 10024 1292733
8475 10024 1304221
8475 10024 1304453
8838 10085 1312164
2475 10621 1333225
2745 10621 1351066
2745 10621 1353075
2745 10621 1353339
6063 10029 1356618
8475 10024 1372648
53 10085 1423781
4237 10657 1425739
4237 10657 1426364
53 10085 1426888
2745 10621 1434061
6063 10029 1437930
6063 10029 1438638
8909 10669 1456309
5721 10765 1459499
8838 10085 1474779
2745 10621 1508413
53 10085 1517565
6063 10029 1527048
5764 10024 1535992
734 10024 1543245
5463 10278 1565431
8475 10024 1567842
1787 10276 1578928
8475 10024 1579817
2745 10621 1587501
2475 10621 1612829
8475 10024 1624780
5764 10024 1634896
2745 10621 1639123
2475 10621 1688384
6063 10029 1707063
53 10085 1707504
2745 10621 1709652
8838 10085 1710611
9732 10642 1716670
4810 10765 1717574
2745 10621 1731864
6701 10761 1741499
8909 10669 1745410
2475 10621 1777161
8838 10085 1785742
2745 10621 1787652
2745 10621 1798388
2745 10621 1798702
8838 10085 1819216
9182 10198 1825176
9182 10198 1826010
809 10085 1867124
2745 10621 1873412
2745 10621 1874049
2475 10621 1874264
8475 10024 1876349
8838 10085 1895496
8838 10085 1898011
3018 10358 1936954
3018 10358 1938548
2745 10621 1950624
9732 10642 1951901
8475 10024 1976834
8838 10085 1978104
2745 10621 2048527
2745 10621 2049256
2745 10621 2068063
2745 10621 2070541
8475 10024 2076021
4810 10765 2077696
9088 10642 2127940
2745 10621 2133306
2745 10621 2137050
6746 10085 2141227
8475 10024 2146587
2475 10621 2148661
8838 10085 2165647
6746 10085 2227175
2745 10621 2244431
8838 10085 2248184
2745 10621 2283762
1315 10643 2303810
6063 10029 2309335
2745 10621 2372085
2745 10621 2382115
2562 10601 2400968
8838 10085 2407033
8475 10024 2410108
1722 10278 2418621
2475 10621 2465108
2745 10621 2479955
2745 10621 2541996
2475 10621 2546099
8475 10024 2555841
826 10765 2569631
826 10765 2570514
6063 10029 2581938
8838 10085 2593462
826 10029 2607891
6063 10029 2645777
8838 10085 2646228
8838 10085 2646746
3018 10329 2659565
