879 10060 7760
879 10060 8708
1073 10357 10474
879 10060 11011
879 10060 15734
1507 10194 16937
879 10060 17024
879 10060 17599
1507 10194 18052
879 10060 20653
879 10060 21966
1507 10194 26035
1507 10194 45743
1507 10194 45796
1376 10060 47341
3496 10194 55858
879 10060 55992
3549 10194 56582
3606 10194 57778
3549 10194 58379
3496 10194 58619
3549 10194 61022
3606 10194 61261
3496 10194 61502
1507 10194 64579
1507 10194 64632
4004 10179 65641
879 10060 67498
1706 10030 72416
4391 10030 72695
4391 10030 78134
4729 10357 83121
4766 10060 84428
1073 10357 97139
4391 10030 100921
4729 10357 106936
4729 10357 106947
4729 10357 107003
4729 10357 107056
4729 10357 107178
4729 10357 107618
4729 10357 107643
3542 10076 127446
5641 10194 128431
5641 10194 129305
5641 10194 131121
5641 10194 132373
1507 10194 132603
1507 10194 132636
5641 10194 134426
5641 10194 135306
5641 10194 136253
5641 10194 138941
1507 10194 139367
5942 10060 139625
3549 10194 147787
3496 10194 148156
3496 10194 151382
1893 10076 151627
3606 10194 151981
879 10060 152631
3606 10194 152826
3549 10194 153783
879 10060 155547
879 10060 158010
4391 10030 160553
879 10060 163437
5641 10194 167708
4729 10357 170035
244 10179 176355
6187 10030 179474
1507 10194 180408
1507 10194 180941
879 10060 183814
6781 10194 183903
879 10060 183950
879 10060 184012
879 10060 184119
879 10060 184201
6781 10194 184276
879 10060 186620
1073 10357 186917
5942 10060 188581
6187 10030 195265
5641 10194 203724
5641 10194 210908
5641 10194 211834
5641 10194 217177
3496 10194 218818
3549 10194 219176
3606 10194 220622
1507 10194 220774
5641 10194 220807
1507 10194 221027
3549 10194 222898
3606 10194 223498
3496 10194 223738
5641 10194 228934
5641 10194 230760
5641 10194 231707
1507 10194 232084
1507 10194 232126
4391 10030 238332
879 10060 242429
879 10060 242482
3542 10076 253941
3542 10076 255009
3542 10076 258261
244 10179 262258
4766 10060 264373
5641 10194 264916
1507 10194 267025
1507 10194 267069
1073 10357 269397
5641 10194 275708
7639 10689 281321
7639 10689 282047
7639 10689 283104
7639 10689 286661
7639 10689 288817
7639 10689 290069
7639 10689 290555
7639 10689 292402
7639 10689 296082
7639 10689 296159
7639 10689 297207
3542 10076 298335
1507 10194 302392
5641 10194 303594
5641 10194 304441
5641 10194 305348
5641 10194 307226
4632 10689 310240
244 10179 311454
1507 10194 314516
1507 10194 314618
3606 10194 331263
3496 10194 332337
5942 10060 332767
5942 10060 333031
3496 10194 333537
6781 10194 333909
6781 10194 333978
3549 10194 335823
3496 10194 336304
3549 10194 337382
3606 10194 337622
4729 10357 343041
5641 10194 344116
1507 10194 351996
1073 10357 359155
6781 10194 360593
5641 10194 365728
7639 10689 379550
7639 10689 380461
7639 10689 383963
7639 10689 384519
5641 10194 390871
5641 10194 393655
4632 10689 394026
5641 10194 396450
5641 10194 397341
7743 10060 397911
3542 10076 416184
3542 10076 416669
3496 10194 424618
3549 10194 425823
3496 10194 427504
3542 10076 427923
3606 10194 429297
3542 10076 429535
3542 10076 429569
3606 10194 430017
3549 10194 430137
5942 10060 431990
5641 10194 434126
6781 10194 435335
6781 10194 436485
1073 10357 446300
1073 10357 446506
7639 10689 464241
5641 10194 466538
7639 10689 467285
7639 10689 469482
7639 10689 469531
5641 10194 470107
7639 10689 470332
5641 10194 471038
7639 10689 471526
3542 10076 472402
7639 10689 472743
7639 10689 475657
5641 10194 476361
7639 10689 476487
6781 10194 484906
3496 10194 487147
5641 10194 488229
3549 10194 488943
3549 10194 489901
3606 10194 490274
3606 10194 491708
3496 10194 492428
4391 10030 498119
3542 10076 498245
3542 10076 498468
3542 10076 502453
8495 10076 505202
8495 10076 506486
8495 10076 512780
8495 10076 513530
8495 10076 514136
8495 10076 515081
5641 10194 517821
3542 10076 523825
6187 10030 525505
6781 10194 525909
1073 10357 528948
1073 10357 529001
5641 10194 532247
1507 10194 532832
1507 10194 532881
5641 10194 553812
8495 10076 566768
6187 10030 567827
5641 10194 568216
3542 10076 581113
879 10060 581205
5641 10194 582649
4391 10030 582705
3542 10076 584972
8691 10060 587811
8691 10060 588008
3542 10076 592236
3542 10076 592884
5641 10194 597041
3549 10194 597907
3606 10194 598136
3606 10194 598383
3496 10194 599104
3549 10194 600182
3496 10194 600782
4632 10689 607990
5641 10194 611417
6187 10030 618876
3542 10076 619934
5641 10194 647415
3542 10076 652365
5641 10194 654643
4729 10357 655064
4729 10357 655087
4729 10357 655138
4729 10357 655175
4729 10357 655194
4729 10357 655285
4391 10030 658010
4391 10030 662208
879 10060 663859
5942 10060 667169
4391 10030 671756
3542 10076 678411
3606 10194 680102
3496 10194 680945
4391 10030 681433
3549 10194 682028
3549 10194 682143
3606 10194 682737
3542 10076 682805
3496 10194 682858
3542 10076 682939
5641 10194 683431
4766 10060 691631
1507 10194 698904
7639 10689 712093
5641 10194 712209
4391 10030 712314
5942 10060 715175
7639 10689 715503
7639 10689 716585
7639 10689 722219
7639 10689 729289
5641 10194 741019
5942 10060 745775
4391 10030 747606
4391 10030 748909
7639 10689 749695
8959 10194 752639
4391 10030 754836
3496 10194 755585
7639 10689 756254
4391 10030 756361
3549 10194 756784
3606 10194 757024
3496 10194 757385
7639 10689 757566
7639 10689 758479
3549 10194 758583
7639 10689 759964
3606 10194 760144
4766 10060 771255
879 10060 773240
8959 10194 773991
5641 10194 774852
3542 10076 780376
3542 10076 780457
5641 10194 782039
7639 10689 790927
7639 10689 791092
1073 10357 792969
6187 10030 794072
4391 10030 797179
7639 10689 804834
7639 10689 808002
7639 10689 809219
7639 10689 813824
4391 10030 815122
7639 10689 815323
5641 10194 818049
5942 10060 819287
5942 10060 824834
8959 10194 825020
5641 10194 825259
8959 10194 830886
5641 10194 832473
7639 10689 837864
8959 10194 843307
7639 10689 844593
3549 10194 851588
3606 10194 852063
4194 10076 852689
3496 10194 855186
5942 10060 855656
5641 10194 868478
244 10179 868629
8959 10194 872168
8495 10076 872303
8959 10782 872733
5641 10194 875643
1073 10357 878772
7639 10689 895517
7639 10689 897058
9165 10194 899576
7639 10689 901951
3542 10076 902937
7639 10689 903308
3542 10076 904804
3542 10076 904908
7639 10689 905080
5641 10194 911647
8959 10194 914017
7639 10689 915911
5942 10060 917183
8959 10194 921222
7639 10689 926006
7639 10689 930275
8959 10194 943800
3918 10076 944771
4632 10689 946609
8495 10076 947667
4632 10689 948289
3606 10194 950822
4632 10689 951128
4766 10060 951705
3549 10194 952502
3496 10194 952856
4632 10689 953017
5641 10194 954861
8959 10782 954999
8959 10194 955119
8495 10076 955780
4729 10357 956747
1073 10357 963886
1073 10357 964301
1042 10076 973231
5641 10194 983644
7639 10689 990981
3918 10076 997466
5641 10194 998080
4632 10689 998530
4632 10689 1000448
6781 10194 1000935
6781 10194 1001488
5641 10194 1005259
7639 10689 1010506
7639 10689 1012866
7639 10689 1015115
7639 10689 1016723
3542 10076 1016877
7639 10689 1019581
8959 10782 1019846
8959 10194 1020231
4632 10689 1022216
5641 10194 1023252
7639 10689 1023481
4632 10689 1023658
8495 10076 1028740
3606 10194 1029296
3496 10194 1030501
3549 10194 1032058
3542 10076 1033574
8959 10194 1041157
5641 10194 1044798
1073 10357 1050028
1073 10357 1050441
6187 10030 1059824
5641 10194 1066390
3542 10076 1076194
4632 10689 1085551
6187 10030 1086126
7639 10689 1086346
4632 10689 1087582
5641 10194 1087988
9380 10194 1090695
8691 10060 1092816
8495 10076 1094922
8495 10076 1094950
6781 10194 1102222
8691 10060 1108992
6781 10194 1115078
3606 10194 1118938
3549 10194 1119662
3496 10194 1120502
8959 10194 1122893
8959 10194 1125697
8959 10194 1131761
1073 10357 1133105
3542 10076 1138090
3542 10076 1138712
3542 10076 1138755
9165 10194 1142934
5641 10194 1152788
9437 10076 1155146
5641 10194 1167199
4632 10689 1172087
5641 10194 1174409
8649 10975 1181770
9380 10194 1182984
3606 10194 1187817
3606 10194 1187943
5641 10194 1188804
3549 10194 1189017
3496 10194 1189858
4391 10030 1192226
4391 10030 1192228
4391 10030 1192234
4391 10030 1192235
4391 10030 1192240
4391 10030 1192241
4391 10030 1192243
4391 10030 1192248
4391 10030 1192252
4391 10030 1192256
4391 10030 1192262
4391 10030 1192265
4391 10030 1192269
4391 10030 1192283
4391 10030 1192302
4391 10030 1192306
4391 10030 1192309
4391 10030 1192320
4391 10030 1192323
4391 10030 1192324
4391 10030 1192330
4391 10030 1192332
4391 10030 1192337
8495 10076 1192658
8959 10194 1201783
3542 10076 1207026
8959 10194 1212592
8959 10782 1213414
4391 10030 1216047
5641 10194 1217603
1073 10357 1223809
5641 10194 1224788
9165 10194 1238324
5641 10194 1246388
6187 10030 1247830
5641 10194 1253598
4632 10689 1258886
4391 10030 1260058
5641 10194 1260784
4391 10030 1262522
4766 10060 1265239
4391 10030 1266110
9380 10194 1266206
5641 10194 1268069
6781 10194 1270715
3542 10076 1272019
5641 10194 1273144
3549 10194 1275541
3496 10194 1275896
4391 10030 1276839
3606 10194 1276983
8959 10194 1277376
8959 10194 1281057
4766 10060 1284678
8959 10194 1289947
4391 10030 1294928
4391 10030 1300624
5641 10194 1301959
4729 10357 1304642
1073 10357 1307005
4391 10030 1308384
4729 10357 1311174
9165 10194 1321837
5641 10194 1330747
3542 10076 1334012
5942 10060 1334198
4632 10689 1344754
5641 10194 1345153
9437 10076 1350358
4391 10030 1352108
9380 10194 1352759
4391 10030 1354019
4391 10030 1359341
4391 10030 1361168
9437 10076 1365560
3496 10194 1370945
3606 10194 1371061
9437 10076 1371219
1376 10060 1372183
3549 10194 1372631
4729 10357 1380301
4729 10357 1380346
4729 10357 1380377
4729 10357 1380481
4729 10357 1381159
4729 10357 1381192
4729 10357 1381208
4729 10357 1381283
5641 10194 1388346
1073 10357 1393184
6781 10194 1393473
1073 10357 1393767
7639 10689 1397667
7639 10689 1397707
7639 10689 1397744
7639 10689 1397773
7639 10689 1397812
7639 10689 1397841
7639 10689 1398490
7639 10689 1398505
5641 10194 1402752
7639 10689 1405070
7639 10689 1407326
9165 10194 1412646
4391 10030 1420231
5641 10194 1424343
1915 10499 1426605
4391 10030 1428980
244 10179 1429966
4632 10689 1430931
5641 10194 1431554
4391 10030 1436454
5641 10194 1438820
4391 10030 1441825
9380 10194 1443627
4391 10030 1443966
4391 10030 1448193
3549 10194 1457711
6781 10194 1459359
3496 10194 1459754
8959 10782 1460344
3606 10194 1461664
8959 10194 1464566
9437 10076 1464895
4729 10357 1466662
1073 10357 1481440
7639 10689 1488144
5641 10194 1489149
4391 10030 1491411
4391 10030 1491411
7639 10689 1491832
7639 10689 1492378
7639 10689 1493492
7639 10689 1495388
9165 10194 1497078
9165 10194 1497271
7639 10689 1501722
5641 10194 1503551
7639 10689 1505006
7639 10689 1505115
4391 10030 1509368
8959 10194 1510031
8959 10782 1511085
4391 10030 1512345
6781 10194 1517962
5641 10194 1517982
4391 10030 1521067
4391 10030 1524678
9380 10194 1531956
5641 10194 1543464
8959 10194 1546972
3606 10194 1547578
3496 10194 1547818
3549 10194 1549267
5641 10194 1557854
446 10060 1564167
5641 10194 1565439
1073 10357 1567301
5641 10194 1579448
6781 10194 1594091
9437 10076 1601232
4632 10689 1605936
5641 10194 1608327
9437 10076 1609380
8959 10194 1611320
4391 10030 1611711
9380 10194 1612287
4391 10030 1612834
8959 10194 1618068
4391 10030 1618597
3918 10076 1621048
5641 10194 1622660
3549 10194 1629903
3496 10194 1632665
3606 10194 1632912
8959 10194 1633025
9437 10076 1635726
6781 10194 1639096
1073 10357 1652327
5641 10194 1665848
9165 10194 1671708
6781 10194 1679432
5641 10194 1680289
3542 10076 1681859
5641 10194 1687467
4391 10030 1692424
4632 10689 1693020
4391 10030 1694171
5641 10194 1694667
4391 10030 1695942
4391 10030 1697728
4391 10030 1703123
4391 10030 1704351
9380 10194 1705789
3549 10194 1719896
3606 10194 1721222
3496 10194 1722540
6781 10194 1723199
6781 10194 1723449
5641 10194 1730654
5641 10194 1737855
1073 10357 1740873
5641 10194 1752251
9165 10194 1752923
5641 10194 1766670
4391 10030 1767957
4391 10030 1772141
3542 10076 1773774
4391 10030 1775235
4391 10030 1777335
4632 10689 1778339
4391 10030 1780226
4391 10030 1781184
4766 10060 1782081
4391 10030 1784141
1893 10076 1784426
4391 10030 1785655
5641 10194 1788269
4391 10030 1789013
4391 10030 1789239
4391 10030 1791013
9380 10194 1791717
4391 10030 1791998
4391 10030 1792638
4391 10030 1792644
4766 10060 1793824
4391 10030 1795640
4391 10030 1799511
3496 10194 1804143
3549 10194 1806302
3606 10194 1806783
5641 10194 1809737
8959 10194 1811210
8959 10782 1813108
8959 10194 1813959
5641 10194 1816933
3542 10076 1818497
4391 10030 1821151
8959 10194 1821901
6781 10194 1822225
5641 10194 1824152
1073 10357 1825229
3542 10076 1827767
8495 10076 1832510
9165 10194 1839462
5641 10194 1845732
5641 10194 1860141
6781 10194 1863001
4391 10030 1865157
4391 10030 1867026
5641 10194 1867350
6781 10194 1869944
4391 10030 1870321
8959 10194 1872464
4632 10689 1874316
9380 10194 1876995
4391 10030 1881357
5641 10194 1881750
5942 10060 1887909
8959 10194 1888860
8959 10782 1890651
8959 10194 1892014
3606 10194 1897024
8959 10194 1897136
3496 10194 1897744
5641 10194 1903338
1073 10357 1910945
1073 10357 1911665
6781 10194 1914581
4391 10030 1915021
9437 10076 1917310
9437 10076 1918270
9437 10076 1919667
7639 10689 1920661
9437 10076 1921695
7639 10689 1922410
9437 10076 1923858
5641 10194 1924936
5942 10060 1926915
9437 10076 1926960
9437 10076 1927061
7639 10689 1928188
5942 10060 1929412
7639 10689 1932777
9165 10194 1933117
7639 10689 1933260
7639 10689 1937587
7639 10689 1938409
9437 10076 1944593
6781 10194 1949314
6781 10194 1950185
5641 10194 1953728
4391 10030 1956629
4391 10030 1957905
9380 10194 1957928
8959 10194 1959403
8959 10782 1959531
4391 10030 1964440
4391 10030 1966271
9836 10803 1966961
5641 10194 1968160
8959 10194 1975554
3549 10194 1975616
3496 10194 1976597
3606 10194 1976938
8959 10194 1977619
4766 10060 1988062
4391 10030 1992162
1073 10357 1998027
6781 10194 2000972
1507 10194 2004275
1507 10194 2004329
4391 10030 2004997
9437 10076 2005045
5641 10194 2011345
9165 10194 2014213
5942 10060 2016578
7639 10689 2021444
7639 10689 2022387
7639 10689 2022999
4391 10030 2024728
6781 10194 2024954
6781 10194 2025957
7639 10689 2031873
7639 10689 2032336
5641 10194 2032939
5942 10060 2033582
4391 10030 2033775
4391 10030 2035039
7639 10689 2038043
244 10179 2039517
4391 10030 2041266
9437 10076 2042729
9380 10194 2044176
4391 10030 2046914
4391 10030 2048478
4391 10030 2052697
7639 10689 2059278
3549 10194 2064897
4766 10060 2065831
6781 10194 2071123
6781 10194 2071462
5641 10194 2077627
1073 10357 2085179
7639 10689 2092160
7639 10689 2101161
7639 10689 2109047
5942 10060 2110686
7639 10689 2111794
3542 10076 2113332
4391 10030 2114162
7639 10689 2117106
4391 10030 2117143
5641 10194 2120850
7639 10689 2120857
4391 10030 2125860
4391 10030 2129481
7951 10194 2139299
6781 10194 2144000
3606 10194 2147822
9437 10076 2148640
3496 10194 2150222
244 10179 2152452
244 10179 2152500
5641 10194 2164029
6781 10194 2165944
1073 10357 2177076
1073 10357 2177618
7639 10689 2185286
7639 10689 2186065
9437 10076 2186085
7639 10689 2200304
7951 10194 2201413
5641 10194 2207232
7639 10689 2209211
5641 10194 2214444
4391 10030 2216208
4391 10030 2217931
9764 10179 2219454
244 10179 2220093
244 10179 2220130
5942 10060 2221442
4391 10030 2224019
7639 10689 2226654
4766 10060 2229338
4766 10060 2231311
8959 10194 2231363
5641 10194 2236153
7639 10689 2237572
3496 10194 2237952
3606 10194 2239497
3549 10194 2240099
7639 10689 2242349
7639 10689 2242375
7639 10689 2242393
7639 10689 2242411
7639 10689 2242432
7639 10689 2242449
7639 10689 2242470
6781 10194 2245717
6781 10194 2245780
6781 10194 2245947
879 10060 2246770
879 10060 2246877
8959 10194 2250053
5641 10194 2250423
8959 10194 2256593
1376 10060 2257076
1073 10357 2261884
7639 10689 2262919
7639 10689 2263081
7639 10689 2263174
7639 10689 2263298
5641 10194 2264836
7951 10194 2272917
4391 10030 2273222
4391 10030 2273222
7639 10689 2280104
7639 10689 2280333
5942 10060 2285266
7639 10689 2291499
9437 10076 2291582
6781 10194 2292489
7639 10689 2293688
3606 10194 2294704
3549 10194 2294823
3496 10194 2295182
6781 10194 2295512
4391 10030 2296031
4391 10030 2298977
4391 10030 2300739
5641 10194 2300862
4391 10030 2302533
4391 10030 2307925
4391 10030 2309149
879 10060 2311474
8649 10975 2313273
4766 10060 2316398
4766 10060 2320131
5942 10060 2326761
4766 10060 2338954
9437 10076 2341916
1073 10357 2343952
6781 10194 2349284
4391 10030 2372761
7951 10194 2373743
5942 10060 2375393
5942 10060 2375468
4391 10030 2376038
5942 10060 2376605
4391 10030 2377650
5641 10194 2377947
4391 10030 2380019
4391 10030 2385039
4766 10060 2386079
4391 10030 2386283
4391 10030 2388672
4766 10060 2388780
6781 10194 2389749
6781 10194 2389786
6781 10194 2390193
4391 10030 2390460
4391 10030 2392919
4391 10030 2394341
4391 10030 2395828
4391 10030 2397087
4391 10030 2397131
4766 10060 2399322
4391 10030 2400146
7951 10194 2400255
4766 10060 2400753
7951 10782 2400889
4766 10060 2401215
4391 10030 2404620
8959 10194 2408876
4391 10030 2421139
5641 10194 2421139
5942 10060 2423918
5942 10060 2424015
3549 10194 2424064
5942 10060 2424168
3496 10194 2424546
1073 10357 2433469
1073 10357 2434516
9437 10076 2435285
9437 10076 2435796
5641 10194 2442729
7639 10689 2444548
9437 10076 2449515
5641 10194 2449948
9437 10076 2449958
9437 10076 2450132
5641 10194 2464351
4391 10030 2466147
4391 10030 2469961
4391 10030 2470052
4391 10030 2471826
4391 10030 2473644
4391 10030 2476028
244 10179 2478402
6781 10194 2479065
4391 10030 2486132
3496 10194 2486338
3606 10194 2486823
3549 10194 2487420
8959 10782 2493446
8959 10194 2493494
5942 10060 2494733
7951 10194 2494893
4391 10030 2501254
6781 10194 2507396
4766 10060 2508571
6781 10194 2512887
9437 10076 2513396
9437 10076 2513598
5641 10194 2514768
1073 10357 2516533
4391 10030 2518050
7639 10689 2524013
5641 10194 2529142
9437 10076 2540464
5641 10194 2543544
5942 10060 2544960
5641 10194 2550749
5641 10194 2557969
4391 10030 2561411
4391 10030 2566020
4391 10030 2568940
6781 10194 2570270
4391 10030 2571067
6781 10194 2571345
7951 10194 2571439
5641 10194 2580341
879 10060 2586341
8959 10194 2592795
8959 10782 2592839
3606 10194 2594953
3496 10194 2595316
6781 10194 2595920
6781 10194 2596002
3549 10194 2596861
5942 10060 2598844
5641 10194 2601940
1073 10357 2605307
4391 10030 2629532
6781 10194 2631737
5942 10060 2635521
5641 10194 2637936
4391 10030 2638880
4391 10030 2646088
4391 10030 2651711
7639 10689 2653020
4391 10030 2653274
4391 10030 2656598
7951 10194 2656692
4391 10030 2657500
3496 10194 2666707
3549 10194 2667063
3606 10194 2673910
