26 10246 17357
1786 10127 22446
3528 10445 56298
3528 10445 57235
3528 10445 58697
3528 10445 59622
3528 10445 61108
3528 10445 62923
1786 10127 71616
26 10246 97703
26 10246 97789
615 10445 100026
1084 10246 118056
3528 10445 123489
1786 10127 128132
1786 10127 129536
1786 10127 138796
615 10445 147458
5072 10445 178256
1084 10246 187963
7420 10127 246565
7420 10127 260858
615 10445 273975
3072 10155 282118
3528 10445 320083
615 10445 345621
7420 10127 352174
615 10445 373170
615 10445 374340
26 10246 376396
615 10445 377643
615 10445 380760
1786 10127 388805
615 10445 392878
615 10445 404113
3528 10445 408876
1786 10127 418192
615 10445 433670
7420 10127 437397
5099 10155 454158
3528 10445 480516
7420 10127 520317
615 10445 529440
615 10445 555655
3528 10445 563907
615 10445 571695
3528 10445 578984
26 10246 610224
3528 10445 645510
615 10445 658204
7420 10127 669390
1786 10127 688347
1084 10246 704477
5099 10155 719120
1786 10127 745062
3528 10445 754469
615 10445 755119
3528 10445 755678
7420 10127 779728
5099 10155 807002
615 10445 834277
5723 10155 838378
5723 10155 839076
1786 10127 844570
1786 10127 844703
1786 10127 932430
1786 10127 934550
1786 10127 934811
7420 10127 957158
1433 10246 1041854
1289 10246 1048573
615 10445 1076319
615 10445 1082253
3528 10445 1087473
615 10445 1093380
1786 10127 1131222
3528 10445 1184082
7420 10246 1192101
1786 10127 1309811
615 10445 1321352
3528 10445 1353888
615 10445 1357667
26 10246 1377449
615 10445 1396818
3528 10445 1425266
615 10445 1431035
1786 10127 1458986
7420 10127 1469751
5072 10445 1487771
5072 10445 1489550
1786 10127 1517314
5099 10155 1536990
7420 10127 1629626
1786 10127 1633529
615 10445 1667769
615 10445 1668723
615 10445 1676960
615 10445 1688805
1786 10127 1691898
3528 10445 1692863
1786 10127 1699247
2765 10445 1718495
5723 10155 1762825
3528 10445 1780524
7420 10127 1782051
615 10445 1868491
615 10445 1868921
1786 10127 1878899
615 10445 1925513
3528 10445 1933802
3528 10445 1936221
3528 10445 1937412
3528 10445 1949124
3528 10445 1950021
3528 10445 1952163
3528 10445 1965272
615 10445 1977817
3528 10445 2023463
3528 10445 2024655
615 10445 2054242
3952 10246 2067345
7420 10127 2069768
7420 10127 2079868
5099 10155 2109785
1084 10246 2116671
615 10445 2121461
3528 10445 2136249
1786 10127 2146234
5072 10445 2148668
3528 10445 2154870
7420 10127 2155268
1786 10127 2164886
3528 10445 2207973
1786 10127 2214324
1786 10127 2232188
1786 10127 2232303
5099 10155 2237354
7420 10127 2244911
615 10445 2267141
615 10445 2285939
615 10445 2287802
615 10445 2297463
615 10445 2301479
1786 10127 2327697
615 10445 2405016
3528 10445 2406413
7420 10127 2417894
3952 10246 2428334
615 10445 2464100
7420 10127 2465634
615 10445 2476838
7420 10127 2498797
7420 10246 2514888
5072 10445 2534793
5072 10445 2536244
615 10445 2546202
1786 10127 2547940
615 10445 2563767
3528 10445 2567096
615 10445 2580170
615 10445 2582491
3528 10445 2644492
3528 10445 2646355
3952 10246 2646541
7420 10127 2677722
