347 10316 8253
1591 10477 18505
1591 10477 18663
1591 10477 19047
1591 10477 21853
1834 10639 44381
4396 10477 72771
1591 10477 76072
4659 10477 80559
4659 10477 81208
4659 10477 81794
569 10316 86223
4396 10477 155087
4659 10477 157288
1591 10477 263798
1591 10477 263831
1591 10477 267788
1591 10477 268489
1591 10477 268568
4659 10477 325620
4659 10477 329479
1591 10477 333237
1700 10410 335899
4396 10477 349798
1591 10477 395142
4659 10477 414064
4659 10477 418179
2559 10316 425657
5306 10410 485904
1700 10410 528944
6500 10639 567071
2865 10316 628382
2336 10316 672133
1591 10477 704240
6657 10316 713241
1591 10477 717337
1591 10477 717446
1591 10477 717564
4749 10316 757637
1591 10477 887121
1591 10477 888889
4396 10477 957815
1591 10477 977324
6412 10410 1004982
4396 10477 1033599
4396 10477 1033785
1591 10477 1033889
1591 10477 1033921
1591 10477 1034128
1591 10477 1034216
4396 10477 1035354
1591 10477 1113908
5968 10316 1119207
6539 10410 1124914
6875 10928 1143347
6875 10928 1152290
5968 10953 1182769
358 10639 1206373
1700 10410 1225122
5503 10399 1256934
1591 10477 1312495
1591 10477 1315919
8091 10928 1338311
4659 10477 1397536
7382 10316 1449227
8929 10685 1470961
7827 10565 1526214
4396 10477 1557134
1591 10477 1560093
1591 10477 1560190
1591 10477 1561867
1591 10477 1561956
1591 10477 1564752
4396 10477 1565365
4659 10477 1692827
1591 10477 1739042
1591 10477 1744009
1591 10477 1745049
1591 10477 1807916
1591 10477 1808111
4396 10477 1811669
4396 10477 1811853
1591 10477 1871451
1591 10477 1894748
4659 10477 1914205
5503 10701 1933726
6500 10639 1946048
1829 10694 1966017
1829 10694 1970046
1591 10477 1983699
1591 10477 1983918
1591 10477 2002137
1591 10477 2002182
1591 10477 2055435
4396 10477 2058473
1591 10477 2091379
1591 10477 2098441
9926 10701 2119949
9926 10701 2154810
4104 10316 2166092
7382 10477 2220113
4104 10968 2240698
4659 10477 2267549
3408 10316 2306504
9435 10928 2391622
1591 10477 2393183
2337 10399 2394781
358 10685 2427946
9435 10928 2436726
7132 10477 2513614
1591 10477 2515013
1591 10477 2521559
9435 10928 2538956
4659 10477 2558740
1591 10477 2563537
4396 10477 2580007
4396 10477 2580823
4396 10477 2581818
1591 10477 2605650
9697 10316 2614218
4659 10477 2649538
4396 10477 2656735
4396 10477 2657458
4396 10477 2659554
4104 10968 2670999
