3948 10599 76701
4715 10706 82726
4715 10706 83676
4715 10706 98992
4715 10706 99098
5431 10300 115946
5431 10300 116012
5431 10300 116139
5431 10300 116658
5431 10300 116976
5712 10045 131316
4715 10706 144039
4715 10706 146114
4715 10706 146424
4715 10706 146574
4715 10706 153602
3948 10599 212356
5431 10300 213831
5431 10300 213940
5431 10300 214030
5431 10300 214419
5431 10300 214746
7191 10160 225796
3489 10581 245218
4715 10706 266689
4715 10706 268359
4715 10706 269319
1323 10145 280893
5431 10300 286821
5431 10300 286891
5431 10300 286954
5431 10300 287273
5431 10300 287374
5431 10300 287623
3948 10599 299365
2368 10045 301618
7191 10160 312201
5919 10045 325839
4715 10706 359266
1323 10145 364330
8135 10599 392856
3948 10599 422048
4715 10706 424134
4715 10706 424494
4715 10706 426174
4715 10706 426343
4715 10706 426680
1323 10145 459454
7191 10160 468976
3948 10599 469236
3948 10599 471359
7191 10160 474037
2368 10045 474788
1683 10045 488377
1683 10045 508749
8135 10599 519833
2368 10045 555070
4715 10706 556754
8135 10599 573103
7664 10706 594778
7664 10706 629032
7664 10706 629796
7664 10706 637359
7664 10706 641411
8040 10436 687061
8040 10436 687667
2368 10158 725395
4715 10706 731666
4715 10706 731720
4715 10706 731802
4715 10706 732312
5431 10300 736202
5431 10300 736373
5431 10300 736494
5431 10300 736650
5431 10300 737042
5431 10300 795516
5431 10300 795586
5431 10300 795724
5431 10300 795909
5431 10300 796037
5431 10300 796221
7191 10160 817592
3948 10599 818137
2368 10045 819757
4715 10706 821102
4715 10706 821672
4715 10706 821965
3948 10599 846100
3948 10599 853159
3704 10593 864710
3704 10593 865447
3948 10599 868606
5303 10581 892280
5431 10300 892593
5303 10581 892599
5431 10300 892667
5431 10300 892796
5431 10300 893063
5431 10300 893173
5431 10300 893567
2877 10436 894789
3948 10599 901028
3948 10599 901424
3948 10599 904861
3948 10599 904971
2368 10045 905499
8135 10599 905575
1683 10045 910802
4715 10706 913703
4715 10706 913904
4715 10706 915189
4715 10706 915354
4715 10706 916495
4715 10706 916590
4715 10706 916706
8135 10599 939664
1323 10145 961200
3948 10599 991145
3948 10599 991333
2877 10436 994189
2368 10045 994259
2877 10436 995162
9327 10145 1035396
3948 10599 1039522
3948 10599 1040271
3948 10599 1040423
4715 10706 1048370
2877 10436 1060648
8522 10429 1068745
9327 10145 1069751
5431 10300 1078008
5431 10300 1078465
5431 10300 1078560
5431 10300 1078644
5431 10300 1078764
5431 10300 1078886
5431 10300 1079090
2877 10436 1079734
7191 10160 1081135
9327 10145 1088134
3916 10429 1097019
4715 10706 1099808
4715 10706 1099902
4715 10706 1099977
4715 10706 1106069
4715 10706 1106485
4715 10706 1106820
4715 10706 1107106
4715 10706 1108195
3948 10599 1110703
5303 10581 1112303
5303 10581 1112580
9327 10145 1113372
5303 10581 1114071
9327 10145 1126686
5431 10300 1161472
5431 10300 1162142
5431 10300 1162188
5431 10300 1162837
7724 10581 1190400
9327 10145 1198024
3948 10599 1202987
4715 10706 1215439
9327 10145 1223563
1323 10145 1227272
4715 10706 1269653
4715 10706 1269799
9327 10145 1273879
4715 10706 1280506
4915 10593 1294681
3948 10599 1297967
1323 10145 1307207
3054 10507 1343985
2368 10045 1352074
4715 10706 1358566
4715 10706 1358643
4715 10706 1358759
4715 10706 1359070
4715 10706 1359321
4715 10706 1359555
4715 10706 1359911
8135 10599 1361293
4715 10706 1362325
9327 10145 1381465
583 10599 1400809
1287 10158 1460164
3139 10715 1460276
8622 10128 1465644
8522 10429 1499853
2109 10581 1500865
5539 10706 1509666
5159 10136 1522206
4715 10706 1551393
8522 10429 1555535
3948 10599 1595735
5431 10300 1596892
5431 10300 1596958
5431 10300 1597060
5431 10300 1597158
5431 10300 1597298
5431 10300 1597571
2368 10045 1603453
8522 10429 1623248
1323 10145 1633284
9327 10145 1637599
9327 10145 1639692
9327 10145 1645028
3687 10128 1660085
4715 10706 1681801
4715 10706 1684461
4715 10706 1684561
2368 10045 1685763
5431 10300 1685903
5431 10300 1685987
5431 10300 1686101
4715 10706 1686507
5431 10300 1687091
7985 10593 1710537
5303 10581 1738703
4939 10158 1773584
3948 10599 1784911
8522 10429 1795702
8522 10429 1800337
1323 10145 1822570
234 10128 1838803
9327 10145 1887742
4715 10706 1895850
4715 10706 1897373
4715 10706 1897440
1323 10145 1921467
9327 10145 1931378
9327 10145 1980570
4715 10706 1983705
4715 10706 1983831
4715 10706 1984157
4715 10706 1984937
5303 10581 1985707
9896 10158 1986381
3948 10599 1990534
4715 10706 2014416
4715 10706 2014482
4715 10706 2014900
5431 10300 2016189
5431 10300 2016279
5431 10300 2017246
5431 10300 2017535
5431 10300 2017626
4715 10706 2018850
4715 10706 2025807
5712 10045 2030372
1683 10045 2036767
4799 10706 2038129
5303 10581 2058955
3359 10158 2068318
3948 10599 2076903
1323 10145 2104328
5539 10706 2112121
5431 10300 2115969
2368 10045 2115988
5431 10300 2116661
8154 10590 2129032
3948 10599 2162393
3948 10599 2162826
5159 10889 2180122
5431 10300 2200676
5431 10300 2201111
5431 10300 2201194
5431 10300 2201630
2282 10706 2222612
2877 10436 2228585
5849 10590 2228792
5849 10590 2229151
3948 10599 2230064
3948 10599 2247057
1323 10145 2255935
2877 10436 2274974
3948 10599 2287230
2877 10436 2287574
5431 10300 2289582
5431 10300 2289675
5431 10300 2289763
5431 10300 2290108
2368 10045 2297270
2450 10593 2298202
2450 10593 2298311
1683 10045 2306759
2877 10436 2308137
3948 10599 2320095
4715 10706 2350882
3948 10599 2380317
2877 10436 2388401
9327 10145 2414725
9327 10145 2416889
2877 10436 2452882
4688 10436 2455851
2877 10436 2465871
9327 10145 2475873
1683 10045 2477484
2877 10436 2492913
2368 10045 2493273
3948 10599 2497532
3948 10599 2508285
4715 10706 2516623
1323 10145 2519011
8522 10429 2529744
164 10436 2530250
5431 10300 2544453
5431 10300 2544576
5431 10300 2544795
2877 10436 2545204
5431 10300 2545652
2282 10706 2553022
2877 10436 2559366
8522 10429 2572261
9927 10158 2578355
8522 10429 2582374
8522 10429 2599171
9327 10145 2620477
5431 10300 2628559
5431 10300 2628640
