3601 10568 57654
3601 10568 57704
3901 10722 62820
4249 10541 70295
3901 10722 91918
3601 10568 135875
3601 10568 144077
6278 10686 209453
3901 10722 229235
1466 10851 229643
3601 10568 230483
4185 10130 236576
1466 10851 249165
3925 10716 253784
7559 10716 264635
5147 10506 272119
3601 10568 274596
3601 10568 316849
5147 10749 347738
3601 10568 489712
3901 10722 521943
4249 10541 522844
7888 10716 572514
4249 10541 610471
3601 10568 662411
3601 10568 662525
3901 10722 674750
4249 10541 699637
37 10855 714306
3601 10568 748808
3601 10568 748868
3901 10722 831321
3601 10568 836145
3601 10568 836176
5203 10130 850869
3601 10568 1008001
3601 10568 1008022
7017 10716 1034090
3901 10722 1122732
8474 10541 1169989
628 10749 1301739
1865 10921 1303055
7405 10130 1309575
3283 10686 1347399
5111 10686 1361194
5111 10686 1361541
1865 10921 1365193
8857 10257 1406832
3601 10568 1440017
3601 10568 1440079
4249 10541 1477148
4249 10541 1477584
37 10257 1524552
3601 10568 1526408
4249 10541 1645784
2414 10506 1693100
9551 10615 1698659
3601 10568 1699210
3601 10568 1699330
1078 10749 1703515
6254 10266 1710360
6254 10266 1729650
8474 10541 1737277
9551 10615 1777215
3601 10568 1785638
9826 10950 1801611
6254 10266 1822967
9565 10266 1824696
3601 10568 1872021
6254 10266 1873412
9826 10456 1888920
9569 10615 1891492
6511 10716 1902704
3601 10568 1958418
9551 10950 1962553
6254 10266 1971707
9431 10130 1996337
8123 10257 2003604
9551 10950 2043932
3601 10568 2044826
4249 10541 2075477
1865 10921 2090957
3925 10749 2110268
9569 10615 2148031
9191 10906 2148327
1078 10245 2148499
9569 10456 2148977
4249 10541 2157924
9565 10266 2160751
5091 10266 2184435
9551 10615 2209403
9551 10456 2210239
9569 10541 2214122
3601 10568 2217644
5326 10400 2223992
8474 10541 2227303
4249 10541 2248675
3601 10568 2304002
3601 10568 2304095
9551 10950 2312240
1401 10400 2336059
4249 10541 2343850
4249 10541 2344480
9569 10541 2363717
9565 10266 2382833
3601 10568 2390526
37 10257 2404626
9735 10921 2426687
4249 10541 2430190
3601 10568 2476851
3601 10568 2563203
3601 10568 2563231
9826 10368 2575950
9735 10676 2585383
3901 10722 2605088
9551 10456 2670443
9551 10615 2671759
