2743 10052 64855
1171 10052 69118
1171 10052 69814
2743 10052 75015
1171 10052 86397
5005 10052 93100
1171 10052 102232
5005 10052 132060
1171 10052 145715
1171 10052 164102
6194 10052 190503
6194 10052 194194
1171 10052 229342
1171 10052 234324
1171 10052 248268
1171 10052 253037
5005 10052 311331
6194 10052 316674
6194 10052 320335
6194 10052 326095
1171 10052 340016
5005 10052 346574
1171 10052 358579
1171 10052 360994
6194 10052 367173
1171 10052 368970
6194 10052 371067
6194 10052 373803
2743 10052 396336
4167 10052 452295
1171 10052 453072
5005 10052 481185
5005 10052 482355
1171 10052 484288
5005 10052 491593
4091 10052 494516
4091 10052 495142
1171 10052 499847
4091 10052 500050
1171 10052 505458
1171 10052 531387
2190 10052 544747
6194 10052 555338
2743 10052 568161
2743 10052 571011
6194 10052 573046
6194 10052 580029
6194 10052 584776
6194 10052 632436
6194 10052 638629
6194 10052 643426
6194 10052 653871
6194 10052 657834
6194 10052 662437
2743 10052 665830
2743 10052 665874
6194 10052 666500
1171 10052 683604
5005 10052 699763
1171 10052 740634
6194 10052 740849
1171 10052 749112
6194 10052 749267
2743 10052 756860
5005 10052 757723
1171 10052 765691
2743 10052 770075
1171 10052 796922
2743 10052 830379
5005 10052 833015
6194 10052 843023
1171 10052 848740
1171 10052 851116
1171 10052 867495
1171 10052 888103
1171 10052 913751
6194 10052 920731
1171 10052 923164
6194 10052 925494
6194 10052 931252
1171 10052 974851
6194 10052 1000761
6194 10052 1004654
5005 10052 1006582
1171 10052 1007402
6194 10052 1009668
6194 10052 1013616
1171 10052 1034313
1171 10052 1062506
5005 10052 1093874
5005 10052 1096646
1171 10052 1098928
1171 10052 1192597
1171 10052 1194863
5005 10052 1288885
1171 10052 1290485
1171 10052 1290677
1171 10052 1313240
1171 10052 1347285
5005 10052 1354676
5005 10052 1384501
5005 10052 1391903
9633 10052 1394640
9633 10052 1395513
9633 10052 1396471
9633 10052 1397209
9633 10052 1397892
1171 10052 1404942
5005 10052 1432147
1171 10052 1439852
1171 10052 1464890
9633 10052 1481918
9633 10052 1482671
9633 10052 1483776
9633 10052 1484566
9633 10052 1486340
1171 10052 1492168
5005 10052 1526966
1171 10052 1542564
1171 10052 1553711
9633 10052 1570515
9633 10052 1573910
1171 10052 1621576
1171 10052 1626075
9633 10052 1657910
9633 10052 1658533
9633 10052 1659376
9633 10052 1663845
2149 10052 1666559
5005 10052 1697826
9664 10052 1707599
4091 10052 1722506
1171 10052 1738616
5005 10052 1789148
5005 10052 1793165
5005 10052 1805786
1171 10052 1830890
1171 10052 1835766
9664 10052 1862640
5005 10052 1870699
1171 10052 1920250
9633 10052 1928116
9633 10052 1928757
9633 10052 1929523
9633 10052 1930192
9633 10052 1930849
5005 10052 1959557
5005 10052 1962819
9664 10052 1966008
6194 10052 1966705
6194 10052 2003237
9633 10052 2009723
9633 10052 2010526
9633 10052 2011571
9633 10052 2012483
9633 10052 2013148
6194 10052 2017555
1171 10052 2057157
9664 10052 2061585
1171 10052 2086527
9633 10052 2096015
9633 10052 2096808
9633 10052 2098563
9633 10052 2099316
6194 10052 2134497
6194 10052 2136861
2743 10052 2148438
1171 10052 2161912
6194 10052 2176046
6194 10052 2179708
9633 10052 2181977
9633 10052 2182649
9633 10052 2183387
9633 10052 2184247
9633 10052 2184966
1171 10052 2213119
2743 10052 2215100
1171 10052 2224027
5005 10052 2229701
5005 10052 2236018
9633 10052 2268749
9633 10052 2269479
5005 10052 2315136
1171 10052 2341017
1171 10052 2341018
1171 10052 2440319
9664 10052 2486579
1171 10052 2526211
1171 10052 2581653
9633 10052 2610228
9633 10052 2613714
9633 10052 2614347
9664 10052 2639432
5005 10052 2639559
9664 10052 2641229
5005 10052 2647958
5005 10052 2659153
9664 10052 2674941
