791 10287 6873
4470 10690 74368
1153 10022 76298
4470 10690 80568
1372 10485 95006
6191 10193 148454
1444 10653 169933
791 10287 176876
1814 10193 190261
7158 10022 227661
4813 10366 268167
7525 10193 324622
4470 10690 332775
3136 10287 345161
7806 10625 356820
6131 10625 408175
976 10366 408998
791 10287 437032
6111 10475 448204
1444 10653 454043
7806 10625 461375
976 10366 504525
3891 10797 522296
976 10366 551259
7974 10576 565512
791 10287 611539
8243 10366 653099
1372 10022 683635
976 10366 684619
1372 10022 685417
1372 10022 687797
7806 10068 719696
1172 10193 767135
791 10287 780264
1814 10193 784567
5790 10193 853280
4470 10815 873960
4370 10193 916342
4470 10690 948862
6938 10022 1061268
4470 10815 1061814
7747 10625 1087142
7806 10068 1087398
791 10287 1127266
7974 10022 1199908
4911 10578 1204664
976 10366 1217271
4470 10690 1245389
2272 10653 1251385
7747 10625 1272683
6188 10193 1287405
3136 10287 1297805
7747 10625 1361682
8540 10823 1362805
4470 10690 1393501
7806 10068 1394610
4470 10690 1399223
7806 10193 1407661
7747 10625 1449079
4470 10690 1485144
7974 10576 1505105
4467 10193 1533105
7747 10625 1535555
4470 10690 1551925
7806 10068 1588394
3136 10287 1615768
7158 10022 1616793
7158 10022 1618012
7747 10823 1620922
7747 10625 1622292
712 10380 1630534
791 10287 1644655
1153 10022 1650617
7158 10022 1651433
4470 10690 1665757
7806 10068 1677324
7747 10823 1700027
7747 10625 1701987
791 10287 1733132
7806 10068 1742582
7747 10823 1771885
7747 10625 1773462
3891 10366 1781686
6514 10193 1798950
7509 10653 1820018
4470 10690 1840115
6721 10287 1889622
4470 10690 1901147
7806 10625 1908353
7806 10625 1909188
7747 10823 1966461
7747 10625 1967766
7747 10823 2053810
2211 10366 2054281
7747 10625 2055159
791 10287 2078111
4470 10690 2094204
7747 10823 2140928
7747 10625 2142147
8843 10366 2147913
7747 10823 2227922
7747 10625 2229290
4470 10815 2241421
6591 10193 2259065
7478 10852 2281676
7806 10068 2286618
6721 10815 2336039
791 10287 2337945
4470 10690 2343275
4470 10690 2413990
7790 10366 2435646
4703 10287 2495734
3891 10366 2557662
6488 10578 2581634
4911 10823 2592053
4470 10690 2592955
791 10287 2596386
5069 10193 2676135
