814 10292 7090
814 10292 28691
2093 10547 28797
814 10292 50291
814 10292 75490
814 10292 97091
2093 10547 115199
814 10292 118691
814 10292 140291
814 10292 161891
814 10292 183491
2093 10547 201600
814 10292 205091
814 10292 226691
814 10292 248290
814 10292 269891
2093 10547 287998
814 10292 291491
814 10292 313090
814 10292 334691
814 10292 356290
2093 10547 374398
814 10292 377890
814 10292 399490
814 10292 421091
814 10292 442691
2093 10547 460799
814 10292 464291
814 10292 485891
814 10292 507491
814 10292 529090
2093 10547 547199
814 10292 550690
814 10292 572291
814 10292 593891
814 10292 615491
2093 10547 633598
814 10292 637091
814 10292 658691
814 10292 680290
814 10292 701890
2093 10547 719999
814 10292 723491
814 10292 745090
814 10292 766690
814 10292 788290
2093 10547 806399
814 10292 809891
814 10292 831491
814 10292 853090
814 10292 874691
2093 10547 892799
814 10292 896291
814 10292 917890
814 10292 939491
814 10292 961091
2093 10547 979198
814 10292 982691
814 10292 1004292
814 10292 1025890
814 10292 1047491
2093 10547 1065597
814 10292 1069091
814 10292 1090690
814 10292 1112300
814 10292 1133891
2093 10547 1151999
814 10292 1155490
814 10292 1177090
814 10292 1198691
814 10292 1220290
2093 10547 1238399
814 10292 1241891
814 10292 1263491
814 10292 1285091
814 10292 1306691
2093 10547 1324799
814 10292 1328290
814 10292 1349891
814 10292 1371492
814 10292 1393091
2093 10547 1411198
814 10292 1414690
814 10292 1436290
814 10292 1457890
814 10292 1479491
2093 10547 1497598
814 10292 1501090
814 10292 1522690
814 10292 1544290
814 10292 1565891
2093 10547 1583998
814 10292 1587491
814 10292 1609091
814 10292 1630691
814 10292 1652291
2093 10547 1670398
814 10292 1673890
814 10292 1695491
814 10292 1717090
814 10292 1738691
2093 10547 1756799
814 10292 1760290
814 10292 1781891
814 10292 1803491
814 10292 1825090
2093 10547 1843198
814 10292 1850291
814 10292 1871890
814 10292 1893490
814 10292 1915091
2093 10547 1929597
814 10292 1936691
814 10292 1958291
814 10292 1979890
814 10292 2001491
2093 10547 2015998
814 10292 2023091
814 10292 2044691
814 10292 2066290
814 10292 2087890
2093 10547 2102398
814 10292 2109490
814 10292 2131091
814 10292 2152691
814 10292 2174291
2093 10547 2188798
814 10292 2195891
814 10292 2217490
814 10292 2239091
814 10292 2260691
2093 10547 2275199
814 10292 2282291
814 10292 2303891
814 10292 2325490
814 10292 2347091
2093 10547 2361599
814 10292 2368691
814 10292 2390291
814 10292 2411890
814 10292 2433491
2093 10547 2447998
814 10292 2455091
814 10292 2476691
814 10292 2498291
814 10292 2519891
2093 10547 2534399
814 10292 2541491
814 10292 2563091
814 10292 2584691
814 10292 2606291
2093 10547 2620797
814 10292 2627890
814 10292 2649490
814 10292 2671090
