798 10184 6933
3481 10414 55596
3481 10414 64906
3481 10367 67584
3481 10414 67606
798 10184 68663
4920 10108 89740
4920 10108 91627
3481 10414 120425
5806 10586 134661
6104 10367 145251
4920 10108 160115
4920 10108 160319
6519 10171 161806
5806 10586 218822
7223 10108 228106
6029 10563 228113
6519 10171 232191
6104 10367 236012
6519 10171 237797
3481 10414 244092
6104 10367 257956
3481 10414 261384
3481 10414 289490
3285 10108 304605
5806 10586 311028
5806 10586 311600
3481 10414 312408
7223 10108 331546
6104 10367 352394
6104 10367 353095
4920 10108 357053
7762 10108 377144
3481 10414 377966
6104 10367 385186
7762 10108 385569
5650 10505 386135
7994 10108 392172
3142 10586 399262
6104 10367 400698
6519 10171 401027
3481 10414 403935
3481 10414 403973
3481 10414 404029
6104 10367 406814
4920 10108 420276
3285 10108 429807
3285 10108 436404
1274 10505 453480
3481 10414 462497
8414 10414 478193
8414 10505 478331
8414 10367 478403
6104 10367 481820
5806 10586 486391
7223 10108 490680
6104 10367 501291
4920 10108 503588
3285 10108 505863
4920 10108 531910
3481 10414 554279
3481 10414 575013
3481 10414 576560
7402 10586 580350
4920 10108 594443
942 10108 615524
798 10184 645124
3481 10414 681834
4920 10108 695169
3481 10414 717693
3481 10414 717762
6968 10108 723877
6104 10367 724471
6104 10367 727388
6104 10367 744663
3481 10414 744675
5806 10586 745717
7223 10108 746540
3481 10367 751839
4920 10108 759678
6104 10367 759920
4920 10108 797940
3481 10414 809300
3481 10414 809316
3481 10414 809359
5806 10586 824605
5806 10586 825424
7223 10108 830809
4920 10108 846121
6104 10367 847703
3481 10414 855720
6104 10367 916350
3481 10414 917646
3481 10414 920190
3481 10414 925215
3285 10108 944274
6104 10367 986830
5806 10586 1007476
3481 10414 1008858
3481 10414 1008873
3481 10414 1008886
8711 10108 1012787
8824 10108 1029766
6104 10367 1032091
9311 10184 1035238
9311 10184 1040262
7757 10563 1060105
7757 10563 1060704
3481 10414 1069812
3481 10414 1070241
5806 10586 1080805
5806 10586 1081426
3750 10108 1089461
3481 10414 1090224
3481 10414 1090469
6104 10367 1096991
3481 10414 1098961
5860 10108 1101927
9311 10184 1102700
3481 10414 1104100
9311 10184 1132462
8910 10171 1147957
7969 10505 1180647
9311 10184 1190113
2228 10937 1196091
9311 10184 1213697
798 10184 1215512
798 10184 1216378
9487 10367 1231535
3481 10414 1239011
3481 10414 1245198
3481 10414 1262787
3481 10414 1262807
9487 10505 1271584
9311 10184 1284032
1597 10937 1303339
3285 10108 1307200
9311 10184 1309547
3481 10414 1312362
3481 10414 1312619
9487 10367 1315179
3481 10414 1317683
6104 10367 1333978
6104 10367 1334514
6104 10367 1341500
3481 10414 1350620
9311 10184 1352826
5806 10586 1352997
5806 10586 1353205
3481 10414 1357957
1597 10937 1358857
9487 10367 1368130
1597 10937 1372881
9311 10184 1382392
9487 10171 1385104
4920 10108 1416737
3481 10414 1417106
3481 10414 1417125
3481 10414 1417908
8414 10414 1431640
8414 10505 1432136
8414 10367 1432425
6519 10171 1448701
3481 10414 1451887
9311 10184 1452523
3285 10108 1452976
3481 10414 1456666
3481 10414 1456696
9623 10108 1458893
3481 10414 1461736
1597 10937 1469356
1597 10937 1471347
1597 10937 1475569
8859 10367 1476563
1597 10937 1476754
6104 10367 1477852
9311 10184 1477963
6104 10367 1479222
1597 10937 1483234
1597 10937 1483342
1486 10108 1487097
3481 10414 1500033
6104 10367 1512313
1597 10937 1524262
1597 10937 1525734
6984 10586 1533203
9311 10184 1537036
7515 10586 1544823
5860 10108 1555842
8711 10108 1564417
3481 10414 1607327
3481 10414 1607400
3481 10414 1617290
1597 10937 1620216
1597 10937 1620305
1597 10937 1620351
5806 10586 1620936
9311 10184 1626999
3481 10414 1632681
3481 10414 1632827
9311 10184 1643638
3285 10108 1646347
3285 10108 1648171
1597 10937 1652164
5806 10586 1668935
4920 10108 1674194
6104 10367 1682656
6104 10367 1684140
8711 10108 1692034
6104 10367 1696138
5796 10367 1700967
5796 10367 1701694
5796 10367 1702985
5796 10367 1704127
5796 10367 1704240
5796 10367 1705169
5796 10367 1705582
3481 10414 1710766
3481 10414 1710877
3481 10367 1713302
9311 10184 1720225
3481 10414 1720963
8711 10108 1725688
3481 10414 1740000
3481 10414 1740012
3481 10414 1745271
1274 10171 1746884
3481 10414 1762866
3481 10367 1763598
6104 10367 1765134
7762 10108 1775655
5796 10367 1786855
5796 10367 1788420
5796 10367 1789130
5796 10367 1789586
9311 10184 1795542
3481 10414 1795658
3481 10414 1795730
6104 10367 1812737
3481 10414 1816297
3481 10414 1822714
798 10184 1846552
6104 10367 1849200
3481 10414 1850813
3481 10414 1850831
9221 10586 1867324
798 10184 1872062
798 10184 1875419
798 10184 1880110
798 10184 1881314
9311 10184 1884096
3481 10414 1903703
9311 10184 1906552
9489 10108 1918710
5796 10367 1929531
5796 10367 1929823
5796 10367 1929967
5796 10367 1931069
3481 10414 1932632
6104 10367 1939811
8414 10414 1944637
6104 10367 1961144
6104 10367 1971041
9311 10184 1987050
3481 10414 1987055
6104 10367 1992362
3481 10414 2017973
3481 10414 2018070
3481 10367 2018758
8903 10873 2019680
9487 10505 2029315
5806 10586 2032517
3481 10414 2040599
3481 10414 2040853
6104 10367 2066299
9311 10184 2078255
999 10873 2079460
9489 10108 2083701
5806 10586 2098496
3481 10414 2105254
6104 10367 2112342
6104 10367 2116774
3481 10414 2125519
3481 10414 2131120
8859 10367 2135352
3481 10414 2141145
1597 10937 2147205
4605 10367 2152400
1597 10937 2164683
1597 10937 2164770
1597 10937 2164863
9311 10184 2172423
3481 10414 2172906
3481 10414 2196069
3481 10414 2196202
5796 10367 2196304
3481 10414 2196323
5796 10367 2196728
5796 10367 2197710
5796 10367 2197747
5796 10367 2198315
6104 10367 2203796
5806 10586 2206309
1989 10108 2211852
3481 10414 2218206
3497 10586 2223934
9311 10184 2232443
1486 10108 2240312
5860 10108 2240785
3481 10414 2241634
6104 10367 2247013
1597 10937 2250361
5796 10367 2283562
5796 10367 2283735
5796 10367 2284238
5796 10367 2284528
5796 10367 2284885
5650 10505 2288776
5806 10586 2294390
8414 10367 2294433
5806 10586 2294544
8414 10171 2294669
9311 10184 2295057
8414 10505 2296036
8414 10414 2296467
3481 10414 2300930
3481 10414 2300945
3481 10414 2303332
3481 10414 2303444
7762 10108 2308397
5796 10367 2313002
5796 10367 2313662
6519 10171 2322770
6104 10367 2327266
3481 10414 2364558
3481 10414 2364578
798 10184 2386570
5796 10367 2386685
5796 10367 2387102
5796 10367 2387611
798 10184 2389317
9311 10184 2397879
3481 10414 2415571
3481 10414 2415914
6104 10367 2424021
8824 10108 2446235
3481 10414 2453097
3481 10414 2453170
3481 10414 2454835
2214 10171 2473158
2214 10171 2473777
3481 10414 2485602
9311 10184 2485624
4920 10108 2489450
6395 10586 2502022
6104 10367 2502754
6104 10367 2556506
6104 10367 2567850
9311 10184 2582006
6104 10367 2583689
3481 10414 2583915
3481 10414 2584058
6104 10367 2596001
8824 10108 2599636
3481 10414 2626526
3481 10367 2628410
3481 10414 2628428
6104 10367 2639216
9311 10184 2641625
3481 10414 2661751
3481 10414 2661818
6104 10367 2664614
9311 10184 2670645
