5214 10104 102308
5233 10104 103705
5253 10104 105155
5233 10104 105624
5214 10104 106758
5214 10104 108205
5214 10104 109761
5214 10104 113436
5214 10104 115684
5253 10104 120388
5253 10104 124788
5773 10104 133562
5773 10104 140947
5214 10104 188626
5233 10104 188981
5233 10104 189939
5214 10104 189992
6837 10104 191152
5253 10104 191971
6837 10104 193393
6885 10104 195964
5214 10104 202535
5253 10104 204319
6885 10104 205653
6885 10104 210216
7022 10104 211672
7022 10104 213138
5253 10104 213398
6885 10104 215491
5773 10104 219064
5773 10104 223213
5773 10104 224326
5773 10104 230451
5773 10104 237090
5233 10104 275257
5233 10104 277215
5253 10104 278277
6885 10104 281584
5214 10104 286815
5214 10104 289847
5253 10104 290328
6885 10104 292163
5253 10104 297620
6885 10104 298127
6885 10104 302765
6837 10104 302894
6837 10104 304489
5773 10104 321100
5773 10104 337931
5233 10104 361302
5214 10104 362733
5233 10104 363696
5253 10104 363937
5214 10104 364152
6837 10104 365143
6837 10104 366259
5214 10104 367048
6885 10104 367698
5214 10104 368358
6837 10104 368393
6837 10104 369639
6885 10104 374052
5253 10104 379986
6837 10104 380583
6885 10104 382095
5253 10104 383433
6885 10104 389613
8141 10104 398092
5773 10104 412592
5773 10104 425103
5233 10104 447411
5214 10104 448216
5233 10104 449461
6837 10104 449654
5214 10104 450249
5214 10104 452171
6885 10104 452958
6837 10104 454113
6837 10104 455160
6837 10104 455929
6885 10104 456419
5214 10104 458153
6837 10104 458290
6837 10104 459787
6885 10104 460336
6885 10104 466977
5253 10104 468308
6885 10104 469869
8103 10104 470295
6837 10104 472619
5253 10104 474891
6837 10104 475845
8103 10104 476430
6885 10104 476809
5773 10104 478364
8103 10104 479625
5773 10104 496996
5773 10104 504903
5233 10104 533737
6837 10104 537235
5214 10104 539176
6837 10104 539770
6885 10104 544461
5253 10104 547140
5214 10104 549214
5214 10104 550846
6885 10104 552147
5253 10104 557148
5214 10104 559224
5214 10104 617566
5214 10104 620492
5214 10104 622109
5233 10104 707324
5233 10104 708271
5253 10104 709295
5233 10104 710205
6837 10104 711310
6837 10104 713078
6885 10104 714415
6837 10104 715136
6885 10104 717965
6837 10104 719407
5253 10104 722958
6885 10104 725362
6885 10104 726063
5253 10104 728053
6885 10104 729214
5253 10104 730223
8141 10104 731907
6885 10104 733160
6885 10104 736364
5773 10104 739751
8141 10104 740911
5773 10104 762449
5233 10104 791724
5233 10104 793785
6837 10104 796363
9024 10104 797109
6837 10104 798783
6885 10104 798972
9024 10104 800369
5253 10104 801048
6837 10104 801090
6885 10104 802500
6837 10104 802600
6837 10104 804149
9024 10104 804916
7022 10104 804978
6885 10104 805472
6837 10104 805496
7022 10104 806424
5214 10104 806925
5214 10104 808638
7022 10104 810726
7022 10104 812176
5253 10104 812767
7022 10104 813021
6885 10104 815349
5253 10104 816111
9024 10104 816573
7022 10104 817931
7022 10104 818649
9024 10104 818733
8141 10104 820125
7022 10104 820812
6837 10104 820895
5253 10104 822254
6885 10104 822634
8141 10104 824666
5233 10104 876613
5233 10104 877997
5214 10104 881738
5214 10104 883074
6837 10104 883484
5214 10104 884723
6837 10104 885111
6885 10104 886140
6837 10104 888195
5253 10104 889639
6885 10104 889791
6837 10104 889917
9024 10104 890033
5214 10104 891551
6837 10104 892466
8141 10104 893318
5214 10104 893322
9024 10104 896527
6885 10104 897111
6837 10104 899796
9024 10104 900317
6885 10104 900798
5253 10104 901256
5253 10104 903162
7022 10104 903409
8141 10104 904388
6885 10104 905875
8141 10104 906241
7022 10104 907460
8141 10104 908004
5253 10104 908291
7022 10104 908504
8141 10104 910971
8141 10104 918019
5773 10104 924371
5773 10104 927038
5773 10104 943582
5233 10104 963109
5233 10104 964746
5214 10104 966738
6837 10104 968925
6837 10104 972464
6885 10104 974278
9024 10104 974805
7022 10104 976600
6885 10104 977560
7022 10104 978160
9024 10104 980264
8103 10104 983567
6885 10104 984768
8103 10104 985491
9024 10104 986344
6837 10104 986396
6885 10104 988026
6885 10104 990094
6885 10104 993127
8141 10104 998087
5773 10104 1004765
5773 10104 1021291
5233 10104 1050024
5233 10104 1052734
5214 10104 1052972
6837 10104 1055552
5253 10104 1056457
6885 10104 1062334
5214 10104 1063086
5214 10104 1064760
6885 10104 1069882
5214 10104 1071589
5253 10104 1072043
5253 10104 1075839
5253 10104 1079746
8103 10104 1080791
8103 10104 1082818
5253 10104 1083689
8141 10104 1085912
9384 10104 1093074
5773 10104 1093337
5773 10104 1105734
6837 10104 1141074
5253 10104 1141535
6837 10104 1143411
5214 10104 1145525
5253 10104 1151217
5214 10104 1152226
8103 10104 1155482
8103 10104 1157032
5253 10104 1160616
6837 10104 1161330
6837 10104 1162686
8103 10104 1164095
5253 10104 1164096
8103 10104 1165711
8103 10104 1166335
5253 10104 1168491
5233 10104 1309105
5233 10104 1311711
6837 10104 1314876
6885 10104 1316872
6837 10104 1317428
5253 10104 1318503
6885 10104 1321736
6837 10104 1325350
6837 10104 1327293
5253 10104 1328253
6885 10104 1328926
5253 10104 1332928
6885 10104 1333305
8103 10104 1334776
6885 10104 1335806
8103 10104 1338012
6837 10104 1339896
6885 10104 1340464
8103 10104 1340934
5253 10104 1341806
5773 10104 1343423
5233 10104 1393796
5233 10104 1394878
5253 10104 1401449
6837 10104 1404536
6837 10104 1405547
6885 10104 1407758
6885 10104 1415874
5253 10104 1416592
6885 10104 1419069
5253 10104 1420420
5253 10104 1421060
8103 10104 1421421
6885 10104 1423630
8103 10104 1424116
5253 10104 1424223
5253 10104 1427983
5233 10104 1480579
5233 10104 1481398
5773 10104 1517888
9024 10104 1576637
9024 10104 1577843
9024 10104 1580677
9024 10104 1599522
5773 10104 1609536
8141 10104 1610281
5233 10104 1655180
5233 10104 1656410
9024 10104 1663272
9024 10104 1664923
9024 10104 1666752
9024 10104 1667908
9024 10104 1677400
9024 10104 1680666
9024 10104 1683253
9024 10104 1684046
8141 10104 1685757
9024 10104 1686777
8141 10104 1688559
8141 10104 1695460
5233 10104 1748197
5233 10104 1748866
6885 10104 1761635
6885 10104 1767801
5233 10104 1915136
5233 10104 1916894
5253 10104 1919104
5214 10104 1919659
9024 10104 1921321
6885 10104 1922567
6885 10104 1925908
5214 10104 1928341
6885 10104 1928642
5214 10104 1929891
5214 10104 1931650
9024 10104 1935761
6885 10104 1935779
5253 10104 1937402
6885 10104 1937635
6885 10104 1940380
6837 10104 1940470
5253 10104 1941718
5253 10104 1942353
8141 10104 1946963
5253 10104 1946976
9024 10104 1948254
8141 10104 1948599
9024 10104 1952544
8141 10104 1953389
5233 10104 2000774
6837 10104 2005779
5253 10104 2005880
9024 10104 2008253
9024 10104 2008918
6885 10104 2008944
6837 10104 2009820
9024 10104 2010846
9024 10104 2012057
6885 10104 2012591
8103 10104 2013362
6885 10104 2014441
5214 10104 2017447
5253 10104 2018479
5253 10104 2019390
7022 10104 2019755
8103 10104 2019768
7022 10104 2020892
7022 10104 2021499
6885 10104 2022453
8103 10104 2022510
6885 10104 2024440
8141 10104 2025403
8103 10104 2025668
7022 10104 2026934
6885 10104 2028021
7022 10104 2028514
6885 10104 2029755
7022 10104 2030187
7022 10104 2030920
5253 10104 2031312
7022 10104 2031791
7022 10104 2032608
5253 10104 2034258
5253 10104 2034863
5773 10104 2035045
5773 10104 2059505
5233 10104 2088989
5233 10104 2089782
5214 10104 2090197
5233 10104 2090499
5253 10104 2092020
6837 10104 2092109
5214 10104 2092373
9024 10104 2093908
5214 10104 2094330
9024 10104 2094917
6837 10104 2095092
6885 10104 2095839
5214 10104 2096213
9024 10104 2097209
6885 10104 2099494
6837 10104 2101665
5214 10104 2101674
8141 10104 2104509
5214 10104 2104901
8103 10104 2105264
7022 10104 2106072
7022 10104 2106726
8141 10104 2107208
8103 10104 2107242
7022 10104 2107798
7022 10104 2108492
9024 10104 2108648
6885 10104 2108995
7022 10104 2109193
9024 10104 2109253
5253 10104 2109739
8103 10104 2110185
7022 10104 2111696
7022 10104 2112559
9024 10104 2113251
7022 10104 2113274
6885 10104 2113585
8141 10104 2114271
5253 10104 2114899
6885 10104 2115558
5253 10104 2115642
7022 10104 2116232
6885 10104 2117680
5253 10104 2119617
8141 10104 2122737
5773 10104 2123590
5773 10104 2142503
5233 10104 2173907
5233 10104 2174735
5214 10104 2175866
5214 10104 2177464
7022 10104 2177726
7022 10104 2178450
9909 10104 2178851
7022 10104 2179064
6837 10104 2179114
9024 10104 2179280
6885 10104 2179957
9024 10104 2180032
7022 10104 2180161
5214 10104 2180707
7022 10104 2181128
6837 10104 2182482
6885 10104 2183584
7022 10104 2183816
7022 10104 2184719
9024 10104 2186275
7022 10104 2187537
5214 10104 2188743
6885 10104 2188827
5214 10104 2190570
5253 10104 2191880
9024 10104 2193157
5253 10104 2193821
6885 10104 2194874
6885 10104 2198031
6885 10104 2200087
6885 10104 2202081
9024 10104 2202961
5253 10104 2203597
5253 10104 2204224
5253 10104 2206186
5773 10104 2206372
8141 10104 2214706
5233 10104 2260635
5233 10104 2261670
6837 10104 2265020
5214 10104 2265798
5253 10104 2266336
5214 10104 2267447
9024 10104 2268535
5214 10104 2269055
9024 10104 2269751
6885 10104 2271361
6885 10104 2273993
6885 10104 2274736
5253 10104 2280289
6885 10104 2281878
6885 10104 2283887
9024 10104 2286219
6885 10104 2286517
9024 10104 2288774
6837 10104 2289452
6885 10104 2290241
5253 10104 2290259
5253 10104 2292836
9024 10104 2293821
5773 10104 2303094
5773 10104 2318023
5233 10104 2346153
5233 10104 2347193
5214 10104 2349514
6837 10104 2351892
5253 10104 2353618
8039 10104 2354068
5214 10104 2356257
9909 10104 2362379
5253 10104 2362486
6837 10104 2367288
5253 10104 2368962
5253 10104 2372146
5253 10104 2377476
5253 10104 2379912
9909 10104 2481529
8103 10104 2526016
9024 10104 2526304
8103 10104 2528092
6885 10104 2528679
8103 10104 2528955
8103 10104 2530648
6885 10104 2530927
8103 10104 2531987
6885 10104 2533022
9024 10104 2533837
5214 10104 2533969
8103 10104 2537479
8103 10104 2538747
6885 10104 2540571
5253 10104 2541180
9024 10104 2542735
5253 10104 2542999
6885 10104 2543731
7022 10104 2545589
6885 10104 2545878
9024 10104 2545983
9024 10104 2546616
7022 10104 2547179
9024 10104 2547919
6885 10104 2548542
9909 10104 2558086
5773 10104 2568499
5773 10104 2570784
5773 10104 2584162
5233 10104 2604327
5214 10104 2608145
5233 10104 2608627
5214 10104 2610100
6837 10104 2611309
9024 10104 2612349
5214 10104 2614730
6885 10104 2615076
9024 10104 2616100
6885 10104 2617674
9024 10104 2617969
6885 10104 2620181
5214 10104 2620290
5214 10104 2621743
7022 10104 2626049
5253 10104 2626613
7022 10104 2626826
9024 10104 2626831
6885 10104 2629704
5253 10104 2630258
6885 10104 2633237
9024 10104 2633336
5253 10104 2633575
6885 10104 2635583
5253 10104 2637239
5253 10104 2643144
5773 10104 2652165
5773 10104 2658825
5773 10104 2667542
