168 10099 922
383 10069 2815
1672 10069 20134
1842 10069 23435
1842 10069 29233
383 10069 36007
1672 10069 54583
1672 10069 55326
3625 10069 58077
3875 10496 62312
3997 10069 64506
3997 10069 64625
3102 10562 68846
383 10069 70320
4475 10069 74627
4475 10069 90316
4961 10069 91198
3997 10069 100421
939 10069 104125
383 10069 107672
1648 10251 116253
1672 10069 117297
3817 10069 133647
5785 10069 134008
1266 10564 135033
522 10069 143589
3875 10496 151078
5225 10880 153992
4961 10069 174082
939 10069 184709
1842 10069 189053
1842 10069 190292
1842 10069 192848
3997 10069 194439
6929 10069 201253
7162 10069 222616
7162 10069 229943
6915 10069 234465
3625 10069 235303
6929 10069 238725
1672 10069 248675
1672 10069 252233
489 10069 255012
1672 10069 256569
4935 10069 263344
4961 10069 268803
4475 10069 271976
5225 10880 284593
5753 10069 287336
5753 10069 288024
6929 10069 291832
5312 10564 295704
3997 10069 303326
6929 10069 308307
1672 10069 311700
1672 10069 318998
3875 10496 320781
383 10069 320971
3625 10069 325723
3625 10069 338228
3625 10069 338455
1672 10069 341909
383 10069 352341
8029 10069 356683
1842 10069 365887
383 10069 366109
1842 10069 372155
5785 10069 393129
5785 10069 396185
5785 10069 398455
1672 10069 399594
5785 10069 399709
6929 10069 410304
3875 10496 410705
4961 10069 412858
3625 10069 437386
1842 10069 443404
4475 10069 443697
6929 10069 445394
6929 10069 445622
1842 10069 451327
1842 10069 456527
6929 10069 459187
1462 10069 466174
4961 10069 467112
1462 10069 467126
489 10069 469520
489 10069 469802
4475 10069 471322
6929 10069 473689
4475 10069 474484
4475 10069 474647
4475 10069 479986
489 10069 481591
4475 10069 482197
4475 10069 485288
5785 10069 486943
4475 10069 488455
1716 10251 492632
6915 10069 494610
6915 10069 495554
3817 10069 496862
4475 10069 497065
4961 10069 499486
6915 10069 504375
1842 10069 507448
4475 10069 511191
4961 10069 511359
383 10069 511785
383 10069 514201
4475 10069 516847
3997 10069 526203
4961 10069 526298
3102 10763 528480
3997 10069 529808
3625 10069 535086
1672 10069 538807
6929 10069 540435
3997 10069 542688
6929 10069 549428
1842 10069 556005
3997 10069 556206
383 10069 559032
1672 10069 578504
3625 10069 588514
4961 10069 591494
4475 10069 593920
3875 10496 594217
4475 10069 617155
8745 10069 623717
8745 10069 626785
1462 10564 637982
6929 10069 643056
6929 10069 645306
4961 10069 647985
4475 10069 666694
2226 10069 682375
1842 10069 684221
3625 10069 686318
8849 10729 687751
4961 10069 691238
8111 10069 691505
4475 10069 691679
2694 10562 710156
2242 10099 717765
8849 10069 732029
8849 10069 734792
8849 10729 739184
4475 10069 744285
8461 10836 750808
4475 10069 754827
3997 10069 754983
3875 10496 756388
3625 10069 758033
3625 10069 759835
4475 10069 764173
6915 10069 764706
5462 10069 768233
6915 10069 771369
4475 10069 783805
1842 10069 788439
1842 10069 788974
3997 10069 793126
1842 10069 794056
1842 10069 794936
1842 10069 800614
1842 10069 806126
4475 10069 813924
4475 10069 826919
4475 10069 830802
1672 10069 833423
4961 10069 834961
4475 10069 838828
6929 10069 840514
3875 10496 842745
8849 10069 844181
5462 10069 844783
5225 10880 849686
1672 10069 854531
383 10069 856784
6915 10069 857260
3625 10069 861002
4961 10069 868403
4475 10069 868818
1842 10069 870185
4475 10069 871474
1842 10069 874619
6929 10069 876648
8745 10069 883544
3625 10069 886285
8745 10069 886963
1842 10069 898116
6915 10069 921929
1672 10069 921968
1672 10069 922280
6929 10069 922473
8849 10069 923583
6915 10069 924296
3875 10496 928561
8745 10069 929998
6915 10069 936209
3625 10069 937295
3625 10069 937757
5785 10069 937957
4475 10069 939162
383 10069 949613
4961 10069 953803
383 10069 958479
8849 10069 958832
8849 10069 960557
1672 10069 961029
8745 10069 961194
4961 10069 961661
8849 10729 962347
6915 10069 969117
1842 10069 970494
5225 10880 972981
8178 10763 975224
8745 10069 977528
4475 10069 993135
4961 10069 993214
4475 10069 993424
3997 10069 1000077
8178 10763 1001596
4475 10069 1002252
4475 10069 1003642
4961 10069 1004649
3997 10069 1006689
4475 10069 1009440
383 10069 1009919
4475 10069 1010772
3875 10496 1012998
6929 10069 1013013
4475 10069 1014513
3625 10069 1025509
383 10069 1031481
3817 10069 1031700
4475 10069 1036854
797 10562 1047498
8745 10069 1048271
4961 10069 1082862
3997 10069 1084393
5225 10880 1090657
4961 10069 1091468
5462 10069 1091699
3875 10496 1101649
797 10562 1101757
6929 10069 1105995
1672 10069 1116560
3625 10069 1118772
8745 10069 1128638
383 10069 1128759
8745 10069 1129298
5785 10069 1131138
4475 10069 1133475
1842 10069 1134019
8745 10069 1140095
4961 10069 1160414
6929 10069 1178830
4475 10069 1183552
1672 10069 1196029
3625 10069 1198350
4475 10069 1202742
4475 10069 1202793
1672 10069 1210616
4475 10069 1211697
5785 10069 1212110
4475 10069 1215881
1842 10069 1221867
8745 10069 1226256
4475 10069 1226672
4475 10069 1229657
4475 10069 1230252
8745 10069 1233987
8745 10069 1235109
1672 10069 1240356
3997 10069 1255480
383 10069 1258848
1672 10069 1259549
4475 10069 1271511
1672 10069 1275886
6915 10069 1279079
4475 10069 1288495
6915 10069 1289796
6915 10069 1300811
1842 10069 1300814
8745 10069 1319834
4961 10069 1334688
4961 10069 1335335
3997 10069 1345660
4961 10069 1357309
5462 10069 1359234
3875 10496 1360332
3875 10496 1360453
4961 10069 1366352
7449 10251 1373213
1672 10069 1374431
4475 10069 1380410
4475 10069 1392470
3997 10069 1392976
6929 10069 1396430
1672 10069 1399869
1672 10069 1404984
8745 10069 1415165
3997 10069 1416121
8178 10763 1429730
4475 10069 1430318
4961 10069 1436285
4475 10069 1436736
8849 10729 1437939
4961 10069 1439705
3875 10496 1445129
4475 10069 1452395
4475 10069 1458429
3735 10251 1458682
4475 10069 1459891
4475 10069 1460881
1672 10069 1464003
4961 10069 1465747
4475 10069 1469943
5462 10069 1472215
4475 10069 1472286
4475 10069 1474156
4961 10069 1475331
1672 10069 1476730
1842 10069 1479253
8745 10069 1480492
4475 10069 1480600
8745 10069 1484649
383 10069 1502674
383 10069 1502798
383 10069 1503524
383 10069 1507462
4961 10069 1510468
9603 10763 1516530
4961 10069 1520570
4475 10069 1530233
4475 10069 1530607
1672 10069 1532292
4475 10069 1533544
3875 10496 1534301
4475 10069 1535602
4475 10069 1539203
4475 10069 1539288
4475 10069 1541786
4475 10069 1543766
4475 10069 1545376
4475 10069 1546653
6915 10069 1550509
4475 10069 1552270
1672 10069 1553609
939 10069 1557511
8849 10069 1571633
8849 10069 1574106
3625 10069 1574737
1672 10069 1574791
4961 10069 1582439
383 10069 1585140
489 10069 1594137
4475 10069 1612112
8178 10763 1613470
6929 10069 1616477
4961 10069 1619910
4475 10069 1620030
4961 10069 1621599
4475 10069 1621942
383 10069 1622749
4475 10069 1624231
4475 10069 1635463
8849 10069 1639957
4475 10069 1640101
8849 10069 1640736
6915 10069 1642320
4475 10069 1642406
8849 10069 1642795
8849 10069 1643355
8849 10069 1643521
8849 10069 1648661
8849 10069 1648940
8849 10069 1650786
1672 10069 1651753
3625 10069 1653822
6929 10069 1656578
3997 10069 1660612
1672 10069 1661822
8849 10069 1675553
8849 10069 1675772
8849 10069 1675825
8849 10069 1676380
8849 10069 1676996
4961 10069 1678844
4475 10069 1681178
383 10069 1684759
2039 10251 1685473
2039 10251 1686588
4475 10069 1688028
4475 10069 1691678
4961 10069 1696418
4961 10069 1699415
4961 10069 1699585
4495 10069 1700149
6929 10069 1701069
4495 10069 1702831
8849 10069 1704242
8849 10069 1704596
3875 10496 1706238
4475 10069 1708267
4475 10069 1708376
6915 10069 1709909
3817 10069 1710329
939 10069 1715701
4475 10069 1718009
3625 10069 1721542
4475 10069 1726683
4495 10069 1727574
4495 10069 1728496
4961 10069 1729533
4961 10069 1730052
4475 10069 1732312
4475 10069 1733088
5462 10069 1736071
4475 10069 1736287
4941 10564 1736371
1672 10069 1747794
3997 10069 1747945
383 10069 1751689
1672 10069 1758294
8745 10069 1762599
4961 10069 1769510
3997 10069 1772884
4961 10069 1784199
8849 10069 1793812
8849 10069 1794252
8849 10069 1794853
4475 10069 1796932
4961 10069 1797120
383 10069 1803631
4961 10069 1814826
4475 10069 1818426
1672 10069 1819999
4475 10069 1832823
8745 10069 1833643
8745 10069 1838087
3625 10069 1842096
1672 10069 1859578
4961 10069 1863571
1672 10069 1866460
3625 10069 1871003
4475 10069 1875240
5612 10836 1877012
3875 10496 1877191
6915 10069 1880990
3102 10562 1884890
8461 10836 1888106
4961 10069 1906531
6915 10069 1906796
6929 10069 1915367
8745 10069 1916820
8745 10069 1917444
8745 10069 1919159
1842 10069 1920631
4475 10069 1961913
3875 10496 1964550
6915 10069 1969789
4961 10069 1975699
3625 10069 1976295
3625 10069 1978563
4475 10069 1995933
6929 10069 2017607
4475 10069 2024288
383 10069 2026541
4475 10069 2034424
4475 10069 2035625
4475 10069 2049171
939 10069 2049505
4475 10069 2050422
4475 10069 2050496
8461 10836 2050914
3875 10496 2051753
4475 10069 2052779
4475 10069 2057134
3817 10069 2059260
939 10069 2071203
939 10069 2076793
3817 10069 2079568
3625 10069 2089008
8461 10836 2089583
1842 10069 2094424
3997 10069 2104352
489 10069 2112919
8178 10763 2121681
6929 10069 2123318
4961 10069 2123501
939 10069 2124097
939 10069 2127549
4475 10069 2130763
383 10069 2136472
6915 10069 2139242
939 10069 2141551
4475 10069 2146559
2670 10217 2147837
1412 10069 2148760
939 10069 2153195
8745 10069 2172811
1842 10069 2173316
8745 10069 2188292
4961 10069 2208436
5785 10069 2211659
4961 10069 2222639
3875 10496 2222679
3817 10069 2234829
8745 10069 2237259
1672 10069 2245527
1672 10069 2247344
4475 10069 2249994
6915 10069 2253499
3625 10069 2256272
489 10069 2260803
489 10069 2260978
489 10069 2261017
1842 10069 2262491
383 10069 2274473
383 10069 2278928
6929 10069 2279991
4961 10069 2299327
4961 10069 2302848
6915 10069 2304265
3060 10496 2308385
3875 10496 2314396
1672 10069 2314410
9603 10556 2314577
8461 10836 2314749
8461 10836 2314855
3817 10069 2317239
3582 10251 2324904
8745 10069 2346807
1842 10069 2351866
6915 10069 2353808
8745 10069 2354834
1842 10069 2356959
1412 10069 2363760
3997 10069 2376370
4475 10069 2381320
3997 10069 2388711
1672 10069 2395508
1672 10069 2397279
3557 10562 2397455
1842 10069 2406158
4475 10069 2412468
4475 10069 2424286
3817 10069 2428045
4941 10564 2428436
8745 10069 2434753
8745 10069 2439508
8745 10069 2442936
1672 10069 2447829
3997 10069 2449490
9603 10763 2454114
3997 10069 2469059
1672 10069 2474210
1672 10069 2474691
3875 10496 2483863
9004 10069 2492444
4475 10069 2503741
4475 10069 2505573
4475 10069 2510097
4475 10069 2520255
489 10069 2532218
4961 10069 2546259
7748 10836 2547617
7748 10836 2548288
8178 10763 2552081
6929 10069 2564685
3997 10069 2566648
4961 10069 2567023
4475 10069 2567235
6929 10069 2567878
3875 10496 2567978
4961 10069 2569406
4961 10069 2570136
4475 10069 2571166
4475 10069 2572349
6929 10069 2573486
6929 10069 2573578
4475 10069 2576995
4475 10069 2580638
4475 10069 2582700
4475 10069 2587826
4475 10069 2597259
8745 10069 2607001
8745 10069 2607508
3625 10069 2610186
1672 10069 2628884
4961 10069 2635128
4961 10069 2636645
4475 10069 2639617
4475 10069 2641048
6929 10069 2652047
3875 10496 2656154
4475 10069 2657276
8849 10069 2657582
4475 10069 2660643
8461 10836 2663761
8461 10836 2665720
8178 10763 2669211
8029 10069 2677556
