1037 10004 9847
2613 10240 40393
1639 10651 47106
1037 10004 58393
3969 10762 71510
2613 10240 98164
4732 10308 131401
4732 10531 159526
5808 10004 166891
2613 10240 179759
4557 10004 228339
7233 10043 228567
7233 10043 229459
3000 10232 244893
3666 10043 271177
7837 10102 330425
7837 10102 330829
6190 10232 334013
7928 10793 353112
7233 10043 360422
2613 10240 360914
7233 10043 405514
4557 10004 407497
5808 10004 436929
3522 10308 440699
3522 10308 442655
3522 10308 443276
3969 10232 443349
7837 10102 475756
7233 10043 533646
7233 10043 534581
7233 10043 540391
2613 10240 560338
3969 10353 563953
3969 10232 570401
5808 10004 608342
3141 10738 667119
3141 10738 667723
2613 10240 699814
1301 10770 714616
4557 10004 736819
8826 10102 762092
5808 10004 785910
7458 10624 797513
6926 10651 811966
3969 10772 846743
3969 10232 869156
5654 10770 875633
2613 10240 895487
6926 10651 897586
8490 10232 921633
4557 10004 924000
3225 10258 951279
6832 10531 958105
7458 10624 974575
3225 10258 980440
6926 10651 982119
3969 10232 1018710
7233 10043 1023828
7928 10232 1036402
2613 10240 1051497
6926 10651 1063763
5797 10308 1085089
1037 10624 1110642
9457 10232 1172830
4414 10236 1173177
9457 10232 1174802
9457 10232 1176725
9457 10232 1178634
9457 10232 1181288
9457 10232 1185782
9457 10232 1187589
9457 10232 1188500
9457 10232 1190293
9457 10232 1191202
9457 10232 1192996
9457 10232 1195743
9457 10232 1197512
9457 10232 1199314
9457 10232 1202011
9457 10232 1203809
9457 10232 1204699
9457 10232 1205582
9457 10232 1208294
9457 10232 1211899
9457 10232 1213689
9457 10232 1215509
9457 10232 1217288
9457 10232 1220000
1342 10687 1223615
9457 10232 1224509
9457 10232 1225385
9457 10232 1228121
9457 10232 1229883
9457 10232 1230790
9457 10232 1233491
9457 10232 1235292
9457 10232 1236192
9457 10232 1237100
2613 10240 1238611
9457 10232 1239798
9457 10232 1240686
9457 10232 1242484
9457 10232 1243425
9457 10232 1245196
9457 10232 1247897
9457 10232 1250589
9457 10232 1251486
9457 10232 1254206
9457 10232 1255985
9457 10232 1256893
9457 10232 1259598
9457 10232 1261453
9457 10232 1263509
9457 10232 1265665
9457 10232 1267697
9457 10232 1271305
9457 10232 1273099
9457 10232 1274017
9457 10232 1274888
9457 10232 1278525
6926 10651 1327289
4377 10661 1383577
3666 10043 1390238
6926 10651 1418775
5654 10770 1428309
3969 10232 1463341
2613 10240 1486029
9061 10240 1492780
1301 10770 1494554
3225 10770 1510793
5797 10232 1518727
7233 10043 1545591
5808 10004 1561582
5808 10004 1561678
5544 10103 1601794
7233 10043 1634945
3969 10661 1689407
3969 10232 1693792
4732 10103 1703783
2613 10240 1760107
5808 10004 1773436
3666 10522 1792669
4557 10004 1794352
7233 10043 1799446
7233 10043 1800120
2613 10240 1917915
6926 10651 1934370
9690 10624 1971245
7322 10465 2037332
6301 10770 2052508
3969 10232 2058855
7233 10043 2081900
9887 10240 2087085
9887 10240 2118663
6328 10922 2121786
6328 10922 2123083
9887 10240 2129596
6328 10922 2150718
4414 10236 2158583
6328 10922 2159728
9376 10793 2171220
2613 10240 2194258
4557 10004 2244543
2613 10240 2257968
7233 10043 2285060
7233 10043 2294542
7233 10043 2303974
4732 10353 2304079
7233 10043 2318383
3310 10102 2319087
1301 10043 2329778
5808 10004 2343438
5808 10004 2343560
5808 10004 2457657
3666 10522 2510686
3969 10762 2520690
6928 10102 2538029
6328 10922 2581215
9717 10624 2583873
4557 10004 2604613
3666 10522 2606335
2613 10240 2611055
7322 10465 2629043
7322 10465 2629219
8392 10232 2632854
6328 10922 2640459
7233 10043 2641516
7233 10043 2641741
3969 10232 2658052
5387 10531 2666813
