1450 10148 15902
1485 10148 16509
1450 10148 16513
1450 10148 21920
1799 10148 22625
1799 10148 22855
1799 10148 24375
1799 10148 25756
1450 10148 26149
1799 10148 26947
1799 10148 27239
1799 10148 27543
1799 10148 27803
1799 10148 27896
2144 10148 31958
1450 10148 32414
1450 10148 33013
2406 10148 35768
1485 10148 37090
1485 10148 37136
2406 10148 39602
1450 10148 39943
2926 10105 46437
1450 10148 46828
1450 10148 49541
3297 10148 52415
1450 10148 55829
3763 10148 60623
3831 10148 61635
4052 10105 65621
2144 10148 68623
1450 10148 71433
3831 10148 72832
1450 10148 74720
2926 10105 79382
2926 10105 79424
2926 10105 79507
2926 10105 79678
2926 10105 79785
2926 10105 79921
2926 10105 80003
2926 10105 81047
2926 10105 93725
2926 10105 94043
2926 10105 94122
5161 10148 99830
5163 10148 99878
1450 10148 102629
1450 10148 105301
1450 10148 106819
2406 10148 109003
2406 10148 109094
1450 10148 109542
3763 10148 111026
5356 10148 111176
5356 10148 111245
1450 10148 111646
1450 10148 113109
2406 10148 113295
2406 10148 113532
2406 10148 113835
2406 10148 113990
2406 10148 114166
2406 10148 114241
2406 10148 114321
2406 10148 115021
2406 10148 115565
1450 10148 117943
2406 10148 118975
1450 10148 119418
1450 10148 122120
1450 10148 123317
3763 10148 123998
3763 10148 124242
1450 10148 126099
2926 10105 127251
2926 10105 127325
2926 10105 131943
2926 10105 132015
1450 10148 133527
1450 10148 134407
3763 10148 134569
3763 10148 134911
1450 10148 135049
1450 10148 137736
1450 10148 138336
3763 10148 138749
4052 10105 140875
1450 10148 144148
2924 10148 144870
6084 10148 146545
1450 10148 154334
1450 10148 157808
6499 10148 160610
1450 10148 161703
2926 10105 166733
2658 10148 172917
2658 10148 173170
6740 10105 178766
5356 10148 181778
2658 10148 183974
5356 10148 185231
5163 10148 186345
1450 10148 187520
2406 10148 189169
6814 10148 189514
1450 10148 190217
1450 10148 191427
6814 10148 191988
1450 10148 192308
6814 10148 192375
6814 10148 192482
6208 10148 193337
2406 10148 193874
2406 10148 194111
1450 10148 194183
2406 10148 194189
2406 10148 194436
1450 10148 195611
2144 10148 196616
1450 10148 198039
1450 10148 200444
1450 10148 203113
6948 10148 203530
6948 10148 203896
3763 10148 207187
6948 10148 207295
3763 10148 207840
2406 10148 208102
1450 10148 208558
2406 10148 208646
5163 10148 209317
6499 10148 211880
1450 10148 214226
1450 10148 216101
1450 10148 216911
1450 10148 220571
1485 10148 224947
1485 10148 225847
4052 10105 227035
3831 10148 228259
1485 10148 231789
1485 10148 231930
1450 10148 232240
6084 10148 232667
1450 10148 233416
1450 10148 235830
1450 10148 241815
1450 10148 245448
1450 10148 246924
5356 10148 271829
1450 10148 273311
1450 10148 274807
5356 10148 275536
1485 10148 275863
1485 10148 275941
5356 10148 276182
6814 10148 276601
1450 10148 276931
6948 10148 278072
1450 10148 279619
1450 10148 281713
7646 10148 282276
7646 10148 282694
7646 10148 282868
7646 10148 283072
7646 10148 283244
7646 10148 283392
7646 10148 283631
1450 10148 283802
2406 10148 284655
5161 10148 284957
2406 10148 285579
2406 10148 285859
5161 10148 285977
2406 10148 286148
2406 10148 287257
2406 10148 287757
1450 10148 287999
2406 10148 288153
2406 10148 288753
1053 10148 290489
1450 10148 292205
1450 10148 293709
1450 10148 296113
1450 10148 297343
3831 10148 298142
1450 10148 298873
2144 10148 299941
2406 10148 300963
7722 10148 301171
2406 10148 302041
1450 10148 302594
7731 10148 303220
1450 10148 303308
1450 10148 303909
7734 10148 304225
3763 10148 304555
2926 10105 305193
2926 10105 305255
2926 10105 305307
2926 10105 305457
7734 10148 305463
2926 10105 305481
3763 10148 305502
3763 10148 305536
2926 10105 305625
3763 10148 305676
2926 10105 305684
2926 10105 305723
2926 10105 305806
2926 10105 305866
1450 10148 307501
3763 10148 308131
1450 10148 308772
1450 10148 310207
2926 10105 310810
3297 10148 311363
3763 10148 312915
4052 10105 314182
6084 10148 319013
1450 10148 322222
1579 10310 324398
2658 10148 326709
6629 10208 327257
2658 10148 327281
1450 10148 327641
1450 10148 331218
2406 10148 332911
1450 10148 334222
2926 10105 337739
2926 10105 338360
2926 10105 339270
2926 10105 341518
2926 10105 341586
3831 10148 357562
5356 10148 358629
3763 10148 360609
1450 10148 362102
2658 10148 364350
2658 10148 364380
1450 10148 365124
2144 10148 366042
1450 10148 367306
1450 10148 368421
7646 10148 368491
7646 10148 368734
7646 10148 369095
5163 10148 369713
6948 10148 370798
5478 10148 370979
1799 10148 371478
1485 10148 371896
1450 10148 373523
8071 10148 374620
1450 10148 375023
2658 10148 375181
2658 10148 375271
6814 10148 375337
6814 10148 375640
6814 10148 375804
2658 10148 375836
6814 10148 375899
1450 10148 378329
5478 10148 379305
7000 10148 380611
7000 10148 382279
1450 10148 382550
7734 10148 383345
5163 10148 383627
1450 10148 383705
6948 10148 385327
2406 10148 387274
1450 10148 387318
6740 10105 387392
6740 10105 387541
2926 10105 388570
2926 10105 388685
2926 10105 388809
2926 10105 388870
2926 10105 388903
2926 10105 388964
2926 10105 389043
2926 10105 389130
1450 10148 389437
2926 10105 389728
2926 10105 389881
2926 10105 389970
5163 10148 390152
2926 10105 390989
7000 10148 391147
1450 10148 392148
1450 10148 395769
2406 10148 398176
2406 10148 398265
2406 10148 399313
1799 10148 400525
1799 10148 400663
1799 10148 400831
1799 10148 400930
4052 10105 401048
1450 10148 402620
3763 10148 403502
3763 10148 403906
3763 10148 404094
5356 10148 405272
6084 10148 405445
2926 10105 409335
2406 10148 411356
2926 10105 411426
3297 10148 412134
1450 10148 414624
1450 10148 416713
1450 10148 418240
5163 10148 444906
1799 10148 446859
1450 10148 447932
1485 10148 448573
1450 10148 449136
1450 10148 451864
1450 10148 452755
1450 10148 453949
7646 10148 454127
2406 10148 454542
2406 10148 454686
7646 10148 454691
7646 10148 454884
7646 10148 455225
7646 10148 455379
2406 10148 455609
7646 10148 455626
2406 10148 455823
7646 10148 455938
1799 10148 455962
1450 10148 456010
1799 10148 456916
7646 10148 457003
7646 10148 457606
5163 10148 459223
1450 10148 459651
1450 10148 460835
2658 10148 462066
2658 10148 462364
2658 10148 462500
7734 10148 462625
7734 10148 463262
1799 10148 463445
1450 10148 463826
7734 10148 464880
2406 10148 464996
2406 10148 465236
6208 10148 465290
1450 10148 465928
7734 10148 466219
1450 10148 469218
8071 10148 469991
1450 10148 470738
1450 10148 472835
2926 10105 473016
2926 10105 473061
2926 10105 473211
2926 10105 473437
2926 10105 473795
2926 10105 474134
3831 10148 474489
1450 10148 474648
2926 10105 474824
2926 10105 475560
1450 10148 475571
2926 10105 475614
2926 10105 476997
2926 10105 477219
1450 10148 477938
1450 10148 479188
2658 10148 480136
1450 10148 480958
2926 10105 482597
2926 10105 482753
2926 10105 484401
3763 10148 484438
7646 10148 486332
4052 10105 486369
1450 10148 487332
1053 10148 491512
6084 10148 493002
1053 10148 494777
1053 10148 496693
2924 10148 499058
1450 10148 501026
1450 10148 502841
1450 10148 508199
3763 10148 531845
3763 10148 531909
3763 10148 531963
5161 10148 533650
1450 10148 537325
3763 10148 537416
1450 10148 538213
3763 10148 538923
2144 10148 539191
7000 10148 539964
1450 10148 540303
7000 10148 540576
1450 10148 542104
1450 10148 544215
7000 10148 546323
8071 10148 546524
1450 10148 546937
6814 10148 546940
1450 10148 547652
1450 10148 550631
3763 10148 550967
1450 10148 551237
6499 10148 551639
1450 10148 553934
1450 10148 555134
1450 10148 556640
3763 10148 556796
2406 10148 558648
2406 10148 558819
1450 10148 559333
3763 10148 559628
2406 10148 559630
1450 10148 559955
7731 10148 560521
5356 10148 561130
1450 10148 561437
1450 10148 562922
1450 10148 566826
7791 10148 567446
2926 10105 580376
3297 10148 583002
1450 10148 583035
1450 10148 587847
1450 10148 589342
1450 10148 591764
1450 10148 594425
1450 10148 595036
5161 10148 596020
1450 10148 596300
8261 10148 604130
1053 10148 608651
1450 10148 621470
1450 10148 622956
1450 10148 624145
1450 10148 626240
8748 10148 626335
8748 10148 626455
2144 10148 627903
1450 10148 628366
5356 10148 630410
5356 10148 630465
1450 10148 632235
1450 10148 633158
1450 10148 637051
1450 10148 638232
1450 10148 641249
1450 10148 644573
1450 10148 645727
1450 10148 646334
3763 10148 648753
7722 10148 649687
7722 10148 649717
7722 10148 649870
7722 10148 649954
2406 10148 650381
3763 10148 651288
1450 10148 652040
7734 10148 653342
7734 10148 654608
3763 10148 656526
8748 10148 660153
3297 10148 660322
8748 10148 662893
1485 10148 663620
1485 10148 663796
2406 10148 669218
3763 10148 669504
1799 10148 669759
4052 10105 669905
1450 10148 671869
1450 10148 673040
2406 10148 674150
2406 10148 674204
1450 10148 674534
2406 10148 674554
2406 10148 675266
6432 10000 675953
1450 10148 676643
1053 10148 687269
2926 10105 695254
5356 10148 704403
1799 10148 704770
1799 10148 705018
1799 10148 705153
5163 10148 705326
1799 10148 705428
1799 10148 705754
1799 10148 705871
1799 10148 706139
1450 10148 707543
6814 10148 707600
6814 10148 707779
1799 10148 707865
1450 10148 708439
6814 10148 708585
6814 10148 708787
1799 10148 709014
1799 10148 709049
6814 10148 709074
1450 10148 710271
1450 10148 711750
6948 10148 712236
5356 10148 712304
1450 10148 712969
2144 10148 713150
1799 10148 713668
1450 10148 713834
6208 10148 714362
8893 10148 715017
8893 10148 715034
1450 10148 715053
8893 10148 715056
8893 10148 715130
8893 10148 715154
8893 10148 715201
7646 10148 715242
2406 10148 715307
2406 10148 715543
1450 10148 715923
7646 10148 716188
1450 10148 716540
7646 10148 716887
2406 10148 717052
1450 10148 718026
7646 10148 718626
2658 10148 720333
2658 10148 721072
2658 10148 721532
1450 10148 722531
1450 10148 724025
1450 10148 724649
2658 10148 725238
2924 10148 725935
1450 10148 726125
1450 10148 728855
1450 10148 730649
2406 10148 731510
2406 10148 731760
7734 10148 732548
6604 10310 733786
2926 10105 734017
2926 10105 734113
2926 10105 734328
2926 10105 734452
2926 10105 734548
1450 10148 736642
2926 10105 737025
2926 10105 737121
2926 10105 737965
2926 10105 738006
1450 10148 738215
2926 10105 738466
2926 10105 738770
2406 10148 739161
3763 10148 739318
2926 10105 740096
2926 10105 740326
2926 10105 740407
2926 10105 740635
2926 10105 740709
2926 10105 741345
1450 10148 742414
1450 10148 743869
4052 10105 744573
1450 10148 745414
2144 10148 745861
6948 10148 746693
3297 10148 750990
6084 10148 751628
2926 10105 754248
2926 10105 754324
1450 10148 756742
3831 10148 756845
1450 10148 759473
1799 10148 759838
1450 10148 760645
2926 10105 762508
2926 10105 762638
1450 10148 763040
1450 10148 764599
6740 10105 774715
5163 10148 791115
2658 10148 791238
5356 10148 791500
1450 10148 791574
5356 10148 792565
5356 10148 793342
1450 10148 793646
5356 10148 793782
5356 10148 794663
5356 10148 794818
5163 10148 795002
1450 10148 795128
1450 10148 796344
1450 10148 797240
2406 10148 799667
1450 10148 799778
2658 10148 801642
7646 10148 801684
2406 10148 802197
7646 10148 802265
7646 10148 802397
7646 10148 802501
7646 10148 802631
7646 10148 802950
7646 10148 803041
8748 10148 803627
7646 10148 803808
1450 10148 803840
7646 10148 806243
8071 10148 806324
2406 10148 806377
7722 10148 806734
7722 10148 806766
7722 10148 806783
7722 10148 806872
8071 10148 807038
2406 10148 807114
2406 10148 807447
1450 10148 807487
8071 10148 807883
1450 10148 808092
2406 10148 808176
8748 10148 808427
2406 10148 808476
8071 10148 808816
2406 10148 809122
2406 10148 809912
8071 10148 810115
1450 10148 810789
1450 10148 812014
1450 10148 812905
7000 10148 813311
7000 10148 815192
7000 10148 815866
1450 10148 816191
2406 10148 816551
7000 10148 817319
2926 10105 818535
2926 10105 818608
2926 10105 818742
2926 10105 818820
2926 10105 818970
2926 10105 819059
1450 10148 819193
5356 10148 819247
2926 10105 819290
2926 10105 819385
2926 10105 819480
2926 10105 819550
2926 10105 819702
6208 10148 819733
7734 10148 819905
6208 10148 820067
2406 10148 820435
2926 10105 820457
2926 10105 820496
2406 10148 820568
2926 10105 820754
6740 10105 820952
1450 10148 821034
7722 10148 821598
2406 10148 821753
7722 10148 821783
1450 10148 821907
2926 10105 822178
7731 10148 822481
2926 10105 822818
2926 10105 822881
2926 10105 822939
1450 10148 823091
7000 10148 823708
7000 10148 824442
1450 10148 825198
2406 10148 826199
1450 10148 830006
4052 10105 833435
2926 10105 835096
1799 10148 836689
6084 10148 837661
2926 10105 838130
3297 10148 838385
1450 10148 839911
1450 10148 846202
1450 10148 848882
1450 10148 852186
2926 10105 862538
6740 10105 863123
6740 10105 863346
2926 10105 870522
2406 10148 871910
2406 10148 871981
1450 10148 876781
3763 10148 878293
5356 10148 878406
1450 10148 878596
3763 10148 878614
3763 10148 878870
1799 10148 879677
1799 10148 879744
8748 10148 880145
5163 10148 880744
1450 10148 880997
1799 10148 881228
7000 10148 884180
1450 10148 884597
1450 10148 885198
6814 10148 885892
6814 10148 886035
6814 10148 886132
6814 10148 886258
1450 10148 886693
1450 10148 887308
6208 10148 887591
6208 10148 887716
7646 10148 888010
5163 10148 888024
7646 10148 888197
7646 10148 888624
7646 10148 888908
1450 10148 889092
2406 10148 889591
1450 10148 890588
2406 10148 890692
1450 10148 891482
1450 10148 892702
3297 10000 893170
1450 10148 894185
8071 10148 895023
6814 10148 895263
6814 10148 895549
8071 10148 896300
8071 10148 897577
1450 10148 899293
1450 10148 902002
2926 10105 905115
2926 10105 905277
1450 10148 905297
7734 10148 905352
2926 10105 905435
2926 10105 905497
2926 10105 905559
2926 10105 905627
2926 10105 905760
2926 10105 905828
2926 10105 905886
2926 10105 905968
2926 10105 906035
2926 10105 906272
2926 10105 906318
2926 10105 906444
2926 10105 906531
2926 10105 906663
2926 10105 907011
2926 10105 907283
8893 10148 907505
8893 10148 907544
8893 10148 907745
8893 10148 907808
8893 10148 907865
2926 10105 908110
8893 10148 908182
1450 10148 908605
2926 10105 908633
2926 10105 908929
7734 10148 909013
5356 10148 909097
1450 10148 909518
7000 10148 909828
7734 10148 910293
1450 10148 910697
8944 10105 911500
7734 10148 911524
1450 10148 912800
1450 10148 914015
4052 10105 916746
8594 10148 917059
1450 10148 917598
1450 10148 919382
3763 10148 926775
6084 10148 927176
1450 10148 932914
1450 10148 934089
2926 10105 934437
1450 10148 934700
8944 10105 937558
6740 10105 946475
2926 10105 948466
8594 10148 953624
8594 10148 955970
8594 10148 956577
1450 10148 960795
8594 10148 963271
5356 10148 964091
1450 10148 964399
5163 10148 964444
1799 10148 964649
1799 10148 964740
1450 10148 966486
6814 10148 966821
1450 10148 967099
6814 10148 967170
6814 10148 967659
6814 10148 969522
1450 10148 971301
5361 10148 972173
1450 10148 972795
1450 10148 973404
1799 10148 973603
8071 10148 974392
1799 10148 974824
5163 10148 974841
1450 10148 974896
7000 10148 975414
8071 10148 975544
2144 10148 975651
2658 10148 975902
2144 10148 976002
1799 10148 976174
8897 10148 976510
8071 10148 976541
6948 10148 976634
8071 10148 977347
1799 10148 977375
1450 10148 977599
5163 10148 977604
8897 10148 979382
1450 10148 980287
2406 10148 980529
8594 10148 981319
8897 10148 982092
1450 10148 982389
1450 10148 983598
8897 10148 983750
2406 10148 983959
5361 10148 984713
1450 10148 985093
6208 10148 985343
2406 10148 985969
8897 10148 986322
1450 10148 986594
8897 10148 987521
8897 10148 988204
8893 10148 989163
8897 10148 989351
8897 10148 990018
7000 10148 990633
1450 10148 991107
2926 10105 991273
2926 10105 991753
2926 10105 991783
2926 10105 991824
2926 10105 991853
2926 10105 991897
2926 10105 991998
2926 10105 992060
1450 10148 994691
2406 10148 995107
1799 10148 995715
1799 10148 995779
2406 10148 995884
1450 10148 995913
7000 10148 995948
7000 10148 996937
1450 10148 997394
8594 10148 997476
2406 10148 997702
1450 10148 998002
2406 10148 998056
6948 10148 998536
7734 10148 999023
1450 10148 999486
2926 10105 1000035
7734 10148 1000261
1450 10148 1000714
1450 10148 1002212
4052 10105 1004097
8748 10148 1005644
2926 10105 1006212
6084 10148 1006981
1450 10148 1008805
3763 10148 1009045
3763 10148 1009202
3297 10148 1009931
1450 10148 1018696
3831 10148 1019934
1450 10148 1021409
1450 10148 1023799
1450 10148 1025889
9324 10105 1030932
2926 10105 1035123
8594 10148 1042376
6740 10105 1049925
6740 10105 1050139
5163 10148 1050523
3763 10148 1051462
3763 10148 1052083
5163 10148 1053676
8897 10148 1054491
1450 10148 1054708
7722 10148 1055193
7722 10148 1055427
7722 10148 1055568
7722 10148 1055751
7722 10148 1055842
7722 10148 1056197
7722 10148 1056248
7722 10148 1056370
7722 10148 1056474
7722 10148 1056553
7722 10148 1056622
7722 10148 1056852
5163 10148 1057057
7722 10148 1057233
7722 10148 1057354
7722 10148 1057558
7722 10148 1057623
7722 10148 1057647
1450 10148 1057686
7722 10148 1058192
6814 10148 1058388
6814 10148 1058558
7722 10148 1058711
8897 10148 1058930
1450 10148 1059206
8897 10148 1059541
2406 10148 1060222
8897 10148 1060281
1450 10148 1060395
8897 10148 1060912
1450 10148 1061007
8897 10148 1062038
1450 10148 1062498
8897 10148 1062848
8897 10148 1063546
1450 10148 1063685
8897 10148 1064233
8897 10148 1065020
8897 10148 1065728
1450 10148 1065795
8897 10148 1066843
8897 10148 1067486
8897 10148 1068152
7722 10148 1069054
8897 10148 1069087
1450 10148 1069088
7722 10148 1069123
7722 10148 1069329
8893 10148 1069441
8897 10148 1069722
8897 10148 1070569
1450 10148 1071190
8897 10148 1071477
1450 10148 1071804
8897 10148 1072214
6948 10148 1072588
1799 10148 1073039
8897 10148 1073140
8897 10148 1073800
1450 10148 1074494
8897 10148 1074519
7734 10148 1074541
7734 10148 1075153
8897 10148 1075261
7734 10148 1075801
1450 10148 1075991
7000 10148 1076318
8897 10148 1076410
7734 10148 1076491
2406 10148 1076603
8071 10148 1076895
7000 10148 1076917
7000 10148 1077615
8071 10148 1077675
2406 10148 1078168
7000 10148 1078316
1450 10148 1078686
8071 10148 1078868
7000 10148 1078995
8071 10148 1080371
1450 10148 1080792
8071 10148 1081278
1450 10148 1081415
8071 10148 1082142
6948 10148 1082681
1450 10148 1082921
8071 10148 1082958
8071 10148 1083598
6948 10148 1083868
8071 10148 1084289
1450 10148 1084389
8071 10148 1085558
2406 10148 1089083
6948 10148 1089321
3763 10148 1089911
2406 10148 1090062
8594 10148 1090624
4052 10105 1091608
1450 10148 1091911
3763 10148 1092105
1450 10148 1094277
6084 10148 1098477
1450 10148 1098520
3763 10148 1098803
1799 10148 1100265
3297 10148 1100458
1799 10148 1100497
1799 10148 1100601
2926 10105 1102222
2926 10105 1105008
2926 10105 1105061
1450 10148 1105101
2926 10105 1105216
2926 10105 1105343
1450 10148 1106891
6948 10148 1107313
1450 10148 1109310
4052 10105 1110795
9324 10105 1115535
5356 10148 1134616
5356 10148 1135482
5356 10148 1135656
5356 10148 1136548
5356 10148 1137818
8748 10148 1139075
1799 10148 1140037
2658 10148 1140855
2658 10148 1140904
6814 10148 1141261
1450 10148 1141393
6814 10148 1141422
6814 10148 1141514
1450 10148 1143506
1799 10148 1144241
1799 10148 1144288
1799 10148 1144339
1799 10148 1144596
1799 10148 1145749
1799 10148 1146215
1450 10148 1146493
7731 10148 1147030
8071 10148 1147916
2406 10148 1148960
1450 10148 1149480
1450 10148 1150088
8071 10148 1150174
8071 10148 1150856
3763 10148 1150881
1450 10148 1150994
3763 10148 1151001
3763 10148 1151035
2406 10148 1151416
8071 10148 1151497
1450 10148 1153402
2406 10148 1154210
2406 10148 1154347
2406 10148 1154960
2406 10148 1154992
1450 10148 1156692
1450 10148 1157606
1450 10148 1160892
1450 10148 1161516
3763 10148 1163377
3763 10148 1163816
2406 10148 1165811
3763 10148 1167154
1450 10148 1168399
1450 10148 1170197
2924 10148 1170230
8893 10148 1172637
8893 10148 1172875
8893 10148 1172930
8893 10148 1172978
8893 10148 1173088
8893 10148 1173469
2406 10148 1173685
9070 10148 1174462
2406 10148 1174776
7734 10148 1175350
9324 10105 1175895
7734 10148 1176604
2406 10148 1178157
6740 10105 1178978
8803 10105 1182612
8748 10148 1184271
6499 10148 1184676
3297 10148 1188238
1450 10148 1190892
3831 10148 1193239
1450 10148 1196309
9324 10105 1196330
9324 10105 1198387
1450 10148 1201393
1450 10148 1226604
1450 10148 1229603
1450 10148 1230807
1450 10148 1231693
1450 10148 1233185
1450 10148 1234704
3763 10148 1235526
3763 10148 1235827
1450 10148 1235899
3763 10148 1236188
3763 10148 1236908
8748 10148 1240131
1450 10148 1240398
9439 10148 1244595
1450 10148 1245492
8893 10148 1246588
8893 10148 1246653
8893 10148 1247059
3763 10148 1247117
8893 10148 1247856
2406 10148 1248507
2406 10148 1248826
2406 10148 1249238
2406 10148 1249368
8893 10148 1249678
2406 10148 1249722
9439 10148 1250477
1450 10148 1250885
1450 10148 1253307
2926 10105 1253407
2926 10105 1253500
2926 10105 1253612
2406 10148 1253941
1450 10148 1254780
7731 10148 1255829
4052 10105 1256922
9439 10148 1257340
1450 10148 1259581
2926 10105 1261640
2926 10105 1261696
2926 10105 1261800
5361 10148 1265910
7734 10148 1268944
1799 10148 1269253
3297 10148 1270025
5361 10148 1272317
8748 10148 1274888
3763 10148 1275656
3763 10148 1275735
3763 10148 1275807
1450 10148 1278503
9324 10105 1280293
1450 10148 1280294
1450 10148 1282698
8659 10148 1285842
2926 10105 1300063
8594 10148 1300487
8594 10148 1300625
3763 10148 1303193
3763 10148 1309508
5356 10148 1309609
3763 10148 1309659
5163 10148 1310005
1450 10148 1310026
5356 10148 1310170
8594 10148 1310753
1450 10148 1312704
6814 10148 1314029
6814 10148 1314154
6814 10148 1314362
6814 10148 1314714
7000 10148 1316849
1450 10148 1317186
6948 10148 1317459
7000 10148 1317524
1450 10148 1317783
1450 10148 1318400
6948 10148 1319079
1450 10148 1319891
2406 10148 1320817
1450 10148 1321089
1799 10148 1321240
2406 10148 1321289
1799 10148 1321366
5163 10148 1321538
2406 10148 1323104
2406 10148 1323145
2406 10148 1323552
1450 10148 1323793
9439 10148 1324485
7000 10148 1325135
8897 10148 1326245
1450 10148 1327276
8897 10148 1327591
7000 10148 1327720
1799 10148 1328012
8897 10148 1328304
8897 10148 1328914
8897 10148 1329544
8897 10148 1330395
1450 10148 1330871
8897 10148 1331065
8897 10148 1331852
8897 10148 1332740
1450 10148 1335063
7000 10148 1335564
3831 10148 1335818
7000 10148 1336959
1450 10148 1337176
7734 10148 1337703
7734 10148 1338315
1450 10148 1338659
7734 10148 1338960
7000 10148 1338968
7734 10148 1339612
2926 10105 1339693
2926 10105 1339763
2926 10105 1339812
2926 10105 1339855
2926 10105 1339895
2926 10105 1339945
2926 10105 1340180
2926 10105 1340246
2406 10148 1340276
2926 10105 1340441
8659 10148 1340491
2926 10105 1340511
2926 10105 1340627
1450 10148 1340791
7734 10148 1340828
7000 10148 1341283
1450 10148 1342909
1450 10148 1343796
4052 10105 1347209
4052 10105 1350026
2406 10148 1350173
2406 10148 1350256
6084 10148 1354741
2406 10148 1355026
3297 10148 1361072
1450 10148 1363644
1450 10148 1365071
8659 10148 1368234
1450 10148 1369000
6740 10105 1381288
2926 10105 1385784
8594 10148 1386287
8594 10148 1395322
5163 10148 1396076
8594 10148 1396136
5356 10148 1396292
1450 10148 1398090
6814 10148 1399622
6814 10148 1399934
6814 10148 1400075
1450 10148 1400201
9324 10105 1400904
1450 10148 1401672
7646 10148 1401787
5163 10148 1402109
8897 10148 1403351
8897 10148 1404169
1450 10148 1404974
1450 10148 1405583
1450 10148 1408264
8897 10148 1408875
8071 10148 1409045
5163 10148 1409519
9439 10148 1409586
1450 10148 1410404
7000 10148 1410826
7000 10148 1411424
8071 10148 1411580
8594 10148 1411846
1450 10148 1413670
2144 10148 1414223
1450 10148 1416363
1450 10148 1419088
7734 10148 1420218
1450 10148 1421177
7734 10148 1421461
9439 10148 1421515
7734 10148 1422716
2406 10148 1422875
7734 10148 1423854
7722 10148 1425209
7722 10148 1425244
7722 10148 1425277
7722 10148 1425332
7722 10148 1425464
7722 10148 1425646
7722 10148 1425791
5356 10148 1427614
1450 10148 1427768
5356 10148 1428384
8594 10148 1430431
8594 10148 1432088
3763 10148 1432408
3763 10148 1432476
3763 10148 1432664
3763 10148 1432746
8748 10148 1435313
8748 10148 1436497
4052 10105 1437263
1450 10148 1437427
1450 10148 1438424
6084 10148 1441860
8748 10148 1447824
3763 10148 1449398
8748 10148 1449614
1450 10148 1450565
1450 10148 1454773
1450 10148 1457778
8594 10148 1473112
5163 10148 1482284
1450 10148 1485261
1450 10148 1486038
9695 10148 1487156
9695 10148 1488881
6208 10148 1489449
1450 10148 1491087
8893 10148 1491670
8893 10148 1491808
9695 10148 1491826
8893 10148 1491961
1799 10148 1491982
8893 10148 1492111
8893 10148 1492360
8893 10148 1492425
2406 10148 1492585
1450 10148 1492591
8594 10148 1492640
9324 10105 1492993
9695 10148 1493346
1450 10148 1494365
1450 10148 1494979
1450 10148 1500392
1450 10148 1501871
8748 10148 1506912
8748 10148 1507531
8893 10148 1508523
6740 10105 1509637
7734 10148 1510085
1450 10148 1510281
1450 10148 1511781
7731 10148 1516003
2658 10148 1516485
1450 10148 1517782
8629 10105 1518025
7646 10148 1518492
7646 10148 1518627
1450 10148 1519028
1450 10148 1519902
3763 10148 1520333
3763 10148 1520449
1450 10148 1520540
3763 10148 1520666
3763 10148 1521084
1450 10148 1521782
8594 10148 1522613
8594 10148 1523430
4052 10105 1523742
6084 10148 1528824
3297 10148 1530201
2406 10148 1536707
1450 10148 1538471
1450 10148 1539093
1450 10148 1541177
9324 10105 1553629
8594 10148 1555992
3763 10148 1558054
9324 10105 1560493
9324 10105 1561397
6740 10105 1567813
2406 10148 1571882
3763 10148 1573837
1450 10148 1574487
1450 10148 1575091
1450 10148 1577796
8748 10148 1579381
8748 10148 1579431
1450 10148 1579859
8594 10148 1580154
1485 10148 1580186
1485 10148 1580213
9288 10148 1580606
1450 10148 1582572
8748 10148 1583430
8748 10148 1583768
1450 10148 1584094
8748 10148 1584495
5361 10148 1584759
1450 10148 1586837
1450 10148 1588035
1450 10148 1590132
1450 10148 1591037
6208 10148 1591119
6208 10148 1591754
2406 10148 1592813
1450 10148 1594350
1450 10148 1596452
1450 10148 1597941
1450 10148 1598573
1450 10148 1601243
7722 10148 1601962
7722 10148 1602393
7722 10148 1602481
7722 10148 1602619
7722 10148 1602754
7722 10148 1602832
7722 10148 1602997
8748 10148 1603245
8594 10148 1603805
6948 10148 1604437
4052 10105 1608311
8594 10148 1610894
8594 10148 1613799
2406 10148 1615116
6084 10148 1616486
1053 10148 1622058
1053 10148 1623017
1450 10148 1623146
1450 10148 1624650
1450 10148 1626438
9324 10105 1627125
6740 10105 1638316
6740 10105 1638451
8594 10148 1647927
6948 10148 1649990
8594 10148 1655430
1799 10148 1657033
1799 10148 1657805
1799 10148 1657860
1799 10148 1657911
1799 10148 1658141
1450 10148 1658224
8748 10148 1658622
8748 10148 1659383
8748 10148 1659543
1799 10148 1659951
1799 10148 1661352
1799 10148 1662345
1799 10148 1662384
1799 10148 1663616
1450 10148 1663937
1799 10148 1664019
1799 10148 1664186
1799 10148 1665492
1485 10148 1665509
1450 10148 1666334
1450 10148 1667831
1450 10148 1669923
2406 10148 1670625
1450 10148 1672031
1450 10148 1673237
6208 10148 1673422
6208 10148 1673468
1450 10148 1673842
1450 10148 1674727
1450 10148 1675334
2406 10148 1677721
2406 10148 1677930
1450 10148 1678325
8594 10148 1678646
8594 10148 1678740
2406 10148 1679640
2406 10148 1679665
2406 10148 1680627
1450 10148 1680754
2884 10105 1684008
6208 10148 1685330
1450 10148 1686729
7731 10148 1689330
1450 10148 1690045
2406 10148 1690983
1450 10148 1691242
2406 10148 1691248
8594 10000 1693060
2406 10148 1693272
8594 10148 1693286
1450 10148 1693931
4052 10105 1696665
6814 10148 1698887
6814 10148 1699187
6814 10148 1699502
6814 10148 1699701
6208 10148 1699795
6814 10148 1700002
6814 10148 1700249
9070 10148 1700256
9070 10148 1700527
6084 10148 1701704
1450 10148 1701727
3297 10148 1705301
4052 10105 1708856
1450 10148 1709829
1450 10148 1710730
1450 10148 1713134
1450 10148 1714336
5161 10148 1721157
8594 10148 1728113
8594 10148 1728181
8594 10148 1730468
9324 10105 1732031
1485 10148 1738250
5356 10148 1745189
5356 10148 1745738
1450 10148 1745828
5356 10148 1745913
1450 10148 1748825
9695 10148 1749635
1450 10148 1750034
1450 10148 1750933
6948 10148 1752282
8748 10148 1752557
1450 10148 1753636
8071 10148 1753685
9695 10148 1753956
1450 10148 1754536
8071 10148 1754856
7734 10148 1754944
1450 10148 1755144
8071 10148 1756072
2406 10148 1756259
9695 10148 1757709
1450 10148 1758442
5356 10148 1760574
1450 10148 1761733
5356 10148 1762178
5356 10148 1762434
9695 10148 1763081
5356 10148 1768896
1450 10148 1769245
2406 10148 1770598
1450 10148 1770742
2406 10148 1771099
3763 10148 1773335
3763 10148 1773395
3763 10148 1773470
5361 10148 1775274
9070 10148 1775697
1450 10148 1776136
6740 10105 1778427
6740 10105 1778560
9324 10105 1783935
2406 10148 1784124
1450 10148 1792037
9324 10105 1794432
1053 10148 1794526
1450 10148 1795345
1450 10148 1798947
1450 10148 1800436
1450 10148 1801050
9324 10105 1809733
9324 10105 1813942
1053 10148 1815976
1053 10148 1816084
1485 10148 1822640
1485 10148 1822673
3763 10148 1824046
3763 10148 1824166
3763 10148 1824282
3763 10148 1824516
5356 10148 1826986
5356 10148 1827310
1450 10148 1831046
7722 10148 1832658
7722 10148 1832763
7722 10148 1832805
7722 10148 1832842
7722 10148 1832925
1450 10148 1833137
6740 10105 1834724
1450 10148 1836425
1450 10148 1840031
1450 10148 1842124
5356 10148 1842220
2406 10148 1847343
2406 10148 1848479
2406 10148 1849205
1450 10148 1853147
5478 10148 1855040
1450 10148 1856736
2406 10148 1857709
1450 10148 1860649
9070 10148 1864105
1053 10148 1866859
3763 10148 1867713
4052 10105 1873196
1450 10148 1876553
1450 10148 1882514
9324 10105 1883519
1450 10148 1883740
1450 10148 1885822
9324 10105 1900024
9324 10105 1903358
9324 10105 1905142
5356 10148 1912641
5356 10148 1912812
5356 10148 1913323
5356 10148 1913571
5163 10148 1915814
1450 10148 1916127
6814 10148 1917815
1450 10148 1917914
6814 10148 1917959
6814 10148 1918227
6814 10148 1918474
6814 10148 1918737
6814 10148 1919164
6814 10148 1919546
1450 10148 1920307
1799 10148 1921098
1799 10148 1921267
9695 10148 1921386
1799 10148 1921601
1799 10148 1921959
1450 10148 1922126
9695 10148 1922652
7646 10148 1923108
1450 10148 1923354
7646 10148 1923460
6948 10148 1923843
1450 10148 1924263
9695 10148 1924653
5356 10148 1925548
6948 10148 1925946
6208 10148 1926946
9695 10148 1927050
1450 10148 1927508
6948 10148 1928887
9695 10148 1929060
2406 10148 1929076
1450 10148 1929657
1450 10148 1931105
2406 10148 1931596
2406 10148 1931860
2406 10148 1933146
1485 10148 1933357
1485 10148 1933479
1450 10148 1933825
2406 10148 1935712
6948 10148 1935773
2406 10148 1935824
1450 10148 1935906
1450 10148 1936516
9695 10148 1938058
7000 10148 1939939
1450 10148 1940701
7000 10148 1941035
7000 10148 1941744
1450 10148 1942254
7000 10148 1942479
1450 10148 1944327
6948 10148 1945869
1450 10148 1947629
9695 10148 1948092
1450 10148 1948826
1450 10148 1949728
1799 10148 1950877
1450 10148 1951804
2658 10148 1952590
2658 10148 1952796
1053 10148 1952864
1450 10148 1955150
4052 10105 1955608
3297 10148 1958198
6084 10148 1959070
4052 10105 1959843
1450 10148 1960523
9324 10105 1961370
9070 10148 1961672
3297 10148 1962802
3297 10148 1962909
9324 10105 1963178
1450 10148 1970415
1450 10148 1971647
1450 10148 1973107
1053 10148 1974222
1053 10148 1974248
9324 10105 1983080
1939 10148 1987197
9324 10105 1987741
5356 10148 2000195
5356 10148 2000320
1799 10148 2000644
3763 10148 2001011
3763 10148 2001168
1450 10148 2001299
5356 10148 2001799
1450 10148 2003706
2144 10148 2003815
6814 10148 2003820
6814 10148 2004346
1450 10148 2006143
1450 10148 2008531
6948 10148 2009797
8897 10148 2009807
6948 10148 2010206
2406 10148 2010448
2406 10148 2010855
8897 10148 2010913
2406 10148 2010944
1450 10148 2011224
2406 10148 2011267
2406 10148 2011474
7646 10148 2011834
8897 10148 2012225
7646 10148 2012722
7646 10148 2012850
9695 10148 2012879
7646 10148 2013024
1450 10148 2013352
9695 10148 2014702
1450 10148 2016033
9695 10148 2016148
1450 10148 2016631
2406 10148 2017140
1799 10148 2017580
7734 10148 2017693
1799 10148 2017938
6948 10148 2017996
1450 10148 2018740
2406 10148 2019164
1450 10148 2019616
6208 10148 2020148
1450 10148 2020225
9439 10148 2020655
9695 10148 2021032
7000 10148 2021609
9695 10148 2022758
8897 10148 2023860
1450 10148 2024419
8897 10148 2024755
7734 10148 2024908
1450 10148 2025932
8897 10148 2026014
7734 10148 2026152
1799 10148 2026158
8897 10148 2027034
8748 10148 2028221
5161 10148 2029171
1450 10148 2029814
7731 10148 2030004
1450 10148 2030473
1450 10148 2031331
9695 10148 2031929
7734 10148 2032081
1450 10148 2032520
9070 10148 2033698
1450 10148 2035856
1450 10148 2036720
1450 10148 2038212
1450 10148 2038826
6948 10148 2039519
1450 10148 2040341
1678 10105 2041395
4052 10105 2042155
6084 10148 2045140
3297 10148 2049174
1450 10148 2049313
1450 10148 2055913
1450 10148 2057136
1450 10148 2058616
1450 10148 2060162
1799 10148 2060748
1053 10148 2072763
6740 10105 2082728
6740 10105 2083304
1799 10148 2086539
1799 10148 2087012
5163 10148 2087263
1799 10148 2088059
1799 10148 2088925
6814 10148 2090264
5163 10148 2090309
6814 10148 2090376
6814 10148 2090521
9324 10105 2090668
6814 10148 2090852
6814 10148 2091004
6814 10148 2091104
1450 10148 2091306
1485 10148 2092467
1450 10148 2092532
1485 10148 2092646
1485 10148 2092730
5163 10148 2093969
1450 10148 2094912
2924 10148 2094957
1450 10148 2095819
1450 10148 2096724
1485 10148 2098106
1485 10148 2098338
9695 10148 2099925
1450 10148 2100603
5163 10148 2101203
1450 10148 2101223
2406 10148 2102102
1450 10148 2102715
9695 10148 2103852
7734 10148 2104140
8897 10148 2104509
1450 10148 2105140
8897 10148 2105209
1450 10148 2107225
5356 10148 2107396
1450 10148 2108425
1485 10148 2108545
5356 10148 2108844
9695 10148 2110216
1450 10148 2110521
1450 10148 2111449
5163 10148 2111780
2406 10148 2113775
1450 10148 2114160
1450 10148 2115039
6948 10148 2115571
1450 10148 2115951
7000 10148 2116490
6740 10105 2117004
6740 10105 2117072
6948 10148 2117081
1450 10148 2117134
7000 10148 2117950
7734 10148 2118552
7000 10148 2118571
5163 10148 2118591
9695 10148 2121128
3763 10148 2121138
3763 10148 2121402
3763 10148 2121561
3763 10148 2121670
8748 10148 2123154
9324 10105 2123649
1450 10148 2124911
1450 10148 2126167
4052 10105 2130940
1799 10148 2133461
3297 10148 2137077
1450 10148 2137856
1450 10148 2141764
1450 10148 2144749
1450 10148 2146834
9070 10148 2150100
9070 10148 2150179
9324 10105 2157566
9324 10105 2159955
1422 10310 2172518
5356 10148 2173247
5356 10148 2173760
5163 10148 2173927
1450 10148 2176807
8893 10148 2176889
8893 10148 2176925
8893 10148 2176946
8893 10148 2176966
8893 10148 2177251
8893 10148 2177554
8893 10148 2177581
8893 10148 2177647
6814 10148 2177792
6814 10148 2177924
1450 10148 2178012
8893 10148 2178052
6814 10148 2178136
8893 10148 2178234
6814 10148 2178263
6814 10148 2178485
6814 10148 2178622
6814 10148 2178845
1450 10148 2179234
2144 10148 2179379
7731 10148 2179603
1450 10148 2180106
2144 10148 2180682
1450 10148 2181912
6948 10148 2181994
7734 10148 2183285
5356 10148 2184048
7734 10148 2184548
1450 10148 2184917
1450 10148 2186146
5163 10148 2186243
2406 10148 2186403
1450 10148 2187042
2406 10148 2190590
1450 10148 2191530
1450 10148 2192418
5356 10148 2192785
5356 10148 2193275
5161 10148 2193649
5161 10148 2193756
5161 10148 2193847
1450 10148 2193939
5595 10148 2194177
5163 10148 2194212
5356 10148 2195215
7000 10148 2195362
1450 10148 2195433
2406 10148 2196617
1450 10148 2196968
1450 10148 2198131
1799 10148 2200561
7000 10148 2202598
7000 10148 2203244
1450 10148 2203544
7000 10148 2203858
5163 10148 2203894
7000 10148 2204462
1450 10148 2205672
7731 10148 2206670
6948 10148 2207403
1450 10148 2207752
7734 10148 2208565
7734 10148 2209809
3763 10148 2210267
1450 10148 2212267
4052 10105 2213005
1678 10105 2213271
1450 10148 2214355
1485 10148 2215174
1485 10148 2215226
1485 10148 2215409
1485 10148 2215547
4052 10105 2215867
1678 10105 2216268
2406 10148 2218385
9324 10105 2220124
6084 10148 2220389
8748 10148 2222585
8748 10148 2223503
3297 10148 2225465
1450 10148 2227535
1450 10148 2232056
1450 10148 2233213
1450 10148 2234742
5356 10148 2259171
5356 10148 2259553
5356 10148 2259715
6740 10105 2261283
1485 10148 2261754
3763 10148 2261856
3763 10148 2262041
5161 10148 2262869
5161 10148 2262922
5161 10148 2263097
5161 10148 2263132
1450 10148 2263224
2144 10148 2263696
6814 10148 2264060
6814 10148 2264420
6814 10148 2264534
1450 10148 2265622
5361 10148 2266078
1450 10148 2266512
9324 10105 2266640
3297 10148 2268362
5161 10148 2268673
1450 10148 2269847
7646 10148 2270010
1450 10148 2270739
5356 10148 2271048
7646 10148 2271195
5161 10148 2272192
5163 10148 2272201
1450 10148 2272210
9695 10148 2272245
5356 10148 2272263
7000 10148 2273833
7000 10148 2274439
9695 10148 2275053
9324 10105 2277163
2406 10148 2277223
2406 10148 2277706
1939 10148 2277937
5163 10148 2280370
1450 10148 2280641
1450 10148 2282483
9695 10148 2284153
7734 10148 2284157
1799 10148 2284367
2406 10148 2284644
1450 10148 2285120
9695 10148 2285286
7734 10148 2285402
7734 10148 2286658
9695 10148 2287466
5356 10148 2289243
8748 10148 2289372
5163 10148 2290079
7731 10148 2290269
5161 10148 2291321
1450 10148 2292000
9695 10148 2292209
7731 10148 2294358
3763 10148 2296661
1450 10148 2297411
4052 10105 2300861
1799 10148 2303234
9324 10105 2309825
1939 10148 2310446
1450 10148 2314817
1450 10148 2316040
1450 10148 2319611
9070 10148 2328130
6740 10105 2328586
6740 10105 2328682
1678 10105 2334761
1485 10148 2343329
1485 10148 2343450
1485 10148 2343506
1485 10148 2343567
1485 10148 2344245
5163 10148 2346579
6814 10148 2348141
6814 10148 2348257
5163 10148 2349837
5161 10148 2352823
1450 10148 2352926
5163 10148 2353214
5163 10148 2354013
1450 10148 2355040
1450 10148 2357177
1450 10148 2359829
1450 10148 2363500
1450 10148 2364383
1450 10148 2366458
1450 10148 2367067
5361 10148 2370244
7000 10148 2370618
7000 10148 2371216
1450 10148 2371585
2406 10148 2371989
1450 10148 2372775
1450 10148 2374295
7000 10148 2375270
7000 10148 2375882
7000 10148 2377237
1450 10148 2377604
1450 10148 2380599
3763 10148 2385315
3763 10148 2385379
1485 10148 2387845
1678 10105 2389250
3763 10148 2389950
1450 10148 2393781
3297 10148 2393959
9324 10105 2394738
1450 10148 2400703
1450 10148 2402192
1450 10148 2403368
1450 10148 2404001
1678 10105 2415821
6740 10105 2418325
6740 10105 2418507
5356 10148 2431902
5356 10148 2432702
5356 10148 2433068
9324 10105 2433134
5161 10148 2433366
5356 10148 2433794
5356 10148 2434979
1450 10148 2437903
7731 10148 2438405
1799 10148 2440419
1450 10148 2441801
1450 10148 2443858
5356 10148 2445974
1450 10148 2449896
1450 10148 2450775
1450 10148 2451378
2406 10148 2452779
1450 10148 2453471
1450 10148 2454072
2406 10148 2455813
1450 10148 2456172
1485 10148 2458067
1485 10148 2458135
1450 10148 2460379
1485 10148 2460576
1450 10148 2461589
3763 10148 2462411
3763 10148 2462475
1450 10148 2464310
1450 10148 2465214
1450 10148 2473311
1450 10148 2474219
7734 10148 2474882
3297 10148 2475261
1450 10148 2476909
8748 10148 2478927
1450 10148 2479597
9070 10148 2479609
9324 10105 2486041
1450 10148 2486780
9324 10105 2487564
1450 10148 2488279
1450 10148 2488892
1450 10148 2490412
6740 10105 2496055
6740 10105 2496913
1799 10148 2515458
1799 10148 2515524
1799 10148 2516475
1799 10148 2516535
1799 10148 2516654
1799 10148 2516806
1799 10148 2517435
1799 10148 2520014
1799 10148 2520371
1799 10148 2520452
1799 10148 2520902
5163 10148 2524324
5163 10148 2529026
1450 10148 2530587
5161 10148 2531378
5161 10148 2531423
5161 10148 2531469
5161 10148 2531562
5161 10148 2531596
5161 10148 2531729
1450 10148 2531799
8748 10148 2532604
9695 10148 2532607
1450 10148 2533271
1450 10148 2534484
1450 10148 2535718
1450 10148 2536561
1450 10148 2537183
5361 10148 2537477
1450 10148 2538124
9695 10148 2539176
7000 10148 2539251
1450 10148 2539290
7722 10148 2540024
7722 10148 2540067
7722 10148 2540140
7722 10148 2540185
7722 10148 2540304
7722 10148 2540368
1450 10148 2540496
9695 10148 2540836
1450 10148 2542605
9695 10148 2543314
7000 10148 2543627
9695 10148 2544649
7000 10148 2545119
6948 10148 2545148
5163 10148 2545600
1450 10148 2546192
1450 10148 2547376
2406 10148 2547820
5163 10148 2548614
1450 10148 2551598
1450 10148 2555192
1450 10148 2558174
3297 10148 2558867
3297 10148 2559007
4052 10105 2559343
1450 10148 2559713
1799 10148 2560479
3763 10148 2564274
6084 10148 2565284
1450 10148 2567824
3763 10148 2567828
1450 10148 2574092
1450 10148 2577999
9070 10148 2581719
9070 10148 2581765
9324 10105 2597355
9324 10105 2598560
5163 10148 2605493
1450 10148 2607366
1485 10148 2607721
6814 10148 2608845
6814 10148 2609095
6814 10148 2609629
1450 10148 2609765
6814 10148 2609914
3831 10148 2610738
1485 10148 2611116
1485 10148 2611141
1485 10148 2611219
1450 10148 2611558
1939 10148 2612414
6208 10148 2612535
1450 10148 2613085
8893 10148 2613824
8893 10148 2613885
8893 10148 2613940
8893 10148 2614075
8893 10148 2614134
8893 10148 2614406
8893 10148 2614624
8893 10148 2614855
1450 10148 2614892
8893 10148 2615018
8893 10148 2615133
8893 10148 2615273
1450 10148 2615511
1450 10148 2617292
1450 10148 2620904
1450 10148 2621786
1485 10148 2624305
7000 10148 2624756
1450 10148 2625125
1450 10148 2626386
2406 10148 2627380
2406 10148 2627445
2406 10148 2627531
2406 10148 2627571
2406 10148 2627771
8748 10148 2628453
2406 10148 2628906
1450 10148 2631437
1450 10148 2632059
2406 10148 2632371
5163 10148 2634214
1450 10148 2634432
7000 10148 2636973
7734 10148 2637012
1450 10148 2637452
2406 10148 2637538
7734 10148 2637935
7734 10148 2638560
1450 10148 2638947
7734 10148 2639158
2406 10148 2639652
1450 10148 2643795
5478 10148 2645599
4052 10105 2646008
5478 10148 2646405
3763 10148 2648987
3763 10148 2649036
3763 10148 2649376
7731 10148 2649530
6084 10148 2651140
1450 10148 2659937
1450 10148 2661456
1450 10148 2662937
5129 10585 2668273
1678 10105 2674769
