5061 10387 95173
5061 10387 95228
5061 10387 95265
5061 10387 95311
5061 10387 95395
5061 10387 95451
5061 10387 95500
5061 10387 95533
5061 10387 95558
5061 10387 95601
5061 10387 95638
5061 10387 96449
5061 10387 99468
2074 10840 123057
5061 10387 124369
5061 10387 124448
5061 10387 124601
5061 10387 126980
6754 10324 181076
5061 10387 251710
5061 10387 251751
5061 10387 251785
5061 10387 251814
5061 10387 251896
5061 10387 251950
5061 10387 251987
5061 10387 252113
5061 10387 252225
5061 10387 252278
5061 10387 252520
5061 10387 252604
5061 10387 252789
5061 10387 253059
5061 10387 253126
2098 10467 292258
7822 10682 340790
5061 10387 360089
5061 10387 360147
5061 10387 360187
5061 10387 360348
5061 10387 360391
5061 10387 360449
5061 10387 360489
5061 10387 360563
5061 10387 360688
5061 10387 360735
5061 10387 360825
5061 10387 360862
5061 10387 360896
5061 10387 361361
5061 10387 361566
5061 10387 521571
5061 10387 521611
5061 10387 521643
5061 10387 521685
5061 10387 521713
5061 10387 521932
5061 10387 521982
5061 10387 522024
5061 10387 522083
5061 10387 522196
5061 10387 522226
5061 10387 522266
5061 10387 522318
5061 10387 522349
5061 10387 522381
5061 10387 522406
5061 10387 522524
5061 10387 522560
3912 10324 547350
5061 10387 607794
5061 10387 607817
5061 10387 607875
5061 10387 607900
5061 10387 607940
5061 10387 607977
5061 10387 608018
5061 10387 608048
5061 10387 608081
5061 10387 608128
5061 10387 610454
5061 10387 610514
5061 10387 610650
5061 10387 644002
5061 10387 698600
5061 10387 698650
5061 10387 698677
5061 10387 698703
5061 10387 698752
5061 10387 698824
5061 10387 698884
5061 10387 698925
5061 10387 698959
5061 10387 699007
5061 10387 699055
5061 10387 699119
5061 10387 699479
5061 10387 700332
2893 10125 723451
5061 10387 846766
5061 10387 846798
5061 10387 846825
5061 10387 846856
5061 10387 846887
5061 10387 846929
5061 10387 846959
5061 10387 847032
5061 10387 847068
8081 10467 918977
5061 10387 925339
5061 10387 925375
5061 10387 925432
5061 10387 925474
5061 10387 925537
5061 10387 925685
5061 10387 925926
5061 10387 926031
5061 10387 926296
5061 10387 926447
5061 10387 926760
5061 10387 926909
7992 10078 966455
313 10387 1003636
7063 10387 1023657
313 10387 1025397
5061 10387 1037930
5061 10387 1038423
5061 10387 1038515
5061 10387 1038524
5061 10387 1038648
5061 10387 1038665
5061 10387 1038727
313 10387 1042435
313 10387 1045100
5061 10387 1092039
5061 10387 1092120
5061 10387 1092153
5061 10387 1092189
5061 10387 1092241
5061 10387 1092249
5061 10387 1092300
5061 10387 1092340
5061 10387 1092383
5061 10387 1092426
5061 10387 1092532
5061 10387 1092567
5061 10387 1092616
5061 10387 1092669
313 10387 1134765
7822 10682 1185634
5061 10387 1195883
5061 10387 1195929
5061 10387 1195990
5061 10387 1196430
5061 10387 1196587
5061 10387 1196651
5061 10387 1196802
5061 10387 1196882
5061 10387 1196943
5061 10387 1197317
5061 10387 1197407
5061 10387 1197562
5061 10387 1197671
313 10387 1277419
5061 10387 1358362
5061 10387 1358392
5061 10387 1358422
5061 10387 1358493
5061 10387 1358503
5061 10387 1358544
5061 10387 1358595
5061 10387 1358623
5061 10387 1358669
5061 10387 1358848
5061 10387 1358891
5061 10387 1358916
5061 10387 1359135
5061 10387 1359424
313 10387 1396645
5061 10387 1443292
5061 10387 1443314
5061 10387 1443346
5061 10387 1443376
5061 10387 1443444
5061 10387 1443471
5061 10387 1443493
5061 10387 1443530
5061 10387 1443575
5061 10387 1443606
5061 10387 1443671
5061 10387 1443699
5061 10387 1443730
9501 10078 1454782
5061 10387 1530600
5061 10387 1530635
5061 10387 1530674
5061 10387 1530693
5061 10387 1530715
5061 10387 1530739
5061 10387 1530762
5061 10387 1530784
5061 10387 1530810
5061 10387 1530831
5061 10387 1530872
5061 10387 1530897
5061 10387 1532165
5061 10387 1532188
5061 10387 1532223
5061 10387 1532261
313 10387 1574348
5061 10387 1604394
5061 10387 1604444
5061 10387 1604472
5061 10387 1604549
5061 10387 1605068
5061 10387 1605096
5061 10387 1605153
5061 10387 1605216
5061 10387 1605499
5061 10387 1605550
8376 10324 1629286
8376 10324 1630017
8376 10677 1670185
5061 10387 1701062
5061 10387 1701087
5061 10387 1701150
5061 10387 1701656
5061 10387 1701679
5061 10387 1701741
5061 10387 1701808
5061 10387 1701847
5061 10387 1701875
5061 10387 1701900
5061 10387 1701922
5061 10387 1702980
5061 10387 1703536
5061 10387 1703695
7822 10682 1782390
9041 10078 1849641
3618 10682 1948451
5061 10387 1949111
5061 10387 1949142
5061 10387 1949289
5061 10387 1950091
5061 10387 1950163
5061 10387 1950188
5061 10387 1950225
5061 10387 1950310
5061 10387 1950337
5061 10387 1950371
5061 10387 1950400
5061 10387 1950420
5061 10387 1950734
5061 10387 1950894
5061 10387 1950962
5061 10387 1951179
5061 10387 1953048
5061 10387 1953279
7820 10125 1991612
7820 10125 1993725
7820 10125 2024684
5061 10387 2037450
5061 10387 2037474
5061 10387 2037500
5061 10387 2037538
5061 10387 2037568
5061 10387 2037602
5061 10387 2037634
5061 10387 2037661
5061 10387 2037738
4707 10324 2120600
5061 10387 2131268
5061 10387 2131517
5061 10387 2131554
5061 10387 2131610
5061 10387 2131651
5061 10387 2131707
5061 10387 2131732
5061 10387 2131790
5061 10387 2131813
5061 10387 2131837
5061 10387 2131868
5061 10387 2131925
5061 10387 2131965
5061 10387 2131999
5061 10387 2211111
5061 10387 2211136
5061 10387 2213803
5061 10387 2213825
5061 10387 2213852
5061 10387 2213930
5061 10387 2214019
5061 10387 2214046
5061 10387 2214082
5061 10387 2214464
5061 10387 2214867
5061 10387 2215179
5061 10387 2215652
5061 10387 2215737
5061 10387 2223719
5061 10387 2223910
5061 10387 2224299
5061 10387 2224458
2074 10467 2292463
5061 10387 2335437
5061 10387 2335461
5061 10387 2335553
5061 10387 2335598
5061 10387 2335637
5061 10387 2335672
5061 10387 2335705
5061 10387 2335748
5061 10387 2335773
5061 10387 2335810
5061 10387 2335847
5061 10387 2339634
5061 10387 2425311
5061 10387 2425342
5061 10387 2425374
5061 10387 2425399
5061 10387 2425427
5061 10387 2425462
5061 10387 2425919
5061 10387 2425959
5061 10387 2426000
5061 10387 2426106
5061 10387 2427218
5061 10387 2427340
5061 10387 2432205
5061 10387 2432465
7177 10078 2509044
5061 10387 2521842
5061 10387 2521896
5061 10387 2521961
5061 10387 2522037
5061 10387 2522072
5061 10387 2522165
5061 10387 2522193
5061 10387 2522231
5061 10387 2522274
5061 10387 2522343
