4559 10431 125112
821 10696 186608
6576 10106 242127
7462 10200 251538
7498 10460 255144
7498 10460 263083
2570 10073 277265
2570 10073 316075
2624 10534 318525
5513 10285 378656
2624 10534 399846
7498 10460 428362
5211 10638 428846
146 10285 432529
8430 10106 483470
6000 10893 560507
5513 10285 573706
7498 10460 587677
2624 10534 649774
3767 10555 661517
6289 10638 669577
4125 10285 684549
7498 10460 688973
7498 10460 698213
6018 10285 698647
1394 10760 709671
2624 10534 746698
2570 10073 759158
8633 10350 778650
8633 10350 792811
2570 10073 822893
2624 10534 845058
2624 10534 845126
6000 10893 850399
6000 10893 851379
7498 10460 858337
7462 10200 858587
8633 10285 865756
8633 10350 904948
6000 10893 905447
7307 10285 956106
7498 10460 962750
2570 10073 969075
5086 10197 997820
8633 10350 1023069
7498 10460 1035992
7498 10460 1039132
3767 10863 1087849
9390 10200 1097961
9390 10200 1098779
6116 10197 1099177
5875 10106 1106476
5086 10534 1117330
6655 10863 1162521
5513 10285 1162992
821 10197 1194534
3767 10863 1227256
8430 10106 1256838
7498 10460 1296376
8311 10697 1304692
8311 10697 1304775
7307 10697 1456751
7498 10460 1463028
7307 10285 1482852
2624 10534 1548376
5513 10285 1588751
9390 10200 1617232
7307 10285 1622802
5218 10812 1639709
7498 10460 1650025
7498 10460 1650165
8311 10697 1711139
8311 10697 1711169
9390 10200 1714815
8146 10200 1788873
8439 10350 1795988
8439 10350 1796709
7498 10460 1814925
3767 10863 1815105
9390 10200 1818350
8146 10200 1874805
5399 10106 1875009
7498 10460 1893394
8146 10200 1918665
9390 10200 1963113
1729 10638 1999288
5513 10285 2020519
9390 10200 2061990
7498 10460 2062764
7498 10460 2153505
9390 10200 2222560
1858 10739 2223539
4764 10106 2233638
7498 10460 2242515
7462 10200 2340445
5513 10285 2368949
9982 10350 2390229
9390 10200 2393165
8146 10200 2395447
7498 10460 2414148
9390 10200 2482488
3387 10073 2501008
5513 10285 2538551
8146 10200 2592629
9390 10200 2592676
8146 10200 2593304
9390 10200 2650711
7498 10460 2669466
