1671 10488 20129
790 10488 76392
4572 10233 78407
4668 10462 80979
2591 10233 83833
4491 10233 128425
2973 10462 144215
4861 10342 146998
1966 10462 154568
1966 10462 160066
1966 10462 162069
5872 10462 236968
3067 10233 245907
5352 10233 310978
2723 10462 312030
1671 10488 324320
1966 10462 335250
2591 10233 387121
3067 10233 430465
3067 10233 431085
4668 10462 490039
4491 10233 563891
4668 10462 571106
2973 10462 577420
8260 10462 579348
1671 10488 596855
1671 10488 632823
8831 10233 676646
1671 10488 697144
8331 10342 727142
4861 10462 733333
5524 10342 740141
4491 10233 744200
2973 10462 753053
4979 10233 768065
4979 10233 768675
6811 10233 875738
6811 10233 876396
1671 10488 936909
4491 10233 940024
4491 10233 940059
9217 10233 954796
9217 10233 956110
9217 10233 957522
1455 10462 961884
2219 10213 984274
2219 10213 986371
8292 10233 998937
9217 10233 999235
8292 10233 999579
9217 10233 1001896
2973 10462 1009562
9217 10233 1022511
9217 10233 1024257
9217 10233 1026380
9217 10233 1036682
9217 10233 1040095
4668 10462 1040843
6798 10213 1044705
6811 10233 1050176
4164 10488 1050476
4491 10233 1079253
4491 10233 1083305
2820 10213 1088186
9329 10233 1098084
4164 10488 1100040
9217 10233 1102981
9217 10233 1106049
9329 10233 1107281
1671 10488 1111289
9411 10233 1116448
1671 10488 1129683
6939 10462 1155463
8383 10233 1224998
4668 10462 1264852
790 10462 1280614
8107 10462 1286585
2219 10213 1294880
790 10462 1298279
1455 10462 1306204
4861 10462 1306365
9411 10233 1312588
9411 10233 1313270
9411 10233 1313806
9411 10233 1314380
2591 10233 1338543
2591 10233 1342250
2591 10233 1344839
6184 10213 1355053
5524 10488 1356105
9411 10233 1357385
9411 10233 1357738
6184 10213 1358724
9411 10233 1360118
2591 10233 1364169
1671 10488 1372666
8831 10233 1376742
7496 10233 1383093
8292 10233 1436944
8292 10233 1437414
8331 10342 1453458
6798 10213 1461786
6472 10462 1469496
4861 10342 1477207
8831 10233 1479608
5962 10462 1518638
9326 10233 1534158
2591 10233 1539086
7937 10705 1541233
9326 10233 1542091
8831 10233 1546117
9103 10233 1547250
6472 10462 1551592
4979 10233 1552111
4979 10233 1552440
2219 10213 1563154
9612 10233 1564178
2018 10462 1574500
2018 10462 1574947
6472 10462 1605716
1671 10488 1606985
2591 10233 1610726
2973 10462 1613786
9411 10233 1644724
9411 10233 1644889
9411 10233 1645009
9411 10233 1645962
9411 10233 1646934
7258 10462 1691654
2591 10233 1694577
2591 10233 1695259
2591 10233 1695846
2591 10233 1697409
2973 10462 1709812
2723 10342 1713161
2723 10342 1713824
1671 10488 1721821
8831 10233 1725595
5524 10342 1791952
2973 10462 1800827
2973 10462 1801002
4979 10233 1814485
4979 10233 1814564
4491 10233 1859635
4491 10233 1860686
4979 10233 1862245
5524 10342 1862677
2591 10233 1864474
9329 10233 1878263
2591 10233 1899599
8831 10233 1902559
6145 10462 1909696
4597 10213 1928039
7374 10233 1937727
2591 10233 1942582
2591 10233 1942932
2591 10233 1943337
2591 10233 1943436
2591 10233 1944297
2591 10233 1945130
2591 10233 1945744
2591 10233 1946007
2591 10233 1952911
4105 10233 1953282
2591 10233 1972006
2219 10213 2000175
1671 10488 2050552
2591 10233 2057757
2591 10233 2057944
2591 10233 2062054
2591 10233 2084293
5813 10462 2113463
2591 10233 2114244
2591 10233 2116459
9217 10233 2132820
4979 10233 2149759
2591 10233 2151867
2591 10233 2153009
9612 10233 2155955
9612 10233 2156558
7277 10462 2157260
2219 10213 2169227
1671 10488 2239864
8831 10233 2251563
9612 10233 2254426
1671 10488 2255783
1671 10488 2256763
2219 10213 2262657
2973 10488 2284092
2591 10233 2290801
9612 10233 2324188
1671 10488 2344920
3105 10462 2364860
4491 10233 2377927
8831 10233 2382859
3105 10462 2387817
2973 10462 2399019
2973 10462 2399221
2973 10462 2399384
6472 10462 2406071
6798 10213 2432468
610 10233 2454315
7937 10462 2481715
8831 10233 2487559
5813 10462 2543975
9612 10233 2591071
2224 10233 2621562
2735 10233 2645894
7937 10462 2657106
4597 10213 2670157
4597 10213 2671155
4597 10213 2672408
