665 10003 5465
665 10003 11606
1176 10003 11840
665 10003 20962
2869 10495 45498
2953 10649 46799
2953 10649 47999
2953 10649 50398
2953 10649 61199
2953 10649 61206
2953 10649 62101
2953 10649 75600
2953 10649 79800
2953 10649 133200
2953 10649 133207
2953 10649 135599
2953 10649 136799
2953 10649 137100
2953 10649 138899
1176 10003 145116
2953 10649 147600
2953 10649 151500
1176 10003 155131
1176 10003 155340
6406 10766 156843
6406 10766 161206
2953 10649 161999
2953 10649 172800
2953 10649 172806
1176 10003 186274
6812 10051 189416
6812 10051 195620
6812 10051 202290
6812 10051 210123
6812 10051 214992
2953 10649 222299
2953 10649 223199
2953 10649 224399
2953 10649 233999
2953 10649 237297
2953 10649 241199
2953 10649 241206
2953 10649 243899
2953 10649 245099
2953 10649 247499
6406 10766 247579
2953 10649 249300
752 10003 254122
7545 10766 262644
752 10051 267186
6765 10051 267867
6812 10051 270620
6812 10051 278979
6812 10051 291000
6812 10051 296135
6812 10051 303895
2953 10649 305999
2953 10649 309899
2953 10649 310200
2953 10649 320398
2953 10649 323099
1176 10003 325311
2953 10649 327598
2953 10649 329400
2953 10649 331198
2953 10649 334499
2953 10649 334799
2953 10649 344099
7545 10766 345876
7545 10766 351931
7545 10766 352230
6406 10766 353846
2953 10649 392399
2953 10649 394800
2953 10649 395999
2953 10649 400800
2953 10649 403498
2953 10649 406798
2953 10649 406806
2953 10649 409200
2953 10649 413999
2953 10649 417598
2953 10649 421198
2953 10649 421206
2953 10649 422099
6406 10766 428537
6406 10766 428584
6406 10766 428678
6406 10766 432514
6812 10051 439540
6812 10051 444453
6812 10051 454778
6812 10051 462200
6812 10051 469994
7045 10051 472624
6406 10766 475236
6812 10051 475297
2953 10649 478798
6406 10766 479301
2953 10649 482400
2953 10649 482406
6406 10766 484379
1176 10003 486089
1176 10003 486252
1176 10003 488179
2953 10649 489600
2953 10649 493200
2953 10649 493205
2953 10649 495601
2953 10649 500998
2953 10649 502200
2953 10649 504000
7696 10766 504953
2953 10649 506699
2953 10649 507599
2953 10649 507606
2953 10649 508200
7545 10766 514619
6812 10051 525917
6812 10051 536853
6812 10051 543457
6812 10051 552077
6812 10051 557317
2953 10649 565201
2953 10649 565207
2869 10381 565408
2953 10649 565499
6812 10051 565702
2953 10649 565800
6406 10766 568145
2953 10649 568800
2953 10649 569100
6406 10766 575995
2953 10649 579600
2953 10649 579900
2953 10649 579907
1176 10003 581230
2953 10649 586802
2953 10649 587699
665 10003 590420
2953 10649 594599
665 10003 601276
665 10003 604431
1176 10003 605600
665 10003 609315
6812 10051 612672
2953 10649 613800
6812 10051 622561
665 10003 625467
6812 10051 629340
6812 10051 638541
5090 10003 639309
6812 10051 648497
2953 10649 651599
2953 10649 651899
1176 10003 653061
2953 10649 655198
2953 10649 655799
6406 10766 665976
2953 10649 665999
2953 10649 666006
2953 10649 666300
2953 10649 680699
5984 10051 698045
6812 10051 700167
6812 10051 718390
6812 10051 726267
2953 10649 730799
6812 10051 736217
2953 10649 738000
2953 10649 738300
2953 10649 738303
2953 10649 741599
2953 10649 741899
6406 10766 745256
2953 10649 752430
2953 10649 752699
2953 10649 753000
2953 10649 766800
2953 10649 777599
2953 10649 777606
6812 10051 788670
6812 10051 793636
752 10495 797207
6812 10051 804362
6812 10051 812663
6812 10051 820540
3051 10051 823572
3051 10051 823588
2953 10649 824699
6812 10051 825591
2953 10649 827999
2953 10649 828299
2953 10649 839097
2953 10649 845998
2953 10649 846005
2953 10649 846900
2953 10649 849899
2953 10649 853500
6812 10051 877660
6812 10051 884482
6812 10051 890811
6812 10051 896612
6812 10051 904096
6812 10051 908965
2953 10649 910803
2953 10649 911098
2953 10649 914400
2953 10649 914699
1176 10003 915941
2953 10649 925199
2953 10649 925499
2953 10649 932399
2953 10649 932699
2953 10649 936300
2953 10649 939599
1176 10003 940086
6406 10766 948069
181 10051 948624
6812 10051 958240
7545 10766 964017
6812 10051 965740
6812 10051 972932
6812 10051 978928
6812 10051 985542
6812 10051 993459
2953 10649 997199
2953 10649 997498
2953 10649 1000801
2953 10649 1001402
5984 10051 1001539
1176 10003 1005612
2953 10649 1011902
2953 10649 1016398
2953 10649 1018799
2953 10649 1019100
2953 10649 1022399
2953 10649 1026300
5767 10495 1032798
2953 10649 1037099
6406 10766 1042002
6812 10051 1045198
6812 10051 1048677
6812 10051 1054466
6812 10051 1061867
6812 10051 1069434
2617 10495 1077072
6812 10051 1078201
2953 10649 1083899
2953 10649 1083904
2953 10649 1087200
2953 10649 1087801
1176 10003 1097225
1176 10003 1097972
2953 10649 1097999
2953 10649 1098300
2953 10649 1105201
2953 10649 1105500
1176 10003 1108206
2953 10649 1110599
1176 10003 1111583
2953 10649 1112406
2953 10649 1112412
2953 10649 1112451
2953 10649 1116298
6406 10766 1117439
6812 10051 1132937
752 10003 1132991
6812 10051 1141297
6812 10051 1151152
2953 10649 1159199
6812 10051 1160474
6812 10051 1169531
2953 10649 1170000
2953 10649 1170300
2953 10649 1170305
2953 10649 1173598
2953 10649 1174200
2953 10649 1177229
665 10003 1177277
2953 10649 1177800
2953 10649 1184398
2953 10649 1184698
2953 10649 1184703
665 10003 1193991
665 10003 1195220
2953 10649 1198798
2953 10649 1199099
665 10003 1209110
1176 10003 1209679
665 10003 1215015
6812 10051 1217832
6812 10051 1225402
665 10003 1230812
6812 10051 1237267
6812 10051 1245059
6812 10051 1254109
2953 10649 1256399
2953 10649 1256699
2953 10649 1259999
1176 10003 1263314
5984 10051 1264972
1176 10003 1269222
2953 10649 1271099
2953 10649 1271103
2953 10649 1271108
2953 10649 1285499
6812 10051 1304246
6812 10051 1308283
6812 10051 1317291
6812 10051 1327281
6812 10051 1333994
2953 10649 1342799
2953 10649 1343100
2953 10649 1343103
2953 10649 1346399
2953 10649 1346700
2409 10450 1350032
2953 10649 1357198
2953 10649 1357499
2953 10649 1371600
2869 10307 1373719
2953 10649 1382527
2953 10649 1382533
6812 10051 1390876
6812 10051 1397517
6812 10051 1404902
6812 10051 1413791
6812 10051 1420055
7630 10450 1423801
6812 10051 1429260
2953 10649 1429499
2953 10649 1432798
2953 10649 1433100
2953 10649 1438499
2953 10649 1443898
2953 10649 1450799
2953 10649 1450807
2953 10649 1451400
1176 10003 1452122
2953 10649 1458299
2953 10649 1515600
2953 10649 1515899
2953 10649 1519199
2953 10649 1519500
1176 10003 1521241
1176 10003 1521631
2953 10649 1529999
2953 10649 1530300
2953 10649 1537198
2953 10649 1537500
2953 10649 1540799
2953 10649 1544698
2953 10649 1548000
6812 10051 1562507
6812 10051 1565794
6406 10766 1580583
6812 10051 1588607
6812 10051 1597355
2953 10649 1601999
2953 10649 1602298
6812 10051 1602775
2953 10649 1605599
2953 10649 1605899
2953 10649 1616399
2953 10649 1616406
2953 10649 1616700
1176 10003 1617590
2953 10649 1623901
2953 10649 1630799
2953 10649 1631099
7545 10766 1631625
9655 10051 1635447
6406 10766 1639719
5984 10051 1643758
6812 10051 1650380
6812 10051 1656544
6812 10051 1664352
6812 10051 1670418
6812 10051 1676793
6812 10051 1688365
2953 10649 1688700
2953 10649 1691998
2953 10649 1692300
1176 10003 1695489
1176 10003 1695811
1176 10003 1698561
2953 10649 1702800
2953 10649 1703099
2953 10649 1709398
2953 10649 1709998
2953 10649 1710299
2953 10649 1717199
2953 10649 1717206
2953 10649 1717498
6812 10051 1738443
6812 10051 1743171
1564 10766 1746261
6812 10051 1751724
6812 10051 1759074
2953 10649 1764000
6812 10051 1768406
7696 10766 1774302
2953 10649 1774799
2953 10649 1775099
6812 10051 1777633
6406 10766 1778351
2953 10649 1778700
2953 10649 1782067
2953 10649 1782073
665 10003 1782078
2953 10649 1782375
2953 10649 1789200
2953 10649 1789501
2953 10649 1790100
665 10003 1794699
665 10003 1796222
665 10003 1796279
2953 10649 1803899
2953 10649 1803902
6406 10766 1805443
6406 10766 1806992
665 10003 1809774
665 10003 1810840
6812 10051 1824351
665 10003 1828105
6812 10051 1833056
5090 10003 1843295
6812 10051 1844200
6812 10051 1854611
2953 10649 1861198
2953 10649 1861498
6812 10051 1863513
2953 10649 1864799
6406 10766 1872069
2953 10649 1875599
2953 10649 1875900
2953 10649 1890299
6406 10766 1894776
7545 10766 1896440
6812 10051 1909620
6406 10766 1920361
6812 10051 1922537
6812 10051 1931463
5090 10003 1932168
6812 10051 1944780
2953 10649 1947599
2953 10649 1947606
2953 10649 1947899
2953 10649 1947903
2953 10649 1951201
2953 10649 1951500
6406 10766 1951929
6406 10766 1957620
2953 10649 1961998
2953 10649 1962300
7545 10766 1968071
2953 10649 1980299
7545 10766 1986957
2953 10649 1987199
2953 10649 1987206
9420 10450 1990215
6406 10766 1992870
6812 10051 1997871
6812 10051 2003646
6812 10051 2013696
6812 10051 2024977
6812 10051 2032712
2409 10450 2033911
2953 10649 2034299
2953 10649 2037599
2953 10649 2037899
2953 10649 2048700
2953 10649 2055599
1176 10003 2055824
2953 10649 2055900
2953 10649 2059199
2953 10649 2063099
2953 10649 2063103
6812 10051 2093766
6812 10051 2102399
6812 10051 2110888
2953 10649 2120400
2953 10649 2120699
6812 10051 2121794
2953 10649 2123999
2953 10649 2124299
1176 10003 2129925
2953 10649 2134800
2953 10649 2135103
2953 10649 2142000
2953 10649 2142006
2953 10649 2142301
2953 10649 2145898
2953 10649 2149199
7545 10766 2150810
6812 10051 2168713
6812 10051 2176029
6812 10051 2185962
6812 10051 2195008
6812 10051 2204056
2953 10649 2206799
2953 10649 2206806
2953 10649 2207099
2953 10649 2210698
2953 10649 2210703
2953 10649 2221500
2953 10649 2228698
2953 10649 2235900
7545 10766 2246533
2953 10649 2251797
6812 10051 2256009
6812 10051 2262220
6812 10051 2272372
6812 10051 2282371
704 10822 2291311
6812 10051 2293366
2953 10649 2293498
2953 10649 2296799
2953 10649 2297100
7545 10766 2307830
2953 10649 2307899
2953 10649 2307905
2953 10649 2314799
2953 10649 2315100
2953 10649 2321999
2953 10649 2322005
2953 10649 2322299
2953 10649 2331599
7545 10766 2334134
6406 10766 2334171
2953 10649 2335798
6812 10051 2341634
6812 10051 2348660
6812 10051 2358004
2953 10649 2368799
6812 10051 2369340
2953 10649 2379898
2953 10649 2379902
2953 10649 2383500
2953 10649 2386838
665 10003 2386876
2953 10649 2387119
2953 10649 2387121
665 10003 2390443
6406 10766 2390699
2953 10649 2394000
2953 10649 2394300
2953 10649 2394304
665 10003 2400314
665 10003 2401862
665 10003 2401906
665 10003 2404548
2953 10649 2408399
2953 10649 2408699
665 10003 2415845
665 10003 2416248
665 10003 2416908
7545 10766 2419218
6812 10051 2427710
6812 10051 2438198
6812 10051 2454601
2953 10649 2465999
2953 10649 2466300
2953 10649 2469599
4029 10381 2472352
2953 10649 2480400
2953 10649 2480407
2953 10649 2480699
2953 10649 2491198
2953 10649 2495100
6812 10051 2513214
7545 10766 2517667
6812 10051 2538303
6812 10051 2549007
2953 10649 2552399
2953 10649 2552406
2953 10649 2552412
2953 10649 2552419
2953 10649 2555999
2953 10649 2556300
2953 10649 2566799
2953 10649 2567099
6406 10766 2572387
1176 10003 2574684
2953 10649 2577899
2953 10649 2584799
2953 10649 2591998
2953 10649 2592005
7545 10766 2603504
2953 10649 2639102
2953 10649 2642398
2953 10649 2642700
2953 10649 2653501
2953 10649 2660399
2953 10649 2660406
2953 10649 2660702
2953 10649 2663999
2953 10649 2664302
2953 10649 2667902
