1364 10419 14578
1364 10419 96009
5135 10419 98814
5154 10419 99574
5154 10419 120450
5154 10419 124692
6342 10557 154354
1288 10614 173689
5135 10419 187742
5135 10419 188366
1364 10419 193699
5154 10419 198974
5154 10419 206881
4211 10261 250728
5135 10419 273994
5135 10419 274651
1364 10419 276613
5154 10419 286226
5154 10419 290743
5154 10419 297776
4064 10261 311144
6342 10557 324170
1364 10419 363691
5135 10419 366093
5135 10419 369444
5154 10419 371727
5154 10419 378032
5154 10419 384442
5154 10419 443025
5135 10419 443720
5135 10419 444469
1364 10419 450043
5154 10419 458530
108 10481 467425
5154 10419 468315
6342 10557 487385
1364 10419 523088
5135 10419 531645
5135 10419 532336
5154 10419 535199
5154 10419 549638
5154 10419 555260
1364 10419 611027
2510 10261 644580
2510 10261 650754
2510 10261 651374
8296 10540 665189
7460 10692 679599
1364 10419 713799
5154 10419 721427
5135 10419 723240
5154 10419 723994
6342 10557 746753
6342 10557 746794
4064 10261 772742
5154 10419 790374
5135 10419 791017
5135 10419 791718
1364 10419 797784
5154 10419 807361
5154 10419 812432
5154 10419 816129
8642 10219 818009
5135 10419 875674
5135 10419 877709
9140 10239 880924
1364 10419 881524
5154 10419 888852
2510 10261 893573
5154 10419 894561
5154 10419 901111
8296 10540 902710
8296 10540 904059
9140 10239 907701
9140 10239 919056
8296 10540 941821
8296 10540 950733
8642 10201 958426
1364 10419 969163
5135 10419 976803
5135 10419 977446
5154 10419 981117
9140 10239 981744
5154 10419 989197
8296 10540 990687
5154 10419 992263
9140 10239 1007846
9140 10239 1013074
5135 10419 1047869
5135 10419 1049039
1364 10419 1053790
5154 10419 1066689
9140 10239 1068529
5154 10419 1071656
5154 10419 1076818
2260 10283 1101248
9034 10481 1109728
6342 10557 1111186
1288 10614 1134914
1857 10684 1150173
1364 10419 1151836
5154 10419 1153510
5154 10419 1157810
5154 10419 1160085
5154 10419 1161149
785 10369 1197871
1364 10419 1240988
8296 10540 1278236
6342 10557 1282707
5135 10419 1310352
1364 10419 1314859
5154 10419 1321085
5438 10540 1325021
5154 10419 1329528
5135 10419 1332933
6342 10557 1387283
5135 10419 1397530
5135 10419 1398203
1364 10419 1404741
5154 10419 1410855
5154 10419 1417798
9034 10481 1427264
8642 10201 1427491
1364 10419 1477942
5135 10419 1481163
5135 10419 1483344
5154 10419 1497244
5154 10419 1503593
8296 10540 1507319
5154 10419 1507932
6342 10557 1528948
2481 10239 1535081
6342 10557 1559543
9034 10481 1565443
5135 10419 1566658
5135 10419 1567747
1364 10419 1572995
5154 10419 1584567
5154 10419 1589851
5154 10419 1594490
6342 10557 1625485
6342 10557 1629421
9453 10557 1632787
6342 10557 1649092
6342 10557 1649684
5135 10419 1653540
5135 10419 1654189
1364 10419 1657750
9746 10239 1663461
5154 10419 1667268
5154 10419 1672241
5154 10419 1677218
8296 10540 1681428
8296 10540 1682948
6342 10557 1698218
5154 10419 1738313
5135 10419 1740418
1364 10419 1740977
5135 10419 1741356
9810 10419 1757556
5154 10419 1758082
9810 10419 1758407
9810 10419 1759042
9810 10419 1759973
9810 10419 1760775
9156 10261 1791927
9034 10481 1804063
9034 10481 1807433
9034 10481 1817758
6342 10557 1825533
1364 10419 1866436
5135 10419 1913259
1288 10614 1920056
5154 10419 1927380
5154 10419 1930433
5135 10419 1936764
1364 10419 1993655
5135 10419 2000083
5135 10419 2000680
5154 10419 2017173
5154 10419 2022802
5154 10419 2024870
1364 10419 2079761
5135 10419 2089430
5135 10419 2090057
5135 10419 2091034
5154 10419 2091753
9810 10419 2100024
9810 10419 2101137
9810 10419 2102097
9810 10419 2102970
9810 10419 2103741
9810 10419 2104591
9810 10419 2105595
9810 10419 2106414
9810 10419 2107161
9810 10419 2108507
5154 10419 2108978
5154 10419 2111429
2510 10261 2126999
2510 10261 2127296
6342 10557 2166707
1364 10419 2167772
5135 10419 2171930
5135 10419 2172593
9810 10419 2182956
9810 10419 2183875
9810 10419 2184829
9810 10419 2185756
9810 10419 2186864
5154 10419 2188300
9810 10419 2190652
9810 10419 2191922
9810 10419 2193255
9810 10419 2194234
9810 10419 2195367
5154 10419 2195931
5154 10419 2197663
9453 10557 2237471
1364 10419 2256677
5135 10419 2257755
5135 10419 2258355
9810 10419 2259715
9810 10419 2261498
9810 10419 2262759
9810 10419 2270590
9810 10419 2273138
9810 10419 2274650
9810 10419 2275400
9810 10419 2276444
9810 10419 2277596
5154 10419 2277692
9810 10419 2279568
5154 10419 2283625
9453 10692 2327272
1364 10419 2345838
6342 10557 2346271
6342 10557 2347039
5154 10419 2348416
9810 10419 2365319
9810 10419 2366032
5154 10419 2366462
9810 10419 2367168
9810 10419 2367766
9810 10419 2368440
9810 10419 2369116
5154 10419 2370205
9453 10557 2405376
1364 10419 2430263
6342 10557 2514948
1364 10419 2515421
5154 10419 2518176
5135 10419 2522559
5135 10419 2523987
9810 10419 2535568
9810 10419 2536267
5154 10419 2536993
9810 10419 2537058
9810 10419 2537704
9810 10419 2538752
9810 10419 2539813
9810 10419 2540453
9810 10419 2541255
9810 10419 2541905
5154 10419 2541990
5154 10419 2600797
5135 10419 2605586
1364 10419 2605610
5135 10419 2606389
9810 10419 2607022
9810 10419 2607703
9810 10419 2608527
9810 10419 2609494
9810 10419 2615733
5154 10419 2616401
9810 10419 2619351
9156 10261 2620281
9810 10419 2620343
9810 10419 2623535
5154 10419 2624240
9810 10419 2626313
9810 10419 2626973
5154 10419 2628495
