688 10263 5726
1040 10020 9852
1241 10164 12987
1494 10036 16665
1494 10036 16712
1594 10143 18518
1594 10143 18568
1594 10143 18753
1594 10143 35978
1594 10143 36316
3079 10164 48727
1040 10020 55149
1040 10020 65604
4149 10020 67507
4723 10143 82969
4723 10143 83129
4723 10143 83264
4723 10143 83538
4723 10143 83696
1594 10143 100705
1594 10143 101233
5371 10164 111911
3501 10036 116512
5468 10164 118281
5588 10164 125647
2503 10036 128939
5588 10164 129980
649 10036 131514
4149 10020 135884
4149 10020 136016
5958 10036 140112
1040 10020 141261
1241 10164 141831
1494 10036 145914
5958 10036 146591
6287 10036 152484
688 10263 152834
4469 10164 154587
6287 10036 156205
1040 10020 156270
688 10263 164791
688 10263 167707
4823 10510 176714
1040 10020 179023
1595 10895 183559
1040 10020 194615
5371 10164 195457
5371 10164 195726
5371 10164 197460
5371 10164 198433
5371 10164 201107
4149 10020 202591
2878 10164 210003
2878 10164 211807
1086 10164 224961
1040 10020 225888
5958 10036 229515
5958 10036 230354
688 10263 236873
688 10263 237424
5371 10164 238704
5371 10164 239068
5371 10510 239281
688 10263 240122
688 10263 247299
2255 10573 247800
4723 10143 253736
4723 10143 253968
4723 10143 254393
4723 10143 254585
4723 10143 255016
4723 10143 255154
4723 10143 255751
4723 10143 255935
4723 10143 256073
4723 10143 256159
4723 10143 256304
5958 10036 267843
2878 10164 275964
5468 10335 291261
4149 10020 291917
3079 10164 296441
2503 10036 296872
1040 10020 311846
1040 10020 312524
1040 10020 320728
6287 10036 321480
7886 10335 326335
1494 10036 332343
3501 10036 337963
6287 10036 339154
1494 10036 342021
5588 10164 349773
688 10263 361863
4652 10510 363328
7516 10941 364653
688 10263 365044
1494 10036 365911
5371 10164 368912
4149 10020 374676
5468 10164 376899
5588 10164 389068
5958 10036 398148
6287 10036 399919
5588 10164 400231
1040 10020 401091
5958 10036 402164
649 10036 402744
1040 10020 403545
3501 10036 410972
7886 10335 417200
4652 10164 419080
5958 10036 421482
4469 10164 422037
1494 10036 423152
4149 10080 423540
5958 10036 425333
4723 10143 433572
4723 10143 434128
4723 10143 434616
4723 10143 434767
4723 10164 435737
5588 10164 436148
4723 10164 436218
5588 10164 443361
6287 10036 443465
1594 10143 446693
1594 10143 447151
6287 10036 447767
6287 10786 448206
4149 10020 467717
5588 10164 472004
5588 10164 483059
1040 10020 484621
1040 10020 488333
688 10263 495139
1494 10036 502717
3079 10164 506858
1594 10143 510989
688 10263 514093
688 10263 514110
6287 10036 520256
4469 10020 520667
5588 10164 522911
5588 10164 526229
1494 10036 527865
688 10263 528192
1494 10036 528510
5588 10164 529805
5958 10036 529985
5588 10164 540632
5588 10164 544201
4149 10020 545555
5588 10164 562212
5588 10164 565802
5588 10164 569444
1594 10143 569477
1594 10143 569621
1594 10020 569714
1594 10143 570654
1040 10020 573242
5588 10164 580203
5588 10164 583819
5588 10164 587411
649 10036 589615
1040 10020 591933
5588 10164 594610
6287 10036 594992
4469 10020 599730
688 10263 600673
1594 10020 605696
1594 10020 606224
5958 10036 615493
1494 10036 616238
5588 10164 627007
1594 10020 629188
1594 10020 629300
1594 10020 629363
1594 10143 629549
688 10263 630009
5588 10164 630626
5588 10164 634224
4149 10020 636644
1594 10143 636913
5588 10164 637811
5588 10164 645016
5588 10164 648642
5588 10164 655805
1594 10143 656437
1040 10020 657272
5588 10164 659410
1040 10020 660477
3501 10036 662517
5588 10164 663026
649 10036 665540
5588 10164 666643
5958 10036 667839
6287 10036 673583
5588 10164 673809
4469 10020 675905
4723 10143 676511
5588 10164 677427
649 10036 680744
5588 10164 681006
5588 10164 684614
5588 10164 688238
5371 10164 690943
5371 10164 691319
5371 10164 692509
4469 10020 692816
479 10510 694773
5371 10164 696229
5588 10164 706807
649 10036 714633
649 10036 715102
5371 10164 717714
5371 10164 717815
5371 10164 719956
5371 10164 720119
5588 10164 720925
5468 10164 723821
4149 10020 724227
4469 10164 732427
1594 10143 739963
1594 10020 741756
5588 10164 745901
5958 10036 748437
5588 10164 749486
1040 10020 751126
1594 10143 751926
5588 10164 753114
6287 10036 754786
1494 10036 755912
1494 10036 755985
5588 10164 756689
5588 10164 760330
3501 10036 760669
1494 10036 762703
5588 10164 763896
5588 10164 767484
5588 10164 771072
688 10263 772427
5588 10164 774674
5588 10164 778272
1494 10036 779356
5588 10164 781867
1494 10036 784201
5588 10164 785481
8578 10335 787772
5588 10164 789095
5588 10164 792966
688 10263 796428
5588 10164 796580
4652 10498 799128
6287 10036 801356
5371 10164 801969
5371 10164 802112
5371 10164 802461
5371 10164 802802
5588 10164 803778
7516 10941 808525
5588 10164 810675
5588 10164 814281
5588 10164 817878
4149 10020 820482
5588 10164 821492
3059 10036 822976
4149 10020 828498
5588 10164 832010
5588 10164 835618
5958 10036 840316
649 10036 841292
649 10036 844714
649 10036 844844
5958 10036 847495
1494 10036 848443
688 10263 848525
5588 10164 850037
5958 10036 850790
5588 10164 853590
7886 10020 856423
5588 10164 857200
1494 10036 859457
5958 10036 859519
5588 10164 860769
6287 10036 862632
5958 10036 877856
5588 10164 879373
5371 10164 890082
4149 10020 890131
5371 10164 890196
5371 10164 890361
5371 10164 890982
5468 10164 896715
5588 10164 897064
5588 10164 900675
9108 10164 902625
1040 10020 922272
5958 10036 923244
5958 10036 926893
649 10036 930442
2656 10510 931160
5958 10036 938367
5958 10036 939818
4469 10020 941966
4723 10143 943362
4723 10143 943627
5958 10036 945181
5588 10164 947487
9141 10164 958703
8362 10080 960373
688 10263 968717
5371 10164 971921
5371 10164 972763
5588 10164 972958
5371 10164 973068
5371 10164 973485
5371 10164 974085
4149 10020 977649
5371 10164 977786
5371 10164 977929
5371 10164 979203
5371 10164 980016
5371 10164 980150
5588 10164 994270
3501 10036 995549
6287 10036 1001589
1040 10020 1006820
7886 10020 1017808
649 10036 1019277
5588 10164 1019375
649 10036 1019586
649 10036 1020420
649 10036 1022348
1594 10143 1022726
5588 10164 1022943
5958 10036 1024726
5588 10164 1026542
5958 10036 1028984
5958 10036 1029083
5588 10164 1030140
5588 10164 1040944
6287 10036 1041306
5588 10164 1044561
5588 10164 1048157
5588 10164 1055368
649 10036 1060708
4149 10020 1064652
5588 10164 1070056
5588 10164 1084171
6287 10036 1084648
1040 10020 1089096
6287 10036 1092992
7886 10164 1103366
5958 10036 1103642
5958 10036 1104130
5958 10036 1104180
1594 10143 1104349
1594 10143 1105211
1594 10020 1105483
4469 10020 1113402
5588 10164 1116559
4469 10164 1117690
5958 10036 1118693
6320 10573 1119087
5588 10164 1123744
3059 10036 1124964
9141 10164 1137574
1594 10143 1145803
1594 10020 1145947
1594 10143 1148771
1594 10020 1149124
1594 10143 1149233
1594 10143 1149324
4149 10020 1149833
5371 10164 1151635
5371 10164 1151877
1594 10143 1152054
5371 10164 1152299
1594 10020 1152417
4469 10164 1172326
1040 10020 1174204
1040 10020 1179800
5958 10036 1190212
4469 10020 1190528
479 10861 1195943
5588 10164 1199347
1494 10036 1202297
3938 10544 1202711
5588 10164 1202948
1494 10036 1206220
3501 10263 1206456
8863 10164 1234714
4149 10020 1236206
5371 10164 1238551
5371 10164 1241126
5371 10164 1242369
5371 10164 1246894
5371 10164 1247729
5588 10164 1250052
5371 10164 1251205
9108 10164 1257436
1040 10020 1263299
1040 10020 1264101
5588 10164 1275069
688 10263 1275158
649 10036 1275581
649 10036 1275834
2656 10164 1276787
3059 10036 1277592
2656 10164 1280429
3501 10036 1283021
1494 10036 1295738
5588 10164 1299966
5588 10164 1310739
5588 10164 1314664
5588 10164 1318045
5588 10164 1321591
4149 10020 1324294
5588 10164 1325476
5468 10335 1328442
5588 10164 1339578
3501 10036 1340777
5588 10164 1343169
5588 10164 1346788
1040 10020 1347971
1594 10143 1353419
1594 10143 1361751
1594 10143 1369548
4469 10020 1380197
6320 10573 1380971
1494 10036 1382129
5588 10164 1383118
5588 10164 1386665
688 10263 1390238
1494 10036 1394731
6287 10036 1395331
1594 10143 1395473
5588 10164 1401083
1177 10510 1409618
4149 10020 1409978
1040 10020 1433819
9108 10164 1435776
5588 10164 1444889
3432 10036 1445166
5588 10164 1447873
2656 10164 1448172
3059 10036 1449814
3079 10164 1451004
8623 10036 1455921
7886 10335 1457528
1494 10036 1463666
1494 10036 1463713
5588 10164 1473061
1494 10036 1476891
5588 10164 1487461
688 10263 1491268
5371 10164 1493460
5371 10164 1495436
5371 10164 1496033
4149 10020 1496870
3079 10164 1508212
1040 10020 1519151
5588 10164 1523485
4723 10143 1528610
1594 10143 1528802
3059 10036 1529142
3501 10036 1534253
7886 10335 1535023
3079 10164 1538043
9416 10164 1541082
9416 10164 1546790
5588 10164 1548522
1494 10036 1551202
1494 10036 1551292
5588 10164 1552091
3938 10544 1554689
9108 10164 1554788
5588 10164 1566498
1594 10143 1571130
4149 10020 1583039
5588 10164 1584237
5588 10164 1587827
5588 10164 1591406
1241 10164 1602145
5588 10164 1605877
5371 10164 1606684
1040 10020 1607653
1040 10020 1608354
1594 10143 1610098
9758 10036 1613147
3895 10721 1614419
649 10036 1618017
3059 10036 1621345
2656 10164 1621751
1494 10036 1622950
649 10036 1622993
649 10036 1624894
649 10036 1627718
7886 10335 1632809
5588 10164 1639132
1494 10036 1639296
5588 10164 1642393
1594 10143 1653314
1494 10036 1653540
5371 10164 1665417
5371 10164 1666273
5371 10164 1666494
4233 10810 1667048
4149 10020 1668779
5468 10164 1672959
9374 10786 1675317
9374 10786 1676807
5588 10164 1678130
9374 10786 1678214
1241 10164 1685126
1040 10020 1691821
3059 10036 1695538
1594 10143 1701858
1594 10143 1702128
1594 10143 1702322
1594 10143 1703531
1494 10036 1704310
4723 10143 1708555
4723 10143 1708716
2656 10510 1710872
6287 10036 1710946
6287 10036 1711778
1494 10036 1712447
6287 10036 1713400
1494 10036 1715426
3938 10544 1717447
9550 10036 1721453
5588 10164 1724890
688 10263 1730639
4780 10036 1750191
649 10036 1750500
5371 10164 1751357
5371 10164 1752504
4149 10020 1758103
1241 10164 1763629
4469 10164 1771405
4469 10510 1774190
5588 10164 1779191
1040 10020 1779799
1594 10143 1784264
5371 10164 1786545
5371 10164 1787049
1594 10143 1789728
5371 10164 1793733
9618 10786 1795332
688 10263 1795736
6287 10036 1797217
9618 10786 1806050
3895 10036 1812223
3895 10036 1825696
3895 10036 1826414
5588 10164 1829532
3895 10036 1832616
1241 10164 1835721
1594 10143 1842615
5371 10164 1844627
5371 10164 1845368
5371 10164 1845733
4149 10020 1846112
649 10036 1846257
5371 10164 1847486
5371 10164 1850565
1158 10510 1855982
5588 10164 1861959
2656 10164 1873985
2656 10510 1874300
7638 10164 1875532
1494 10036 1875605
1494 10036 1878410
3059 10036 1885592
5588 10164 1890744
688 10263 1896215
1040 10020 1896611
1040 10020 1897400
1040 10020 1899449
1494 10036 1907459
1594 10164 1914720
9758 10036 1919480
649 10036 1924485
4149 10020 1930330
5371 10164 1932186
5588 10164 1937561
5588 10164 1941145
5588 10164 1944730
1241 10164 1944866
3079 10335 1945489
1040 10020 1954642
1040 10020 1955364
1494 10036 1962466
1494 10036 1962801
9550 10036 1963418
1594 10143 1964872
1494 10036 1966206
2656 10164 1966700
2656 10510 1967163
9758 10036 1968888
9550 10036 1969846
1494 10036 1972495
5588 10164 1973518
1494 10036 1978530
688 10263 1980495
688 10263 1981726
1494 10036 1982234
1494 10036 1994098
5588 10164 1995136
1594 10143 1999998
5371 10164 2009466
4149 10020 2015584
397 10164 2017041
1594 10143 2039582
9758 10036 2039707
1594 10143 2040224
9758 10036 2042545
5371 10510 2048418
5371 10164 2051812
2656 10164 2052554
5371 10164 2052596
7886 10335 2052724
6287 10396 2052791
649 10036 2059501
1494 10036 2079521
1594 10143 2085229
1594 10143 2085630
4149 10020 2123554
1241 10164 2124105
5371 10164 2131989
5371 10164 2132653
1594 10143 2136254
1594 10143 2136485
1594 10143 2141851
6287 10036 2142476
6287 10036 2142516
6287 10036 2143780
1494 10036 2155202
1241 10164 2165929
4233 10810 2172430
1594 10143 2175678
5371 10164 2183314
5371 10164 2185524
6287 10036 2186267
4149 10020 2210451
688 10263 2223795
688 10263 2223921
1594 10143 2224234
7886 10335 2227758
6287 10036 2227859
1594 10143 2229853
7886 10020 2232365
1494 10036 2236685
1494 10036 2243778
9811 10573 2249097
1594 10143 2258124
7638 10164 2272666
4149 10020 2273730
5468 10335 2278825
1040 10020 2299267
3059 10036 2312383
3059 10036 2312500
5371 10164 2313022
5371 10164 2313617
7886 10335 2316159
1494 10036 2319350
649 10036 2322251
1494 10036 2323895
1494 10036 2333371
649 10036 2353639
5371 10164 2359619
4149 10020 2365967
2315 10036 2368885
9726 10036 2380381
8462 10164 2382279
1040 10020 2385402
3059 10036 2404857
1594 10143 2412338
1594 10143 2414349
1594 10143 2415068
4149 10020 2439076
1594 10143 2471085
6287 10036 2476628
649 10036 2485693
6287 10036 2490627
5468 10164 2536683
3501 10036 2550557
3059 10036 2551782
4149 10020 2554212
1040 10020 2557113
6287 10036 2574693
6287 10036 2576562
9677 10164 2577545
6287 10036 2582341
6287 10036 2583627
688 10263 2620768
4149 10020 2622395
1040 10020 2645150
1040 10020 2649005
1040 10020 2650061
1494 10036 2653267
688 10263 2674456
