281 10139 1865
455 10192 3548
455 10192 4404
730 10109 6176
281 10139 13865
730 10109 23936
1928 10109 25292
1928 10012 25313
455 10192 32095
2708 10012 42887
2990 10012 47354
2990 10012 47870
2990 10012 48624
2990 10012 48795
2990 10012 57101
2990 10012 64392
2708 10012 67169
281 10139 69663
2990 10012 70264
1928 10012 70907
1928 10109 70934
4408 10012 72985
730 10109 73852
730 10012 74477
1928 10109 75057
1928 10012 75148
730 10109 75187
2990 10012 75630
2708 10012 77558
730 10012 77996
2990 10012 78356
4603 10012 78585
4603 10012 78644
1928 10109 88612
281 10139 90051
4974 10012 91662
281 10139 105663
455 10192 120336
1632 10139 123348
5567 10012 124310
2708 10012 128496
5567 10012 129053
5567 10012 129129
2708 10012 129226
5896 10012 138006
5896 10012 138553
281 10139 138651
5896 10012 140064
2708 10012 141454
2708 10012 141671
2990 10012 142186
2990 10012 142239
281 10139 142243
2990 10012 142297
2990 10012 142497
2990 10012 143780
281 10139 146438
2990 10012 147504
2990 10012 147650
2708 10012 148566
2708 10012 151093
5896 10012 153403
281 10139 159084
5567 10012 159196
5567 10012 159264
5567 10012 159455
5567 10012 159567
2708 10012 162280
730 10012 164327
730 10012 165268
730 10012 165909
2990 10012 168628
4974 10012 175213
281 10139 175262
1928 10012 177701
1928 10109 177729
2990 10012 178800
1069 10231 180618
1928 10109 181582
1928 10012 181604
281 10139 195065
455 10192 203711
2708 10012 207935
2708 10012 209001
2708 10012 210713
2708 10012 212770
2990 10012 213060
2990 10012 213103
2990 10012 213234
2990 10012 213336
281 10139 222059
281 10139 226228
455 10192 228510
281 10139 229838
2708 10012 231451
2708 10012 232205
2708 10012 232551
455 10192 240714
281 10139 241863
4974 10012 244842
455 10192 244977
2990 10012 246061
5567 10012 247162
60 10109 248351
1069 10231 252481
5567 10012 258239
730 10012 259083
5373 10109 259474
281 10139 261068
3026 10231 267646
2990 10012 269785
2990 10012 272255
60 10776 276113
281 10139 280858
2708 10012 294903
2708 10012 295186
455 10192 295549
5567 10012 301937
5567 10012 302006
281 10139 304847
1069 10231 305336
2990 10012 307494
2990 10012 308725
4070 10231 309035
4974 10012 309808
7788 10231 310920
2990 10012 316152
2990 10012 316526
281 10139 320436
1069 10231 320688
5567 10012 324551
5567 10012 325227
5567 10012 325512
5373 10109 326966
5373 10109 327555
5373 10109 328055
281 10139 328253
281 10139 328264
5373 10109 329058
4408 10012 332189
2990 10012 332511
5567 10012 333407
5373 10109 334172
5567 10012 334224
730 10012 334735
2990 10012 335594
730 10012 336902
281 10139 346869
1928 10012 358299
1928 10109 358325
281 10139 366670
5567 10012 376894
455 10192 377022
5567 10012 378161
5567 10012 378546
2990 10012 381532
2990 10012 381835
2708 10012 384671
2708 10012 385045
5567 10012 385884
281 10139 391835
5216 10525 393344
4603 10012 398636
4603 10012 398672
1069 10231 402987
1069 10231 403311
281 10139 404431
455 10192 408240
1069 10231 410752
281 10139 415264
2990 10012 415430
4408 10012 417636
3026 10231 421204
2708 10012 422046
5373 10109 422132
4603 10012 422420
5373 10109 423608
1928 10012 424082
1928 10109 424108
455 10192 424216
2990 10012 429439
281 10139 433895
2990 10012 435207
3485 10109 438603
1928 10109 438623
1928 10012 438650
2708 10012 468393
5896 10012 472356
5567 10012 472382
5896 10012 472612
5896 10012 472863
2990 10012 474948
2990 10012 476039
2990 10012 477210
5896 10012 478310
5567 10012 479407
5896 10012 479616
2990 10012 480869
2990 10012 480948
5896 10012 481706
5896 10012 482020
3026 10231 482364
5896 10012 485212
3026 10231 487728
2708 10012 490858
1928 10012 493139
1928 10109 493168
5896 10012 500579
2990 10012 505069
2990 10012 506007
2990 10012 506153
1928 10012 511933
2990 10012 516060
3485 10109 517664
2990 10012 517930
5373 10109 519191
4974 10012 521583
1069 10231 523627
5373 10109 529379
5373 10109 530611
3026 10231 531993
2990 10012 543388
5373 10109 547211
455 10192 548473
455 10192 552785
4408 10012 556845
5567 10012 562710
5567 10012 562950
2990 10012 574165
5567 10012 574689
455 10192 576937
5567 10012 577327
455 10192 579192
2990 10012 584693
2708 10012 585413
281 10139 587481
2990 10012 589822
2990 10012 590365
730 10012 598687
730 10012 600564
5373 10109 604262
281 10139 607270
5373 10109 607511
281 10139 618673
2708 10012 642645
2708 10012 642832
5567 10012 651719
2990 10012 653875
2990 10012 653972
2990 10012 654045
2990 10012 656755
2990 10012 668047
2708 10012 669918
1928 10109 671452
1928 10012 671575
1928 10012 671604
1928 10012 671662
1928 10012 671686
281 10139 673286
3485 10109 677413
730 10012 679423
730 10012 680184
5373 10109 686656
5373 10109 687929
5373 10109 688240
5373 10109 691556
281 10139 693066
5567 10012 693273
2708 10012 696318
2990 10012 702804
281 10139 704469
5373 10109 705134
1069 10231 707673
60 10418 711047
5567 10012 724612
5567 10012 724948
5567 10012 725665
5567 10012 727571
5373 10109 727572
5567 10012 727758
5567 10012 729191
6577 10012 730625
5896 10012 732781
2990 10012 732810
5896 10012 733663
2990 10012 734933
2990 10012 735557
5896 10012 736747
281 10139 737446
4603 10012 738867
4603 10012 738990
4603 10012 739059
4603 10012 739163
4603 10012 739258
1069 10231 740332
281 10139 741634
2990 10012 744193
2708 10012 744344
5896 10012 745358
2708 10012 745531
5896 10012 746051
2990 10012 750405
2990 10012 751882
2708 10012 752823
5896 10012 756526
5896 10012 756787
3485 10012 759998
3485 10109 760021
281 10139 761476
2708 10012 762196
2708 10012 766649
281 10139 773482
5373 10109 775927
5373 10109 777157
2990 10012 778576
281 10139 781880
3026 10231 786145
1928 10109 788019
1069 10231 788668
60 10109 794113
281 10139 797464
5373 10109 800139
5373 10109 804131
5567 10012 809309
5567 10012 809475
5567 10012 809692
5567 10012 810897
5567 10012 811706
1928 10109 812911
1928 10012 812948
1928 10012 812981
1928 10012 813009
1928 10012 813113
5567 10012 814729
5567 10012 815388
5567 10012 815598
5567 10012 815869
5567 10012 817733
5567 10012 817780
5567 10012 817822
2708 10012 818924
2708 10012 820864
281 10139 822023
455 10192 825300
281 10139 825615
281 10139 829237
4974 10012 830378
4974 10012 835795
2990 10012 838130
1069 10231 840754
2990 10012 840756
2708 10012 841579
1069 10231 842355
2708 10012 843016
281 10139 844242
2708 10012 845226
1928 10012 846505
1928 10012 846561
1928 10012 846597
455 10192 848628
2990 10012 848715
281 10139 849671
2990 10012 849875
455 10192 851123
730 10012 851898
730 10012 853679
730 10012 853739
60 10109 855670
4408 10012 860768
281 10139 865277
455 10192 871003
455 10192 871964
5373 10109 872796
5373 10109 881924
281 10139 885664
4408 10012 893951
4408 10012 895629
2708 10012 900377
2708 10012 900895
2708 10012 901511
5567 10012 901893
5567 10012 901980
5567 10012 902306
5567 10012 902539
2708 10012 903075
281 10139 904235
2990 10012 907256
281 10139 907835
2990 10012 909212
1069 10231 909467
5216 10525 910150
2990 10012 910260
281 10139 912021
281 10139 915640
1069 10231 916116
5896 10012 917831
5896 10012 918230
5896 10012 919901
2990 10012 922883
2990 10012 923037
2708 10012 926103
2990 10012 931492
2990 10012 931895
2708 10012 932936
281 10139 933714
281 10139 934837
2990 10012 938320
4974 10012 939073
2990 10012 940608
5373 10109 945465
1069 10231 948082
1928 10109 948970
1928 10012 948999
5373 10109 950283
1928 10012 950373
1928 10012 950399
1928 10012 950424
1928 10012 950462
281 10139 950491
5975 10139 953961
5975 10139 955591
1928 10109 967325
281 10139 970855
281 10139 974467
5373 10109 982954
5567 10012 990702
2708 10012 993944
455 10192 996407
455 10192 997678
5567 10012 997925
281 10139 999032
1069 10231 1003188
4603 10012 1003418
2990 10012 1007245
2990 10012 1007383
281 10139 1010428
4603 10012 1010434
4603 10012 1010726
2708 10012 1011317
455 10192 1012983
455 10192 1013308
2990 10012 1015508
281 10139 1019464
1069 10231 1022737
3485 10012 1027914
3485 10109 1027945
3485 10012 1028046
3485 10012 1029537
1069 10231 1030909
1069 10231 1034293
1928 10109 1034730
1928 10012 1034771
281 10139 1039272
4974 10012 1041628
5373 10109 1043626
5373 10109 1044058
455 10192 1045976
455 10192 1046233
455 10192 1047930
1069 10231 1050981
5373 10109 1058374
5567 10012 1074786
5567 10012 1076810
5567 10012 1077010
5896 10012 1077964
2990 10012 1094838
2990 10012 1094926
2990 10012 1095266
2990 10012 1095330
2990 10012 1095455
5896 10012 1098751
5896 10012 1099002
1928 10109 1099086
2990 10012 1102499
1928 10109 1103626
2990 10012 1116186
60 10776 1118169
5373 10109 1124911
2990 10012 1130924
4408 10012 1136259
5373 10109 1138127
5373 10109 1140742
5567 10012 1151931
5567 10012 1154145
1928 10109 1156622
1928 10012 1156650
1928 10012 1156702
1928 10012 1156733
1928 10012 1156746
1928 10012 1156784
5567 10012 1161439
9297 10819 1164713
4408 10012 1167542
2990 10012 1177543
2990 10012 1177585
2990 10012 1177832
2990 10012 1182612
455 10192 1184037
2990 10012 1188383
2708 10012 1192113
281 10139 1192866
3485 10012 1201838
455 10192 1203950
455 10192 1204010
455 10192 1205382
455 10192 1205604
2990 10012 1209576
5373 10109 1212230
281 10139 1213271
4408 10012 1219368
5208 10525 1220227
5208 10525 1220838
281 10139 1221674
5208 10525 1224899
5373 10109 1228289
4408 10012 1232827
4408 10012 1253946
2708 10012 1254519
5567 10012 1254786
3026 10231 1255098
5567 10012 1256115
5373 10109 1257787
5373 10109 1258050
5567 10012 1258539
5567 10012 1258906
2990 10012 1259608
2990 10012 1260040
2990 10012 1264268
455 10192 1266063
2990 10012 1268186
4603 10012 1268401
4603 10012 1268518
2990 10012 1269108
4603 10012 1269361
4603 10012 1270942
281 10139 1277477
60 10109 1280980
60 10109 1281161
4603 10012 1283446
281 10139 1289466
4603 10012 1291056
5373 10109 1293392
5373 10109 1295964
8852 10139 1309476
281 10139 1309853
3026 10231 1310399
5076 10525 1311829
455 10192 1325544
5373 10109 1327760
5567 10012 1329484
5567 10012 1329957
5567 10012 1330157
2708 10012 1332218
5567 10012 1334159
5567 10012 1334450
5567 10012 1334685
2708 10012 1334866
281 10139 1336229
4408 10012 1336382
281 10139 1339834
5896 10012 1340914
281 10139 1344045
5896 10012 1345062
5896 10012 1345184
5896 10012 1345412
5896 10012 1346942
5896 10012 1347329
281 10139 1351266
5896 10012 1358280
281 10139 1361467
1025 10260 1362498
281 10139 1363229
281 10139 1366844
1025 10260 1374049
2990 10012 1374879
2990 10012 1375833
2990 10012 1376593
281 10139 1377054
2708 10012 1379089
1928 10109 1379213
1069 10231 1380668
1069 10231 1380822
2708 10012 1380861
2990 10012 1384255
281 10139 1384283
4603 10012 1386281
4603 10012 1386471
4603 10012 1386569
1069 10231 1392357
1025 10260 1394579
281 10139 1396266
455 10192 1416450
2708 10012 1420020
5567 10012 1421191
5567 10012 1422531
5567 10012 1422638
5567 10012 1422684
281 10139 1431624
4974 10012 1433329
3026 10231 1438062
281 10139 1439429
1069 10231 1444388
281 10139 1448483
2708 10012 1449080
281 10139 1455053
455 10192 1455067
730 10012 1457760
455 10192 1458267
455 10192 1458319
5567 10012 1463540
5567 10012 1463823
281 10139 1468862
281 10139 1472468
5567 10012 1472640
5373 10109 1473314
5567 10012 1475559
281 10139 1480264
4408 10012 1480404
5567 10012 1506218
5567 10012 1506768
5567 10012 1507254
281 10139 1513822
2990 10012 1516454
2990 10012 1516568
281 10139 1517433
3026 10231 1519463
2990 10012 1519520
281 10139 1521044
1069 10231 1521874
3485 10012 1522626
3485 10109 1522652
455 10192 1523252
3026 10231 1526787
4974 10012 1527119
2708 10012 1528362
2990 10012 1528741
281 10139 1529461
281 10139 1536084
2990 10012 1536324
2990 10012 1536598
2990 10012 1539352
2708 10012 1542424
455 10192 1542938
730 10012 1548223
281 10139 1548669
730 10012 1548714
730 10012 1549036
5373 10109 1549517
2990 10012 1550779
730 10012 1553084
730 10012 1553681
4974 10012 1559759
1069 10231 1567818
281 10139 1569065
455 10192 1573884
5373 10109 1579469
5373 10109 1579688
5373 10109 1581853
5373 10109 1582973
5373 10109 1583266
5373 10109 1583876
730 10012 1586311
730 10012 1586347
1069 10231 1588428
281 10139 1596631
4974 10012 1598722
4974 10012 1599539
3026 10231 1600245
2990 10012 1600405
2990 10012 1600681
4408 10012 1601809
281 10139 1604436
4408 10012 1607186
4408 10012 1608288
3485 10012 1617531
4408 10012 1621527
281 10139 1622457
1928 10012 1622961
1928 10109 1622990
730 10012 1623798
1069 10231 1627216
1069 10231 1627318
4974 10012 1640942
281 10139 1642875
4974 10012 1644402
5373 10109 1645155
5373 10109 1645700
1069 10231 1648415
4974 10012 1648545
281 10139 1654272
3485 10012 1660874
1928 10109 1676914
1928 10012 1676927
5896 10012 1685259
4974 10012 1689191
2990 10012 1694235
5896 10012 1700076
5896 10012 1704064
4974 10012 1710835
5373 10109 1711727
5373 10109 1712085
730 10012 1714578
730 10012 1715500
5373 10109 1721136
5567 10012 1725078
5373 10109 1728300
2990 10012 1728487
5373 10109 1736876
5373 10109 1739455
2990 10012 1740138
3485 10012 1741845
4408 10012 1750576
4408 10012 1763785
455 10192 1770554
455 10192 1772544
455 10192 1773781
5567 10012 1774584
455 10192 1775970
5567 10012 1776191
5567 10012 1776264
4408 10012 1776680
60 10109 1780385
2990 10012 1782390
4408 10012 1784204
2990 10012 1785791
281 10139 1794084
5373 10109 1800454
5373 10109 1800939
5373 10109 1801441
5373 10109 1801682
5373 10109 1801711
2990 10012 1802706
1928 10109 1804310
5373 10109 1804461
4603 10012 1805988
730 10012 1809783
4603 10012 1810109
4603 10012 1812248
281 10139 1818073
3485 10012 1818868
5373 10109 1821867
5567 10012 1824898
281 10139 1825863
2445 10109 1851278
455 10192 1851308
5567 10012 1860782
4408 10012 1865314
2990 10012 1871955
281 10139 1880470
2990 10012 1885374
2990 10012 1894189
1928 10109 1902346
1928 10012 1902408
1928 10012 1902456
281 10139 1903874
1928 10012 1905620
1928 10109 1905707
1928 10012 1905763
1928 10012 1910143
1928 10109 1910163
281 10139 1911666
5373 10109 1912431
5373 10109 1912862
2445 10109 1928121
5567 10012 1935434
5567 10012 1935677
5567 10012 1936099
1928 10109 1936211
1928 10012 1936222
1928 10012 1936308
1928 10012 1936321
1928 10012 1936360
1928 10012 1936392
1928 10012 1938251
5567 10012 1938982
5567 10012 1939074
5567 10012 1939239
5567 10012 1939429
1928 10109 1939502
1928 10012 1939547
5567 10012 1941272
730 10012 1943244
5896 10012 1945113
2990 10012 1947303
2990 10012 1947380
455 10192 1948274
455 10192 1948315
5567 10012 1948422
4408 10012 1949302
281 10139 1952448
2708 10012 1953554
3026 10231 1955743
455 10192 1956316
455 10192 1956405
455 10192 1956536
2990 10012 1960357
2990 10012 1960496
1069 10231 1961529
281 10139 1964433
281 10139 1968077
4974 10012 1970883
2990 10012 1977259
2708 10012 1980845
281 10139 1981258
5567 10012 1982153
5567 10012 1982261
5567 10012 1982631
5567 10012 1983029
1069 10231 1983669
2990 10012 1984162
8945 10525 1984480
1069 10231 1985250
730 10012 1986440
281 10139 1987864
1928 10012 1993665
1928 10109 1993678
1928 10012 1993789
281 10139 1999879
60 10109 2000499
2990 10012 2002503
2990 10012 2006426
4408 10012 2013184
2445 10109 2013299
4408 10012 2013948
5567 10012 2019185
5567 10012 2021496
2708 10012 2021932
2708 10012 2022400
5567 10012 2023270
2725 10139 2024232
2725 10139 2025003
5567 10012 2025576
2708 10012 2026536
1069 10231 2029284
5567 10012 2029912
281 10139 2034026
2990 10012 2034809
2990 10012 2034863
2990 10012 2036758
2990 10012 2037799
3485 10012 2040683
281 10139 2041828
2990 10012 2045677
1928 10109 2048402
1928 10012 2048429
281 10139 2050245
281 10139 2052095
2445 10109 2052391
730 10012 2053189
5373 10109 2053514
5373 10109 2055714
2708 10012 2058620
730 10012 2059768
6170 10231 2060184
1069 10231 2062113
1069 10231 2063294
455 10192 2067965
1928 10012 2068392
1928 10109 2068427
1928 10012 2069665
1928 10012 2069678
1928 10012 2069695
1928 10012 2069724
4974 10012 2074919
281 10139 2077267
4974 10012 2079864
281 10139 2085066
5373 10109 2086107
5373 10109 2086182
5373 10109 2089346
5567 10012 2105364
5567 10012 2105728
5567 10012 2105835
5567 10012 2107648
1928 10109 2108454
1928 10012 2108478
4408 10012 2108972
5567 10012 2109195
5567 10012 2109541
1928 10012 2110479
1928 10012 2110496
1928 10012 2110577
5567 10012 2110670
5567 10012 2111003
5567 10012 2111124
5567 10012 2111688
5567 10012 2112318
281 10139 2119228
5567 10012 2120931
4408 10012 2124983
2990 10012 2125749
2990 10012 2125768
2990 10012 2127335
2990 10012 2127380
3026 10231 2128558
4974 10012 2131597
4974 10012 2134341
4408 10012 2135163
4974 10012 2135481
4408 10012 2135658
4974 10012 2136324
2990 10012 2137141
5896 10012 2137846
2990 10012 2138585
281 10139 2139074
455 10192 2139421
4974 10012 2139580
5896 10012 2141119
3485 10012 2141768
281 10139 2142045
3485 10109 2142406
3485 10109 2142495
4408 10012 2146823
4974 10012 2147676
730 10012 2148809
730 10012 2148910
730 10012 2149279
730 10012 2149898
2990 10012 2152634
730 10012 2152639
4408 10012 2153041
4974 10012 2154488
2990 10012 2155309
1928 10012 2156547
1928 10109 2156575
1928 10012 2156681
1928 10012 2156706
1928 10012 2156731
1928 10012 2156751
2708 10012 2161080
4974 10012 2161080
1069 10231 2161558
4974 10012 2161836
2990 10012 2163377
1928 10109 2163426
281 10139 2163675
5373 10109 2164712
5373 10109 2165741
4974 10012 2170031
281 10139 2171473
5373 10109 2173698
5373 10109 2174277
4408 10012 2194893
5567 10012 2196511
5567 10012 2197131
5567 10012 2197333
5567 10012 2197535
5567 10012 2197967
5567 10012 2198387
5567 10012 2198438
2990 10012 2198860
2708 10012 2201550
2990 10012 2204739
281 10139 2205043
2990 10012 2205239
2990 10012 2205769
281 10139 2212250
3026 10231 2216263
3026 10231 2216529
3026 10231 2216649
1069 10231 2220837
4408 10012 2225907
281 10139 2227265
2990 10012 2227704
455 10192 2229418
455 10192 2229498
1069 10231 2230716
4974 10012 2233082
730 10012 2234233
730 10012 2235046
455 10192 2239369
455 10192 2242281
2990 10012 2245430
2990 10012 2245551
281 10139 2246473
1928 10012 2247703
1928 10109 2247721
5373 10109 2248852
455 10192 2255687
5373 10109 2257237
60 10109 2259003
281 10139 2259069
730 10012 2260217
730 10012 2261852
4408 10012 2268290
5373 10109 2280612
5373 10109 2280928
5567 10012 2284790
5567 10012 2285076
5567 10012 2286851
4408 10012 2288491
3026 10231 2293650
4974 10012 2294337
2990 10012 2297835
2990 10012 2298106
2990 10012 2298447
4974 10012 2298614
2990 10012 2298645
1069 10231 2308527
1928 10109 2318539
1928 10012 2318550
730 10012 2319118
5373 10109 2324403
5373 10109 2324797
1069 10231 2327435
5373 10109 2328932
5373 10012 2329153
4974 10012 2329174
4974 10012 2329901
5373 10109 2330432
4974 10012 2334170
1069 10231 2343265
281 10139 2347259
4408 10012 2360331
3485 10012 2362065
4408 10012 2363506
281 10139 2401281
730 10012 2408536
5567 10012 2408832
730 10012 2409434
1928 10012 2410282
1928 10109 2410310
3485 10012 2417077
5373 10109 2418704
1928 10109 2420179
1928 10012 2420246
1928 10012 2420271
1928 10012 2420328
281 10139 2421074
5373 10012 2423457
4974 10012 2430240
1069 10231 2431373
281 10139 2432471
60 10109 2438564
4408 10012 2454830
8271 10418 2460698
2990 10012 2481945
2990 10012 2482049
281 10139 2485265
4974 10012 2497978
5567 10012 2505991
5567 10012 2506298
281 10139 2508669
1928 10109 2516284
281 10139 2516477
4974 10012 2520877
5567 10012 2539419
5567 10012 2539634
5567 10012 2543461
5567 10012 2543936
5896 10012 2547564
2708 10012 2549622
5567 10012 2553442
2990 10012 2555063
2990 10012 2555114
2990 10012 2555192
2990 10012 2555244
5567 10012 2556798
2990 10012 2557923
281 10139 2559637
1069 10231 2566830
4974 10012 2567144
5896 10012 2568287
1928 10109 2570272
1928 10012 2570283
1928 10012 2570355
1928 10012 2570376
1928 10012 2570394
4974 10012 2572084
281 10139 2572322
730 10012 2572342
4974 10012 2572841
2990 10012 2573552
730 10012 2574062
730 10012 2574654
281 10139 2575846
4974 10012 2578421
1984 10231 2585683
5373 10109 2594628
5373 10109 2594655
281 10139 2595669
60 10109 2595926
1928 10012 2603582
1928 10109 2603606
281 10139 2604049
1928 10012 2605029
1928 10012 2605902
1928 10012 2605937
1928 10012 2606005
281 10139 2607678
2708 10012 2627194
5567 10012 2629847
730 10012 2631017
5567 10012 2634557
281 10139 2638838
281 10139 2643039
3485 10012 2645145
3485 10109 2646574
3485 10109 2650351
281 10139 2655022
1069 10231 2655413
2990 10012 2658637
730 10012 2665434
281 10139 2666442
730 10012 2667710
