1038 10347 9849
1038 10347 9884
192 10545 29353
3027 10379 47855
3376 10037 53631
653 10026 66488
1056 10347 98078
5340 10026 110458
5343 10545 110602
192 10545 114975
192 10545 115029
5651 10037 128882
3027 10379 147233
5651 10037 148376
5343 10545 157907
3027 10379 162752
911 10037 177509
5340 10026 178223
1056 10347 188098
3027 10379 221375
7194 10026 225783
3027 10379 242600
3898 10037 246070
7447 10347 249750
1056 10347 269986
5340 10026 273986
7779 10379 309101
5343 10545 317210
7779 10379 320306
3027 10379 324411
7194 10026 329163
7779 10379 331299
7779 10379 334645
5343 10545 336554
5340 10026 356175
8043 10835 362539
192 10545 375107
192 10545 375981
5343 10545 382110
8082 10379 388139
5340 10026 408091
5343 10545 411972
1056 10347 443916
5340 10026 452664
5343 10545 459923
5651 10037 480515
7779 10379 483252
7379 10026 511092
192 10545 592687
5343 10545 595097
5340 10026 615956
1056 10347 616564
5340 10026 656774
5340 10026 664651
3027 10379 670926
192 10545 693525
1056 10347 705226
5340 10026 718781
5651 10037 744440
8043 10835 746179
3027 10379 763799
1056 10347 786639
5340 10026 803211
5343 10545 819953
3027 10379 828842
3919 10037 836571
3027 10379 840872
6146 10756 851426
5340 10026 856138
1056 10347 873439
6962 10688 879520
6962 10688 880668
6962 10688 881631
5340 10026 884875
5343 10545 898386
5343 10545 907579
5343 10545 907676
3027 10379 944453
5340 10026 945550
3027 10379 946227
3027 10379 954051
9049 10347 974093
9049 10347 974806
5343 10545 979322
8082 10379 981989
5651 10037 997770
7779 10379 1000539
7379 10026 1005033
3027 10379 1006313
7779 10379 1013203
3027 10379 1014214
3027 10379 1017034
8043 10347 1031516
5651 10037 1039104
5340 10026 1040798
1511 10379 1043510
1056 10347 1045318
7779 10379 1045643
3027 10379 1083005
3027 10379 1083168
4044 10756 1084157
5343 10545 1087523
9049 10347 1097217
8314 10379 1101913
1511 10379 1102065
911 10037 1112965
5340 10026 1116567
7779 10379 1119884
1038 10347 1125121
1038 10347 1125209
3537 10545 1130327
5343 10545 1158505
5651 10037 1174386
5343 10545 1181077
5340 10026 1188766
5651 10037 1214289
1056 10347 1221742
1038 10347 1222474
1038 10347 1228796
5343 10545 1243453
5651 10037 1259028
1038 10347 1276170
5340 10026 1276348
5340 10026 1279559
3898 10037 1280510
7379 10026 1282685
1056 10347 1309513
8082 10379 1324343
192 10545 1330832
5343 10545 1334356
3027 10379 1341592
5651 10037 1343495
7779 10379 1354842
3027 10379 1369247
5340 10026 1381746
3027 10379 1385568
5340 10026 1385622
4317 10026 1436699
5340 10026 1442608
3027 10379 1467557
5651 10037 1468233
1056 10347 1475616
5133 10037 1478328
5340 10026 1481818
5340 10026 1484314
192 10545 1491245
7779 10379 1526232
7779 10379 1527286
7779 10379 1529678
5340 10026 1565515
8195 10037 1571411
5133 10037 1598059
7325 10347 1598112
5340 10026 1609589
5340 10026 1610307
5144 10347 1611141
7779 10379 1630244
7779 10379 1635375
5340 10026 1651962
1056 10347 1652266
5340 10026 1652299
3027 10379 1680981
7325 10347 1684982
7779 10379 1686284
8435 10347 1689694
5340 10026 1706060
4255 10026 1711517
7379 10026 1719220
5340 10026 1726424
9360 10037 1727044
1056 10347 1736391
5340 10026 1779583
5340 10026 1792200
192 10897 1840465
5343 10545 1847582
5343 10545 1847663
192 10980 1859823
5651 10037 1868376
5340 10026 1870044
5651 10037 1895121
5340 10026 1905494
1056 10347 1913569
192 10545 1915695
7325 10347 1954674
5340 10026 1960043
3027 10379 1961005
8082 10756 1993244
7379 10026 1993798
3027 10379 2040763
5340 10026 2047750
5340 10026 2048192
8314 10379 2048509
5343 10545 2048897
3027 10379 2056404
3027 10379 2062795
5340 10026 2079626
1056 10347 2081851
9360 10037 2085125
192 10545 2093301
5340 10026 2124515
9360 10037 2127997
7779 10379 2128631
7779 10379 2161140
5340 10026 2169706
1096 10379 2186141
3027 10379 2209502
3027 10379 2221034
5340 10026 2223745
5133 10037 2228819
7779 10379 2238374
192 10545 2248384
3027 10379 2250143
7779 10379 2259090
1056 10347 2260315
8043 10835 2296637
3027 10379 2299221
3027 10379 2311059
5651 10037 2311561
5651 10037 2316664
7779 10379 2333555
5340 10026 2338376
192 10545 2384882
3027 10379 2388171
5651 10037 2393401
5343 10545 2406368
5343 10545 2407180
911 10037 2407930
8082 10379 2414523
7779 10379 2417234
5340 10026 2419115
5651 10037 2420877
5651 10037 2430215
5651 10037 2432338
1056 10347 2433964
1056 10347 2434078
8971 10347 2442322
192 10545 2453363
9360 10037 2479772
5340 10026 2480259
7379 10026 2483778
5340 10026 2495918
7779 10379 2500948
8391 10026 2521604
5340 10026 2526306
5343 10545 2531128
5651 10037 2544311
5651 10037 2544363
5651 10037 2544489
8082 10026 2551066
8314 10379 2561568
5340 10026 2563628
3027 10379 2572176
6962 10688 2618072
6962 10688 2618833
192 10545 2620117
9843 10688 2625609
6962 10688 2631542
6962 10688 2632249
6962 10688 2632893
6962 10688 2634649
9352 10545 2654350
5340 10026 2656002
3027 10379 2660851
3027 10379 2663082
5340 10026 2666031
3027 10379 2666154
