744 10185 6343
1296 10203 13980
1333 10082 14097
1714 10082 21004
3123 10203 49510
3399 10618 53935
1714 10082 77282
4082 10203 79118
4082 10203 79688
3123 10203 84623
3123 10203 88797
1714 10082 106144
3123 10203 131725
3123 10203 132051
1714 10082 169037
5101 10185 172513
1333 10082 174577
4082 10203 191871
3123 10203 216328
7088 10203 217088
5917 10618 226068
7363 10203 242697
4082 10203 244650
7363 10203 245679
4082 10203 255240
3123 10203 255310
1333 10082 258932
1333 10082 262407
1333 10082 272505
7363 10203 276137
7363 10203 277387
5101 10185 281053
3123 10203 302374
7088 10203 302675
5101 10185 321831
1333 10082 339174
1333 10082 345528
1333 10082 345668
1333 10082 346991
1296 10203 350093
1333 10082 358043
1714 10082 358674
3123 10203 389588
7088 10203 392798
2768 10493 395463
5042 10878 423926
1333 10082 424166
1333 10082 424463
1333 10082 444365
1333 10082 444586
7363 10203 448985
7363 10203 457629
1714 10082 462448
1714 10082 466248
3123 10203 475533
7088 10203 480058
3254 10878 489825
1714 10082 490578
1296 10203 503775
1333 10082 507440
1333 10082 511145
1333 10082 516911
1333 10082 517062
6560 10879 518735
5865 10951 529539
5215 10203 538082
5215 10203 540471
3123 10203 566540
5215 10203 580586
1264 10493 588084
1714 10082 608506
3123 10203 610248
3123 10203 650299
744 10185 669341
7088 10203 677115
7088 10203 677169
744 10185 680339
1333 10082 686128
1333 10082 686790
1333 10082 687077
1333 10082 699835
5215 10203 702939
1714 10082 704568
1714 10082 706461
3123 10203 738013
5215 10203 773340
1333 10082 781505
1333 10082 781710
1333 10082 784270
8467 10185 794219
9029 10695 805215
3123 10203 821920
7088 10203 825101
1333 10082 860669
1333 10082 862170
7825 10082 865011
1333 10082 865565
5215 10203 865680
9029 10695 875208
1714 10082 882401
8776 10778 890462
3123 10203 906664
1714 10082 929844
5215 10203 940266
5215 10203 942194
1333 10082 943588
1333 10082 943662
1333 10082 944190
5215 10203 948746
1333 10082 953978
1714 10082 967328
9281 10185 994828
3123 10203 994953
9281 10185 996409
7088 10203 997374
1714 10082 1023991
9281 10185 1024446
9029 10695 1031113
1333 10082 1034787
8357 10203 1038654
1333 10082 1039994
9281 10185 1062129
3123 10203 1080502
9281 10185 1089544
5762 10695 1097499
5101 10185 1097843
9281 10185 1114826
8357 10203 1125133
3399 10618 1128884
8357 10203 1134521
5215 10203 1141934
5215 10203 1142412
1333 10082 1155041
9281 10185 1156783
3123 10203 1169511
744 10185 1186263
9281 10185 1189294
1714 10082 1196864
5215 10203 1218911
9281 10185 1234202
9281 10185 1240122
9281 10185 1251644
9281 10185 1251696
3123 10203 1261980
1333 10082 1285486
1333 10082 1288461
1333 10082 1293738
1333 10082 1303588
8357 10203 1312225
9409 10867 1318203
9170 10878 1318765
9409 10867 1319341
9409 10867 1319988
9281 10185 1324713
1333 10082 1325917
3123 10203 1339460
7088 10203 1340371
9281 10185 1364732
1333 10082 1385379
1714 10082 1410118
9281 10185 1423353
9281 10185 1423860
5732 10185 1430394
5724 10618 1435183
9281 10185 1450366
1296 10203 1466426
7363 10203 1496760
7088 10203 1511621
3123 10203 1513868
8357 10203 1539569
1296 10203 1555900
9469 10203 1565628
1714 10082 1567871
9281 10185 1577782
9281 10185 1577830
9281 10185 1577855
3123 10203 1600277
8357 10203 1610378
1333 10082 1641471
1333 10082 1641598
1333 10082 1642212
9281 10185 1681998
3123 10203 1686300
7088 10203 1688738
5101 10185 1693463
9281 10185 1710164
1714 10082 1712657
1714 10082 1721752
1714 10082 1724707
8357 10203 1732425
9469 10203 1746154
4080 10493 1759474
9281 10185 1771149
3123 10203 1786491
744 10185 1789012
9469 10203 1795347
9469 10203 1795806
1714 10082 1797233
9493 10185 1809240
1296 10203 1822683
1333 10082 1827559
5677 10082 1827638
4080 10778 1827824
6868 10082 1829901
3123 10203 1872708
7363 10203 1877501
9281 10185 1885485
9469 10203 1894420
1296 10203 1901604
1333 10082 1905054
1333 10082 1905305
1333 10082 1908536
9469 10203 1913729
1333 10082 1917709
1333 10082 1926002
1714 10082 1932103
3123 10203 1944077
9469 10203 1947065
7088 10203 1948692
8467 10326 1966490
9469 10203 1984315
9469 10203 1984817
1333 10082 1988490
1333 10082 1988772
2674 10185 2024697
2674 10185 2028015
3123 10203 2030017
5215 10203 2037697
5215 10203 2043952
8357 10203 2071771
9469 10203 2073672
9469 10203 2075253
7088 10203 2116501
3123 10203 2117322
2768 10493 2124441
4080 10778 2160413
1296 10203 2161974
5215 10203 2166693
744 10185 2171194
7088 10203 2203379
2674 10185 2205460
3123 10203 2207635
5215 10203 2210409
5215 10203 2248746
5215 10203 2251965
1714 10082 2263317
744 10185 2267851
3123 10203 2290375
9469 10203 2294304
5101 10185 2309034
8357 10203 2318747
9469 10203 2326292
9469 10203 2329055
9469 10203 2334800
1714 10082 2335970
1296 10203 2342308
4502 10493 2345111
9281 10185 2376321
9281 10185 2376566
3123 10203 2380373
9469 10203 2390659
9469 10203 2417885
9951 10185 2418362
9469 10203 2432896
1714 10082 2462845
9951 10185 2467031
3123 10203 2467989
542 10778 2478479
9469 10203 2489125
1714 10082 2501428
542 10778 2501431
1714 10082 2513408
8357 10203 2519947
5215 10203 2523972
5215 10203 2526886
1714 10082 2538265
1333 10082 2546468
3123 10203 2549143
1296 10203 2549187
5215 10203 2584664
1714 10082 2588591
8357 10203 2614750
1714 10082 2624017
3123 10203 2641926
1714 10082 2650444
5215 10203 2663801
5215 10203 2664319
