2616 10123 41844
3002 10656 47488
3002 10656 49138
855 10656 53203
4389 10205 97913
5559 10656 123574
5769 10205 133499
6479 10487 159522
855 10656 175691
7151 10647 221898
2616 10123 226366
3002 10656 226766
5315 10656 227097
3002 10656 227216
7395 10123 244495
3002 10656 253405
7670 10476 288322
3002 10656 292351
3002 10656 293111
7670 10476 293295
7670 10476 294173
7670 10476 294788
5559 10656 294949
7670 10476 296746
7670 10476 298056
7670 10476 298680
7670 10476 299278
7670 10476 301129
7670 10476 301750
7670 10476 302377
5559 10656 303963
7670 10476 304923
7601 10123 323111
7601 10123 323883
7670 10476 381351
7670 10476 382303
7670 10476 383591
2616 10123 386172
3002 10656 393942
8024 10391 397209
6714 10656 421645
6714 10656 422418
7138 10866 463590
7138 10866 466618
3002 10656 467845
2616 10123 473839
6065 10391 493546
3002 10656 494513
6714 10656 498992
6714 10656 500724
6714 10656 501514
6714 10656 502111
6479 10487 503678
6714 10656 504029
6714 10656 517051
6714 10656 518267
7138 10487 527417
2266 10656 575304
3002 10656 612301
7395 10123 638376
6714 10656 657344
3002 10656 659246
3002 10656 662680
3002 10656 677855
3002 10656 694863
1673 10903 727278
7670 10476 733202
2616 10123 737235
4389 10205 756780
8269 10391 775151
7151 10647 788272
7670 10476 814542
7670 10476 816928
3002 10656 820296
7670 10476 824384
7670 10476 825134
7670 10476 825763
7670 10476 826496
7670 10476 827097
8269 10391 846662
1165 10825 877335
1165 10825 877399
8716 10123 887460
7670 10476 892180
7670 10476 892844
7670 10476 893549
7670 10476 894176
7670 10476 894831
7670 10476 898313
7670 10476 898939
7670 10476 899597
7670 10476 900199
7670 10476 900998
7670 10476 901699
7670 10476 903227
7670 10476 905591
2616 10123 906736
7670 10476 907847
7670 10476 908630
3853 10656 929627
7670 10476 980407
9242 10748 996054
7138 10866 997981
2616 10123 998858
3585 10667 1018819
3585 10667 1019437
3002 10656 1032118
7670 10476 1057867
7670 10476 1058549
7670 10476 1059245
7670 10476 1059895
7670 10476 1060592
7670 10476 1076285
7670 10476 1077217
7138 10866 1078431
7670 10476 1079991
7670 10476 1081464
7395 10123 1121827
8118 10825 1164957
4986 10619 1177801
3002 10656 1201567
3002 10656 1206839
3002 10656 1214718
3002 10656 1219839
3002 10656 1268977
3002 10656 1279079
769 10647 1306047
717 10391 1316840
7670 10476 1319798
7670 10476 1320463
7670 10476 1324494
7670 10476 1325092
7670 10476 1325767
7670 10476 1326737
8118 10487 1329349
7670 10476 1331545
7670 10476 1332872
7670 10476 1333553
7670 10476 1334762
7670 10476 1339155
7670 10476 1343166
2616 10123 1344399
3002 10656 1345587
3002 10656 1361826
7395 10123 1373125
7670 10476 1407403
7670 10476 1412121
7670 10476 1417669
7670 10476 1418301
7670 10476 1419121
7670 10476 1420503
7670 10476 1421122
7670 10476 1421870
7670 10476 1428135
7670 10476 1430008
7670 10476 1432159
2616 10123 1432608
7670 10476 1498577
7670 10476 1507565
7670 10476 1510256
7670 10476 1511925
7670 10476 1514722
3002 10656 1525930
7902 10123 1532985
8118 10825 1540670
9561 10656 1547235
7395 10123 1549664
6679 10058 1569425
9561 10656 1571215
9561 10656 1578468
3002 10656 1579940
7670 10476 1583206
9561 10656 1583602
9744 10619 1588403
8262 10647 1589215
7670 10476 1591481
7670 10476 1592084
7670 10476 1594879
9561 10656 1610886
9561 10656 1619855
3002 10656 1619950
9561 10656 1629502
9561 10656 1629573
9561 10656 1629954
9561 10656 1630417
9561 10656 1630598
9561 10656 1634582
3002 10656 1643999
9561 10656 1644536
9561 10656 1649077
9561 10656 1656206
9561 10656 1659710
9561 10656 1662599
9561 10656 1665144
7670 10476 1667911
7670 10476 1668600
9561 10656 1670104
7670 10476 1677092
7670 10476 1677969
7670 10476 1679928
7670 10476 1681076
7670 10476 1682840
7670 10476 1684204
2616 10123 1691690
3002 10656 1699145
3002 10656 1705675
9561 10656 1706569
9561 10656 1718171
5212 10656 1726627
9561 10656 1727969
9561 10656 1732547
9561 10656 1735694
348 10487 1737197
9561 10656 1744421
9561 10656 1753805
7902 10123 1757366
7902 10123 1759952
9561 10656 1759978
7902 10123 1760000
4986 10619 1782100
2616 10123 1801820
9561 10656 1812005
9561 10656 1812404
9561 10656 1814685
9561 10656 1819916
9561 10656 1820392
9561 10656 1820861
9561 10656 1824929
409 10903 1833805
9561 10656 1836694
9561 10656 1837760
9561 10656 1838067
9561 10656 1849358
9561 10656 1849506
9561 10656 1851448
9561 10656 1858381
9561 10656 1863360
6446 10375 1872886
3002 10656 1875489
3002 10656 1886645
9561 10656 1886826
3002 10656 1887951
9561 10656 1891719
9561 10656 1893935
9561 10656 1902912
9561 10656 1913972
9561 10656 1917710
6649 10899 1919423
7670 10476 1943470
3002 10656 1943913
7670 10476 1944095
7670 10476 1946590
7670 10476 1950774
2616 10123 1950798
3002 10656 1952738
3002 10656 1961314
6676 10476 1974033
6446 10487 1974388
6676 10476 1976118
3515 10619 1993362
9888 10444 1996551
9561 10656 1997247
9561 10656 2001001
7670 10476 2009589
9561 10656 2009831
7670 10476 2010821
3515 10619 2036493
9561 10656 2045336
3709 10647 2048489
9561 10656 2048636
3709 10647 2049920
3709 10647 2050599
6628 10647 2059973
7570 10391 2088571
9561 10656 2092309
9561 10656 2092857
9561 10656 2093878
9561 10656 2094023
412 10899 2125474
4986 10619 2134407
8269 10391 2135785
7359 10890 2136935
3002 10656 2157070
928 10647 2192954
7670 10476 2205658
7670 10476 2206328
9561 10656 2225746
3002 10656 2246594
3002 10656 2259905
3002 10656 2264875
7670 10476 2270600
7670 10476 2271222
7670 10476 2272106
7670 10476 2272746
7670 10476 2273351
7670 10476 2274363
7670 10476 2274965
8118 10058 2277568
7670 10476 2292189
8118 10058 2298508
8118 10058 2298720
3002 10656 2382728
5212 10656 2384046
9976 10647 2385578
2616 10123 2386129
9976 10647 2387273
5315 10656 2418788
8118 10058 2421152
8118 10058 2421632
8118 10487 2422565
9976 10647 2453634
9976 10647 2453669
9976 10647 2460641
9976 10647 2472553
3002 10656 2480773
8269 10391 2492462
3002 10656 2493585
3002 10656 2494115
5212 10656 2494819
2616 10123 2555148
9976 10647 2561145
6714 10656 2583418
8269 10391 2592209
3002 10656 2593754
3002 10656 2605617
7670 10476 2613560
7670 10476 2614496
7670 10476 2615115
7670 10476 2616174
7670 10476 2617689
7670 10476 2618437
7670 10476 2620042
7670 10476 2620711
7670 10476 2621925
7670 10476 2627088
7670 10476 2627710
7670 10476 2628340
7670 10476 2628990
7670 10476 2629618
7670 10476 2630217
7670 10476 2631710
7670 10476 2632328
7670 10476 2633019
6628 10647 2635530
1704 10476 2638179
3002 10656 2654997
3002 10656 2657781
3002 10656 2661494
