238 10002 1530
604 10002 4804
606 10002 4813
604 10002 4850
604 10002 6028
871 10002 7702
970 10070 8993
871 10002 9979
604 10002 11612
101 10070 14892
1474 10002 16372
1558 10002 17837
1474 10002 18044
871 10002 18052
1558 10002 25891
2202 10002 31202
2261 10035 32759
1538 10035 33702
1538 10035 33787
2423 10002 36126
1558 10002 36395
1538 10035 39531
2577 10070 39550
101 10070 40163
238 10002 40416
2577 10070 41350
2838 10002 44946
2931 10002 46484
2423 10002 49616
238 10002 50704
238 10002 50714
3213 10002 51079
3232 10070 51398
3232 10070 52067
3273 10002 52121
3492 10002 55790
3273 10002 56488
2838 10002 56698
3492 10002 56822
2202 10002 57746
1474 10002 58036
101 10070 58087
2261 10035 62301
3273 10002 63548
606 10002 63581
4006 10002 64639
4006 10002 64827
238 10002 65333
4006 10002 65567
4101 10070 66558
4101 10070 67303
3492 10002 67482
2423 10002 67558
970 10070 68223
4199 10002 68463
4319 10070 71050
604 10002 72382
970 10070 72848
4006 10002 73814
2838 10002 74742
2838 10002 76017
4587 10070 78051
4587 10070 81067
1558 10002 81676
970 10070 81975
606 10002 82185
970 10070 83445
238 10002 83652
970 10070 90196
1558 10002 92482
606 10002 93123
5102 10002 96778
4587 10070 98465
101 10070 101292
3213 10002 103199
1558 10002 105083
5305 10002 108132
4587 10070 111713
1558 10002 112577
5305 10002 115612
238 10002 118962
1538 10035 119824
1538 10035 119946
1538 10035 120394
101 10846 124560
1558 10002 127020
2931 10002 131666
3213 10002 132521
238 10002 134365
2202 10002 134918
1538 10035 134934
1538 10035 135121
1538 10035 135153
1538 10035 135363
1538 10035 136194
2931 10002 137333
2261 10035 138357
2423 10002 138410
3213 10002 140043
606 10002 140894
238 10002 140934
5305 10002 141084
4319 10070 142201
2838 10002 142789
3213 10002 143500
2931 10002 143581
101 10070 144512
5102 10002 145134
970 10070 148630
238 10002 149377
1538 10035 150470
6245 10002 150925
6245 10002 151014
2838 10002 151210
6245 10002 152549
6245 10002 154768
2423 10002 157481
970 10070 160040
2577 10070 160378
4609 10070 161373
2838 10002 161421
4101 10070 161540
5102 10002 176689
606 10002 178113
1558 10002 178505
101 10070 187640
5305 10002 187664
1558 10002 191036
5305 10002 192472
2931 10002 198087
3232 10070 200823
1538 10035 203279
1538 10035 203376
1538 10035 203440
1558 10002 207776
238 10002 210890
4319 10070 213635
1538 10035 214435
1538 10035 214699
1558 10002 214999
1538 10035 215041
238 10002 216724
238 10002 217599
3213 10002 220863
1538 10035 222364
5305 10002 224217
5305 10002 224313
238 10002 225992
1538 10035 226596
7219 10002 227476
606 10002 227766
1538 10035 227815
3213 10002 228220
2202 10002 229010
101 10070 230872
5102 10002 230875
7219 10002 231461
2838 10002 231562
3232 10070 233828
1538 10035 234449
3213 10002 234861
4199 10002 236480
5305 10002 236656
2423 10002 236761
2423 10002 236767
2838 10002 237087
1538 10035 237422
1538 10035 237457
1538 10035 237554
1538 10035 237632
4006 10002 237869
5305 10002 238612
4319 10070 240749
3232 10070 241279
1538 10035 241519
4101 10070 241567
7219 10002 242046
2423 10002 245356
2261 10035 245362
2838 10002 246191
4319 10070 247498
2838 10002 247605
3273 10002 248638
2423 10002 250602
2261 10035 250996
1538 10035 251020
970 10070 251126
1538 10035 252746
7492 10002 254633
1538 10035 254974
970 10070 255214
1538 10035 255662
4319 10070 255736
2261 10035 256919
606 10002 257689
2261 10035 258146
1558 10002 264648
604 10002 270402
7219 10002 271379
101 10070 274025
5305 10002 274290
2261 10035 274429
5305 10002 280225
4587 10070 282750
1558 10002 290395
1538 10035 293963
238 10002 295219
7219 10002 298397
1538 10035 298969
101 10070 299330
1558 10002 302278
5305 10002 302416
2931 10002 303323
4587 10070 304148
1538 10035 304245
4587 10070 304276
4587 10070 304316
4587 10070 304358
2838 10002 305486
2931 10002 305731
604 10002 306661
3213 10002 309363
238 10002 311348
1538 10035 311766
238 10002 312051
4006 10002 312339
238 10002 312427
1558 10002 313545
3213 10002 313593
2838 10002 314412
7219 10002 316085
2423 10002 316153
606 10002 317231
101 10070 317347
3213 10002 319130
5305 10002 320251
2202 10002 320989
2202 10002 320998
2423 10002 324690
2423 10002 328226
2202 10002 330032
2931 10002 330129
2838 10002 331646
2261 10035 332582
2261 10035 332852
238 10002 336755
238 10002 336799
604 10002 341614
4101 10070 345449
101 10846 346307
5102 10002 346371
101 10846 346520
3273 10002 346813
3273 10002 349339
1558 10002 350937
606 10002 354280
5102 10002 355208
5305 10002 356334
7219 10002 357069
101 10070 360504
1558 10002 360819
1538 10035 365715
1538 10035 372590
1538 10035 372660
1538 10035 374500
1558 10002 375885
238 10002 375886
1558 10002 376945
238 10002 376980
2423 10002 378628
2931 10002 381639
1558 10002 383168
2931 10002 389178
1538 10035 389600
1538 10035 389669
1538 10035 391592
1538 10035 393020
3213 10002 393178
2838 10002 394635
2202 10002 395093
1538 10035 395303
4199 10002 396340
4199 10002 396451
7219 10002 396915
3213 10002 397378
606 10002 399116
8164 10002 399246
4101 10070 400180
101 10070 404072
8164 10002 404492
3213 10002 406162
8202 10002 408412
8202 10002 408479
8202 10002 408786
5305 10002 409390
2931 10002 409936
238 10002 412137
2261 10035 413249
1474 10002 413523
2838 10002 413635
8202 10002 414202
7219 10002 414283
5305 10002 415233
2423 10002 416546
2838 10002 417398
238 10002 417500
1538 10035 418437
1474 10002 418700
5102 10002 421545
2423 10002 422370
3273 10002 423416
3492 10002 424131
2202 10002 425826
238 10002 429573
4319 10070 433545
5102 10002 437875
2261 10035 438038
606 10002 439229
8218 10035 439618
1558 10002 441716
5305 10002 443699
101 10070 446923
1558 10002 458830
1558 10002 458862
2931 10002 459269
7219 10002 461055
2202 10002 463222
2423 10002 463482
238 10002 466823
238 10002 467276
2931 10002 467342
2202 10002 468277
2202 10002 468326
2202 10002 468395
3213 10002 468935
1538 10035 469321
4587 10070 469417
101 10070 472218
8164 10002 472639
7219 10002 473051
1558 10002 473283
3492 10002 473655
2838 10002 473700
238 10002 474954
3492 10002 475712
3213 10002 482215
8202 10002 482678
2931 10002 483296
3492 10002 483549
4319 10070 489375
101 10070 490151
3492 10002 490991
238 10002 491203
4006 10002 491241
3213 10002 493456
2423 10002 493625
7492 10002 494003
2838 10002 494191
2261 10035 494814
5102 10002 496058
4006 10002 496931
2261 10035 499992
3492 10002 502065
2931 10002 502529
8202 10002 503731
1538 10035 503749
2838 10002 508263
2423 10002 509801
8202 10002 510269
7219 10002 513988
2261 10035 519838
1538 10035 520228
2261 10035 520496
5102 10002 520506
2261 10035 521196
2931 10002 524010
1558 10002 524851
7219 10002 525835
3273 10002 527926
101 10070 533260
5305 10002 534219
2261 10035 536185
2261 10035 536793
2261 10035 537920
2261 10035 537970
4319 10070 542359
2261 10035 542412
3492 10002 543060
4319 10070 543344
2261 10035 543904
2577 10070 548147
2931 10002 551878
1558 10002 553226
3492 10002 554103
1558 10002 555498
4199 10002 556026
3213 10002 558469
2423 10002 558474
101 10070 558543
3492 10002 562693
5305 10002 562696
1538 10035 563578
3273 10002 565592
1538 10035 565893
7219 10002 567222
2423 10002 567594
2931 10002 570913
5305 10002 571825
1558 10002 572545
5305 10002 573623
3273 10002 573722
2838 10002 575676
101 10070 576426
7219 10002 577330
2577 10070 577361
3213 10002 578493
3213 10002 581504
5102 10002 582532
2838 10002 582826
2838 10002 582923
2838 10002 583638
2838 10002 584399
2261 10035 586911
2423 10002 587451
4006 10002 595195
1538 10035 596243
2838 10002 596438
604 10002 597134
4006 10002 597258
3232 10070 598082
2261 10035 599188
4006 10002 599545
1538 10035 601349
3492 10002 602395
3492 10002 602458
5102 10002 604991
1474 10002 609470
2931 10002 610476
1558 10002 612190
1474 10002 615625
5305 10002 616089
101 10070 619640
7219 10002 622565
2261 10035 623138
1558 10002 624756
2931 10002 628354
2423 10002 634514
3492 10002 635061
2577 10070 635419
3213 10002 636613
1558 10002 639554
3492 10002 640619
2838 10002 642548
2838 10002 643092
101 10070 644914
238 10002 652847
3213 10002 655080
4319 10070 656349
3492 10002 659040
238 10002 659043
4319 10070 659390
8164 10002 660893
7219 10002 662389
101 10070 662869
3213 10002 664042
1474 10002 664801
238 10002 664827
3273 10002 665433
2931 10002 666365
2838 10002 667670
3273 10002 668487
3232 10070 671205
3232 10070 672715
2931 10002 672744
1538 10035 672847
7219 10002 674258
3273 10002 676342
2838 10002 677930
4006 10002 679457
4006 10002 681109
3232 10070 683856
606 10002 684541
2838 10002 685791
1474 10002 687521
2261 10035 690040
1558 10002 698062
7219 10002 698900
606 10002 699095
2261 10035 704873
101 10070 706096
3492 10002 709219
2261 10035 709953
2261 10035 710938
2261 10035 711066
2261 10035 712211
2261 10035 712728
2261 10035 712764
2261 10035 713915
1558 10002 717561
2202 10002 724368
3213 10002 727499
1558 10002 728306
101 10846 729372
7219 10002 730713
1558 10002 732009
4587 10070 733643
4199 10002 733873
1538 10035 739746
2931 10002 739751
7219 10002 739990
5305 10002 741156
3213 10002 741165
4006 10002 741607
5305 10002 741683
1474 10002 743836
5305 10002 744317
6245 10002 745076
6245 10002 745157
6245 10002 745208
606 10002 745294
6245 10002 745296
6245 10002 746054
5305 10002 746528
6245 10002 747545
2838 10002 748426
4319 10070 748807
101 10070 749319
5102 10002 749716
3492 10002 750206
3492 10002 750484
6245 10002 750647
3213 10002 750810
604 10002 750815
604 10002 750870
2202 10002 751123
3492 10002 752260
1474 10002 753628
8164 10002 755456
2838 10002 755910
2838 10002 756033
4006 10002 756964
1538 10035 757834
1538 10035 757914
1538 10035 758145
5305 10002 758410
1538 10035 758844
7219 10002 760429
3492 10002 760495
1538 10035 761187
3492 10002 762870
3492 10002 763393
2838 10002 764165
5102 10002 766194
4006 10002 766642
3492 10002 766770
4006 10002 767666
606 10002 773452
3273 10002 773647
970 10070 775092
970 10070 776209
970 10070 778012
3273 10002 778864
7219 10002 781606
606 10002 786485
5102 10002 787692
606 10002 790791
3492 10002 790964
3492 10002 791137
101 10070 792452
4587 10070 797603
8218 10035 804391
5305 10002 805070
7219 10002 806512
5305 10002 807603
1558 10002 809702
3213 10002 810380
5305 10002 812795
3492 10002 815676
2202 10002 816209
1558 10002 817263
8164 10002 817836
1538 10035 822670
1558 10002 825995
7219 10002 826128
3213 10002 830213
4319 10070 830706
5305 10002 831587
606 10002 832463
3492 10002 832996
5305 10002 833290
2931 10002 834629
2838 10002 834995
6245 10002 835077
2202 10002 835133
3213 10002 835282
7492 10002 835448
101 10070 835649
604 10002 836537
7492 10002 836617
1474 10002 838133
4319 10070 838870
7492 10002 839280
1474 10002 846180
2838 10002 848205
2931 10002 848333
970 10070 848520
4006 10002 850181
7219 10002 851578
1474 10002 851987
4006 10002 852099
5102 10002 856947
3492 10002 859041
1538 10035 863972
1538 10035 864126
7492 10002 864740
7492 10002 865598
1538 10035 866825
5102 10002 868246
1558 10002 870616
606 10002 874239
7219 10002 876802
101 10070 878841
604 10002 883113
6245 10002 885031
7492 10002 885607
6245 10002 887288
1538 10035 888956
7492 10002 890090
5305 10002 892717
1474 10002 895679
1538 10035 899310
1538 10035 899364
2202 10002 901683
2931 10002 903154
101 10070 904132
3213 10002 906697
1538 10035 908120
3232 10070 908598
1558 10002 910589
1474 10002 911457
5305 10002 912241
3273 10002 913164
604 10002 914309
3213 10002 914554
3232 10070 916178
3232 10070 916219
3492 10002 917468
606 10002 917641
5305 10002 919015
2838 10002 919981
7219 10002 920121
3213 10002 921225
3492 10002 922071
101 10070 922083
7492 10002 922307
7492 10002 924951
7492 10002 925088
1474 10002 926796
5102 10002 926886
3492 10002 928514
2931 10002 929597
3492 10002 929695
7219 10002 933134
2838 10002 933299
970 10070 934750
4587 10070 936848
5102 10002 937730
2838 10002 938826
4006 10002 939581
4587 10070 941100
1474 10002 944027
3273 10002 945325
1474 10002 945468
1474 10002 945553
604 10002 947479
1538 10035 947640
3273 10002 947819
5305 10002 948188
7219 10002 949006
606 10002 949163
101 10846 951014
4319 10070 955022
3492 10002 962833
606 10002 964668
101 10070 965242
6245 10002 968067
6245 10002 968121
5305 10002 978522
3492 10002 980745
5305 10002 985820
3213 10002 986082
7219 10002 988252
5305 10002 990179
4609 10070 992263
2202 10002 994151
1538 10035 997760
7219 10002 1003104
3213 10002 1003540
2931 10002 1003825
1474 10002 1005134
1538 10035 1005908
606 10002 1008152
7219 10002 1008473
101 10070 1008492
7492 10002 1008895
2838 10002 1009024
4319 10070 1009045
7492 10002 1009806
1538 10035 1010260
1538 10035 1010290
1474 10002 1010359
7492 10002 1010711
2202 10002 1011220
1474 10002 1012553
3213 10002 1013474
7492 10002 1014035
2202 10002 1016275
604 10002 1016575
9307 10002 1017009
3273 10002 1018504
3232 10070 1019223
2838 10002 1023516
2931 10002 1024147
3232 10070 1024767
3273 10002 1024788
8164 10002 1025784
2838 10002 1026599
3232 10070 1027724
3492 10002 1028685
7219 10002 1028737
3232 10070 1031354
3232 10070 1032996
970 10070 1033464
970 10070 1035566
8164 10002 1036488
1538 10035 1037210
606 10002 1042852
1474 10002 1043423
604 10002 1046272
7219 10002 1049263
101 10070 1051734
606 10002 1051820
7219 10002 1063171
6245 10002 1065976
2931 10002 1065984
2931 10002 1075411
8164 10002 1076344
101 10070 1076989
2202 10002 1078210
3213 10002 1081131
4199 10002 1081312
7492 10002 1085094
2202 10002 1086544
1474 10002 1087249
3232 10070 1089239
5305 10002 1089592
4319 10070 1090095
1538 10035 1090607
1538 10035 1090627
1538 10035 1090678
4199 10002 1090833
604 10002 1091401
2838 10002 1091674
3213 10002 1091732
7492 10002 1092491
4319 10070 1092496
4199 10002 1092536
4199 10002 1092736
1538 10035 1092802
871 10002 1093021
1538 10035 1093050
7492 10002 1093374
4199 10002 1093682
7492 10002 1093968
606 10002 1094039
7219 10002 1094317
101 10070 1094930
2931 10002 1095417
4319 10070 1095565
7492 10002 1095768
3213 10002 1096260
4101 10070 1096446
8202 10002 1096980
1538 10035 1097419
1538 10035 1097504
4101 10070 1097739
4006 10002 1099041
2838 10002 1100949
2202 10002 1101339
7492 10002 1102455
5305 10002 1106917
1474 10002 1107502
8164 10002 1108210
2202 10002 1108998
2931 10002 1109005
7219 10002 1115602
2838 10002 1115955
3273 10002 1119728
5102 10002 1127916
606 10002 1134216
8437 10035 1135684
101 10070 1138061
871 10002 1138309
4319 10070 1138806
5305 10002 1139683
2931 10002 1150026
7219 10002 1156354
4199 10002 1157389
3232 10070 1162117
3213 10002 1162614
101 10070 1163343
3492 10002 1163854
4006 10002 1164306
8202 10002 1164502
8164 10002 1165603
3273 10002 1167246
3213 10002 1169337
2202 10002 1169694
1474 10002 1174584
3213 10002 1175970
7219 10002 1177979
1474 10002 1179385
8164 10002 1180500
101 10070 1181248
7219 10002 1181649
2838 10002 1182641
4199 10002 1182986
606 10002 1182989
2577 10070 1184396
2931 10002 1184935
2577 10070 1185969
4319 10070 1187405
7219 10002 1187999
2202 10002 1188729
4319 10070 1189693
871 10002 1190115
5305 10002 1190393
606 10002 1190797
1474 10002 1190917
2838 10002 1191853
5305 10002 1193460
5305 10002 1194480
4101 10070 1194880
871 10002 1196274
2577 10070 1197416
9482 10002 1201542
4319 10070 1202050
7219 10002 1202603
2838 10002 1204374
7219 10002 1207528
604 10002 1207609
5102 10002 1207717
3232 10070 1210198
7219 10002 1210768
9482 10002 1220042
101 10070 1224445
606 10002 1226178
5305 10002 1229930
9482 10002 1230057
2931 10002 1233348
8437 10035 1233714
5305 10002 1240049
2202 10002 1242046
5305 10002 1245034
5305 10002 1245105
3492 10002 1249211
101 10070 1249732
7219 10002 1250056
4101 10070 1251347
8164 10002 1254846
6245 10002 1257337
6245 10002 1257491
1538 10035 1259009
1474 10002 1259598
6245 10002 1260084
3213 10002 1263089
5102 10002 1263122
3273 10002 1263720
2838 10002 1264491
7219 10002 1264622
1474 10002 1265321
871 10002 1265751
9482 10002 1266928
101 10070 1267666
970 10070 1269416
3232 10070 1270591
606 10002 1271266
1474 10002 1272144
8164 10002 1272449
4101 10070 1272746
2202 10002 1273190
7219 10002 1273622
871 10002 1274665
4101 10070 1274717
8218 10035 1274839
2838 10002 1275941
5102 10002 1276788
4199 10002 1278130
2202 10002 1278155
2838 10002 1280542
4609 10070 1280929
3232 10070 1281148
2931 10002 1281238
4101 10070 1283655
7492 10002 1286350
3492 10002 1286632
7492 10002 1287376
2931 10002 1288283
3273 10002 1288754
871 10002 1290570
9482 10002 1292129
7492 10002 1292155
606 10002 1292469
8202 10002 1294100
8202 10002 1294372
8202 10002 1294738
8202 10002 1294870
2931 10002 1295140
8202 10002 1295234
970 10070 1296111
7492 10002 1296948
970 10070 1300367
5102 10002 1300381
970 10070 1301053
1538 10035 1301151
606 10002 1301749
7492 10002 1305213
7492 10002 1307003
3492 10002 1308798
101 10070 1310889
9482 10002 1311700
871 10002 1313567
9482 10002 1318850
9307 10002 1320725
5305 10002 1321882
2931 10002 1324817
8164 10002 1325101
3232 10070 1331056
9307 10002 1333248
2202 10002 1333747
101 10846 1334162
2202 10002 1334175
9307 10002 1335668
2202 10002 1335837
4609 10070 1337758
1558 10002 1338025
8164 10002 1339680
4199 10002 1340485
7219 10002 1340562
5305 10002 1345106
2931 10002 1346849
8202 10002 1347870
2202 10002 1349539
4101 10070 1349551
4101 10070 1349561
5305 10002 1349767
2838 10002 1349798
9307 10002 1350292
1558 10002 1350612
4101 10070 1351881
1474 10002 1352082
8164 10002 1352349
7219 10002 1352841
606 10002 1354061
101 10070 1354114
2202 10002 1356074
4319 10070 1356201
1558 10002 1357338
2838 10002 1358476
9307 10002 1358527
4101 10070 1359384
3213 10002 1359600
7219 10002 1360263
3492 10002 1361379
1558 10002 1361603
5102 10002 1361768
3273 10002 1363503
9307 10002 1365062
2931 10002 1365989
7219 10002 1367201
1538 10035 1367204
1474 10002 1367818
4101 10070 1368228
5102 10002 1369066
2423 10002 1369307
2838 10002 1369643
2423 10002 1369713
2931 10002 1370035
4101 10070 1371707
3273 10002 1371920
3232 10070 1372452
2423 10002 1373391
8202 10002 1373942
3273 10002 1374556
3492 10002 1375292
3492 10002 1377926
5305 10002 1380406
9482 10002 1381217
9482 10002 1382487
1474 10002 1385912
5102 10002 1386936
9482 10002 1389222
606 10002 1389667
9482 10002 1393610
1474 10002 1393826
1474 10002 1393865
1474 10002 1393919
4319 10070 1394485
1558 10002 1395580
101 10070 1397251
4199 10002 1400322
1538 10035 1402275
606 10002 1404576
2931 10002 1405717
9307 10002 1405928
1538 10035 1410034
5305 10002 1412151
2202 10002 1415545
2202 10002 1416248
6245 10002 1417888
5305 10002 1418978
2423 10002 1419211
1538 10035 1420735
1558 10002 1420879
9307 10002 1421007
8164 10002 1422739
3492 10002 1425441
2202 10002 1425598
7219 10002 1427651
7219 10002 1428982
2931 10002 1430208
3232 10070 1430554
3213 10002 1433830
8164 10002 1435132
3232 10070 1436337
3213 10002 1437653
3492 10002 1437700
2838 10002 1437853
1474 10002 1439213
2202 10002 1439442
2202 10002 1439691
8202 10002 1439930
7219 10002 1440047
606 10002 1440054
101 10070 1440455
9307 10002 1441275
871 10002 1441792
3213 10002 1441948
871 10002 1442288
2202 10002 1442990
2423 10002 1444720
871 10002 1445593
8164 10002 1445945
3492 10002 1446168
2931 10002 1447737
4101 10070 1451220
2838 10002 1451388
4101 10070 1454360
4006 10002 1455419
6245 10002 1455680
4006 10002 1455733
4101 10070 1456550
2423 10002 1457742
2838 10002 1459858
5102 10002 1460976
7219 10002 1466031
9482 10002 1471341
3273 10002 1471527
5102 10002 1473455
606 10002 1474919
1474 10002 1478866
1474 10002 1481818
101 10070 1483642
3492 10002 1485596
9307 10002 1493132
6245 10002 1495215
2931 10002 1496745
3492 10002 1499237
2931 10002 1499738
2202 10002 1499773
2423 10002 1500066
3492 10002 1500297
101 10070 1508915
3213 10002 1509019
7219 10002 1510237
1538 10035 1510493
1538 10035 1510587
2202 10002 1510592
9482 10002 1510951
1474 10002 1511721
2838 10002 1512098
8164 10002 1513274
4199 10002 1515695
1558 10002 1516348
9307 10002 1518684
1558 10002 1519387
606 10002 1521031
4101 10070 1521553
2931 10002 1522137
9307 10002 1522793
4101 10070 1523906
3213 10002 1524283
2838 10002 1524331
101 10070 1526894
8164 10002 1528424
2202 10002 1528458
3213 10002 1529560
7219 10002 1529823
1558 10002 1530338
5305 10002 1531914
7219 10002 1533597
238 10002 1533957
8164 10002 1534296
4101 10070 1536021
4319 10070 1536678
5102 10002 1538137
9482 10002 1538443
3492 10002 1540478
8202 10002 1540492
2931 10002 1541434
2423 10002 1541532
1538 10035 1542078
1538 10035 1542152
9482 10002 1543878
1538 10035 1543918
2838 10002 1544266
3273 10002 1545128
4101 10070 1545270
2423 10002 1546151
1538 10035 1548544
9482 10002 1551996
1538 10035 1552795
606 10002 1554215
101 10846 1555828
1474 10002 1555860
871 10002 1556497
3273 10002 1557107
9482 10002 1557268
871 10002 1557424
5102 10002 1558360
3492 10002 1558385
3492 10002 1559774
871 10002 1559848
1474 10002 1565339
871 10002 1566703
9482 10002 1569585
101 10070 1570038
606 10002 1574451
2931 10002 1575299
9307 10002 1580395
1558 10002 1580549
9307 10002 1580874
5305 10002 1580961
1558 10002 1588297
7219 10002 1588334
2423 10002 1591687
2202 10002 1594338
8437 10035 1594449
2202 10002 1596222
1538 10035 1596289
1474 10002 1598569
1558 10002 1600513
2202 10002 1601165
9307 10002 1601400
8202 10002 1602943
3213 10002 1603938
4199 10002 1605829
8164 10002 1607208
4199 10002 1607542
7219 10002 1608264
1538 10035 1608358
3213 10002 1608641
9482 10002 1609053
2838 10002 1609746
7492 10002 1609854
7492 10002 1610983
8164 10002 1611198
4199 10002 1611635
871 10002 1611765
5102 10002 1612017
4199 10002 1612564
101 10070 1613282
606 10002 1613299
4101 10070 1613366
2931 10002 1614872
2202 10002 1616149
2423 10002 1617391
2931 10002 1617416
4101 10070 1618604
3213 10002 1618614
4101 10070 1618877
8164 10002 1620971
3492 10002 1621371
4006 10002 1621774
871 10002 1622195
871 10002 1622262
4006 10002 1622660
4006 10002 1628004
9307 10002 1628087
7219 10002 1628147
2423 10002 1628309
4101 10070 1628462
2931 10002 1628762
8202 10002 1630450
3492 10002 1631078
5102 10002 1631367
2838 10002 1631895
2838 10002 1635464
7219 10002 1637774
5102 10002 1640614
9482 10002 1642211
7492 10002 1646177
606 10002 1647567
871 10002 1648024
1558 10002 1648326
871 10002 1650396
871 10002 1651366
7492 10002 1655697
101 10070 1656554
9482 10002 1657746
1558 10002 1658014
3492 10002 1664157
3492 10002 1668024
1558 10002 1668195
3492 10002 1670832
2202 10002 1672205
1538 10035 1673465
2931 10002 1673710
7219 10002 1674653
2423 10002 1676254
3492 10002 1677788
3492 10002 1678357
1538 10035 1678992
3492 10002 1679363
9307 10002 1679402
8202 10002 1680975
6245 10002 1681177
8164 10002 1681274
101 10070 1681803
1538 10035 1685221
3213 10002 1685438
4199 10002 1685798
4006 10002 1691585
2202 10002 1691687
3213 10002 1694172
1558 10002 1694770
5102 10002 1695553
7219 10002 1695781
9307 10002 1697912
2838 10002 1698252
4199 10002 1698395
101 10070 1699757
3492 10002 1700434
3213 10002 1703951
4101 10070 1704141
2931 10002 1705187
871 10002 1705923
2931 10002 1708471
7219 10002 1709316
2423 10002 1711926
2838 10002 1712350
8164 10002 1713660
2838 10002 1714989
4319 10070 1715443
8164 10002 1716893
2838 10002 1718094
4101 10070 1720832
3273 10002 1720861
3273 10002 1727639
5102 10002 1730310
3492 10002 1732431
7219 10002 1733246
1558 10002 1736891
3273 10002 1739583
606 10002 1741311
101 10070 1742858
4319 10070 1743503
9482 10002 1745896
4199 10002 1754887
970 10070 1757355
970 10070 1758305
970 10070 1758961
1558 10002 1765492
1558 10002 1766809
2423 10002 1766841
101 10070 1768125
2202 10002 1768689
8164 10002 1768966
4199 10002 1768998
3213 10002 1769418
6245 10002 1770997
3213 10002 1771103
3492 10002 1773045
3213 10002 1773301
4101 10070 1773376
3492 10002 1774170
3492 10002 1778470
8164 10002 1778939
7219 10002 1780028
871 10002 1781455
3213 10002 1782494
2423 10002 1782833
2838 10002 1783016
1558 10002 1783124
4199 10002 1784439
606 10002 1785570
101 10070 1786052
2931 10002 1786374
9482 10002 1787546
3273 10002 1788082
2202 10002 1789249
7219 10002 1789489
2423 10002 1790444
3213 10002 1792612
2838 10002 1793132
3273 10002 1793925
5102 10002 1796772
8164 10002 1797200
9307 10002 1799002
7219 10002 1799553
7219 10002 1800230
9307 10002 1802228
2838 10002 1804457
9307 10002 1804973
9307 10002 1808689
9482 10002 1812049
5102 10002 1814352
1538 10035 1820037
7219 10002 1820489
4587 10070 1821737
606 10002 1824367
9482 10002 1826577
101 10070 1829242
6245 10002 1836044
3492 10002 1838236
4199 10002 1840447
3492 10002 1844109
2931 10002 1847306
3492 10002 1848171
2202 10002 1848935
4587 10070 1849735
2423 10002 1850220
101 10070 1854506
7219 10002 1854971
9307 10002 1855622
8202 10002 1856268
8202 10002 1857547
2423 10002 1858653
4199 10002 1858962
8164 10002 1860326
1558 10002 1861049
3232 10070 1862002
2931 10002 1862364
3273 10002 1862917
4199 10002 1863176
3213 10002 1866146
8164 10002 1866511
8202 10002 1866844
4199 10002 1867004
4101 10070 1867028
7219 10002 1867046
8202 10002 1867551
7219 10002 1867664
9307 10002 1868085
8202 10002 1868621
2202 10002 1868889
4199 10002 1869725
1558 10002 1871274
2838 10002 1871576
3273 10002 1871601
101 10070 1872469
3213 10002 1872607
3213 10002 1874609
8202 10002 1875294
1538 10035 1876574
8164 10002 1877228
7219 10002 1879379
2423 10002 1880623
4006 10002 1881403
2838 10002 1881542
606 10002 1882837
4199 10002 1883265
4199 10002 1883291
4587 10070 1888887
4587 10070 1889307
2838 10002 1889374
9482 10002 1889772
4006 10002 1889946
5102 10002 1890193
4006 10002 1891393
9482 10002 1893899
9307 10002 1894005
8218 10035 1895082
606 10002 1905557
5102 10002 1906495
5102 10002 1907437
970 10070 1910473
9482 10002 1911713
4319 10070 1912020
1558 10002 1913828
101 10070 1915687
8218 10035 1918420
3492 10002 1918482
1538 10035 1920790
1558 10002 1923056
238 10002 1928995
7219 10002 1934807
1558 10002 1935880
2423 10002 1936732
3213 10002 1938068
101 10846 1938965
7219 10002 1942665
238 10002 1946259
8202 10002 1947979
2202 10002 1950529
3492 10002 1950805
3213 10002 1951262
4319 10070 1952500
5102 10002 1952926
8164 10002 1952927
4609 10070 1953740
2423 10002 1953806
606 10002 1954299
4199 10002 1955268
4199 10002 1955283
5102 10002 1955730
3213 10002 1956321
2838 10002 1958744
101 10070 1958942
4101 10070 1959268
6258 10002 1961355
6258 10002 1963060
6258 10002 1963805
6258 10002 1964678
8164 10002 1964858
4199 10002 1965267
7219 10002 1966062
2838 10002 1966394
2202 10002 1966400
238 10002 1966753
4199 10002 1969186
4609 10070 1972297
2838 10002 1975541
3492 10002 1975709
3492 10002 1977184
2931 10002 1977464
2423 10002 1978756
4587 10070 1980279
4587 10070 1980316
606 10002 1980747
9482 10002 1982177
5102 10002 1986383
9482 10002 1990284
3492 10002 1992989
3492 10002 1994355
3492 10002 1995349
1558 10002 1995372
606 10002 1997895
606 10002 1999215
4319 10070 2000509
101 10070 2002052
7219 10002 2013317
7219 10002 2013318
9482 10002 2013867
5305 10002 2015493
1558 10002 2016484
238 10002 2024818
2423 10002 2024821
3213 10002 2025195
7492 10002 2025248
7492 10002 2027815
1558 10002 2030942
2423 10002 2034047
1538 10035 2034504
238 10002 2035481
3213 10002 2036346
238 10002 2036592
7219 10002 2036794
4319 10070 2039032
8202 10002 2039148
4199 10002 2039909
5102 10002 2040058
4199 10002 2041371
3213 10002 2042645
2838 10002 2043673
8164 10002 2043766
101 10070 2045241
7492 10002 2046143
2931 10002 2047014
604 10002 2047803
8164 10002 2049547
4006 10002 2050043
2202 10002 2052656
2423 10002 2053085
2838 10002 2053726
3273 10002 2054158
2931 10002 2055155
4006 10002 2056686
5102 10002 2057225
4006 10002 2060257
2931 10002 2061222
8202 10002 2061960
2202 10002 2062632
2838 10002 2066186
9482 10002 2066728
9307 10002 2067835
4587 10070 2068001
1538 10035 2068613
3492 10002 2069466
238 10002 2071584
3492 10002 2078141
3492 10002 2079095
606 10002 2079370
1558 10002 2085849
3492 10002 2086597
101 10070 2088450
9482 10002 2089128
7492 10002 2090651
4199 10002 2091911
7492 10002 2093487
3213 10002 2097624
7492 10002 2097762
9307 10002 2098821
7219 10002 2099977
4199 10002 2100564
8202 10002 2100659
1558 10002 2103305
9307 10002 2105411
5305 10002 2106130
9307 10002 2106590
238 10002 2109081
2423 10002 2112880
101 10070 2113737
6245 10002 2115010
604 10002 2120607
238 10002 2121058
5305 10002 2122715
3213 10002 2122743
5305 10002 2123101
2423 10002 2123147
7219 10002 2124861
3062 10035 2124987
2202 10002 2126298
4199 10002 2126335
6245 10002 2126914
8164 10002 2127895
2838 10002 2128693
6245 10002 2130809
3213 10002 2130814
606 10002 2130862
1558 10002 2130925
2202 10002 2131536
101 10070 2131672
2931 10002 2135010
4199 10002 2137234
2838 10002 2140459
8218 10035 2142186
8218 10035 2142509
8202 10002 2142542
8218 10035 2142776
3232 10070 2143058
3273 10002 2144185
4609 10070 2144346
1538 10035 2146599
2423 10002 2146613
4587 10070 2146669
7492 10002 2147605
4006 10002 2149257
2838 10002 2150177
7219 10002 2150566
4587 10070 2150767
4006 10002 2152633
871 10002 2159796
101 10846 2160615
606 10002 2161796
7492 10002 2163947
1558 10002 2166971
9482 10002 2171409
604 10002 2172284
101 10070 2174837
7492 10002 2175842
6245 10002 2177546
3492 10002 2180986
3492 10002 2182926
7219 10002 2186534
2931 10002 2186871
4199 10002 2187502
5305 10002 2188496
6245 10002 2191159
6245 10002 2191238
1558 10002 2192729
7492 10002 2195753
9307 10002 2197256
2202 10002 2197724
9307 10002 2198249
8202 10002 2199968
1538 10035 2200164
238 10002 2200544
2423 10002 2201034
2931 10002 2201244
1538 10035 2202043
6245 10002 2202774
4199 10002 2203136
4319 10070 2204197
1558 10002 2205127
3213 10002 2205269
1538 10035 2205881
2838 10002 2206183
2838 10002 2206246
4199 10002 2206432
238 10002 2206983
1538 10035 2209195
604 10002 2210178
4199 10002 2210672
2931 10002 2211036
8202 10002 2211098
2202 10002 2213155
2838 10002 2216374
2423 10002 2216629
2423 10002 2216637
101 10070 2218071
9482 10002 2218868
2931 10002 2219066
7219 10002 2219664
3213 10002 2221284
7219 10002 2221471
6245 10002 2221895
4006 10002 2223476
3492 10002 2225346
3492 10002 2225361
3232 10070 2225675
5102 10002 2226613
3273 10002 2228462
604 10002 2232625
3273 10002 2232641
2423 10002 2233113
4587 10070 2233658
4006 10002 2234618
5102 10002 2237140
2838 10002 2238933
3273 10002 2239620
7219 10002 2245511
1558 10002 2249114
604 10002 2250501
4319 10070 2256867
9482 10002 2258522
1558 10002 2260250
101 10070 2261320
6245 10002 2266863
606 10002 2267610
4199 10002 2273550
7492 10002 2273877
5305 10002 2277582
2931 10002 2278195
7219 10002 2281408
7492 10002 2281661
2202 10002 2282310
2423 10002 2284689
7492 10002 2285839
101 10070 2286571
1558 10002 2289057
238 10002 2289563
1558 10002 2289588
8202 10002 2290693
8202 10002 2290749
4587 10070 2292841
8202 10002 2292972
1538 10035 2293845
2931 10002 2296461
2423 10002 2296801
5102 10002 2297194
2202 10002 2297779
5102 10002 2297938
3213 10002 2297957
5102 10002 2298447
604 10002 2298524
604 10002 2298543
5102 10002 2299816
7492 10002 2301669
3213 10002 2302537
101 10070 2304540
7219 10002 2305693
4199 10002 2306290
8218 10035 2307530
4101 10070 2307804
2202 10002 2309077
2931 10002 2309517
4006 10002 2309816
871 10002 2311393
4006 10002 2316568
2931 10002 2318243
3273 10002 2318576
4006 10002 2320576
4006 10002 2321502
2423 10002 2322231
4199 10002 2322419
3273 10002 2325874
7219 10002 2328350
3492 10002 2333000
2931 10002 2334412
6258 10002 2337002
6258 10002 2337401
6258 10002 2337576
3273 10002 2340489
9482 10002 2342387
871 10002 2342569
871 10002 2344058
871 10002 2344863
1558 10002 2345339
101 10070 2347666
6258 10002 2349717
1538 10035 2350767
6245 10002 2356138
871 10002 2356537
7492 10002 2356898
871 10002 2357000
871 10002 2357933
6258 10002 2358964
4587 10070 2359720
6258 10002 2360818
6245 10002 2361111
2931 10002 2362646
7492 10002 2363583
2202 10002 2365049
7492 10002 2366225
6258 10002 2367785
6258 10002 2367949
6258 10002 2368060
3213 10002 2369388
4587 10070 2370304
2423 10002 2371653
101 10070 2372938
1558 10002 2373943
3273 10002 2379857
2202 10002 2379935
1558 10002 2381153
3213 10002 2381508
3273 10002 2386399
3273 10002 2388093
4587 10070 2389114
9307 10002 2389327
1558 10002 2390577
101 10070 2390831
2931 10002 2390868
9482 10002 2392748
2423 10002 2393029
4199 10002 2394142
2838 10002 2398146
5102 10002 2398417
2423 10002 2402384
7492 10002 2402508
7492 10002 2403751
2838 10002 2405862
2838 10002 2412041
9482 10002 2412365
5102 10002 2414556
970 10070 2415701
3492 10002 2415909
4006 10002 2416289
2931 10002 2424097
1558 10002 2426697
9482 10002 2426780
970 10070 2427034
1558 10002 2433591
101 10070 2434044
7492 10002 2440343
3213 10002 2448487
7492 10002 2448848
6245 10002 2449466
6245 10002 2449597
7492 10002 2450055
1558 10002 2451366
970 10070 2452960
6245 10002 2455632
1558 10002 2456705
2931 10002 2456836
2423 10002 2458671
2931 10002 2458797
101 10070 2459304
2202 10002 2459472
1558 10002 2463073
3213 10002 2463412
2931 10002 2465257
7492 10002 2468898
3273 10002 2469376
2423 10002 2470145
9307 10002 2470846
2838 10002 2473314
3213 10002 2473890
6245 10002 2474986
101 10070 2477266
9307 10002 2480825
2838 10002 2482339
4006 10002 2484499
4006 10002 2485864
970 10070 2487559
3273 10002 2487906
9482 10002 2488914
9307 10002 2491246
8766 10070 2491278
6258 10002 2494025
2838 10002 2495299
5102 10002 2496773
4587 10070 2497643
9307 10002 2498814
2423 10002 2498972
3232 10070 2499754
5102 10002 2501813
8218 10035 2504312
5102 10002 2504600
8218 10035 2509125
7492 10002 2510013
3492 10002 2512506
9482 10002 2513188
4006 10002 2513644
604 10002 2518701
970 10070 2519434
3492 10002 2520030
101 10070 2520480
6258 10002 2521315
3492 10002 2525732
970 10070 2527088
1558 10002 2529189
9307 10002 2529693
2931 10002 2534864
2423 10002 2538111
3213 10002 2540867
3232 10070 2541917
101 10846 2543764
9307 10002 2546158
2838 10002 2546693
7492 10002 2547447
1558 10002 2547761
6245 10002 2550141
2931 10002 2552715
2838 10002 2556910
6258 10002 2558255
5102 10002 2559984
3213 10002 2562161
4609 10070 2563124
1558 10002 2563204
7492 10002 2563314
101 10070 2563744
3213 10002 2564857
2931 10002 2565622
2202 10002 2567323
9482 10002 2568994
2423 10002 2571162
2202 10002 2571635
6258 10002 2574459
5102 10002 2575635
5102 10002 2577009
7492 10002 2577518
2423 10002 2579797
6258 10002 2580265
6258 10002 2580378
4101 10070 2580981
2838 10002 2581317
9307 10002 2582764
2577 10070 2585480
3492 10002 2586510
604 10002 2587038
3492 10002 2591285
3492 10002 2592039
1558 10002 2597843
1558 10002 2602655
101 10070 2606846
3213 10002 2616002
7492 10002 2617699
9307 10002 2617919
1558 10002 2621839
7492 10002 2624606
7492 10002 2624685
2202 10002 2627388
3232 10070 2627457
2423 10002 2628044
4101 10070 2629183
3492 10002 2633036
7492 10002 2633191
9307 10002 2634014
6245 10002 2636733
2838 10002 2637318
1538 10035 2639695
6258 10002 2644896
3213 10002 2645486
2202 10002 2647048
101 10070 2650050
3213 10002 2650151
7492 10002 2650210
2838 10002 2651022
2423 10002 2654710
604 10002 2654990
2838 10002 2656033
3492 10002 2664238
2202 10002 2665500
9307 10002 2665814
9307 10002 2665978
2931 10002 2667259
2423 10002 2667374
7492 10002 2667950
3492 10002 2670071
3492 10002 2672381
5102 10002 2673192
2931 10002 2673729
3492 10002 2674574
3273 10002 2674811
2931 10002 2676675
3492 10002 2677528
