45 10028 240
45 10028 2927
45 10028 2947
423 10089 3161
423 10089 20803
45 10028 34394
45 10028 34595
2351 10028 34681
45 10028 37648
45 10028 38896
2351 10028 41041
2351 10028 41101
2351 10028 41749
2351 10028 41801
45 10028 43177
45 10028 44003
2351 10028 47503
2351 10028 47540
3021 10641 47827
3148 10176 49916
45 10028 50698
45 10028 53296
45 10028 53309
2351 10028 53859
2351 10028 55056
3021 10641 57921
45 10028 62317
45 10028 62334
45 10028 62793
3021 10223 88011
6224 10519 149762
45 10028 152374
45 10028 152625
423 10089 169213
423 10089 178704
423 10089 181267
7265 10089 231586
7265 10089 231636
7265 10089 231709
7265 10089 231776
7265 10089 231847
7265 10089 231883
850 10176 258710
423 10089 276105
423 10089 289371
2785 10176 303452
7265 10089 311654
7265 10089 311702
7265 10089 311747
7265 10089 311908
7265 10089 312089
7265 10089 333316
423 10089 340949
423 10089 359069
6224 10176 364383
623 10425 395515
7265 10089 400073
7265 10089 400213
7265 10089 400303
7265 10089 400389
423 10089 407025
45 10028 411028
423 10089 418171
45 10028 426407
45 10028 426628
423 10089 434644
423 10089 463628
45 10028 486080
6224 10519 508638
6224 10519 509220
1526 10176 510433
1526 10176 510623
7265 10089 532657
45 10028 581496
45 10028 581518
45 10028 581541
45 10028 599328
7265 10089 600055
7265 10089 600368
7265 10089 600420
850 10176 651415
3021 10641 662652
45 10028 667466
45 10028 667623
7265 10089 693205
423 10089 722714
7972 10089 729451
6982 10028 730454
6982 10028 731097
6982 10028 741753
6982 10028 743002
3021 10641 748075
2351 10028 755618
2351 10028 755669
2351 10028 755714
2351 10028 755808
2351 10028 755850
7265 10089 759072
7265 10089 759191
7265 10089 759304
423 10089 787933
6224 10519 794818
6224 10519 802948
850 10176 820892
850 10176 820977
6982 10028 827269
6982 10028 827548
6982 10028 827896
6982 10028 832344
3021 10028 840946
3021 10028 840965
3021 10028 840991
3021 10028 841014
3021 10028 841032
7265 10089 849093
7265 10089 849135
7265 10089 849166
6982 10028 861640
6224 10519 882602
6224 10519 886302
423 10089 888866
6982 10028 902099
7972 10176 902576
6982 10028 914684
7265 10089 922394
7265 10089 922422
7265 10089 922495
1526 10176 938440
45 10028 941907
1526 10176 964603
423 10089 967575
423 10089 968101
423 10089 975003
2799 10028 992191
2799 10028 992827
7265 10089 1000754
2799 10028 1001479
7265 10089 1009463
7265 10089 1009490
45 10028 1016945
2799 10028 1021822
3021 10641 1024378
423 10089 1028580
423 10089 1048443
6224 10176 1052814
6224 10519 1054356
6982 10028 1065399
6982 10028 1074862
6982 10028 1074977
6982 10028 1085916
6982 10028 1086469
6155 10691 1089750
3021 10028 1095050
45 10028 1098488
45 10028 1098839
45 10028 1098953
45 10028 1099039
7265 10089 1099238
2351 10028 1101844
6982 10028 1144231
6982 10028 1152116
45 10028 1159090
45 10028 1159857
6982 10028 1161040
3021 10028 1165876
3021 10028 1165933
3021 10028 1165998
3021 10028 1166026
3021 10028 1166051
3021 10028 1166078
6982 10028 1166347
3021 10028 1168074
3021 10028 1168095
3021 10028 1168112
3021 10028 1168130
3021 10028 1168159
3021 10028 1168220
6224 10176 1169753
3021 10028 1170087
45 10028 1171824
3021 10028 1174215
45 10028 1177653
45 10028 1177790
45 10028 1178315
6982 10028 1178435
7265 10089 1181800
3021 10028 1182057
3021 10028 1182297
3021 10028 1182318
3021 10028 1182392
3021 10028 1182409
3021 10028 1182424
3021 10028 1182450
3021 10028 1184683
45 10028 1184836
45 10028 1185075
2799 10028 1185295
7265 10089 1187555
7265 10089 1188610
7265 10089 1188632
2799 10028 1189894
423 10089 1232358
6982 10028 1234113
45 10028 1243359
45 10028 1243462
2799 10028 1244509
45 10028 1248803
6982 10028 1250109
2799 10028 1251036
2799 10028 1251236
6155 10691 1252125
2799 10028 1252863
2799 10028 1252982
2799 10028 1253047
2799 10028 1253075
2799 10028 1253116
45 10028 1253619
2799 10028 1258430
6982 10028 1258977
45 10028 1259475
2799 10028 1260311
45 10028 1261842
3021 10641 1264527
3021 10641 1264572
2799 10028 1267445
2799 10028 1267649
8936 10176 1268314
8936 10176 1270173
8936 10176 1270986
8936 10176 1272914
8936 10176 1273730
2799 10028 1274120
45 10028 1274171
2799 10028 1274230
45 10028 1274314
8936 10328 1274372
8936 10176 1275016
3021 10028 1275791
8369 10176 1276834
7265 10089 1276841
7265 10089 1276925
7265 10089 1277019
7265 10089 1277206
45 10028 1280091
45 10028 1289785
423 10089 1292541
2799 10028 1294260
8936 10176 1306522
2045 10438 1319513
2045 10176 1320124
45 10028 1345693
7265 10089 1352144
7265 10089 1352207
7265 10089 1352232
7265 10089 1352272
7265 10089 1352328
2799 10028 1355276
2799 10028 1355292
2799 10028 1355303
45 10028 1356780
45 10028 1357088
45 10028 1358394
45 10028 1359097
45 10028 1359155
45 10028 1359235
6155 10691 1364139
3021 10641 1371999
8369 10176 1376158
7265 10089 1379376
423 10089 1416262
9484 10176 1429881
8987 10176 1430510
6224 10519 1431115
6982 10028 1432333
6982 10028 1432634
6224 10519 1433024
6224 10519 1433652
7265 10089 1440405
7265 10089 1440528
7265 10089 1440613
7265 10089 1440629
6982 10028 1445255
6982 10028 1445299
6982 10028 1445374
6982 10028 1445448
6982 10028 1445513
6982 10028 1445565
6982 10028 1445634
2799 10028 1445749
3021 10028 1445808
3021 10028 1445918
3021 10028 1445978
3021 10028 1446036
6155 10691 1463291
2799 10223 1465176
423 10089 1483797
1783 10176 1488618
7972 10176 1505314
6982 10028 1507629
6224 10519 1513271
6224 10519 1514492
6982 10028 1521694
1526 10176 1526663
3021 10028 1531505
3021 10028 1531534
3021 10028 1531564
3021 10028 1531583
6982 10028 1531603
3021 10028 1531606
3021 10028 1531623
6982 10028 1531624
3021 10028 1531647
6982 10028 1531655
6982 10028 1531672
6982 10028 1531692
6982 10028 1531708
6982 10028 1531739
7265 10089 1531994
7265 10089 1532019
7265 10089 1532059
9533 10176 1567046
423 10089 1568534
6155 10691 1595299
6224 10176 1604265
6224 10519 1604279
6982 10028 1604648
2351 10028 1611556
2351 10028 1611603
2351 10028 1611798
2351 10028 1612068
2351 10028 1612128
2351 10028 1612173
2351 10028 1612214
2351 10028 1612245
45 10028 1618938
45 10028 1619012
2351 10028 1619065
2351 10028 1619098
2351 10028 1619222
2351 10028 1619263
2351 10028 1619305
2351 10028 1619344
6224 10519 1620111
6155 10691 1621825
6155 10691 1638364
423 10089 1656701
423 10089 1671022
6155 10691 1676082
5363 10438 1686215
45 10028 1698605
45 10028 1698948
45 10028 1699159
45 10028 1702815
45 10028 1703949
2351 10028 1704903
2351 10028 1705105
2799 10028 1705189
2351 10028 1706240
3851 10691 1712814
5363 10176 1716530
423 10089 1722281
6224 10519 1739512
2351 10028 1763609
2799 10028 1764198
2799 10028 1764214
2799 10028 1764229
2351 10028 1771554
2351 10028 1771619
2351 10028 1771710
2351 10028 1773394
2785 10176 1776379
2351 10028 1779037
45 10028 1779350
45 10028 1779417
45 10028 1780660
9667 10028 1782309
496 10176 1782407
9667 10028 1782921
7265 10089 1785653
7265 10089 1785709
7265 10089 1787063
7265 10089 1787147
2799 10028 1787290
2799 10028 1787304
2799 10028 1787317
2799 10028 1787329
2799 10028 1787342
2799 10028 1787351
423 10089 1800697
423 10089 1815071
6224 10519 1826293
6224 10519 1826584
6224 10519 1828541
2351 10028 1848815
2351 10028 1849144
2799 10028 1850361
2799 10028 1853612
2351 10028 1854128
2351 10028 1855879
2351 10028 1855918
2351 10028 1855961
2351 10028 1856007
2351 10028 1859765
2351 10028 1861973
9667 10028 1865526
7265 10089 1870150
7265 10089 1871316
7265 10089 1871362
3021 10641 1871605
3021 10641 1871607
7265 10089 1871917
3021 10641 1875568
423 10089 1900359
2351 10028 1959980
2351 10028 1960010
2351 10028 1963038
2351 10028 1963073
2351 10028 1963111
2351 10028 1963143
7265 10089 1980583
7265 10089 1980621
7265 10089 1980694
423 10089 1986567
6224 10519 2000842
6224 10519 2001847
6224 10519 2002223
423 10089 2011146
423 10089 2012582
9667 10028 2038868
7265 10089 2039564
7265 10089 2039602
7265 10089 2039720
7265 10089 2039840
45 10028 2041575
45 10028 2041683
9667 10028 2042035
2799 10028 2043238
2799 10028 2043439
2351 10028 2049548
2351 10028 2049615
2351 10028 2050315
2799 10028 2050789
2799 10028 2050813
3021 10028 2054722
45 10028 2127990
45 10028 2128007
45 10028 2128229
2799 10028 2128676
2351 10028 2130841
9667 10028 2132602
2351 10028 2136063
2351 10028 2136111
7265 10089 2136273
2351 10028 2136290
7265 10089 2136379
7265 10089 2136410
2799 10028 2137824
2799 10028 2137834
2799 10028 2137844
2799 10028 2137855
2799 10028 2137867
2799 10028 2137875
423 10089 2156727
6155 10691 2196995
6155 10691 2197186
6155 10691 2197704
7265 10089 2218548
7265 10089 2218602
7265 10089 2218898
7265 10089 2219028
7265 10089 2219259
1783 10176 2222394
1783 10176 2224127
45 10028 2224917
6155 10691 2239663
9667 10028 2274912
423 10089 2276468
7265 10089 2297894
7265 10089 2297945
7265 10089 2297992
7265 10089 2298059
7265 10089 2298170
2351 10028 2306241
2351 10028 2307377
2351 10028 2308596
8537 10176 2309383
423 10089 2334086
423 10089 2358919
9667 10028 2361165
9667 10028 2361619
3021 10028 2367214
9667 10028 2367628
9667 10028 2367710
9667 10028 2367821
9667 10028 2368986
9667 10028 2369681
2351 10028 2377070
2351 10028 2377106
2351 10028 2377212
2351 10028 2377255
9667 10028 2378747
2351 10028 2380856
9667 10028 2381831
2351 10028 2387584
2351 10028 2387612
9667 10028 2387903
2351 10028 2393220
2351 10028 2393262
2351 10028 2393307
2351 10028 2393348
2351 10028 2393387
7265 10089 2394679
7265 10089 2394722
7265 10089 2394778
2351 10028 2395039
2351 10028 2395085
2351 10028 2395194
1526 10176 2406336
3962 10483 2422077
6224 10519 2424495
6224 10176 2425517
6224 10519 2425569
5418 10176 2427697
423 10089 2436552
9667 10028 2441202
9667 10028 2442982
423 10089 2449885
2351 10028 2454712
2351 10028 2455360
2351 10028 2455453
2351 10028 2462337
9667 10028 2462387
2351 10028 2462668
2351 10028 2462682
2351 10028 2464253
2351 10028 2464299
2351 10028 2464334
2351 10028 2464372
2351 10028 2464402
2351 10028 2464459
45 10028 2464493
45 10028 2466560
2799 10028 2468024
2351 10028 2468552
2351 10028 2470676
2351 10028 2470722
9667 10028 2471274
2351 10028 2471283
45 10028 2471710
7265 10089 2472188
7265 10089 2472303
7265 10089 2472358
2351 10028 2475525
2351 10028 2476867
2351 10028 2476948
2351 10028 2482905
2351 10028 2483033
423 10089 2485071
423 10089 2493792
45 10028 2502311
6224 10519 2516475
423 10089 2534591
2799 10028 2564526
7265 10089 2567035
9667 10028 2568488
9667 10028 2568978
7265 10089 2569743
7265 10089 2569870
9667 10028 2570502
2351 10028 2570522
2351 10028 2570583
7265 10089 2571031
9667 10028 2571170
2351 10028 2571325
2351 10028 2571374
2351 10028 2571947
9667 10028 2571989
2351 10028 2571994
2351 10028 2572033
2351 10028 2572066
45 10028 2583649
9667 10028 2596168
6224 10519 2645085
2351 10028 2646333
2351 10028 2646369
2351 10028 2646541
9667 10028 2649320
9667 10028 2649577
7265 10089 2653860
7265 10089 2653889
7265 10089 2654020
7265 10089 2654290
2351 10028 2658177
2351 10028 2658254
2351 10028 2658409
7265 10089 2675316
