1480 10473 20290
1480 10492 20524
1480 10492 20736
1480 10492 20800
1055 10149 27365
2200 10297 31149
2915 10297 47109
2200 10297 52908
2710 10297 69233
4426 10216 73166
4665 10297 85098
1480 10473 85189
1480 10473 85239
2200 10297 114692
5516 10297 120758
5516 10297 123624
2200 10297 131098
2200 10297 140322
2915 10297 149950
6473 10330 159265
6473 10330 162201
4993 10149 186639
5892 10297 191768
6880 10297 195491
2200 10297 198311
4426 10216 198559
6727 10216 208686
5516 10297 209075
5516 10297 209731
5516 10297 210694
6880 10297 213691
2200 10297 232670
4665 10297 236293
4053 10838 239449
6473 10330 248924
7373 10297 259980
6880 10297 276439
7649 10528 283326
7649 10528 284152
2200 10297 287063
6880 10297 292213
5516 10297 298613
7628 10297 300278
2200 10297 312867
7373 10297 315857
5969 10297 327279
6473 10330 335546
6473 10330 336072
4426 10216 344128
2200 10297 377819
6880 10297 383256
2710 10297 384465
6880 10297 385984
5516 10297 390237
2200 10297 391996
7373 10297 397786
4426 10216 438012
6880 10297 448754
6880 10297 450059
6473 10330 452036
6473 10330 452514
5516 10297 470079
5516 10297 470838
2200 10297 478054
6727 10216 478398
7373 10297 478632
2710 10297 497962
3626 10149 509811
7373 10297 520543
5516 10297 551234
4426 10216 552461
2200 10297 558163
2200 10297 568440
7373 10297 583543
8695 10297 589380
2886 10149 590018
2886 10149 590691
4426 10528 609928
8695 10297 626784
1055 10149 634161
8695 10297 638702
8695 10297 639440
2200 10297 643426
8695 10297 652531
8695 10297 655831
7649 10528 658029
7649 10528 658797
2200 10297 658972
8695 10297 663754
3914 10617 681251
7373 10297 685810
7649 10528 720956
5516 10297 730067
7649 10528 730321
8924 10297 730512
5516 10297 730698
8924 10297 731574
5516 10297 731705
2200 10297 734171
6880 10297 737172
2710 10297 754150
7373 10297 754921
4426 10528 759954
8846 10149 761395
6473 10330 763681
6473 10330 764812
6467 10838 770214
1480 10473 792757
6473 10330 795004
6880 10297 795249
8924 10297 795935
6473 10330 796604
8924 10297 798140
8924 10297 799082
6727 10216 805807
2200 10297 814026
8924 10297 819108
8924 10297 820429
2710 10297 822342
5516 10297 828079
4426 10528 838712
7236 10149 839570
2200 10297 848205
4614 10297 855024
8924 10297 879071
6880 10297 882052
8924 10297 883258
8924 10297 884170
6473 10330 884507
6473 10330 884920
6473 10330 885287
7628 10297 889202
6880 10297 896133
7649 10528 901668
7649 10528 901968
8924 10297 904367
8924 10297 905015
5516 10297 908226
2200 10297 912965
7323 10330 922660
2710 10297 925605
6473 10330 932448
6473 10330 933848
6473 10330 938724
6473 10330 939136
7373 10297 943944
514 10297 947365
8924 10297 966324
8924 10297 968688
8924 10297 970467
6473 10330 971011
7628 10297 971406
1182 10622 979238
8053 10149 982271
6880 10297 985747
4665 10297 994218
5516 10297 994505
2200 10297 995075
2200 10297 1013449
2710 10297 1013901
4665 10297 1023019
9342 10622 1050027
7236 10650 1051738
7373 10297 1052188
8924 10297 1052725
6880 10297 1053779
8924 10297 1054124
8924 10297 1054798
8924 10297 1056282
8924 10297 1057408
1806 10650 1057980
8924 10297 1058553
7649 10528 1059735
8924 10297 1060836
8924 10297 1061668
2200 10297 1073738
8924 10297 1076267
7649 10528 1077102
8924 10297 1077248
8924 10297 1077928
8924 10297 1078625
2710 10297 1079980
9359 10480 1082553
8695 10297 1087894
8695 10297 1088526
8695 10297 1089145
8695 10297 1090564
2983 10149 1090602
2983 10149 1091245
7649 10528 1091908
8695 10297 1092049
8695 10297 1092800
8695 10297 1093788
8695 10297 1097529
8695 10297 1101364
8695 10297 1105621
7373 10297 1109681
2200 10297 1110485
4665 10297 1123214
8924 10297 1138595
8924 10297 1139913
8924 10297 1140529
8924 10297 1142695
8924 10297 1143815
7628 10297 1147648
7628 10297 1148597
8695 10297 1157384
7157 10297 1161428
8924 10297 1163667
8924 10297 1164610
8924 10297 1165292
8924 10297 1166084
5516 10297 1168451
5516 10297 1170218
2200 10297 1176601
6473 10330 1180236
2200 10297 1182793
8695 10297 1190839
3914 10617 1191210
8695 10297 1191602
7373 10297 1211945
2200 10297 1244318
6473 10330 1254966
6473 10330 1255095
2710 10297 1255813
8924 10297 1260516
8924 10297 1264127
2200 10297 1265305
6473 10330 1266633
3914 10617 1267831
7373 10297 1281545
6467 10838 1290813
1480 10492 1311647
6727 10216 1323846
8924 10297 1324207
6880 10297 1328384
5516 10297 1333196
7628 10297 1339755
6473 10330 1340498
7628 10297 1341693
5516 10297 1341774
8924 10297 1342511
8924 10297 1343195
8924 10297 1344228
8924 10297 1344893
6727 10216 1349829
6473 10330 1350935
3870 10149 1356828
7373 10297 1359878
2710 10297 1360136
8695 10297 1362740
8695 10297 1363416
8695 10297 1364043
2200 10297 1364172
4614 10868 1364191
8695 10297 1364677
8695 10297 1365468
8695 10297 1366101
8695 10297 1366813
8695 10297 1367447
8695 10297 1368057
5369 10330 1384019
1480 10473 1398986
8924 10297 1404579
8924 10297 1406037
8924 10297 1406732
8924 10297 1407449
8924 10297 1408108
8924 10297 1408874
6880 10297 1410023
7649 10528 1413871
7649 10528 1414368
8695 10297 1415140
8695 10297 1416050
7649 10528 1419184
8924 10297 1421771
8924 10297 1422899
8924 10297 1423846
8924 10297 1424512
8924 10297 1425164
8695 10297 1436291
2200 10297 1436421
8695 10297 1437064
8695 10297 1438672
8695 10297 1439893
8466 10297 1440774
8695 10297 1440965
7373 10297 1442441
8695 10297 1442535
8695 10297 1443425
8695 10297 1454190
6473 10330 1456477
7470 10216 1461192
4426 10528 1475496
7373 10297 1481760
6473 10330 1488692
6473 10330 1490439
2268 10149 1491644
2200 10297 1503628
2200 10297 1507046
7649 10528 1510588
7649 10528 1517871
2200 10297 1529442
2710 10297 1532618
7649 10528 1533267
7649 10528 1533521
8695 10297 1533832
8695 10297 1535207
8695 10297 1535941
8695 10297 1537178
8695 10297 1538107
2200 10297 1538403
7373 10297 1551419
6473 10330 1572039
6473 10330 1572395
6473 10330 1573972
8695 10297 1590997
8695 10297 1602756
7649 10528 1604466
8695 10297 1604567
7373 10297 1609361
2200 10297 1613487
2200 10297 1615684
3914 10617 1620481
2710 10297 1621846
3914 10617 1627321
7373 10297 1649336
6880 10297 1676358
2200 10297 1676743
7649 10528 1689604
7373 10297 1696177
2710 10297 1710169
2200 10297 1710383
7373 10297 1725978
9119 10473 1759615
2200 10297 1767100
9817 10838 1773152
2200 10297 1773212
6473 10330 1773886
6473 10330 1774155
5516 10297 1775999
5516 10297 1776683
6473 10330 1782186
2200 10297 1783259
7373 10297 1795818
4665 10297 1805053
9748 10297 1828520
1480 10492 1831789
2200 10297 1849734
2200 10297 1852256
9748 10297 1855711
2200 10297 1858589
6473 10330 1866619
7373 10297 1873942
2200 10297 1877230
4526 10838 1887898
9748 10297 1894586
9748 10297 1904502
9748 10297 1905536
5560 10216 1907610
8882 10149 1911689
1480 10492 1923049
2200 10297 1939185
9748 10297 1941364
2200 10297 1943290
5516 10297 1949183
5516 10297 1950135
2200 10297 1958041
7373 10297 1958238
7649 10528 1962230
7649 10528 1963625
7649 10528 1963813
7649 10528 1964404
7649 10528 1966264
9119 10473 1972450
9119 10473 1972584
1265 10149 1972779
9119 10473 1980236
6727 10216 1988246
4665 10297 1999862
7628 10297 2003998
7628 10297 2006085
1480 10473 2009757
9817 10297 2018428
2200 10297 2020934
6727 10216 2025396
6880 10297 2028821
2200 10297 2030832
7649 10528 2032152
5516 10297 2033214
5516 10297 2035088
7649 10528 2036488
7373 10297 2039032
9748 10297 2064088
8924 10297 2093551
7649 10528 2097807
7649 10528 2099503
2200 10297 2106652
7628 10297 2108850
6727 10216 2109501
2200 10297 2116256
9817 10297 2116823
2200 10297 2119850
5516 10297 2120318
2200 10297 2122701
5369 10330 2133367
2200 10297 2139530
7373 10297 2149439
7502 10838 2151167
8924 10297 2174698
8924 10297 2181344
7649 10528 2181571
8924 10297 2182056
8924 10297 2183268
8924 10297 2184319
2200 10297 2198131
5516 10297 2202354
8577 10297 2205721
2200 10297 2205954
8695 10297 2218402
8695 10297 2219283
8695 10297 2221267
8695 10297 2222001
9373 10838 2227598
9373 10838 2229216
2710 10297 2230764
7475 10149 2257346
8924 10297 2265383
8924 10297 2266061
8924 10297 2267628
6727 10216 2268227
8924 10297 2268580
8924 10297 2269275
9748 10297 2269760
6880 10297 2279428
2200 10297 2283017
8924 10297 2284031
8924 10297 2284726
8924 10297 2285355
4665 10297 2285672
8924 10297 2286044
2200 10297 2290392
8577 10297 2291597
5516 10297 2293756
8695 10297 2295715
8695 10297 2296400
8695 10297 2297184
8695 10297 2303476
1265 10149 2305993
8695 10297 2308267
8695 10297 2309316
8695 10297 2310927
8695 10297 2312079
8695 10297 2312865
8695 10297 2313780
8924 10297 2348308
8924 10297 2349491
8924 10297 2350564
8924 10297 2351254
8924 10297 2352135
8924 10297 2352753
8924 10297 2356159
9985 10297 2370855
2200 10297 2371729
8924 10297 2373692
8924 10297 2374667
8924 10297 2375368
8924 10297 2377116
9985 10297 2378070
2200 10297 2379106
5516 10297 2379932
9193 10297 2381729
8695 10297 2382491
8695 10297 2384183
8695 10297 2385089
9985 10297 2385292
8695 10297 2385757
8695 10297 2386952
8695 10297 2388682
9985 10297 2392470
7373 10297 2393610
8695 10297 2393847
8695 10297 2395394
2710 10297 2396058
9748 10297 2396076
8695 10297 2396814
9748 10297 2398254
8695 10297 2398830
9985 10297 2399670
8695 10297 2400052
9748 10297 2400135
9748 10297 2400828
9748 10297 2402014
8695 10297 2403712
6156 10492 2406770
9748 10297 2406969
9748 10297 2409091
9985 10297 2421267
9985 10297 2435652
1480 10492 2435755
1480 10473 2439233
8924 10297 2443671
9985 10297 2450055
2200 10297 2454882
9985 10297 2457274
2200 10297 2462067
9985 10297 2464477
9748 10297 2468535
9985 10297 2471669
9985 10297 2478875
9748 10297 2479756
2200 10297 2484308
8695 10297 2484969
8695 10297 2485702
9985 10297 2486070
9748 10297 2488312
9748 10297 2490397
3914 10617 2491751
9985 10297 2493280
9748 10297 2493796
9985 10297 2507676
9985 10297 2514879
1480 10473 2528378
9985 10297 2529248
9933 10297 2532879
9748 10297 2533331
9748 10297 2537527
9985 10297 2543677
2200 10297 2545356
9817 10297 2545542
9985 10297 2550885
2200 10297 2552142
9985 10297 2558107
8695 10297 2558400
8695 10297 2559375
8695 10297 2561396
8695 10297 2562151
9985 10297 2565309
8695 10297 2567345
8695 10297 2569675
9985 10297 2586863
7373 10297 2588986
9985 10297 2594073
9985 10297 2608452
1480 10473 2615255
7605 10216 2618429
7649 10528 2621393
9985 10297 2622851
9748 10297 2623496
7628 10297 2628239
9817 10297 2629736
8924 10297 2631446
8924 10297 2632063
2200 10297 2635422
5516 10297 2636601
9985 10297 2637260
2983 10149 2639223
7502 10149 2643328
7373 10297 2643675
9985 10297 2644534
2200 10297 2644923
9985 10297 2651762
9985 10297 2658872
9748 10297 2660465
9748 10297 2663998
