51 10237 186627
6896 10652 196958
7056 10611 217030
6896 10652 379274
6896 10652 385994
3286 10490 405101
6896 10652 450193
8280 10490 454193
6896 10652 457558
6896 10652 536659
6283 10490 576471
3217 10210 588270
8518 10908 592644
7761 10910 669460
291 10910 674710
1414 10210 675961
6896 10652 713092
6896 10652 723989
7056 10611 733979
6896 10652 800656
6896 10652 801277
6283 10652 841506
7056 10611 881175
6896 10652 894905
6896 10652 904227
8413 10237 915577
6734 10237 916693
5795 10237 932708
6896 10652 968500
6896 10652 978727
6896 10652 1053528
6896 10652 1076801
1529 10833 1155449
6896 10652 1157828
8010 10490 1181869
216 10210 1195370
1529 10833 1215395
6896 10652 1311881
6896 10652 1323313
6974 10237 1351571
8051 10910 1395086
6896 10652 1399627
6645 10910 1403434
2173 10237 1405449
2173 10237 1406952
2173 10237 1408269
8010 10237 1457205
8010 10237 1457520
4401 10210 1463895
8286 10490 1470362
1681 10237 1477503
1529 10833 1491389
6747 10237 1649763
8280 10490 1692179
2526 10611 1705123
4669 10910 1710586
1325 10210 1911240
6896 10652 1918588
6896 10652 1927187
4671 10490 1958826
6896 10652 2003666
1529 10833 2009544
6896 10652 2020054
8348 10490 2040357
8348 10490 2041585
8518 10908 2142056
6896 10652 2185997
5853 10237 2205648
8010 10490 2235771
8010 10490 2415428
6358 10237 2494938
3336 10652 2567373
4828 10490 2601975
3708 10490 2649007
