713 10269 6001
1239 10097 12955
2140 10561 29771
2104 10097 45187
4660 10554 80583
3086 10269 140065
3086 10269 141259
4660 10554 144984
4660 10554 157977
3392 10269 174163
1122 10542 217271
4660 10554 228959
4660 10554 230672
4660 10554 238541
4660 10554 238844
6675 10517 241293
6675 10517 243709
4352 10542 250012
4352 10542 250047
6675 10517 261623
4660 10554 315980
713 10269 316549
4660 10554 319065
4660 10554 320904
6675 10517 344659
3392 10269 350895
3392 10269 355472
4660 10554 383883
4660 10554 389512
1134 10269 390690
1134 10269 391357
4660 10554 395446
4660 10554 396524
4660 10554 396689
6222 10561 404805
3392 10269 413474
8236 10097 413793
3392 10269 414155
8236 10097 432036
6421 10097 433408
713 10269 488881
4660 10554 488920
4660 10554 489194
4660 10554 491676
4660 10554 496502
4660 10554 504405
8236 10097 506950
4660 10554 510764
8481 10554 522712
4660 10554 555870
2581 10269 563469
4660 10554 584990
4972 10561 607398
4660 10554 720790
4660 10554 731301
4660 10554 731446
4660 10554 746882
1239 10097 749079
4660 10554 749089
4660 10554 767564
4660 10554 771255
4972 10561 780215
3392 10269 786281
4660 10554 826967
8236 10097 838739
3392 10269 880766
5125 10097 961018
5125 10097 980686
4660 10554 1002414
5125 10097 1074918
3282 10554 1092821
8236 10097 1101079
7606 10269 1105306
7606 10269 1107096
8236 10097 1112501
8236 10097 1196774
4660 10554 1202377
8236 10097 1220624
8236 10097 1220906
4660 10554 1258541
6436 10097 1277614
5125 10097 1310159
4660 10554 1338116
4660 10554 1339303
4660 10554 1363297
4660 10554 1365630
8236 10097 1370292
4634 10097 1374671
5125 10097 1423741
4660 10554 1434373
8236 10097 1438805
8236 10097 1447533
8236 10097 1449845
4634 10097 1456799
4634 10097 1458419
8379 10424 1463592
4972 10554 1467057
8236 10097 1467209
4960 10916 1475418
4960 10916 1477942
5125 10097 1478466
6436 10097 1493766
5125 10097 1511778
6222 10097 1540114
8236 10097 1542378
4972 10561 1546334
5125 10097 1547874
5789 10424 1582015
3086 10269 1613156
5125 10097 1620295
8236 10097 1620365
8236 10097 1707017
6675 10517 1707398
9201 10081 1714196
8236 10097 1719878
5125 10097 1722253
6436 10097 1786485
8236 10097 1793228
8236 10097 1803336
6421 10097 1803569
4660 10554 1804671
6436 10097 1813124
5125 10097 1820844
4972 10561 1841054
1624 10554 1869574
484 10554 1920583
9845 10424 1947112
4209 10554 1958211
4660 10554 1959509
6436 10097 1963622
713 10269 1968115
6436 10097 1970688
8236 10097 1978139
8236 10097 1985049
9898 10554 1987985
8236 10097 2046196
8236 10097 2049292
4634 10097 2060249
3461 10097 2065129
7999 10269 2095269
7999 10269 2100797
7999 10269 2101458
6436 10097 2160710
3086 10269 2161571
6436 10097 2166239
9898 10561 2177512
4660 10554 2203113
1988 10269 2213461
8236 10097 2237381
5125 10097 2258985
8236 10097 2318367
4660 10554 2321963
4972 10561 2338569
5125 10097 2346448
8236 10097 2397813
5125 10097 2415725
5125 10097 2428353
4660 10554 2482780
8236 10097 2487607
8236 10097 2487666
8236 10097 2492931
8236 10097 2495327
9348 10554 2500596
6421 10097 2506803
4972 10561 2525787
9898 10561 2533195
8236 10097 2591076
8236 10097 2606574
8434 10081 2649636
3461 10097 2658074
8236 10097 2664813
