50 10040 313
957 10204 8829
946 10040 29313
3838 10633 61735
4294 10040 70589
4294 10040 70943
4294 10040 73249
2516 10268 83474
957 10204 92921
3243 10204 129153
2502 10633 133070
2502 10633 133694
957 10204 183779
957 10204 214222
4294 10040 248427
4294 10040 249122
6702 10204 281021
3243 10204 312715
4294 10040 322986
4294 10040 332592
4294 10040 348480
4294 10040 356308
957 10204 359748
3243 10204 399261
4294 10040 401226
4294 10040 405374
4294 10040 452847
4294 10040 489101
4294 10040 527404
957 10204 541479
3243 10204 570850
3243 10204 573182
8327 10753 595945
957 10204 621800
3243 10204 661455
957 10204 670918
3243 10204 735197
593 10204 750460
8539 10204 763175
3243 10204 781989
957 10204 782543
957 10204 795656
2456 10040 801691
3243 10204 834214
957 10204 866975
957 10204 876974
957 10204 954015
2456 10040 991486
3243 10204 1002718
957 10204 1017863
2456 10040 1018213
2456 10040 1018375
2456 10040 1018512
3243 10204 1038833
2456 10040 1065196
1790 10040 1078151
3695 10040 1092888
3243 10204 1104870
957 10204 1113952
957 10204 1128342
957 10204 1139791
957 10204 1145852
2456 10040 1179816
3243 10204 1193326
957 10204 1200662
3450 10040 1211374
3243 10204 1265606
957 10204 1290242
6334 10040 1335768
2456 10040 1341990
957 10204 1392420
3243 10204 1434715
3450 10040 1446261
3243 10204 1471418
957 10204 1480275
3243 10204 1516519
4215 10204 1520841
957 10204 1541965
957 10204 1542074
957 10204 1544294
957 10204 1549031
7083 10204 1555573
874 10268 1556080
8539 10204 1564765
3243 10204 1603970
4294 10040 1604377
957 10204 1640277
3243 10204 1696595
7576 10753 1717648
957 10204 1724015
957 10204 1764617
957 10204 1778227
3243 10204 1790301
593 10279 1793835
4714 10550 1808489
1656 10598 1814755
3243 10204 1868999
3660 10040 1877340
957 10204 1890971
6702 10268 1894894
7920 10040 1901051
3243 10204 1957590
4294 10040 2004105
2502 10204 2028928
3243 10204 2044202
4294 10040 2063500
3243 10204 2068014
6349 10789 2095376
9033 10268 2096223
9779 10789 2100173
3243 10204 2153612
4215 10204 2161514
3243 10204 2168068
3243 10204 2209975
3243 10204 2232722
9608 10789 2240254
4215 10204 2268359
4215 10204 2294972
3243 10204 2300338
957 10204 2327894
957 10204 2338882
6349 10789 2357605
9608 10789 2363885
3243 10204 2387652
957 10204 2388106
9961 10633 2396227
9961 10633 2399818
957 10204 2422256
5138 10204 2423089
3243 10204 2425476
3243 10204 2474188
3243 10204 2500224
3243 10204 2504770
957 10204 2506359
3243 10204 2557120
9363 10040 2564192
9608 10789 2587657
7083 10204 2623897
9442 10268 2645596
9961 10204 2666433
