3099 10671 50782
3244 10118 51616
4747 10780 83803
3099 10671 129480
3099 10671 129771
4235 10664 160843
3769 10118 233195
3244 10118 259741
7661 10671 285457
7661 10671 286675
7661 10671 287527
4047 10150 330237
4047 10150 330799
4047 10150 330879
3244 10118 339698
4235 10664 345681
1095 10671 362480
7661 10671 368869
7661 10671 369516
3099 10671 388659
3244 10118 430282
4747 10536 445186
7661 10671 453302
7661 10671 453967
3099 10671 474463
7787 10118 489952
3244 10118 495201
1095 10671 505856
1095 10671 509616
3244 10118 517344
4047 10150 569891
4047 10150 578711
4047 10150 615061
6650 10118 621521
3099 10671 648576
4047 10150 695164
7661 10671 714664
7661 10671 715313
7661 10671 715919
7661 10671 716604
3099 10671 734438
3371 10150 791881
7661 10671 802215
7661 10671 803017
3099 10671 821685
4047 10150 831325
7661 10671 891037
7661 10671 891738
3099 10671 906236
7661 10671 974656
7661 10671 975727
7661 10671 976722
3099 10671 993080
4235 10664 1040623
7661 10671 1060817
7661 10671 1061504
6762 10150 1078378
3099 10671 1080596
8819 10170 1105107
7661 10671 1146973
7661 10671 1147826
4047 10150 1194892
3099 10671 1252904
7661 10671 1317179
3099 10671 1338277
7108 10632 1353274
7661 10671 1408104
7661 10671 1408772
4409 10118 1460194
3785 10150 1471129
7661 10671 1486106
7661 10671 1489700
4235 10664 1496415
3099 10671 1598204
1202 10632 1600477
3099 10671 1684118
3099 10671 1684208
4235 10664 1713746
7124 10170 1728670
3099 10671 1773018
3099 10671 1857195
4235 10664 1906605
4047 10150 1929250
4047 10150 1933968
3616 10118 2004466
4235 10664 2174218
7661 10671 2185504
4047 10150 2187878
4047 10150 2187971
7661 10671 2188431
4047 10150 2200581
3785 10150 2214703
7661 10671 2266462
4047 10150 2275898
4047 10150 2276107
9716 10150 2307748
3099 10671 2315287
3099 10671 2315327
7661 10671 2360563
7661 10671 2365087
3099 10671 2376779
4047 10150 2450613
7661 10671 2524030
7661 10671 2524722
7661 10671 2528972
1095 10671 2549418
3099 10671 2551309
7661 10671 2613867
7661 10671 2614494
3099 10671 2637945
4047 10150 2641468
4047 10150 2641762
4747 10780 2666814
