3841 10063 88911
1569 10713 91274
1569 10713 91293
5025 10063 94045
5025 10063 112148
6024 10063 142163
6024 10063 142544
6024 10063 142664
6024 10063 142896
6024 10063 143042
6024 10063 143279
6024 10063 143822
2429 10063 144845
3841 10063 152341
3841 10142 232400
3841 10142 235673
7351 10063 239111
5025 10063 242867
5025 10063 244159
6957 10063 244599
6957 10063 253343
6957 10063 263264
6957 10063 264095
6957 10063 265076
6957 10063 265648
6957 10063 266341
6957 10063 266902
6957 10063 267811
7587 10063 270468
2217 10063 270886
5025 10063 310873
5025 10063 311418
6024 10063 314575
6171 10464 331524
3129 10464 332050
6171 10464 332069
2217 10063 344930
6957 10063 348399
6957 10063 353427
3129 10464 372112
6024 10063 385737
5792 10063 393599
6957 10063 396750
6957 10063 396917
6957 10063 398078
6957 10063 399421
6024 10063 400092
6024 10063 400118
6024 10063 400144
6024 10063 400168
6024 10063 400286
6024 10063 401087
6024 10063 401222
6024 10063 401415
6171 10464 409887
6171 10464 411117
6171 10464 411781
1569 10713 422288
1569 10713 422362
5025 10063 428354
5025 10063 430947
5025 10063 431059
2217 10063 433814
6024 10063 435982
6024 10063 440765
6024 10063 468188
5792 10063 479555
2217 10063 485952
3129 10464 503343
5025 10063 512379
1569 10713 517917
5025 10063 518496
4700 10063 528916
2217 10063 531464
2377 10063 569241
2217 10063 578692
6829 10093 599870
6829 10093 600248
6829 10093 600322
2377 10063 603448
2377 10063 603618
2377 10063 604428
2217 10063 620800
6829 10093 639439
6829 10093 639630
2377 10063 651499
2377 10063 651741
2377 10063 652558
6829 10093 665273
6829 10093 665338
1569 10713 678067
2377 10063 686648
2377 10063 686747
3749 10063 697155
2217 10063 699920
3749 10063 700475
3749 10063 701086
3749 10063 702026
3749 10063 702757
3749 10063 703684
3749 10063 704654
3749 10063 705938
2377 10063 737532
3749 10063 741943
2429 10063 743580
2377 10063 745042
5792 10063 745550
2377 10063 751317
3841 10214 751752
6829 10093 758397
6829 10093 758691
6829 10093 758880
5792 10063 759547
3749 10063 763163
7501 10063 771022
7501 10063 771624
2377 10063 771759
7501 10063 772221
3749 10063 772550
3749 10063 772915
7501 10063 778668
3749 10063 786553
3749 10063 787745
2377 10063 807853
2377 10063 811000
8151 10093 811052
8151 10093 813980
8151 10093 814471
2377 10063 815600
2377 10063 816992
7501 10063 819788
7501 10063 820755
3749 10063 829354
2377 10063 835669
2377 10063 836945
3749 10063 849242
5974 10142 853030
3749 10063 855207
2377 10063 857009
2377 10063 857040
7501 10063 857050
7501 10063 857140
7501 10063 857286
7501 10063 857416
7501 10063 857586
6171 10464 860238
6171 10464 860395
6171 10464 861612
6171 10464 867958
4800 10214 873169
2217 10063 878168
2377 10063 898016
2377 10063 899131
7501 10063 904622
7035 10464 904625
7501 10063 905964
7501 10063 907147
3749 10063 910295
2377 10063 912839
2377 10063 913126
2429 10063 917369
5792 10063 921058
5792 10063 923537
2429 10063 929171
2377 10063 933113
2377 10063 938241
7501 10063 942249
2377 10063 948665
7501 10063 949844
2377 10063 951328
3749 10063 955130
6829 10093 973904
6829 10093 973928
6829 10093 974010
6829 10093 974533
2377 10063 987614
2377 10063 993198
2377 10063 994172
2217 10063 994288
7501 10063 996056
5792 10063 1001672
6829 10093 1005184
9247 10063 1006853
5792 10063 1015995
5792 10063 1020341
6171 10464 1027268
6171 10464 1027532
7501 10063 1029687
7501 10063 1029793
7501 10063 1029930
7501 10063 1030013
3749 10063 1031701
7501 10063 1032749
7501 10063 1032984
7501 10063 1033068
3749 10063 1037536
6829 10093 1049583
6829 10093 1049671
6829 10093 1049746
2217 10063 1068551
2377 10063 1084102
3749 10063 1095739
6171 10464 1097184
2429 10063 1097761
9389 10063 1098445
9389 10063 1103871
6957 10063 1107530
6957 10063 1108135
5792 10063 1108391
6957 10063 1108579
9389 10063 1108980
5792 10063 1115647
7501 10063 1116536
7501 10063 1116810
2377 10063 1119054
9389 10063 1119644
2217 10063 1129435
6829 10093 1145378
6829 10093 1145481
6829 10093 1146145
6829 10093 1146231
5974 10142 1156069
9389 10063 1176062
7501 10063 1179022
7501 10063 1180215
9389 10063 1182033
9389 10063 1186881
3374 10214 1187586
2377 10063 1188679
7501 10063 1189163
2377 10063 1190254
2377 10063 1193414
5792 10063 1193983
9389 10063 1193984
2377 10063 1196083
6171 10464 1200536
2377 10063 1200896
2377 10063 1200914
6171 10464 1201162
6957 10063 1212415
2377 10063 1213376
6957 10063 1216994
6957 10063 1217638
6957 10063 1218213
6957 10063 1218301
6957 10063 1219193
6957 10063 1219570
6957 10063 1220236
6957 10063 1220976
6957 10063 1221936
6957 10063 1222375
9389 10063 1222413
6957 10063 1222667
6957 10063 1223410
6957 10063 1223749
6957 10063 1224124
6957 10063 1225615
6957 10063 1227588
6957 10063 1228264
6829 10093 1236279
6829 10093 1236366
6829 10093 1236549
6829 10093 1238173
6829 10093 1238193
6829 10093 1246040
6829 10093 1246965
6829 10093 1250006
2377 10063 1261641
2377 10063 1263917
2377 10063 1264007
3749 10063 1264387
6171 10464 1267988
6957 10063 1269256
6957 10063 1269300
6957 10063 1269562
6957 10063 1269699
6957 10063 1270581
6957 10063 1271034
6957 10063 1271484
6957 10063 1271839
9542 10063 1274581
9542 10063 1284185
2429 10063 1289646
6957 10063 1298019
6957 10063 1302285
6957 10063 1313458
6957 10063 1314104
6957 10063 1314851
6416 10063 1317904
6416 10063 1319295
6416 10063 1345235
6829 10093 1348650
6829 10093 1348824
6829 10093 1348888
6829 10093 1349066
6829 10093 1349455
6829 10093 1350239
6416 10063 1352158
6829 10093 1361092
6416 10063 1362753
6957 10063 1371612
9542 10063 1371909
6957 10063 1373341
8480 10142 1373863
6957 10063 1373918
6957 10063 1374967
6957 10063 1375255
6957 10063 1375621
6957 10063 1375986
6957 10063 1376140
6957 10063 1376192
6957 10063 1376833
9542 10063 1377079
7501 10063 1383445
7501 10063 1383563
7501 10063 1383639
6957 10063 1385469
6957 10063 1385653
6957 10063 1385838
6957 10063 1386579
6957 10063 1387170
6957 10063 1387955
6957 10063 1388643
6957 10063 1390126
6957 10063 1390235
6957 10063 1391938
7587 10063 1392392
6416 10063 1392992
7587 10063 1393785
6416 10063 1394021
7587 10063 1395216
9636 10063 1398909
9636 10063 1402722
7587 10063 1411690
7685 10063 1424128
6829 10093 1434980
6829 10093 1436741
6829 10093 1439616
6829 10093 1444457
7587 10063 1452077
7587 10063 1455039
2377 10063 1455866
1569 10713 1457845
6957 10063 1460302
6957 10063 1462840
7501 10063 1470691
1569 10713 1472585
1569 10713 1473092
1569 10713 1473129
9636 10063 1475214
7587 10063 1475556
6957 10063 1475827
2217 10063 1478133
6829 10093 1479354
9636 10063 1483612
6416 10063 1483703
6829 10093 1486830
9636 10063 1487722
6829 10093 1489834
6829 10093 1490020
7587 10063 1496170
7587 10063 1497488
9702 10063 1507219
9702 10063 1508270
6829 10093 1516190
8151 10093 1518187
6829 10093 1518499
9702 10063 1519275
6366 10093 1520373
9702 10063 1524592
9702 10063 1524760
7501 10063 1525203
6416 10063 1525792
6829 10093 1533249
6829 10093 1533974
6829 10093 1534933
7501 10063 1535949
7501 10063 1536032
7501 10063 1536040
7587 10063 1546544
5792 10063 1548350
9636 10063 1549147
9702 10063 1550377
7587 10063 1551926
9636 10063 1553960
9636 10063 1556442
9389 10063 1557695
9389 10063 1558257
9636 10063 1559884
6416 10063 1567256
6829 10093 1569784
7587 10063 1570722
9542 10063 1571161
2217 10063 1571327
9542 10063 1571576
9636 10063 1572574
6957 10063 1573027
6416 10063 1573206
7587 10063 1573297
6829 10093 1573549
6957 10063 1573720
7587 10063 1573924
7587 10063 1575490
9389 10063 1580208
6829 10093 1592505
9702 10063 1601484
9702 10063 1602031
9702 10063 1602456
5792 10063 1602821
2429 10063 1608304
9702 10063 1610968
9702 10063 1611565
2429 10063 1612282
9389 10063 1613906
9389 10063 1615078
6957 10063 1615239
6957 10063 1616723
6957 10063 1616907
6957 10063 1617533
6957 10063 1618796
6957 10063 1619485
6957 10063 1620201
7587 10063 1620444
6957 10063 1622031
5191 10063 1622270
9389 10063 1627950
6957 10063 1628176
6416 10063 1628575
9702 10063 1629787
6957 10063 1630020
6957 10063 1630232
6957 10063 1631957
6957 10063 1632134
6957 10063 1632144
6957 10063 1632151
6957 10063 1632158
6957 10063 1632164
6957 10063 1632169
6957 10063 1632174
6957 10063 1632180
6957 10063 1632184
3749 10214 1632320
9702 10063 1632346
9702 10063 1632671
6957 10063 1633827
6957 10063 1634846
6957 10063 1636061
3749 10063 1636838
3749 10063 1636972
6957 10063 1638937
6957 10063 1639237
9389 10063 1649686
9389 10063 1658382
6416 10063 1658899
7587 10063 1659282
9389 10063 1660198
2217 10063 1660230
3514 10142 1660421
9389 10063 1661077
7587 10063 1666635
7587 10063 1667958
7587 10063 1669559
6829 10093 1680983
6829 10093 1681177
6829 10093 1681213
8635 10093 1683844
7544 10063 1697447
6965 10422 1697763
9389 10063 1697965
7501 10063 1698966
7501 10063 1699088
7501 10063 1699336
9389 10063 1702799
7587 10063 1703266
9389 10063 1704705
6957 10063 1707557
6416 10063 1708908
7544 10063 1710266
7501 10063 1717633
9389 10063 1718638
7587 10063 1718750
9389 10063 1719154
7587 10063 1719713
9542 10063 1726167
2217 10063 1729272
7587 10063 1729841
9702 10063 1731418
9702 10063 1731872
7587 10063 1732161
7587 10063 1734298
7587 10063 1735787
9702 10063 1736526
7501 10063 1736780
7501 10063 1736866
7501 10063 1737050
7587 10063 1744269
7936 10214 1746567
7587 10063 1747672
7587 10063 1749081
7587 10063 1750935
2377 10063 1760061
2377 10063 1760119
2377 10063 1763313
6829 10093 1765283
6829 10093 1765459
6829 10093 1766879
6829 10093 1767013
9389 10063 1783752
7685 10063 1784727
9389 10063 1788811
2377 10063 1790616
2377 10063 1790670
6416 10063 1793055
7587 10063 1798907
7587 10063 1800534
7544 10063 1801930
6965 10422 1807065
7544 10063 1808134
9542 10063 1809218
2377 10063 1809339
9389 10063 1811828
2377 10063 1812655
2377 10063 1812925
9389 10063 1814262
9389 10063 1824473
9702 10063 1826396
9702 10063 1826683
9636 10063 1827320
5974 10142 1832767
9702 10063 1833949
9636 10063 1834450
9542 10063 1836373
4854 10142 1842467
6829 10093 1849592
6829 10093 1849708
6829 10093 1849764
6829 10093 1849831
7587 10063 1851482
6829 10093 1851683
7587 10063 1854007
6829 10093 1856279
6829 10093 1861459
4758 10214 1870848
2377 10063 1873694
9542 10063 1876137
9542 10063 1876514
9702 10063 1876593
9702 10063 1876792
9702 10063 1877881
9702 10063 1878844
2217 10063 1889268
9492 10796 1890168
7587 10063 1893380
7501 10063 1895158
7501 10063 1895224
9492 10422 1895665
7501 10063 1895864
7501 10063 1895930
7501 10063 1896076
7501 10063 1896171
7501 10063 1896237
7501 10063 1896401
7501 10063 1896418
7501 10063 1896637
7501 10063 1896731
7501 10063 1896913
7501 10063 1896982
7501 10063 1897029
7501 10063 1897083
7501 10063 1897273
7501 10063 1898522
9702 10063 1912280
9702 10063 1915289
9702 10063 1915410
7587 10063 1918698
9636 10063 1921669
7587 10063 1922680
7587 10063 1926292
7587 10063 1930150
7071 10093 1935319
2377 10063 1936952
2377 10063 1937457
2377 10063 1937476
6829 10093 1947884
6829 10093 1948814
6829 10093 1949364
6829 10093 1952448
7685 10063 1960981
7587 10063 1968073
5792 10063 1981171
7587 10063 1981403
2377 10063 1981641
2377 10063 1981818
5792 10063 1983849
9492 10796 1984464
6829 10093 1996532
9492 10796 1997873
2217 10063 1997891
7587 10063 1998409
9492 10796 1998531
9702 10063 2000970
9492 10796 2002833
7587 10063 2014207
7587 10063 2016508
7587 10063 2017066
7587 10063 2018326
3129 10464 2022590
7685 10063 2024679
1218 10214 2024985
2377 10063 2035479
6829 10093 2035651
6829 10093 2036730
9702 10063 2040715
7544 10063 2044175
8864 10063 2046043
7071 10093 2046050
9702 10063 2046129
9702 10063 2047006
8864 10063 2048036
2377 10063 2049200
9702 10063 2050970
8864 10063 2052073
2159 10422 2053517
9542 10063 2059972
9542 10063 2059996
9542 10063 2060421
3129 10464 2061008
7544 10063 2063676
6416 10063 2064816
9542 10063 2068380
9542 10063 2068421
7587 10063 2071020
9542 10063 2074734
7501 10063 2080407
7587 10063 2088219
7587 10063 2089573
6416 10063 2090973
9542 10063 2091158
9542 10063 2092256
9542 10063 2092575
6416 10063 2092618
9636 10063 2093987
9542 10063 2094046
7587 10063 2096759
5025 10063 2100280
7501 10063 2118528
7501 10063 2118638
7501 10063 2118846
7501 10063 2118961
5025 10063 2119358
7501 10063 2119557
7501 10063 2119636
7501 10063 2119673
9636 10063 2125868
6957 10063 2126272
6829 10093 2129496
6416 10063 2129535
6829 10093 2129658
6829 10093 2129724
6829 10093 2130017
9636 10063 2130406
6829 10093 2131934
9702 10063 2132072
4758 10214 2136583
7587 10063 2139981
5025 10063 2142357
7685 10063 2145509
7544 10063 2149146
7936 10214 2151415
2217 10063 2151865
7587 10063 2152173
7501 10063 2152777
7501 10063 2152890
7501 10063 2153030
7501 10063 2153065
7501 10063 2153371
7501 10063 2154261
5025 10063 2156367
6416 10063 2156527
9492 10796 2157190
7936 10214 2159334
9492 10796 2162949
7501 10063 2166886
9492 10796 2166995
7587 10063 2167125
5025 10063 2168177
9542 10063 2168293
9542 10063 2168573
9636 10063 2173204
7587 10063 2185535
2429 10063 2227801
7936 10214 2228755
5792 10063 2232679
9542 10063 2237052
7501 10063 2241427
7587 10063 2242004
6416 10063 2242192
7587 10063 2249150
7501 10063 2250411
7501 10063 2250520
7501 10063 2250543
7501 10063 2250606
7501 10063 2250726
7501 10063 2250831
7501 10063 2250856
9636 10063 2256000
9636 10063 2261484
8151 10093 2278180
5792 10063 2297848
5025 10063 2299876
5025 10063 2301573
5025 10063 2302264
9636 10063 2307076
5025 10063 2307437
6024 10063 2311124
6024 10063 2311167
6024 10063 2311224
6024 10063 2311511
6829 10093 2316277
6829 10093 2316638
6829 10093 2316967
5025 10063 2318460
6829 10093 2318973
6829 10093 2319027
6829 10093 2319129
6829 10093 2319209
6829 10093 2319777
9636 10063 2320512
9492 10796 2321526
9389 10063 2327517
9389 10063 2328442
9389 10063 2328692
6416 10063 2332680
9389 10063 2333396
9389 10063 2333726
9389 10063 2336150
9389 10063 2338437
9636 10063 2338506
9389 10063 2339110
9389 10063 2339921
9389 10063 2340369
9389 10063 2341816
9389 10063 2342441
9389 10063 2344393
2217 10063 2345040
9389 10063 2345690
9389 10063 2347224
9389 10063 2349202
6416 10063 2349572
9389 10063 2351428
9389 10063 2353761
9389 10063 2354614
9636 10063 2354717
7685 10063 2380425
9389 10063 2384086
9389 10063 2385363
9389 10063 2386689
8637 10796 2390647
9542 10063 2393471
9389 10063 2395014
5025 10063 2395054
9389 10063 2396637
9389 10063 2399472
9389 10063 2400039
7587 10063 2402385
9389 10063 2404864
5792 10063 2405093
9389 10063 2405186
9389 10063 2411708
9389 10063 2413348
9389 10063 2413505
5025 10063 2413835
9389 10063 2417351
506 10063 2417697
5025 10063 2419507
5025 10063 2419817
5025 10063 2426313
9636 10063 2435657
9636 10063 2436904
9636 10063 2439820
9636 10063 2468148
9636 10063 2483835
9542 10063 2485121
9542 10063 2486017
3129 10464 2492747
2377 10063 2496628
9542 10063 2498193
9636 10063 2504566
9389 10063 2510600
9389 10063 2514854
9542 10063 2516034
9636 10063 2517861
5025 10063 2518875
5025 10063 2518975
6416 10063 2519264
9636 10063 2525510
9636 10063 2528682
9636 10063 2530013
9542 10063 2530660
9542 10063 2531308
5025 10063 2553954
5025 10063 2554578
2377 10063 2554769
5025 10063 2555691
5191 10063 2557687
5025 10063 2568342
5025 10063 2568712
5025 10063 2570527
6416 10063 2573496
2429 10063 2584277
2377 10063 2587549
8804 10214 2590693
6416 10063 2591444
5025 10063 2611145
6416 10063 2614740
2217 10063 2617051
9389 10063 2647592
5025 10063 2648341
6024 10063 2648590
6024 10063 2648679
6024 10063 2648751
6024 10063 2648845
5025 10063 2648944
6024 10063 2649114
5191 10063 2651700
5191 10063 2651747
5792 10063 2653539
6416 10063 2658934
9636 10063 2665202
2217 10063 2665748
7544 10063 2668503
