276 10064 1835
276 10064 9038
276 10064 10290
276 10064 23474
276 10064 37842
276 10064 45053
155 10645 45495
276 10064 52256
276 10064 59456
2807 10711 60768
4447 10064 73801
4447 10064 86733
4447 10064 87634
4447 10064 88303
5141 10064 98932
276 10064 103906
2102 10064 106287
4447 10064 107070
2102 10064 107143
4447 10064 109024
276 10064 124239
276 10064 131456
5807 10064 134706
5886 10370 137683
5807 10064 140752
276 10064 145864
6140 10064 146694
5807 10064 150222
4447 10064 154844
276 10064 154869
6615 10064 167157
276 10064 167438
6615 10064 167785
132 10064 180190
276 10064 183088
276 10064 189037
276 10064 203438
5319 10064 207996
5319 10064 211990
5319 10064 215881
5319 10064 216888
276 10064 217841
5319 10064 218347
5319 10064 220205
5807 10064 221311
5319 10064 221374
5319 10064 221975
276 10064 225046
4447 10064 226371
5807 10064 227550
276 10064 232259
276 10064 233522
5807 10064 235933
276 10064 239459
5886 10370 243571
5886 10370 243935
276 10064 246669
4447 10064 247958
6615 10064 254044
6615 10064 255072
276 10064 261057
4148 10064 263213
6981 10064 267078
6981 10064 268248
276 10064 269488
6615 10064 274216
5141 10064 280317
276 10064 289835
276 10064 297042
2795 10370 302332
6615 10064 304500
4447 10064 304648
276 10064 311456
276 10064 312708
5807 10064 314115
5807 10064 318006
7648 10370 320564
2807 10711 322372
276 10064 325838
5807 10064 326466
5886 10370 328958
5886 10370 329242
5886 10370 330411
5886 10370 330787
5886 10370 331200
5886 10370 331433
6615 10064 339347
1186 10064 342530
1186 10064 343116
4447 10064 344203
276 10064 347445
6140 10064 348040
276 10064 354658
4767 10064 357904
276 10064 376251
5886 10370 377199
5886 10370 377243
5886 10370 377303
5886 10370 377449
6140 10064 378206
8110 10064 383840
7648 10370 389403
7648 10370 390261
5141 10064 390264
276 10064 390667
4148 10064 394970
8110 10064 397928
276 10064 397966
603 10064 406659
5807 10064 407084
683 10064 409318
5807 10064 410752
276 10064 412248
4148 10064 420386
6615 10064 425508
4447 10064 427099
1697 10064 433824
4087 10370 437635
2013 10064 446311
6668 10064 454264
6668 10064 457249
276 10064 462645
6615 10064 472934
6615 10064 474328
7339 10370 475855
276 10064 477054
7339 10370 477432
5807 10064 481217
7339 10370 481590
7773 10064 481921
3685 10798 487440
5807 10064 490774
4148 10064 492210
5807 10064 494563
8110 10064 497924
276 10064 498641
276 10064 505854
4447 10064 506262
5714 10064 514431
276 10064 520237
4447 10064 525918
2807 10711 543358
8110 10064 551662
2795 10370 561541
2795 10370 561802
8110 10064 562306
8110 10064 564530
276 10064 570674
2807 10711 574931
5848 10064 578756
4837 10064 580397
276 10064 585064
6966 10064 587372
5751 10064 589152
276 10064 599465
4447 10064 607041
4447 10064 608682
4447 10064 610175
5141 10064 612429
276 10064 613835
8110 10064 628242
8110 10064 634443
276 10064 635434
8110 10064 641875
1191 10711 648101
603 10967 655084
8110 10064 656067
276 10064 657077
8110 10064 658938
276 10064 671469
276 10064 673878
5100 10064 677391
276 10064 685847
6615 10064 690380
6615 10064 691692
4447 10064 701568
411 10064 704386
4447 10064 708022
5886 10370 712433
5886 10370 712842
5886 10370 713275
5886 10370 713351
5886 10370 713475
8110 10064 716995
8110 10064 718805
8110 10064 729049
8110 10064 730522
7648 10370 733646
7648 10370 734159
276 10064 736296
8934 10064 737036
8110 10064 737170
8934 10064 737333
8934 10064 737516
5807 10064 739766
276 10064 744745
4447 10064 749908
276 10064 750714
5807 10064 752638
5751 10064 754955
5751 10064 756336
5751 10064 757346
5751 10064 760070
5751 10064 761667
7184 10798 762480
4191 10064 763960
276 10064 765056
603 10967 767255
4447 10064 769891
6778 10064 772913
276 10064 778510
276 10064 779449
5141 10064 784434
4447 10064 786925
4447 10064 789008
276 10064 808252
2795 10370 818517
276 10064 822655
276 10064 823912
5807 10064 827613
276 10064 829857
3685 10798 831072
5807 10064 832782
276 10064 838306
5807 10064 839485
276 10064 844242
5807 10064 845127
603 10967 851182
276 10064 851457
1930 10064 859762
4447 10064 871311
7648 10370 888237
5319 10064 889015
8525 10064 889313
5319 10064 889677
5319 10064 891241
5319 10064 891878
5319 10064 893377
276 10064 894650
3974 10645 898207
8110 10064 899057
2013 10064 902227
8110 10064 904509
8110 10064 908407
276 10064 909048
8110 10064 911423
5807 10064 911454
8110 10064 914610
276 10064 916251
5807 10064 920954
4148 10064 925688
7773 10064 926943
276 10064 930633
5141 10064 935989
276 10064 937856
276 10064 952239
4447 10064 958313
4447 10064 958870
276 10064 981032
276 10064 995453
8122 10064 996848
5807 10064 1000848
5807 10064 1004681
5141 10064 1007557
276 10064 1009845
5141 10064 1012811
2807 10711 1014419
5807 10064 1014600
276 10064 1017070
276 10064 1018298
276 10064 1031438
276 10064 1045837
8110 10064 1057074
8110 10064 1063463
8110 10064 1067055
276 10064 1067442
276 10064 1068674
2013 10064 1072241
2795 10370 1077607
276 10064 1081851
8110 10064 1082572
5661 10064 1083366
5807 10064 1085083
8110 10064 1085613
5807 10064 1088602
276 10064 1096240
4148 10064 1097742
5807 10064 1099290
4148 10064 1099530
2807 10711 1099912
813 10064 1101908
276 10064 1103451
276 10064 1111896
6778 10064 1122444
6615 10064 1130777
8110 10064 1152124
8110 10064 1154039
276 10064 1161031
8110 10064 1165872
6615 10064 1167185
8110 10064 1169352
8110 10064 1173259
6615 10064 1174170
276 10064 1175457
4087 10370 1178446
4148 10064 1178537
9427 10679 1180384
2807 10711 1183085
276 10064 1189837
5886 10370 1193216
6615 10064 1195103
276 10064 1197043
4330 10064 1198811
603 10967 1203211
6615 10064 1204007
6615 10064 1215537
4447 10064 1217233
2013 10064 1217602
4447 10064 1219023
8110 10064 1222139
6140 10064 1228156
8110 10064 1233888
8110 10064 1238530
9514 10064 1242937
8110 10064 1243196
8110 10064 1244353
2795 10370 1250684
276 10064 1254669
8110 10064 1257673
8110 10064 1259375
276 10064 1261887
603 10967 1264441
5886 10370 1270357
5886 10370 1270609
4148 10064 1270659
5886 10370 1270866
6615 10064 1274697
276 10064 1276273
603 10967 1284081
6615 10064 1287820
276 10064 1290160
276 10064 1291882
6615 10064 1300138
1552 10064 1304261
9514 10064 1306397
5531 10064 1319569
5167 10064 1320441
5319 10064 1323401
5319 10064 1324037
5319 10064 1325576
5319 10064 1326175
276 10064 1326657
276 10064 1327874
276 10064 1341081
5807 10064 1345978
5807 10064 1351155
276 10064 1355476
5886 10370 1358708
5886 10370 1359247
5886 10370 1359279
276 10064 1369864
6615 10064 1393316
8110 10064 1400863
5167 10064 1407241
8110 10064 1407376
276 10064 1413064
2807 10711 1422173
8110 10064 1425925
8110 10064 1427316
5714 10064 1427416
276 10064 1427477
5807 10064 1434221
5886 10370 1434691
6615 10064 1440031
5807 10064 1440714
276 10064 1443187
5807 10064 1444466
5807 10064 1445465
5886 10370 1449706
5886 10370 1449887
5886 10370 1450229
5886 10370 1450400
5886 10370 1450581
5886 10370 1450679
5886 10370 1450749
276 10064 1456267
276 10064 1463474
603 10967 1472763
8110 10064 1493536
8110 10064 1495959
276 10064 1499456
5319 10064 1504049
6221 10064 1505814
276 10064 1506673
4148 10064 1509068
276 10064 1513875
5807 10064 1516367
276 10064 1521098
5714 10064 1526406
5807 10064 1529000
5807 10064 1536087
276 10064 1536681
5831 10645 1541546
5848 10064 1542502
3691 10064 1543766
276 10064 1549863
411 10064 1551332
411 10064 1551608
6615 10064 1558854
4148 10064 1569112
276 10064 1585859
5886 10370 1591808
5319 10064 1593432
5319 10064 1594984
5319 10064 1596913
5319 10064 1598045
567 10064 1599119
5319 10064 1600177
5807 10064 1603180
7577 10370 1604481
276 10064 1607507
4148 10064 1608548
5807 10064 1609282
7648 10370 1613403
5807 10064 1616410
6492 10711 1616944
5141 10064 1618777
276 10064 1621874
276 10064 1623092
4837 10064 1624011
4148 10064 1624093
276 10064 1629079
4087 10370 1643257
2807 10711 1679242
4148 10064 1685022
7648 10370 1685363
5886 10370 1686045
5886 10370 1686933
5886 10370 1687012
326 10064 1693980
4148 10064 1699277
4148 10064 1699715
4148 10064 1702265
276 10064 1708246
276 10064 1715459
4767 10064 1718794
1363 10064 1723345
6615 10064 1725623
6615 10064 1726308
276 10064 1729852
7523 10551 1735676
276 10064 1751485
5319 10064 1756364
5319 10064 1756964
2807 10711 1768282
276 10064 1780255
603 10967 1785186
276 10064 1787461
276 10064 1794664
5886 10370 1796947
5886 10370 1796977
5886 10370 1797035
5886 10370 1797664
6615 10064 1797891
5886 10370 1798167
9617 10370 1799017
9598 10370 1807487
276 10064 1809059
6615 10064 1824706
6615 10064 1826652
9514 10064 1827039
276 10064 1845057
6615 10064 1859974
4087 10370 1860554
663 10064 1861296
276 10064 1866672
9514 10064 1870315
6615 10064 1882728
6615 10064 1885723
6615 10064 1889136
276 10064 1895447
4447 10064 1895513
276 10064 1902660
276 10064 1909275
6615 10064 1911857
6615 10064 1912809
6615 10064 1915596
5319 10064 1930270
276 10064 1931448
5319 10064 1932213
5886 10370 1938782
5886 10370 1938865
5886 10370 1939047
5886 10370 1939181
8122 10064 1939410
5886 10370 1939663
5886 10370 1939797
5886 10370 1939923
5886 10370 1940136
5886 10370 1940214
5886 10370 1940888
276 10064 1945863
5807 10064 1949177
2807 10711 1951583
7339 10370 1954060
5807 10064 1955421
5848 10064 1959001
276 10064 1960273
5807 10064 1961645
3685 10798 1962088
7648 10370 1970085
2807 10711 1973322
276 10064 1974665
6615 10064 1975505
7648 10370 1975658
276 10064 1981865
6615 10064 2001882
5319 10064 2015370
5319 10064 2016042
5319 10064 2017346
276 10064 2017851
5319 10064 2017988
276 10064 2019079
5319 10064 2019307
276 10064 2025066
5319 10064 2026707
5319 10064 2027563
5319 10064 2028194
5319 10064 2029703
5319 10064 2030894
5319 10064 2031816
5319 10064 2033492
5319 10064 2034193
5319 10064 2035755
276 10064 2039469
5807 10064 2040066
2807 10711 2043164
9030 10370 2044317
5807 10064 2046453
276 10064 2046682
4148 10064 2047649
4148 10064 2047870
5807 10064 2051397
5141 10064 2051659
4148 10064 2056498
4148 10064 2056559
276 10064 2061067
603 10967 2064952
4191 10064 2065512
6615 10064 2068479
6615 10064 2069096
6615 10064 2069707
6615 10064 2070396
9598 10370 2070691
2807 10711 2073797
6668 10064 2092234
6615 10064 2098913
276 10064 2104261
276 10064 2112679
5319 10064 2116845
9292 10064 2117171
5319 10064 2117446
5319 10064 2118043
276 10064 2118677
5319 10064 2118730
5319 10064 2120508
5807 10064 2122748
9292 10064 2124993
5807 10064 2126290
7648 10370 2127607
1751 10064 2127778
276 10064 2133091
7648 10370 2133917
7648 10370 2134598
5807 10064 2135575
5141 10064 2144536
276 10064 2147453
4767 10064 2147593
276 10064 2148689
276 10064 2154685
6615 10064 2156394
6615 10064 2157105
6615 10064 2158513
6615 10064 2159174
6615 10064 2159998
5886 10370 2181439
5886 10370 2181597
5886 10370 2182186
5886 10370 2183150
5319 10064 2190833
5886 10370 2197664
5886 10370 2197897
5886 10370 2199186
5886 10370 2199313
5886 10370 2199712
5886 10370 2199853
4330 10064 2204240
276 10064 2205069
7484 10064 2205771
5807 10064 2208988
5807 10064 2215121
8525 10551 2218273
5807 10064 2223002
276 10064 2226676
4191 10064 2229406
276 10064 2241052
276 10064 2248263
6615 10064 2252324
276 10064 2262699
5319 10064 2276150
5319 10064 2276767
5319 10064 2285123
491 10064 2290243
276 10064 2298662
5807 10064 2300391
5848 10064 2301278
603 10967 2301747
4148 10064 2303239
7011 10064 2305369
2807 10711 2307990
276 10064 2313055
7773 10064 2314487
276 10064 2320257
6615 10064 2321836
276 10064 2327461
5141 10064 2327753
9316 10064 2334517
5319 10064 2355241
5319 10064 2355848
5319 10064 2356694
5319 10064 2357308
276 10064 2363444
6615 10064 2373641
2603 10064 2382007
4219 10064 2389931
8636 10821 2390788
7648 10370 2391069
7577 10370 2392164
276 10064 2392256
8636 10821 2392708
7648 10370 2393431
8636 10821 2394729
276 10064 2399464
276 10064 2406673
276 10064 2421068
6615 10064 2422535
6615 10064 2424018
276 10064 2435460
276 10064 2442687
8636 10821 2449567
8636 10821 2450437
7648 10370 2451712
2013 10064 2460069
2013 10064 2460897
7648 10370 2461708
6615 10064 2470428
411 10064 2471737
2807 10711 2474288
4191 10064 2475116
276 10064 2478680
6615 10064 2479636
6615 10064 2483215
276 10064 2493062
6243 10064 2506238
276 10064 2507460
276 10064 2521872
7648 10370 2532869
7648 10370 2533116
7648 10370 2542103
276 10064 2550685
2807 10711 2556349
5807 10064 2556696
276 10064 2565093
5807 10064 2565438
5807 10064 2567315
7116 10370 2572283
276 10064 2579493
276 10064 2580783
6453 10064 2582007
6615 10064 2583317
6615 10064 2584176
6615 10064 2584805
6615 10064 2585485
6615 10064 2586099
2013 10064 2591170
2013 10064 2591356
276 10064 2593889
276 10064 2595118
276 10064 2608257
276 10064 2609481
5886 10370 2621783
5886 10370 2622148
276 10064 2622663
5886 10370 2623263
5886 10370 2623567
5886 10370 2623662
5886 10370 2633408
5886 10370 2633844
5886 10370 2633906
5886 10370 2634169
2795 10370 2636320
276 10064 2637066
5807 10064 2644283
276 10064 2644306
276 10064 2645573
6492 10191 2651308
3685 10798 2651410
276 10064 2651580
411 10064 2656238
411 10064 2656330
7648 10370 2664232
7352 10370 2664817
276 10064 2673246
6615 10064 2674017
6615 10064 2674740
