617 10031 4934
554 10031 11125
1192 10031 12034
1192 10031 14383
554 10031 14716
554 10031 16522
554 10031 17128
554 10031 18059
1662 10031 19952
554 10031 20116
554 10031 21688
554 10031 22529
554 10031 23714
554 10031 24316
554 10031 25524
554 10031 26133
1964 10031 26191
554 10031 27302
1964 10031 27650
554 10031 27931
554 10031 28827
1192 10031 29234
554 10031 30918
554 10031 32416
554 10031 33328
1964 10031 33734
554 10031 34530
554 10031 35721
554 10031 36924
554 10031 37855
833 10031 38744
554 10031 39027
554 10031 39626
554 10031 41730
554 10031 42620
554 10031 43252
1964 10031 44684
1964 10031 45402
554 10031 45614
554 10031 46231
2944 10031 46798
554 10031 47228
554 10031 48659
554 10031 50468
554 10031 52241
554 10031 54065
3425 10031 54442
554 10031 54906
554 10031 55848
3425 10031 55965
554 10031 56739
3562 10031 56786
3562 10031 57740
3562 10031 58428
554 10031 58541
3425 10031 58644
3562 10031 59612
3562 10031 60515
554 10031 61550
3562 10031 62275
3883 10031 62493
554 10031 63065
554 10031 64843
3562 10031 65070
554 10031 66301
3562 10031 66782
554 10031 67516
554 10031 68717
3883 10031 69697
554 10031 70536
3883 10031 76896
3883 10031 84085
3425 10031 90150
617 10031 90571
4995 10031 92571
3425 10031 93158
5081 10031 95880
5081 10031 96815
554 10031 97518
554 10031 98119
5081 10031 99189
5081 10031 100118
5081 10031 100999
5081 10031 101894
554 10031 102911
554 10031 104506
5256 10031 105363
5257 10031 105377
554 10031 105618
3883 10031 105673
554 10031 106244
1662 10031 106462
554 10031 108317
1662 10031 108380
5314 10031 108438
5257 10031 108469
5314 10031 109160
5257 10031 109232
554 10031 109536
5314 10031 109948
554 10031 110733
5314 10031 111892
554 10031 111927
554 10031 112539
3883 10031 112885
554 10031 113709
554 10031 114329
4995 10031 115452
554 10031 115522
554 10031 116143
5314 10031 117572
554 10031 117635
554 10031 118821
1192 10031 119071
554 10031 120015
554 10031 120908
5314 10031 122395
554 10031 122457
554 10031 123319
5256 10031 123606
554 10031 124524
5256 10031 125114
5314 10031 125220
554 10031 125721
5314 10031 125820
5256 10031 125822
554 10031 126917
5314 10031 127119
554 10031 127819
554 10031 129036
554 10031 132624
554 10031 134143
3883 10031 134489
554 10031 135328
3425 10031 135863
554 10031 137121
3566 10031 138270
3425 10031 138568
554 10031 138645
554 10031 140735
554 10031 141645
554 10031 142565
6052 10031 142932
554 10031 143506
6052 10031 144118
554 10031 144144
6052 10031 145331
554 10031 146108
554 10031 147618
3562 10031 148790
6206 10031 148881
554 10031 149128
3562 10031 151219
554 10031 151869
3562 10031 151915
554 10031 153435
6052 10031 153918
554 10031 155284
9 10031 158052
554 10031 158778
3562 10031 160047
554 10031 160508
554 10031 161413
554 10031 162050
3562 10031 162558
3562 10031 163274
554 10031 163844
3562 10031 164629
554 10031 165661
3255 10031 166989
554 10031 168022
554 10031 169247
554 10031 173554
554 10031 174756
554 10031 176527
554 10031 178636
4995 10031 178901
5081 10031 179351
554 10031 180436
5081 10031 180565
554 10031 181626
5257 10031 181688
5081 10031 181769
554 10031 182286
554 10031 184039
554 10031 184641
3883 10031 184892
554 10031 185839
554 10031 187630
617 10031 187751
554 10031 188231
554 10031 188842
554 10031 190024
554 10031 190642
6844 10031 191716
554 10031 191827
554 10031 192426
6844 10031 192429
554 10031 193030
554 10031 194855
554 10031 196063
1662 10031 197877
3883 10031 199265
554 10031 199338
554 10031 199961
6856 10031 200201
6856 10031 200948
554 10031 201441
6856 10031 202046
554 10031 202348
1192 10031 203052
1662 10031 204616
554 10031 205067
3883 10031 206482
1192 10031 206499
1964 10031 206621
554 10031 207154
6844 10031 207370
6844 10031 208212
554 10031 209240
1192 10031 209493
1964 10031 209570
554 10031 210134
7009 10031 210249
554 10031 211627
1964 10031 212080
554 10031 212866
3883 10031 213687
3255 10031 213860
554 10031 214635
5256 10031 214930
3425 10031 215348
5256 10031 215712
554 10031 217931
3425 10031 218381
1964 10031 218615
554 10031 218852
1964 10031 219936
554 10031 220029
3425 10031 220455
3883 10031 220886
554 10031 221820
6206 10031 222589
1964 10031 222705
1964 10031 223332
554 10031 223661
554 10031 225428
554 10031 227249
3024 10031 227322
7009 10031 227396
3883 10031 228098
554 10031 229049
6206 10031 229214
3255 10031 230218
554 10031 230225
7009 10031 230445
554 10031 230854
554 10031 234433
3361 10031 235712
554 10031 235947
554 10031 236861
554 10031 238031
554 10031 239854
3883 10031 242488
3566 10031 243755
554 10031 244948
554 10031 246721
554 10031 247325
554 10031 248566
3566 10031 248697
554 10031 249785
554 10031 250961
554 10031 253951
554 10031 255756
3255 10031 259241
554 10031 259923
554 10031 261136
3425 10031 263643
617 10031 264765
554 10031 265045
554 10031 265931
4995 10031 266038
554 10031 266826
554 10031 268625
5081 10031 268764
5081 10031 270262
4995 10031 270747
5257 10031 272200
554 10031 272231
5257 10031 273480
5742 10031 273482
554 10031 274045
5314 10031 275223
554 10031 275833
554 10031 277663
1192 10031 278419
554 10031 278844
5314 10031 280068
6844 10031 280368
6844 10031 281030
554 10031 282434
554 10031 284836
554 10031 285731
554 10031 286344
1662 10031 286507
554 10031 288135
4995 10031 288209
1192 10031 288441
5314 10031 289763
554 10031 290234
5314 10031 291505
1192 10031 291590
554 10031 291745
3883 10031 292891
5314 10031 292924
554 10031 293552
1192 10031 293941
1964 10031 294794
554 10031 295634
1964 10031 295864
1964 10031 296670
5314 10031 296849
554 10031 297137
1964 10031 298596
5314 10031 298901
554 10031 299225
7718 10031 300024
5314 10031 300392
5256 10031 300674
554 10031 301024
1964 10031 301934
5256 10031 302098
7718 10031 302372
554 10031 302861
1964 10031 303311
7718 10031 303674
1964 10031 304035
554 10031 304342
7718 10031 305149
3566 10031 306030
554 10031 306179
3883 10031 307288
554 10031 307657
7781 10031 309479
554 10031 309780
3425 10031 310163
7781 10031 310198
3566 10031 311233
3425 10031 311371
554 10031 311554
7009 10031 311594
554 10031 313623
7781 10031 313666
6052 10031 313819
3883 10031 314505
7781 10031 314520
6052 10031 315027
7781 10031 315880
554 10031 316663
7781 10031 317451
7835 10031 318177
554 10031 318741
3566 10031 318907
1662 10031 319274
3566 10031 319355
554 10031 319630
7781 10031 319808
554 10031 320539
3883 10031 321716
554 10031 322366
554 10031 324307
554 10031 325939
554 10031 327140
554 10031 327750
3566 10031 328132
3566 10031 328168
3883 10031 328901
554 10031 329589
554 10031 330756
554 10031 333152
554 10031 334961
554 10031 336733
554 10031 337359
7959 10031 337405
554 10031 338566
6206 10031 339263
3425 10031 339853
554 10031 340339
3024 10031 341003
3562 10031 342068
7959 10031 343992
554 10031 344832
3562 10031 344898
7959 10031 344902
3562 10031 345736
3562 10031 346688
3425 10031 347967
554 10031 348175
554 10031 349369
617 10031 350433
3425 10031 350662
554 10031 351443
4995 10031 352394
7619 10031 353270
554 10031 353271
554 10031 355042
5257 10031 355532
5081 10031 355750
2740 10031 356315
554 10031 356825
5257 10031 357012
5081 10031 357569
554 10031 358034
554 10031 358640
5257 10031 360170
554 10031 360429
554 10031 361038
5257 10031 361772
5257 10031 362590
554 10031 362832
554 10031 366427
554 10031 367626
7619 10031 368686
554 10031 368826
554 10031 369456
5314 10031 369910
554 10031 370350
5314 10031 370813
554 10031 370965
1662 10031 371236
3883 10031 372087
1964 10031 372275
554 10031 372730
1964 10031 373332
6844 10031 373862
554 10031 373927
1964 10031 373941
7718 10031 374019
3255 10031 374234
7718 10031 374888
554 10031 375146
554 10031 376326
7781 10031 376867
6844 10031 377466
554 10031 377535
7781 10031 377577
5314 10031 378081
554 10031 378153
7781 10031 378304
5314 10031 379372
7781 10031 379503
554 10031 379943
554 10031 380837
8096 10031 381677
7619 10031 383568
5314 10031 383611
554 10031 383827
554 10031 384430
8096 10031 384761
554 10031 385381
3255 10031 386326
554 10031 387129
8096 10031 387310
3255 10031 387377
6844 10031 388097
6856 10031 388548
5314 10031 388667
554 10031 388998
5256 10031 389233
3425 10031 389251
8096 10031 389887
5256 10031 390066
554 10031 391025
7835 10031 392745
554 10031 392873
7009 10031 392885
3425 10031 392906
554 10031 393529
3883 10031 393767
3425 10031 393776
554 10031 394853
7768 10031 395027
554 10031 395907
6052 10031 396130
554 10031 396575
554 10031 398100
554 10031 399517
3883 10031 400924
7009 10031 401796
554 10031 401832
7835 10031 401875
554 10031 403064
554 10031 403753
554 10031 404569
7835 10031 404792
554 10031 405445
2740 10031 405681
7009 10031 405863
554 10031 407252
3883 10031 408178
554 10031 408823
554 10031 409818
2784 10031 410237
554 10031 410688
554 10031 411616
3024 10031 412808
1662 10031 412869
554 10031 413539
554 10031 414144
554 10031 416560
554 10031 417163
554 10031 417781
554 10031 418926
554 10031 421341
554 10031 422539
554 10031 424950
2784 10031 425709
554 10031 426730
554 10031 427619
554 10031 428694
7959 10031 431139
7959 10031 431915
554 10031 435961
554 10031 438070
4995 10031 439015
617 10031 439861
554 10031 439880
5081 10031 441556
554 10031 441673
3425 10031 442625
4995 10031 443041
5081 10031 443361
554 10031 443476
554 10031 445288
554 10031 446525
4995 10031 447217
554 10031 447704
7619 10031 448564
554 10031 448865
5257 10031 449249
554 10031 449481
554 10031 450121
5257 10031 450442
1662 10031 451054
5257 10031 451969
554 10031 453073
5314 10031 453386
8096 10031 453895
554 10031 454259
6844 10031 454605
6844 10031 455212
554 10031 456066
8096 10031 456436
554 10031 457321
5314 10031 458088
554 10031 458468
3883 10031 458487
8096 10031 459092
554 10031 459670
5257 10031 460431
6856 10031 460667
554 10031 461172
6856 10031 461869
8096 10031 461981
554 10031 462167
554 10031 463304
554 10031 464484
8096 10031 464707
3883 10031 465681
6856 10031 465766
554 10031 466282
6844 10031 466366
6856 10031 467359
6844 10031 467817
3255 10031 468630
6856 10031 469209
1192 10031 469524
6856 10031 469812
554 10031 470173
554 10031 470781
6856 10031 470996
554 10031 471695
554 10031 472581
1192 10031 472584
5314 10031 472924
6856 10031 473255
5314 10031 473887
5256 10031 474013
554 10031 474407
554 10031 475299
5256 10031 475499
554 10031 476183
6856 10031 476675
554 10031 477384
554 10031 478286
3425 10031 479324
7768 10031 479716
6856 10031 479770
7768 10031 479840
3697 10031 480426
554 10031 480722
3425 10031 480780
554 10031 481320
3425 10031 481672
554 10031 481917
554 10031 482531
554 10031 483182
554 10031 484706
3425 10031 484720
6052 10031 486249
554 10031 486480
3697 10031 487065
6052 10031 487499
554 10031 487988
554 10031 490068
3697 10031 490258
554 10031 490878
554 10031 491516
7835 10031 491619
7009 10031 492042
554 10031 492685
554 10031 493572
554 10031 494236
6206 10031 495082
554 10031 496889
554 10031 497769
1662 10031 498499
3697 10031 498709
554 10031 499298
3255 10031 500215
554 10031 500631
3255 10031 501203
554 10031 502271
554 10031 503170
3024 10031 503410
6206 10031 505389
554 10031 505890
554 10031 508271
554 10031 510092
3697 10031 511623
554 10031 512182
554 10031 514026
3697 10031 514311
554 10031 516069
554 10031 517261
554 10031 519966
554 10031 522369
3255 10031 522961
617 10031 523056
4995 10031 524724
5081 10031 526442
3697 10031 527672
3425 10031 529019
554 10031 529870
3024 10031 530823
4995 10031 531173
554 10031 532273
5257 10031 532985
1192 10031 533424
554 10031 533465
5257 10031 533833
4995 10031 533907
554 10031 534098
1192 10031 534950
5257 10031 534977
554 10031 535282
5257 10031 535862
7619 10031 536027
5257 10031 536748
554 10031 537068
6856 10031 537467
6844 10031 538032
6856 10031 538066
6844 10031 538631
554 10031 538888
6856 10031 539755
554 10031 540665
6856 10031 541722
554 10031 541882
554 10031 543058
554 10031 543682
6856 10031 543839
6856 10031 544456
554 10031 544599
554 10031 545473
6856 10031 546090
554 10031 546996
6856 10031 547030
6856 10031 548381
6856 10031 548989
554 10031 549094
1964 10031 550295
1662 10031 550485
1964 10031 550905
6856 10031 551382
554 10031 551462
554 10031 552382
1964 10031 552593
7619 10031 552991
5256 10031 553146
1964 10031 553486
5256 10031 553743
554 10031 554475
1964 10031 554514
554 10031 555075
1964 10031 555263
6844 10031 555865
1964 10031 556027
554 10031 556271
6844 10031 556596
554 10031 556872
1964 10031 558122
554 10031 558683
554 10031 560157
7619 10031 560492
3697 10031 561231
5256 10031 561669
554 10031 561682
554 10031 562567
5256 10031 562679
1964 10031 563259
554 10031 563765
1964 10031 564038
5256 10031 564123
554 10031 564378
3697 10031 564935
554 10031 565573
554 10031 567364
2784 10031 567509
554 10031 568880
7768 10031 569057
554 10031 569767
3425 10031 570134
554 10031 571270
3425 10031 571628
554 10031 572203
3697 10031 572757
3425 10031 573159
554 10031 574602
3697 10031 576072
554 10031 576135
7768 10031 576764
554 10031 577004
554 10031 578170
554 10031 579471
554 10031 582402
554 10031 584171
554 10031 585078
3697 10031 588210
554 10031 590786
3255 10031 597396
554 10031 602463
554 10031 608784
617 10031 609441
3425 10031 610633
3425 10031 612731
5257 10031 613418
554 10031 615679
5257 10031 616091
554 10031 618067
554 10031 619919
554 10031 621689
7619 10031 622256
554 10031 623492
554 10031 624674
554 10031 625875
554 10031 626507
554 10031 628886
554 10031 630380
3883 10031 631275
554 10031 631865
554 10031 633118
554 10031 634267
554 10031 635466
554 10031 637270
554 10031 637893
3883 10031 638482
554 10031 638556
3255 10031 639997
554 10031 641457
1964 10031 642180
1662 10031 642655
554 10031 642694
7619 10031 642816
1964 10031 642849
3697 10031 643450
554 10031 643868
554 10031 644496
554 10031 645097
554 10031 646564
1964 10031 646993
554 10031 648120
1964 10031 648784
1964 10031 649436
554 10031 649885
3697 10031 649899
1964 10031 650615
1964 10031 651240
554 10031 651382
1964 10031 652017
554 10031 652603
554 10031 654072
554 10031 655890
554 10031 657063
554 10031 658007
554 10031 658909
554 10031 659809
554 10031 660709
7835 10031 662647
554 10031 662798
554 10031 664313
554 10031 665185
554 10031 666114
554 10031 666992
554 10031 667606
3024 10031 667640
554 10031 668764
3024 10031 669438
3024 10031 669601
554 10031 671779
554 10031 673288
3562 10031 694715
554 10031 695353
617 10031 696409
554 10031 696855
554 10031 697747
554 10031 699249
554 10031 700458
5257 10031 701455
554 10031 702264
3024 10031 702658
554 10031 703150
554 10031 704348
1192 10031 705570
554 10031 705851
5257 10031 706036
554 10031 706475
5257 10031 706921
554 10031 707381
1192 10031 707565
554 10031 709761
6844 10031 710862
554 10031 711571
6844 10031 712084
554 10031 713063
554 10031 713968
6844 10031 713996
5314 10031 714133
6856 10031 714635
5314 10031 714930
554 10031 715138
6856 10031 715324
554 10031 716046
6856 10031 716292
554 10031 716648
4995 10031 717450
554 10031 717554
3883 10031 717678
3255 10031 719155
554 10031 719942
5314 10031 720464
1662 10031 720769
554 10031 721153
5314 10031 721922
554 10031 722647
554 10031 723318
5256 10031 723483
1662 10031 723714
554 10031 724174
7619 10031 724193
5314 10031 724541
3883 10031 724875
554 10031 725043
554 10031 725988
1964 10031 726305
1192 10031 727060
554 10031 727152
5314 10031 728261
554 10031 728655
3255 10031 728880
6844 10031 729777
3697 10031 729970
554 10031 730147
6844 10031 730375
5314 10031 730595
554 10031 731076
5314 10031 731230
7619 10031 732020
3883 10031 732096
554 10031 732878
1964 10031 733415
3697 10031 733631
5256 10031 733932
5314 10031 734234
554 10031 734675
1964 10031 734702
5256 10031 735242
554 10031 736179
3697 10031 737025
1192 10031 737703
554 10031 738600
554 10031 739759
554 10031 740953
554 10031 741614
554 10031 742459
554 10031 744274
3024 10031 745333
554 10031 745519
3024 10031 745767
6052 10031 746050
8952 10031 746274
554 10031 746459
3883 10031 746589
6052 10031 746723
6052 10031 747324
554 10031 747637
6052 10031 747979
7009 10031 748060
7835 10031 748258
1192 10031 748516
554 10031 748888
6052 10031 749277
554 10031 751538
554 10031 752701
554 10031 753341
2740 10031 753370
554 10031 754458
6206 10031 755037
554 10031 755718
554 10031 756850
554 10031 757454
554 10031 758059
554 10031 759252
2740 10031 760423
554 10031 760460
3883 10031 760913
554 10031 761658
554 10031 763493
6052 10031 764130
3024 10031 764682
6052 10031 765238
554 10031 765284
6052 10031 766458
6052 10031 767579
554 10031 767687
3883 10031 768094
554 10031 768862
3425 10031 768966
6206 10031 769079
554 10031 771288
3883 10031 775286
7959 10031 778244
554 10031 778443
1192 10031 780893
554 10031 781758
3883 10031 782481
617 10031 782584
554 10031 783242
554 10031 785078
4995 10031 785320
554 10031 785683
5081 10031 786075
5081 10031 786679
554 10031 787480
7619 10031 788356
554 10031 788961
7619 10031 789051
554 10031 790446
554 10031 791657
554 10031 792546
554 10031 794049
7619 10031 795894
554 10031 795897
554 10031 797055
5257 10031 797855
554 10031 797953
5314 10031 798319
5257 10031 798727
554 10031 799162
5314 10031 799178
5257 10031 799930
6844 10031 799969
554 10031 800047
6844 10031 801172
5314 10031 803015
554 10031 803061
3883 10031 804068
5314 10031 804519
554 10031 804876
554 10031 805762
1192 10031 805919
1662 10031 806473
554 10031 806946
3697 10031 808180
1192 10031 808717
554 10031 808752
5314 10031 809462
554 10031 810555
7718 10031 810785
3883 10031 811269
554 10031 812041
8952 10031 812756
7718 10031 812822
554 10031 813866
3697 10031 814806
554 10031 815048
554 10031 816261
2784 10031 816306
554 10031 817443
5314 10031 818057
554 10031 818082
6844 10031 818211
5256 10031 819054
554 10031 819543
5256 10031 819679
5314 10031 820358
5256 10031 820588
554 10031 821107
5256 10031 821759
5256 10031 822379
5256 10031 823085
554 10031 823144
5256 10031 824101
8865 10031 824591
554 10031 824954
3883 10031 825692
7009 10031 825834
7835 10031 826094
3566 10031 826353
3566 10031 826403
554 10031 826769
7768 10031 827447
7768 10031 827638
554 10031 828273
6052 10031 829096
554 10031 829751
3425 10031 830172
8865 10031 831792
554 10031 831875
554 10031 832775
554 10031 833950
554 10031 835481
554 10031 837269
1662 10031 837592
8865 10031 838984
554 10031 839069
3883 10031 840110
554 10031 841468
3024 10031 841740
554 10031 844453
8865 10031 846192
554 10031 846853
554 10031 848064
7959 10031 848823
554 10031 849277
554 10031 851043
6206 10031 851423
7959 10031 853268
8865 10031 853358
554 10031 854064
3883 10031 854494
3024 10031 854848
3425 10031 856265
554 10031 857669
8865 10031 860575
3883 10031 861688
554 10031 868157
3425 10031 868869
617 10031 869346
554 10031 869667
554 10031 870550
5081 10031 870664
554 10031 871450
4995 10031 871691
554 10031 872050
554 10031 872669
554 10031 874457
4995 10031 874618
3024 10031 874662
3425 10031 875163
554 10031 875344
554 10031 876855
554 10031 877463
5257 10031 877983
554 10031 878966
5257 10031 879506
554 10031 880463
5257 10031 881092
3024 10031 881348
554 10031 881356
5257 10031 882632
554 10031 882845
6844 10031 883475
554 10031 884056
6844 10031 884174
554 10031 884661
5314 10031 885150
554 10031 885854
5256 10031 886147
554 10031 886745
5256 10031 886985
5257 10031 887799
554 10031 889444
7718 10031 889877
3883 10031 890481
4995 10031 890570
554 10031 891547
1662 10031 892116
554 10031 892154
554 10031 893348
833 10031 894724
554 10031 894850
5314 10031 895172
554 10031 895766
8865 10031 896539
554 10031 896955
5256 10031 897312
6844 10031 897346
7718 10031 897531
5256 10031 898450
554 10031 898744
5256 10031 899166
5256 10031 899762
554 10031 900544
5256 10031 900970
554 10031 901146
554 10031 901823
7718 10031 903356
5256 10031 903671
8865 10031 903755
554 10031 903838
5256 10031 904748
5314 10031 905371
554 10031 905660
554 10031 906260
7718 10031 906862
5256 10031 906914
554 10031 907489
6856 10031 908261
554 10031 908664
8865 10031 910960
1964 10031 912460
554 10031 912867
1964 10031 913977
1964 10031 914615
3425 10031 914647
554 10031 914772
1964 10031 915408
554 10031 916768
8865 10031 918182
554 10031 918275
9187 10031 918302
3024 10031 919732
9187 10031 921087
9187 10031 921840
554 10031 921897
1964 10031 922059
554 10031 923356
554 10031 923953
9187 10031 924259
1662 10031 925072
8865 10031 925374
554 10031 925467
6052 10031 926532
554 10031 927245
6052 10031 927841
554 10031 928447
6052 10031 928980
6206 10031 929478
554 10031 930260
2784 10031 930775
8865 10031 932559
554 10031 932654
554 10031 934474
8952 10031 934808
7959 10031 935172
3425 10031 935378
7768 10031 936155
554 10031 936860
7959 10031 936945
554 10031 938073
554 10031 940443
6206 10031 941044
7959 10031 941138
3024 10031 942243
7959 10031 942722
554 10031 944052
3425 10031 946137
7959 10031 946429
3425 10031 946748
8865 10031 946962
7959 10031 947488
7959 10031 949516
554 10031 951023
554 10031 953426
554 10031 954029
8865 10031 954152
554 10031 955819
617 10031 956295
5081 10031 956905
4995 10031 957533
5081 10031 958114
554 10031 960017
9187 10031 960263
3024 10031 961568
554 10031 963011
5257 10031 964136
554 10031 964200
5257 10031 965395
554 10031 965417
5314 10031 967096
9187 10031 968341
554 10031 968437
3425 10031 969568
554 10031 969626
5314 10031 969743
6844 10031 970492
5314 10031 970581
554 10031 970818
6844 10031 971097
6856 10031 971504
554 10031 972313
6856 10031 972574
9187 10031 972865
9187 10031 973739
5314 10031 974088
554 10031 974116
5256 10031 974778
6856 10031 975321
554 10031 975927
9187 10031 976451
554 10031 976804
5256 10031 976991
7619 10031 977015
6856 10031 977195
9187 10031 977351
554 10031 977431
5256 10031 977880
554 10031 978315
5256 10031 978481
6856 10031 978937
1192 10031 979067
554 10031 979243
6856 10031 979998
9187 10031 980063
554 10031 980128
1662 10031 980714
7619 10031 980769
5314 10031 980822
6856 10031 981035
1192 10031 981453
7619 10031 981491
5256 10031 982267
5314 10031 982401
9187 10031 982763
8865 10031 982953
1662 10031 983102
554 10031 983117
5256 10031 983167
5256 10031 983943
1192 10031 984161
6856 10031 984182
554 10031 984624
5256 10031 984658
5256 10031 985261
7619 10031 985281
5314 10031 985497
5256 10031 985867
6856 10031 985993
6844 10031 986264
9187 10031 986357
554 10031 986732
6856 10031 987064
554 10031 988213
1964 10031 988349
6856 10031 988584
5256 10031 989342
6856 10031 989638
8865 10031 990148
554 10031 990315
554 10031 992108
6856 10031 992596
554 10031 993305
5314 10031 993663
6856 10031 994429
554 10031 994515
1964 10031 995188
554 10031 995449
554 10031 996916
8865 10031 997363
1964 10031 997624
554 10031 997825
6052 10031 998535
9230 10031 998596
1964 10031 998989
554 10031 999319
9230 10031 999927
554 10031 1000249
554 10031 1001113
1964 10031 1001487
1964 10031 1002337
554 10031 1002343
7768 10031 1003110
9187 10031 1003813
1964 10031 1004065
554 10031 1004432
8865 10031 1004575
1964 10031 1005104
3425 10031 1005247
3024 10031 1005460
554 10031 1005614
9187 10031 1005755
1964 10031 1005815
554 10031 1006225
1964 10031 1006834
7009 10031 1007378
554 10031 1007402
9187 10031 1009828
2944 10031 1010166
554 10031 1010731
554 10031 1011645
9187 10031 1011725
554 10031 1012548
9187 10031 1013379
6206 10031 1013678
3697 10031 1014158
554 10031 1014315
554 10031 1015832
554 10031 1017046
2784 10031 1017887
554 10031 1018519
554 10031 1020631
3562 10031 1020955
554 10031 1021531
554 10031 1023657
3697 10031 1024477
554 10031 1024833
554 10031 1026011
8865 10031 1026147
3024 10031 1026313
554 10031 1027815
3024 10031 1028218
554 10031 1028420
554 10031 1030210
3425 10031 1030464
554 10031 1031105
3697 10031 1033058
3024 10031 1033265
8865 10031 1033350
7959 10031 1034730
7768 10031 1035767
554 10031 1035769
554 10031 1037400
554 10031 1038621
9187 10031 1040348
8865 10031 1040555
9187 10031 1042207
617 10031 1042534
554 10031 1042815
9187 10031 1043078
554 10031 1044044
4995 10031 1044664
5257 10031 1046065
554 10031 1047016
5257 10031 1047071
3024 10031 1047348
554 10031 1047637
8865 10031 1047731
554 10031 1049428
1192 10031 1050085
5257 10031 1051023
554 10031 1051253
7619 10031 1052190
9187 10031 1052970
554 10031 1055115
5081 10031 1055290
554 10031 1055737
554 10031 1056928
5314 10031 1057066
9187 10031 1057469
6844 10031 1057473
554 10031 1057818
5256 10031 1058100
6844 10031 1058172
6856 10031 1058215
554 10031 1058736
9187 10031 1058890
554 10031 1059610
9187 10031 1059790
554 10031 1061106
6856 10031 1061264
5081 10031 1061281
554 10031 1062323
7619 10031 1062845
554 10031 1062926
5256 10031 1062961
6856 10031 1063387
5256 10031 1064049
554 10031 1064413
1662 10031 1064719
554 10031 1065309
6856 10031 1065470
3697 10031 1065625
6856 10031 1066904
554 10031 1067429
5314 10031 1067791
5256 10031 1067959
1192 10031 1068517
5256 10031 1068663
7718 10031 1068746
554 10031 1069235
8865 10031 1069354
7718 10031 1069435
3697 10031 1069860
5256 10031 1069917
7718 10031 1070072
554 10031 1070120
5256 10031 1070772
7718 10031 1070834
554 10031 1071007
1192 10031 1071784
5256 10031 1072384
554 10031 1072827
5314 10031 1073454
5256 10031 1073640
554 10031 1074919
6844 10031 1075435
6844 10031 1076084
5314 10031 1077601
554 10031 1077609
554 10031 1078814
5314 10031 1079103
554 10031 1079721
5256 10031 1079757
1192 10031 1079833
5314 10031 1079899
3697 10031 1079931
554 10031 1080618
1192 10031 1080924
5256 10031 1080957
554 10031 1081825
554 10031 1082725
554 10031 1083925
554 10031 1084815
554 10031 1085739
2944 10031 1086298
554 10031 1086626
554 10031 1087522
554 10031 1088417
554 10031 1089048
3425 10031 1089581
3697 10031 1089704
554 10031 1090220
1662 10031 1090338
9132 10031 1090747
8865 10031 1090977
6052 10031 1091176
554 10031 1091308
554 10031 1092006
6052 10031 1092427
7835 10031 1092533
554 10031 1092924
554 10031 1094110
554 10031 1094728
7835 10031 1094915
7009 10031 1095251
6206 10031 1095654
554 10031 1096516
554 10031 1097141
9132 10031 1098018
8865 10031 1098168
554 10031 1098318
9187 10031 1098854
554 10031 1098922
9132 10031 1099396
9187 10031 1099747
554 10031 1099853
554 10031 1100780
9187 10031 1101221
554 10031 1101652
9187 10031 1102459
554 10031 1103115
3024 10031 1104312
3024 10031 1104404
3697 10031 1105134
8865 10031 1105369
554 10031 1105534
554 10031 1106711
4623 10031 1108142
554 10031 1110619
3024 10031 1111406
554 10031 1112440
6206 10031 1112514
8865 10031 1112591
554 10031 1113634
7768 10031 1115805
7768 10031 1116104
7768 10031 1116502
3024 10031 1117211
554 10031 1117506
554 10031 1118408
554 10031 1120204
554 10031 1122010
554 10031 1123807
3425 10031 1124960
554 10031 1126217
8865 10031 1126990
554 10031 1127397
554 10031 1129207
617 10031 1129812
3425 10031 1129844
3425 10031 1130679
5081 10031 1130889
5257 10031 1131319
5081 10031 1131799
3024 10031 1132136
3425 10031 1132144
554 10031 1135846
554 10031 1137604
554 10031 1138222
3024 10031 1138279
554 10031 1139439
3024 10031 1139799
5256 10031 1141441
554 10031 1141517
5256 10031 1142713
554 10031 1143054
5256 10031 1143485
6844 10031 1144016
6856 10031 1144100
5256 10031 1144267
554 10031 1144808
5256 10031 1145400
6856 10031 1145544
554 10031 1146923
6856 10031 1147432
554 10031 1148100
6856 10031 1148688
554 10031 1149013
554 10031 1149830
6856 10031 1150536
1662 10031 1151694
554 10031 1151710
6856 10031 1152122
554 10031 1152620
5256 10031 1153743
554 10031 1153821
6856 10031 1153842
9301 10031 1154807
1964 10031 1155477
8865 10031 1155738
554 10031 1155919
6856 10031 1156227
5256 10031 1156622
6856 10031 1157395
5256 10031 1157642
554 10031 1157705
6844 10031 1158154
554 10031 1158612
6844 10031 1158980
5256 10031 1159022
554 10031 1159531
5256 10031 1160107
554 10031 1160130
5256 10031 1161238
5256 10031 1161840
554 10031 1162212
8865 10031 1162949
554 10031 1164029
554 10031 1165821
3697 10031 1166323
554 10031 1167322
554 10031 1168521
8865 10031 1170143
554 10031 1170347
554 10031 1171852
3697 10031 1173729
554 10031 1173918
9187 10031 1175013
3425 10031 1177221
8865 10031 1177362
1964 10031 1177952
9187 10031 1178188
1964 10031 1178646
554 10031 1178719
9230 10031 1178987
9230 10031 1179731
1964 10031 1179829
9187 10031 1179924
9230 10031 1180396
9301 10031 1180600
554 10031 1180858
1964 10031 1181272
9187 10031 1181545
9230 10031 1181623
3697 10031 1182403
554 10031 1182627
1964 10031 1182648
9230 10031 1183727
9187 10031 1184021
8865 10031 1184552
554 10031 1184999
9187 10031 1186159
554 10031 1186236
9230 10031 1186276
7768 10031 1186811
9187 10031 1187361
554 10031 1188018
9187 10031 1188862
9230 10031 1189831
554 10031 1190114
9187 10031 1191245
554 10031 1191652
9187 10031 1193002
3697 10031 1193563
554 10031 1193702
554 10031 1195228
3024 10031 1199500
3697 10031 1204923
3024 10031 1205055
9230 10031 1205936
8865 10031 1206160
9230 10031 1207395
9230 10031 1215000
3425 10031 1215619
617 10031 1216970
9187 10031 1220388
554 10031 1221549
9187 10031 1221555
554 10031 1222465
9187 10031 1222573
554 10031 1223354
9187 10031 1223420
7619 10031 1224356
9187 10031 1224560
9187 10031 1225441
554 10031 1226062
9187 10031 1226169
554 10031 1226966
554 10031 1228158
554 10031 1229665
833 10031 1230781
554 10031 1231443
554 10031 1232054
554 10031 1232651
554 10031 1233279
9187 10031 1234404
554 10031 1234445
554 10031 1235084
554 10031 1236842
9187 10031 1237764
554 10031 1238992
554 10031 1240467
1662 10031 1241383
8865 10031 1242142
554 10031 1242254
554 10031 1243458
554 10031 1244061
554 10031 1245543
554 10031 1246768
554 10031 1247947
554 10031 1249745
9187 10031 1250601
9187 10031 1251504
554 10031 1251845
554 10031 1252464
9187 10031 1253309
554 10031 1253371
554 10031 1254243
554 10031 1255153
3697 10031 1255345
9187 10031 1256000
9187 10031 1256893
554 10031 1256956
9187 10031 1257541
9230 10031 1257582
9187 10031 1258458
554 10031 1258766
9187 10031 1259582
554 10031 1260256
3697 10031 1260684
7768 10031 1261070
9230 10031 1261249
9230 10031 1262257
9187 10031 1262294
554 10031 1262341
9230 10031 1263008
554 10031 1263239
9187 10031 1263560
8865 10031 1263762
9230 10031 1263884
3425 10031 1263898
554 10031 1264147
9187 10031 1264479
9230 10031 1264502
3425 10031 1264544
9230 10031 1265438
554 10031 1265654
9230 10031 1266182
9187 10031 1266606
9230 10031 1266792
9230 10031 1267434
554 10031 1267455
554 10031 1268354
554 10031 1268969
7835 10031 1269062
3024 10031 1269080
9230 10031 1269614
3024 10031 1269930
554 10031 1270162
9230 10031 1270474
3697 10031 1270889
8865 10031 1270978
554 10031 1271349
9230 10031 1273257
9230 10031 1273893
554 10031 1274073
9301 10031 1274392
554 10031 1274944
9230 10031 1275226
9230 10031 1275861
554 10031 1276747
9230 10031 1276793
9230 10031 1277559
554 10031 1277980
9230 10031 1278580
9301 10031 1279282
9230 10031 1280024
554 10031 1280339
9230 10031 1282557
554 10031 1283104
3697 10031 1283726
3024 10031 1285082
3697 10031 1288887
9230 10031 1290128
3425 10031 1290320
7959 10031 1290699
7959 10031 1291361
7959 10031 1292545
8865 10031 1292579
7959 10031 1294039
554 10031 1295049
8865 10031 1299773
554 10031 1300149
617 10031 1301085
554 10031 1301654
554 10031 1302292
554 10031 1303444
554 10031 1304064
3024 10031 1305196
554 10031 1305548
5081 10031 1305960
554 10031 1306466
554 10031 1307361
4995 10031 1308147
554 10031 1308844
554 10031 1311554
554 10031 1312784
554 10031 1314262
9187 10031 1314320
554 10031 1315178
6844 10031 1315499
554 10031 1316655
9187 10031 1316986
9187 10031 1317857
9575 10031 1318083
554 10031 1318449
5314 10031 1318827
9187 10031 1319001
9187 10031 1319641
554 10031 1320282
9187 10031 1320560
8865 10031 1321352
9187 10031 1321441
554 10031 1321442
9187 10031 1322359
1662 10031 1322626
554 10031 1322638
9187 10031 1323260
554 10031 1323845
554 10031 1324769
1192 10031 1325160
554 10031 1325664
554 10031 1326856
554 10031 1327458
3697 10031 1327704
4995 10031 1327957
554 10031 1328056
554 10031 1328664
2784 10031 1329293
5314 10031 1329661
6844 10031 1329815
554 10031 1330440
6844 10031 1330665
5257 10031 1330804
554 10031 1333147
554 10031 1333749
554 10031 1334354
3697 10031 1335086
6856 10031 1335155
3024 10031 1335728
3024 10031 1335949
554 10031 1336147
7718 10031 1336848
554 10031 1337662
554 10031 1338549
554 10031 1339153
3425 10031 1339273
6856 10031 1339753
554 10031 1340063
554 10031 1341550
8865 10031 1342988
554 10031 1345448
554 10031 1346067
554 10031 1346677
554 10031 1347552
9230 10031 1347828
554 10031 1348149
3697 10031 1348638
554 10031 1348757
8865 10031 1350191
554 10031 1350286
6052 10031 1351699
554 10031 1352088
6052 10031 1352482
554 10031 1352957
7835 10031 1353321
6052 10031 1353321
554 10031 1353938
6052 10031 1354090
3697 10031 1355660
554 10031 1355685
554 10031 1356854
8865 10031 1357402
554 10031 1357498
7781 10031 1358151
554 10031 1358370
3024 10031 1359202
554 10031 1359274
7781 10031 1359397
7781 10031 1360050
554 10031 1360167
7781 10031 1360767
3697 10031 1361273
554 10031 1361363
554 10031 1361980
6206 10031 1362563
554 10031 1363159
554 10031 1364347
8865 10031 1364593
554 10031 1364967
554 10031 1365851
9230 10031 1366695
554 10031 1366757
554 10031 1367671
3024 10031 1368377
554 10031 1368551
9301 10031 1370386
554 10031 1370651
8865 10031 1371804
6052 10031 1373048
6052 10031 1374061
6206 10031 1374112
6052 10031 1375138
554 10031 1375489
9187 10031 1377479
554 10031 1378760
7959 10031 1380303
7959 10031 1380982
554 10031 1381495
7959 10031 1383013
7959 10031 1383697
3425 10031 1384268
554 10031 1384448
554 10031 1385384
3425 10031 1385458
617 10031 1388543
554 10031 1388647
4995 10031 1389125
5081 10031 1389697
554 10031 1389868
554 10031 1391654
3024 10031 1392589
4995 10031 1392819
554 10031 1392862
8952 10031 1393309
554 10031 1393743
8952 10031 1394094
554 10031 1394646
554 10031 1395545
554 10031 1396169
554 10031 1397050
554 10031 1397951
554 10031 1398843
6856 10031 1399974
554 10031 1400651
9187 10031 1401511
7619 10031 1402435
554 10031 1402444
9187 10031 1403595
554 10031 1403665
554 10031 1404274
3121 10031 1404406
9187 10031 1404496
5314 10031 1404796
9187 10031 1405396
554 10031 1405447
9187 10031 1406653
554 10031 1407250
554 10031 1407869
9187 10031 1408761
5256 10031 1409249
554 10031 1409675
554 10031 1410560
554 10031 1412654
554 10031 1413265
554 10031 1414183
8865 10031 1414972
554 10031 1415045
554 10031 1415675
554 10031 1416854
554 10031 1417761
554 10031 1418660
6856 10031 1419743
554 10031 1420767
6856 10031 1421082
8952 10031 1421800
554 10031 1421938
8865 10031 1422179
554 10031 1422542
8952 10031 1422912
6856 10031 1423129
8952 10031 1423141
554 10031 1423160
554 10031 1424045
9187 10031 1425200
3024 10031 1425656
554 10031 1425867
6856 10031 1425953
9187 10031 1426103
1662 10031 1426821
3024 10031 1426845
6856 10031 1427018
554 10031 1427663
3024 10031 1428461
1662 10031 1428647
554 10031 1429151
8865 10031 1429384
9659 10031 1429675
554 10031 1429758
554 10031 1430956
554 10031 1431846
554 10031 1432453
7768 10031 1432817
554 10031 1433148
554 10031 1434380
3425 10031 1434403
2784 10031 1434788
6052 10031 1436604
554 10031 1437265
6052 10031 1437779
554 10031 1438562
9187 10031 1438596
6052 10031 1439042
9187 10031 1439949
554 10031 1440283
3024 10031 1440686
3024 10031 1441131
9187 10031 1441992
554 10031 1442112
554 10031 1442755
9187 10031 1443844
554 10031 1443951
9187 10031 1445016
9187 10031 1445619
554 10031 1445712
6052 10031 1446072
9187 10031 1446502
554 10031 1446865
6052 10031 1447078
9187 10031 1447731
9187 10031 1449158
3024 10031 1449515
9230 10031 1449548
554 10031 1449580
554 10031 1450179
3024 10031 1450312
9187 10031 1450397
6052 10031 1453264
6052 10031 1453870
6052 10031 1454590
554 10031 1455843
9575 10031 1456080
554 10031 1457047
3024 10031 1457127
3024 10031 1457241
3024 10031 1457428
554 10031 1458254
6206 10031 1458844
3425 10031 1460072
554 10031 1460684
554 10031 1461870
6206 10031 1463608
554 10031 1465166
554 10031 1467849
554 10031 1470125
8865 10031 1472600
554 10031 1474624
617 10031 1475084
554 10031 1476134
4995 10031 1476398
554 10031 1476756
554 10031 1477621
554 10031 1478226
3024 10031 1479121
554 10031 1479794
9187 10031 1480648
9187 10031 1481248
554 10031 1481829
9187 10031 1482435
554 10031 1482732
9187 10031 1483350
554 10031 1483929
554 10031 1485123
9187 10031 1485432
9187 10031 1486090
9187 10031 1487221
554 10031 1487234
9187 10031 1487831
554 10031 1487843
9187 10031 1488442
554 10031 1489021
9187 10031 1489620
9187 10031 1490534
554 10031 1491457
554 10031 1492629
554 10031 1493262
1662 10031 1493339
554 10031 1496225
9659 10031 1498393
554 10031 1499246
554 10031 1499848
9659 10031 1500080
554 10031 1501033
8865 10031 1501364
9659 10031 1502040
9659 10031 1503233
554 10031 1503442
554 10031 1504044
554 10031 1505856
554 10031 1506453
9659 10031 1507817
9659 10031 1508523
554 10031 1508560
8865 10031 1508579
5314 10031 1508647
554 10031 1509456
9659 10031 1509659
554 10031 1510944
3697 10031 1511065
2944 10031 1511247
9659 10031 1511796
554 10031 1511832
3090 10031 1511972
9659 10031 1512474
554 10031 1513335
5256 10031 1513646
554 10031 1513955
7959 10031 1515179
554 10031 1515785
7959 10031 1515901
7959 10031 1516629
554 10031 1517229
7959 10031 1517392
3697 10031 1517815
554 10031 1518145
3425 10031 1518264
9187 10031 1518454
554 10031 1519689
9187 10031 1519702
3024 10031 1519758
9187 10031 1520583
554 10031 1520857
6052 10031 1521132
9187 10031 1521212
9187 10031 1522163
554 10031 1523257
3697 10031 1523793
554 10031 1525427
554 10031 1526719
3425 10031 1526835
6206 10031 1528901
554 10031 1529289
8865 10031 1530193
6052 10031 1530193
554 10031 1530197
6052 10031 1531262
3697 10031 1532507
554 10031 1532560
1662 10031 1532587
9301 10031 1532836
554 10031 1534059
3024 10031 1535662
554 10031 1537930
554 10031 1538545
7959 10031 1538633
554 10031 1539437
554 10031 1541531
3697 10031 1542860
554 10031 1543956
8865 10031 1544583
3697 10031 1546376
7959 10031 1546483
554 10031 1547535
7959 10031 1548017
3024 10031 1548351
7959 10031 1548677
554 10031 1551148
8865 10031 1551786
3697 10031 1552092
3024 10031 1553790
554 10031 1556548
554 10031 1557152
554 10031 1558949
8865 10031 1558949
3697 10031 1559960
617 10031 1560673
554 10031 1561055
5081 10031 1561687
4995 10031 1561883
554 10031 1562550
3697 10031 1562896
9187 10031 1564343
5081 10031 1564409
5257 10031 1565417
9187 10031 1565825
9187 10031 1566446
9187 10031 1567045
3024 10031 1568954
9187 10031 1569145
9187 10031 1569744
9187 10031 1570932
554 10031 1572732
9187 10031 1572733
554 10031 1573937
7718 10031 1573947
9187 10031 1574237
7718 10031 1576252
7718 10031 1576947
554 10031 1577232
554 10031 1579021
554 10031 1579935
8865 10031 1580551
1662 10031 1580821
554 10031 1583224
554 10031 1588020
554 10031 1589845
1192 10031 1590582
8865 10031 1594969
3697 10031 1596414
9187 10031 1596725
9187 10031 1597326
9187 10031 1601823
8865 10031 1602182
9187 10031 1603050
3697 10031 1603802
7959 10031 1603967
9187 10031 1604225
9187 10031 1604874
7959 10031 1605838
9187 10031 1606686
3697 10031 1607454
9575 10031 1607467
2944 10031 1607496
2944 10031 1607558
3024 10031 1607856
2944 10031 1607864
3425 10031 1608312
8865 10031 1609478
1662 10031 1609484
3697 10031 1611899
554 10031 1614758
554 10031 1616601
554 10031 1618389
6052 10031 1618824
6206 10031 1619376
554 10031 1620170
554 10031 1620781
3697 10031 1621005
9575 10031 1621158
3024 10031 1621362
6052 10031 1622129
3024 10031 1622513
554 10031 1622520
554 10031 1623122
554 10031 1625871
554 10031 1626744
3697 10031 1627957
6206 10031 1628580
7959 10031 1628696
9301 10031 1630106
554 10031 1630350
8865 10031 1630974
3697 10031 1631679
9575 10031 1632530
554 10031 1633959
554 10031 1636037
3697 10031 1638014
7959 10031 1638736
554 10031 1638932
3024 10031 1639768
554 10031 1639932
3024 10031 1639972
7959 10031 1640222
554 10031 1640847
7959 10031 1641180
3697 10031 1642151
554 10031 1642933
554 10031 1643534
554 10031 1645334
8865 10031 1645371
554 10031 1647423
617 10031 1647665
554 10031 1648344
3697 10031 1648507
5081 10031 1649287
5081 10031 1649895
7009 10031 1650723
554 10031 1650745
4995 10031 1652704
554 10031 1652828
554 10031 1653437
7835 10031 1653591
554 10031 1655243
554 10031 1655853
3697 10031 1655951
554 10031 1657053
9575 10530 1657215
4995 10031 1658106
554 10031 1658221
554 10031 1660020
554 10031 1661534
554 10031 1662447
3697 10031 1662452
554 10031 1663336
554 10031 1664219
554 10031 1664832
554 10031 1665445
554 10031 1666322
554 10031 1667235
1662 10031 1667682
3697 10031 1668257
554 10031 1668442
2944 10031 1669202
1192 10031 1669981
554 10031 1670833
1662 10031 1671870
554 10031 1672042
554 10031 1672643
9187 10031 1674421
554 10031 1674438
3697 10031 1674660
554 10031 1675625
9187 10031 1675646
554 10031 1676236
9187 10031 1676829
554 10031 1678057
9187 10031 1678636
554 10031 1679221
554 10031 1679833
554 10031 1680728
554 10031 1681340
3425 10031 1682108
554 10031 1683429
3697 10031 1684470
554 10031 1684943
554 10031 1685543
554 10031 1686732
554 10031 1687627
554 10031 1688843
3697 10031 1690366
7768 10031 1692949
3024 10031 1693321
554 10031 1693346
554 10031 1694247
3024 10031 1694414
554 10031 1694852
3024 10031 1695803
3697 10031 1695917
7009 10031 1696698
554 10031 1696945
7835 10031 1697317
554 10031 1697834
9230 10031 1698222
7781 10031 1698656
554 10031 1699043
7781 10031 1699350
554 10031 1699935
7781 10031 1700224
7781 10031 1700843
554 10031 1701151
6206 10031 1701614
2784 10031 1702335
8865 10031 1702998
554 10031 1704735
554 10031 1705676
3024 10031 1706226
9230 10031 1707835
554 10031 1708929
554 10031 1710735
3024 10031 1713148
554 10031 1714348
3697 10031 1715051
9301 10031 1715135
9575 10031 1716304
554 10031 1716743
8865 10031 1717379
9575 10031 1717902
3024 10031 1719413
3024 10031 1719871
554 10031 1720347
3024 10031 1720989
9230 10031 1721877
3697 10031 1723118
554 10031 1723935
8865 10031 1724556
6206 10031 1724587
3425 10031 1727017
3697 10031 1727437
554 10031 1729337
8865 10031 1731759
554 10031 1733436
3024 10031 1733816
4995 10031 1735621
617 10031 1735684
554 10031 1735809
3361 10031 1736713
4995 10031 1738139
8865 10031 1738953
9230 10031 1740834
554 10031 1741216
9230 10031 1741443
554 10031 1742420
554 10031 1743029
554 10031 1743627
554 10031 1744804
8865 10031 1746179
554 10031 1746599
554 10031 1748118
554 10031 1749717
554 10031 1750543
554 10031 1752022
554 10031 1753247
8865 10031 1753345
554 10031 1754114
554 10031 1755044
554 10031 1755930
554 10031 1757415
554 10031 1758299
554 10031 1758906
2944 10031 1759827
2944 10031 1760204
8865 10031 1760542
1662 10031 1761014
554 10031 1761325
554 10031 1762253
5256 10031 1765447
554 10031 1765508
554 10031 1767659
8865 10031 1767763
554 10031 1769405
554 10031 1770336
554 10031 1771275
554 10031 1772152
554 10031 1773315
2784 10031 1773788
554 10031 1774877
554 10031 1776635
3697 10031 1778182
554 10031 1778403
554 10031 1779639
9230 10031 1780649
3425 10031 1780824
554 10031 1781129
3697 10031 1781923
9230 10031 1782058
554 10031 1782937
554 10031 1783814
554 10031 1785661
3697 10031 1786670
2740 10031 1787332
554 10031 1787725
554 10031 1788352
8865 10031 1789370
554 10031 1791030
554 10031 1792873
3697 10031 1798015
3024 10031 1799445
3024 10031 1799582
3024 10031 1800037
3024 10031 1802678
8865 10031 1803763
3697 10031 1806494
3024 10031 1810920
8865 10031 1810940
3697 10031 1814829
8865 10031 1818155
617 10031 1820964
9230 10031 1824210
554 10031 1825810
554 10031 1827620
3024 10031 1828371
554 10031 1831217
554 10031 1833036
554 10031 1834245
554 10031 1835125
554 10031 1836317
554 10031 1837210
554 10031 1838119
5256 10031 1838530
5256 10031 1839305
554 10031 1839650
554 10031 1840555
5256 10031 1840626
554 10031 1841728
5256 10031 1841819
5256 10031 1843147
5256 10031 1844106
554 10031 1844119
554 10031 1845016
5256 10031 1845064
5256 10031 1845662
5256 10031 1846560
554 10031 1846852
8865 10031 1846929
5256 10031 1847343
554 10031 1847728
5256 10031 1848008
554 10031 1848639
2740 10031 1849301
554 10031 1849546
554 10031 1852223
9187 10031 1852457
1192 10031 1852498
9187 10031 1853655
554 10031 1854621
9187 10031 1855142
554 10031 1855219
6051 10031 1855979
9187 10031 1856055
554 10031 1856419
3697 10031 1856814
9187 10031 1857266
554 10031 1857647
9187 10031 1857940
554 10031 1858509
9187 10031 1859074
554 10031 1859708
554 10031 1860346
9187 10031 1860348
554 10031 1861244
8865 10031 1861352
1662 10031 1861352
9187 10031 1862356
3697 10031 1862696
554 10031 1863018
554 10031 1864854
554 10031 1865727
554 10031 1866632
3024 10031 1867113
7768 10031 1867165
554 10031 1867237
3024 10031 1867346
3697 10031 1867413
7768 10031 1869179
554 10031 1869627
554 10031 1870513
554 10031 1871407
554 10031 1872062
7009 10031 1872706
554 10031 1872941
8865 10031 1875784
554 10031 1877711
554 10031 1878390
554 10031 1879512
554 10031 1880149
8865 10031 1882955
5256 10031 1883222
5256 10031 1883893
5256 10031 1884562
5256 10031 1885202
5256 10031 1886041
9132 10031 1886626
5256 10031 1887357
9867 10031 1889463
8865 10031 1890153
3024 10031 1891566
8865 10031 1897348
9867 10031 1898768
8865 10031 1904560
9867 10031 1905977
554 10031 1906807
4995 10031 1906846
617 10031 1907786
554 10031 1908036
554 10031 1909855
554 10031 1911023
4995 10031 1911672
8865 10031 1911748
554 10031 1912207
3024 10031 1912457
9867 10031 1913192
554 10031 1913424
554 10031 1915203
554 10031 1915817
9659 10031 1916912
554 10031 1917061
1192 10031 1917373
8865 10031 1918961
554 10031 1919419
9659 10031 1920179
554 10031 1920923
9659 10031 1921494
9659 10031 1922536
5256 10031 1922701
5256 10031 1923484
9659 10031 1923561
5314 10031 1923590
554 10031 1924522
5256 10031 1924802
5314 10031 1924854
9659 10031 1925700
554 10031 1925730
5256 10031 1926130
554 10031 1926356
5081 10031 1926504
9659 10031 1926529
5256 10031 1927138
9659 10031 1927379
9867 10031 1927568
554 10031 1927853
5256 10031 1928217
6844 10031 1928391
6844 10031 1929155
4995 10031 1929944
9659 10031 1930256
554 10031 1930517
9659 10031 1930895
554 10031 1931403
5256 10031 1931581
1192 10031 1932513
5314 10031 1932595
9659 10031 1933052
554 10031 1933249
5314 10031 1933476
554 10031 1935015
5256 10031 1935426
5256 10031 1936450
9659 10031 1936702
1192 10031 1936828
554 10031 1936858
5256 10031 1937221
9659 10031 1938146
554 10031 1938661
5256 10031 1938721
554 10031 1939543
5256 10031 1939624
9659 10031 1939987
5256 10031 1940227
554 10031 1940478
9659 10031 1941719
5314 10031 1941950
3697 10031 1942037
554 10031 1943157
5314 10031 1943624
9659 10031 1943728
554 10031 1944070
554 10031 1946131
7718 10031 1946279
554 10031 1946744
554 10031 1947667
8865 10031 1947760
3697 10031 1948471
7768 10031 1950116
554 10031 1951848
3697 10031 1952981
554 10031 1953007
7959 10031 1953055
7959 10031 1953712
554 10031 1954232
2784 10031 1954403
7959 10031 1954763
3024 10031 1955476
554 10031 1956024
9867 10031 1956403
6052 10031 1956639
5021 10031 1956654
6052 10031 1957274
554 10031 1957520
6052 10031 1958046
554 10031 1958754
6052 10031 1958759
9132 10031 1958769
554 10031 1961173
3024 10031 1961797
554 10031 1962122
8865 10031 1962195
5021 10031 1962589
6206 10031 1963003
9867 10031 1963616
554 10031 1964149
554 10031 1965028
3024 10031 1965160
554 10031 1965953
554 10031 1966855
554 10031 1968356
554 10031 1969263
9867 10031 1970783
554 10031 1971607
1662 10031 1971803
7768 10031 1972108
554 10031 1973430
6206 10031 1974430
554 10031 1975241
8865 10031 1976569
3024 10031 1976632
9867 10031 1977983
554 10031 1978509
554 10031 1980933
9867 10031 1981016
554 10031 1983652
8865 10031 1983766
554 10031 1984550
9867 10031 1985192
554 10031 1985437
554 10031 1986341
554 10031 1987980
9867 10031 1988184
554 10031 1989106
554 10031 1990875
8865 10031 1990950
617 10031 1991305
554 10031 1991718
9867 10031 1992372
554 10031 1992918
554 10031 1993557
554 10031 1994433
554 10031 1996505
5257 10031 1997614
554 10031 1998314
554 10031 1999223
3024 10031 2000483
3024 10031 2000660
554 10031 2000698
554 10031 2001926
9659 10031 2003056
554 10031 2003121
554 10031 2004354
3425 10031 2005209
9659 10031 2005290
554 10031 2005498
554 10031 2006135
9659 10031 2006846
5256 10031 2007606
554 10031 2007899
9659 10031 2008329
5256 10031 2008385
554 10031 2009132
9659 10031 2009309
5256 10031 2009407
554 10031 2010608
9659 10031 2010816
5256 10031 2011038
7718 10031 2011146
9659 10031 2011754
7718 10031 2011813
554 10031 2012109
5256 10031 2012337
7718 10031 2012804
554 10031 2013352
5256 10031 2013375
9659 10031 2013671
9867 10031 2013978
5081 10031 2014081
554 10031 2014503
1662 10031 2014769
7718 10031 2014808
1192 10031 2015643
554 10031 2016327
9659 10031 2016821
9867 10031 2016992
554 10031 2017198
7781 10031 2017720
9659 10031 2018069
5256 10031 2018288
7781 10031 2018502
1964 10031 2018629
1192 10031 2018724
7781 10031 2019131
1964 10031 2019314
9659 10031 2019476
554 10031 2019651
8865 10031 2019754
7781 10031 2019979
9659 10031 2020135
1964 10031 2020990
9659 10031 2021143
9867 10031 2021186
554 10031 2021442
9132 10031 2021525
9132 10031 2021554
7781 10031 2021612
9659 10031 2021869
1192 10031 2021883
1964 10031 2022041
5256 10031 2022311
7781 10031 2022392
9659 10031 2022578
554 10031 2022638
7781 10031 2023013
554 10031 2023274
7781 10031 2023684
9659 10031 2023809
9867 10031 2024186
554 10031 2024422
554 10031 2025055
5256 10031 2025254
9659 10031 2025309
7718 10031 2025480
9659 10031 2026238
554 10031 2026242
1964 10031 2026449
8865 10031 2026963
9659 10031 2027086
1964 10031 2027394
554 10031 2027749
9867 10031 2028382
554 10031 2028653
9659 10031 2029408
5256 10031 2029446
7718 10031 2030200
554 10031 2030460
9867 10031 2031394
554 10031 2032553
1964 10031 2032721
554 10031 2034070
8865 10031 2034176
1964 10031 2034359
9867 10031 2035594
1964 10031 2035674
7718 10031 2035762
554 10031 2035842
1964 10031 2036305
554 10031 2036743
554 10031 2037624
9867 10031 2038616
554 10031 2038802
1964 10031 2039470
554 10031 2040317
1964 10031 2040369
6052 10031 2040907
554 10031 2041252
6052 10031 2041572
1964 10031 2041885
1964 10031 2042623
6052 10031 2042714
554 10031 2042737
9867 10031 2042803
3024 10031 2043028
1964 10031 2043319
554 10031 2043616
3024 10031 2043826
1964 10031 2044335
1192 10031 2044395
7009 10031 2045280
554 10031 2045770
9867 10031 2045805
554 10031 2046634
8865 10031 2048580
554 10031 2048727
554 10031 2049940
9867 10031 2050006
554 10031 2050810
554 10031 2051730
9867 10031 2052997
3024 10031 2053177
3024 10031 2053857
554 10031 2054426
554 10031 2055951
9132 10031 2056593
1662 10031 2056636
554 10031 2058040
5021 10031 2058346
3024 10031 2058396
9867 10031 2060206
554 10031 2061008
9867 10031 2064386
6206 10031 2064830
554 10031 2067013
3024 10031 2067641
7959 10031 2067689
554 10031 2068838
7959 10031 2069817
8865 10031 2070157
3024 10031 2070373
7959 10031 2070470
554 10031 2070958
7959 10031 2071187
3024 10031 2071582
9867 10031 2071582
7959 10031 2071879
554 10031 2072411
3562 10031 2074509
554 10031 2074553
9867 10031 2074594
3425 10031 2076357
554 10031 2077240
8865 10031 2077362
554 10031 2079017
5081 10031 2079495
554 10031 2080837
617 10031 2081112
9867 10031 2081792
4995 10031 2082194
554 10031 2083200
554 10031 2084459
4995 10031 2085751
554 10031 2085900
9659 10031 2086673
4995 10031 2087983
554 10031 2088310
5257 10031 2089163
9659 10031 2089693
554 10031 2090109
9659 10031 2090313
554 10031 2090716
9659 10031 2091482
3425 10031 2091618
554 10031 2091923
5256 10031 2093644
554 10031 2093704
9659 10031 2094051
554 10031 2094306
554 10031 2094912
5256 10031 2095023
554 10031 2095810
5256 10031 2096349
9659 10031 2096711
554 10031 2097332
8865 10031 2098944
554 10031 2099711
5314 10031 2100167
9867 10031 2100374
554 10031 2100931
1192 10031 2102340
1203 10031 2102439
554 10031 2102707
554 10031 2103325
1192 10031 2104164
554 10031 2104261
1662 10031 2104857
1964 10031 2105099
7781 10031 2105909
554 10031 2106050
1964 10031 2106081
1964 10031 2106842
554 10031 2106936
7781 10031 2107128
5256 10031 2107145
554 10031 2107852
7781 10031 2108762
554 10031 2109316
7781 10031 2109994
554 10031 2110217
1964 10031 2110660
7781 10031 2110824
1964 10031 2111409
554 10031 2111459
7781 10031 2112448
554 10031 2112632
1964 10031 2112838
5314 10031 2112984
8865 10031 2113367
7781 10031 2113826
3697 10031 2113910
1964 10031 2114164
2944 10031 2114360
9867 10031 2114780
2944 10031 2114902
554 10031 2115016
5314 10031 2115776
1964 10031 2117042
554 10031 2117125
554 10031 2117728
9867 10031 2117799
1964 10031 2118344
554 10031 2118631
1964 10031 2119135
5256 10031 2119622
1964 10031 2119920
3024 10031 2119958
1964 10031 2120521
8865 10031 2120575
7768 10031 2120635
3697 10031 2121362
1964 10031 2122470
554 10031 2122522
6206 10031 2123007
554 10031 2123144
554 10031 2124066
7781 10031 2124358
9867 10031 2125018
554 10031 2126122
7959 10031 2126718
554 10031 2127675
8865 10031 2127786
7959 10031 2127858
7959 10031 2128466
6052 10031 2129048
9867 10031 2129199
3562 10031 2129460
554 10031 2129733
3562 10031 2130242
5256 10031 2130845
3024 10031 2130975
554 10031 2131595
5256 10031 2131741
9867 10031 2132245
5256 10031 2133146
554 10031 2133944
5256 10031 2134517
554 10031 2136312
3697 10031 2136346
9867 10031 2136388
554 10031 2137216
5256 10031 2137269
554 10031 2138118
7781 10031 2138473
9132 10031 2138667
554 10031 2139055
7781 10031 2139184
9867 10031 2139408
3697 10031 2139989
2784 10031 2140763
1662 10031 2140936
7009 10031 2141319
8865 10031 2142169
554 10031 2142316
2784 10031 2143772
9867 10031 2143905
554 10031 2144413
6206 10031 2145746
9867 10031 2146600
554 10031 2147452
3425 10031 2148911
8865 10031 2149365
3024 10031 2149937
3024 10031 2150202
554 10031 2150407
3024 10031 2150571
3697 10031 2150652
554 10031 2153475
554 10031 2155239
554 10031 2156436
8865 10031 2156561
3697 10031 2157571
554 10031 2160906
554 10031 2163031
7959 10031 2163203
7959 10031 2163849
3697 10031 2164606
3425 10031 2166334
554 10031 2166352
4995 10031 2166482
554 10031 2167212
617 10031 2167340
554 10031 2168136
554 10031 2169047
9187 10031 2169434
3024 10031 2169570
9187 10031 2170298
554 10031 2170841
4995 10031 2170869
9187 10031 2170915
554 10031 2172938
4995 10031 2173054
554 10031 2174736
9187 10031 2175691
9187 10031 2176860
554 10031 2177105
3024 10031 2177446
3024 10031 2177866
3024 10031 2178019
5257 10031 2178336
9187 10031 2178382
554 10031 2178909
554 10031 2180116
5314 10031 2181455
554 10031 2182565
554 10031 2183423
554 10031 2184022
1662 10031 2184663
5256 10031 2185511
554 10031 2185532
554 10031 2186712
554 10031 2187324
7781 10031 2188294
554 10031 2189125
5314 10031 2189362
554 10031 2190299
1192 10031 2190457
7781 10031 2191133
554 10031 2191541
7781 10031 2191742
5314 10031 2192663
7781 10031 2192688
1964 10031 2194118
5256 10031 2194210
554 10031 2194243
1964 10031 2194815
5256 10031 2195232
554 10031 2195713
5256 10031 2196247
554 10031 2196613
5256 10031 2197622
554 10031 2197827
5314 10031 2198204
5256 10031 2198707
3697 10031 2199347
5256 10031 2199429
554 10031 2199689
1964 10031 2200277
5256 10031 2200447
9659 10031 2201853
9659 10031 2202586
5256 10031 2202785
9659 10031 2203324
554 10031 2203543
1964 10031 2204621
7009 10031 2204899
554 10031 2205626
554 10031 2206246
3425 10031 2206624
554 10031 2207432
3425 10031 2207545
1964 10031 2207562
7718 10031 2207782
7781 10031 2208386
1964 10031 2208530
7781 10031 2209486
554 10031 2209605
7781 10031 2210113
7781 10031 2210785
554 10031 2211360
554 10031 2213151
6052 10031 2214055
554 10031 2214311
6052 10031 2214673
6052 10031 2215439
554 10031 2215844
554 10031 2216751
3697 10031 2216964
554 10031 2217606
1192 10031 2217830
554 10031 2218247
6206 10031 2219047
1192 10031 2219155
554 10031 2219448
7009 10031 2220679
554 10031 2221283
554 10031 2222108
1662 10031 2223136
554 10031 2223335
554 10031 2224843
554 10031 2226003
3024 10031 2226355
3024 10031 2227116
554 10031 2227234
5256 10031 2228058
554 10031 2228756
5256 10031 2229184
554 10031 2230816
3697 10031 2232949
554 10031 2233848
7781 10031 2234019
3425 10031 2234280
3024 10031 2236028
7781 10031 2236626
554 10031 2236934
7781 10031 2237266
7781 10031 2238104
554 10031 2239826
554 10031 2241611
3425 10031 2245023
554 10031 2245230
3697 10031 2245751
4995 10031 2252092
4995 10031 2255653
554 10031 2255712
554 10031 2256343
554 10031 2257539
4995 10031 2259126
554 10031 2260522
554 10031 2261717
5314 10031 2262145
554 10031 2264744
3425 10031 2264817
554 10031 2266072
554 10031 2266836
5256 10031 2266862
5256 10031 2267527
554 10031 2268023
5256 10031 2268373
5256 10031 2269564
5256 10031 2270237
5256 10031 2271659
554 10031 2271943
5256 10031 2272596
5314 10031 2273215
554 10031 2273439
6856 10031 2273654
7718 10031 2273785
7718 10031 2274435
6856 10031 2274747
1192 10031 2275049
1662 10031 2275196
554 10031 2275524
6856 10031 2276531
5314 10031 2276647
554 10031 2276706
554 10031 2277304
5256 10031 2277661
554 10031 2278833
5256 10031 2279044
5314 10031 2279359
1192 10031 2279373
6856 10031 2279764
5256 10031 2280065
1964 10031 2280616
554 10031 2280634
6856 10031 2281128
5256 10031 2281146
554 10031 2282113
6856 10031 2282339
5314 10031 2283086
6856 10031 2283869
1964 10031 2284007
554 10031 2284275
1662 10031 2284632
554 10031 2285157
6856 10031 2285436
5256 10031 2286063
8865 10031 2286178
554 10031 2286608
6856 10031 2287077
5256 10031 2287504
554 10031 2287871
5256 10031 2288522
6856 10031 2288656
554 10031 2288709
554 10031 2290565
554 10031 2291428
554 10031 2292036
1964 10031 2292310
554 10031 2293309
5021 10031 2293713
7768 10031 2294662
1964 10031 2294767
3425 10031 2295140
554 10031 2295328
1964 10031 2296188
554 10031 2296859
1964 10031 2297241
554 10031 2297772
3425 10031 2298157
554 10031 2298655
7768 10031 2298919
1964 10031 2300306
554 10031 2300751
1964 10031 2301690
554 10031 2302838
1964 10031 2303025
5256 10031 2303659
554 10031 2303714
554 10031 2304623
5256 10031 2305084
6052 10031 2305097
554 10031 2306151
6052 10031 2306279
554 10031 2306755
7009 10031 2307460
554 10031 2307682
554 10031 2308569
5021 10031 2308792
554 10031 2309454
554 10031 2310362
554 10031 2311271
3024 10031 2312299
3024 10031 2312426
3024 10031 2313136
554 10031 2313319
3024 10031 2313320
3024 10031 2313561
6206 10031 2314931
1203 10031 2315136
3562 10031 2315201
554 10031 2315732
3425 10031 2317044
554 10031 2317211
3024 10031 2317583
3425 10031 2317666
5021 10031 2318023
3562 10031 2320241
5021 10031 2320324
554 10031 2320810
554 10031 2323530
3562 10031 2325085
3024 10031 2325608
554 10031 2326236
3562 10031 2326822
554 10031 2328011
7959 10031 2330614
554 10031 2333419
554 10031 2337010
554 10031 2338814
4995 10031 2338992
617 10031 2339697
1203 10031 2340941
4995 10031 2341498
1192 10031 2343437
554 10031 2345724
554 10031 2346392
554 10031 2347513
3425 10031 2349130
554 10031 2349327
3425 10031 2349750
6856 10031 2350341
554 10031 2351132
6856 10031 2351596
554 10031 2352664
6856 10031 2352904
5256 10031 2353219
5256 10031 2354291
554 10031 2354410
6856 10031 2354517
5256 10031 2354943
5256 10031 2355597
6856 10031 2356487
554 10031 2356514
5256 10031 2356566
5256 10031 2357238
4995 10031 2357744
5256 10031 2358724
554 10031 2360120
5256 10031 2360528
5256 10031 2361724
6856 10031 2361758
554 10031 2361914
554 10031 2362555
6856 10031 2363157
554 10031 2363729
5256 10031 2364599
8865 10031 2365361
1662 10031 2365475
554 10031 2365518
5256 10031 2366704
6856 10031 2367091
6856 10031 2368442
5256 10031 2368502
554 10031 2369124
554 10031 2370310
6856 10031 2370516
8865 10031 2372590
554 10031 2372704
5256 10031 2372887
554 10031 2373316
9187 10031 2373503
554 10031 2373970
2784 10031 2374112
5256 10031 2374377
554 10031 2374819
9187 10031 2375847
5256 10031 2376040
554 10031 2376338
9187 10031 2376505
5256 10031 2376723
554 10031 2376938
9187 10031 2377337
9187 10031 2377991
5256 10031 2378217
554 10031 2378423
1964 10031 2379133
554 10031 2379665
8865 10031 2379795
1964 10031 2380212
1964 10031 2380921
5021 10031 2381021
554 10031 2381408
554 10031 2382649
554 10031 2383265
1964 10031 2383588
3697 10031 2384379
554 10031 2384564
3425 10031 2384824
1964 10031 2385572
554 10031 2385611
5021 10031 2386126
554 10031 2386546
1964 10031 2386663
7009 10031 2386836
8865 10031 2386967
3425 10031 2386980
554 10031 2387413
1964 10031 2388653
554 10031 2388656
5021 10031 2389922
3697 10031 2390322
554 10031 2390743
554 10031 2392508
554 10031 2394059
8865 10031 2394196
3425 10031 2395053
3024 10031 2395689
554 10031 2395858
3024 10031 2396542
3697 10031 2399366
554 10031 2399712
554 10031 2400358
554 10031 2401545
7959 10031 2411626
7959 10031 2412260
3425 10031 2413036
7959 10031 2415130
7959 10031 2415791
7959 10031 2416479
3697 10031 2418592
3425 10031 2419026
617 10031 2425059
554 10031 2428523
554 10031 2429160
554 10031 2433917
554 10031 2434542
554 10031 2435722
554 10031 2436360
3425 10031 2437330
554 10031 2437541
554 10031 2439645
554 10031 2441123
554 10031 2442908
554 10031 2444449
554 10031 2446826
554 10031 2448320
554 10031 2449500
5256 10031 2449980
554 10031 2450126
1662 10031 2450996
554 10031 2451008
5256 10031 2451485
5256 10031 2452983
554 10031 2453407
5256 10031 2453584
554 10031 2454319
554 10031 2455258
5256 10031 2455993
554 10031 2456121
5256 10031 2456645
554 10031 2457316
5256 10031 2457437
5256 10031 2458269
2784 10031 2458707
554 10031 2458874
5256 10031 2459718
5256 10031 2460660
554 10031 2460712
5256 10031 2461390
554 10031 2461578
5256 10031 2462425
554 10031 2462725
5256 10031 2463724
554 10031 2464234
554 10031 2465145
8865 10031 2466185
554 10031 2466343
554 10031 2466960
554 10031 2467854
1192 10031 2468179
7768 10031 2469761
3697 10031 2470814
554 10031 2471724
3024 10031 2472191
3024 10031 2472320
554 10031 2472909
8865 10031 2473367
3425 10031 2473484
7768 10031 2474352
554 10031 2475052
3425 10031 2475863
2784 10031 2478040
3697 10031 2478417
554 10031 2478633
554 10031 2480471
8865 10031 2480595
554 10031 2482536
554 10031 2483179
554 10031 2484912
554 10031 2487341
554 10031 2488539
554 10031 2489152
3425 10031 2489965
554 10031 2490909
3024 10031 2491466
3024 10031 2491962
554 10031 2492105
554 10031 2493610
3425 10031 2503740
3425 10031 2505545
554 10031 2512290
554 10031 2513200
5081 10031 2515759
554 10031 2515866
554 10031 2516506
5081 10031 2516687
3024 10031 2516982
554 10031 2518888
1192 10031 2519070
554 10031 2519490
554 10031 2520122
554 10031 2521268
554 10031 2521893
5314 10031 2522943
554 10031 2523143
5256 10031 2523634
554 10031 2524288
5256 10031 2525585
5314 10031 2525993
5256 10031 2526245
554 10031 2526390
554 10031 2527308
5256 10031 2527509
5256 10031 2528470
554 10031 2528486
554 10031 2529092
5256 10031 2529362
554 10031 2530895
554 10031 2531493
5256 10031 2531763
554 10031 2533880
554 10031 2534518
554 10031 2535415
554 10031 2536288
1964 10031 2536337
1964 10031 2537715
554 10031 2538090
8865 10031 2538146
5256 10031 2538370
1964 10031 2538584
5314 10031 2538730
3090 10031 2538890
1964 10031 2539636
554 10031 2539886
5256 10031 2540237
554 10031 2540795
5256 10031 2540887
1964 10031 2541223
554 10031 2541958
5256 10031 2542380
1964 10031 2542511
554 10031 2542578
554 10031 2543518
1964 10031 2543591
554 10031 2544394
9659 10031 2545862
554 10031 2545863
5256 10031 2546172
9659 10031 2547044
5256 10031 2547194
9659 10031 2547714
1964 10031 2548588
554 10031 2549191
1964 10031 2549398
5256 10031 2550256
554 10031 2550970
7718 10031 2551342
554 10031 2551610
1964 10031 2551801
554 10031 2552524
8865 10031 2552591
7959 10031 2553173
554 10031 2553397
7959 10031 2554001
554 10031 2554862
554 10031 2556122
554 10031 2556835
3425 10031 2557500
1964 10031 2557743
554 10031 2558191
3090 10031 2558841
3090 10031 2559068
3425 10031 2559279
1964 10031 2560287
1964 10031 2561009
9132 10031 2561369
9132 10031 2561431
554 10031 2561510
6052 10031 2562378
554 10031 2562417
1662 10031 2563054
554 10031 2563663
6052 10031 2564135
554 10031 2564523
6052 10031 2565245
554 10031 2565695
9132 10031 2566234
554 10031 2566944
554 10031 2567834
3024 10031 2568521
554 10031 2568758
2784 10031 2570361
554 10031 2570510
554 10031 2571399
2563 10031 2571699
554 10031 2573196
554 10031 2573805
6206 10031 2574722
554 10031 2576174
3024 10031 2577449
4623 10031 2579470
6052 10031 2579655
554 10031 2579764
554 10031 2580402
6052 10031 2580671
554 10031 2581037
6052 10031 2581737
554 10031 2582777
3562 10031 2584126
3562 10031 2584904
554 10031 2585225
3562 10031 2587890
3425 10031 2588961
554 10031 2589075
7959 10031 2591485
7959 10031 2592164
7959 10031 2592824
554 10031 2594461
554 10031 2595976
554 10031 2597509
617 10031 2598513
4995 10031 2598599
554 10031 2598684
5081 10031 2599166
554 10031 2601671
4995 10031 2602088
554 10031 2602888
554 10031 2605295
5257 10031 2606666
554 10031 2607073
3425 10031 2608741
554 10031 2608879
554 10031 2610100
554 10031 2611881
554 10031 2612790
6856 10031 2613597
5256 10031 2613908
554 10031 2614269
6856 10031 2614424
5256 10031 2614996
7718 10031 2615977
6856 10031 2616151
5256 10031 2616188
5314 10031 2616687
5256 10031 2617157
554 10031 2617309
5256 10031 2618225
5314 10031 2618294
554 10031 2619084
5256 10031 2619128
554 10031 2620259
1964 10031 2620388
554 10031 2620886
554 10031 2621495
1964 10031 2621900
1192 10031 2622127
554 10031 2622382
554 10031 2622982
5256 10031 2623818
1192 10031 2623970
554 10031 2624769
554 10031 2626284
5256 10031 2626647
1192 10031 2626731
554 10031 2628358
5256 10031 2628963
5314 10031 2629034
5314 10031 2629851
554 10031 2630179
554 10031 2631707
8865 10031 2631766
6051 10031 2631778
5256 10031 2632203
7884 10031 2632832
5256 10031 2633594
554 10031 2633781
5256 10031 2634969
9187 10031 2635413
554 10031 2635587
5021 10031 2635702
5256 10031 2635804
554 10031 2636214
9187 10031 2636216
9187 10031 2636887
5256 10031 2637028
9187 10031 2638009
5256 10031 2638081
554 10031 2638593
9187 10031 2638930
8865 10031 2638976
5256 10031 2639223
554 10031 2639465
9187 10031 2640067
554 10031 2640717
9187 10031 2640965
9187 10031 2642282
3425 10031 2642392
554 10031 2643429
1662 10031 2644283
3024 10031 2644564
554 10031 2644587
3425 10031 2645999
3024 10031 2646424
3425 10031 2646606
2784 10031 2646987
554 10031 2647967
1662 10031 2648849
3562 10031 2648895
554 10031 2649810
554 10031 2650732
554 10031 2651631
554 10031 2652442
554 10031 2653355
554 10031 2654251
3425 10031 2654416
554 10031 2655113
3425 10031 2655560
6052 10031 2655562
554 10031 2656005
6052 10031 2656279
554 10031 2656939
6052 10031 2657168
6052 10031 2657766
6052 10031 2658612
554 10031 2658692
554 10031 2659613
554 10031 2660776
6052 10031 2661315
554 10031 2661385
6052 10031 2662799
3024 10031 2664650
554 10031 2666232
6206 10031 2666324
3024 10031 2667548
7959 10031 2667582
554 10031 2668039
554 10031 2669194
3562 10031 2671354
554 10031 2671723
3024 10031 2672194
3024 10031 2672851
554 10031 2673765
3562 10031 2674327
554 10031 2674585
