275 10138 1827
654 10138 5388
708 10056 6594
708 10056 8083
275 10138 9035
1148 10138 11412
1148 10138 12107
275 10138 16226
1921 10138 25232
1921 10138 46814
1148 10138 49668
1148 10138 53111
3478 10228 55538
1921 10138 57600
1148 10138 58231
3478 10228 59084
3805 10298 61205
4371 10228 85782
4919 10298 89684
4919 10298 89807
4919 10298 89909
275 10138 95437
275 10138 102631
5254 10138 105193
654 10138 109745
1921 10138 111645
1148 10138 114289
1148 10138 115356
1148 10138 121030
2491 10056 122192
654 10138 123160
275 10138 124242
654 10138 127205
420 10222 127992
654 10138 128756
1148 10138 130733
1921 10138 133207
3042 10288 135317
654 10138 137655
275 10138 138640
1921 10138 144025
275 10138 145831
275 10138 153349
275 10138 160209
2504 10234 160305
4919 10298 173439
275 10138 174145
3657 10288 175815
708 10056 176385
4919 10298 177287
4919 10298 177299
6749 10228 179765
6749 10228 179934
3805 10298 179984
3805 10298 180028
6749 10228 180095
3805 10298 180238
6749 10228 180464
3805 10298 180484
6749 10228 180522
6749 10228 180555
6749 10228 180621
275 10138 181346
6749 10228 181807
1148 10138 182024
1197 10730 183051
654 10138 186211
5380 10048 193327
4919 10298 197901
1921 10138 197998
1337 10056 200901
654 10138 208991
2491 10056 210175
4919 10298 211880
6387 10056 216425
1148 10138 218078
1921 10138 219626
4919 10298 222418
4919 10298 223211
275 10138 224545
708 10056 224583
708 10056 226454
6985 10298 229433
1921 10138 230429
2491 10056 231393
6387 10056 237208
275 10138 253403
6749 10228 256996
6749 10228 257040
6749 10228 257167
6749 10228 257400
6749 10228 257436
6749 10228 257528
6749 10228 257610
6749 10228 257833
6749 10228 258096
6749 10228 258173
6749 10228 258314
6749 10228 259227
6749 10228 259465
6749 10228 259542
6749 10228 259604
6749 10228 259739
6749 10228 259776
275 10138 260565
6387 10056 266353
6387 10056 266527
275 10138 267726
6387 10056 267847
6387 10056 272077
654 10138 276822
3805 10298 278371
3805 10298 278861
3805 10298 282266
1921 10138 284411
4919 10298 288651
3805 10298 294194
3805 10298 294417
2491 10056 298930
4128 10048 300171
2491 10056 300492
2491 10056 302475
2491 10056 302601
3457 10048 305157
1921 10138 306012
7753 10138 307095
2491 10056 307750
2491 10056 309314
654 10138 316206
654 10138 318318
3657 10056 329999
275 10138 339730
6749 10228 341908
6749 10228 342271
6749 10228 343505
7916 10056 343737
3657 10056 345264
7916 10056 345479
3657 10056 345904
4919 10298 346592
4919 10298 346802
275 10138 346935
4919 10298 347315
1148 10138 350049
1148 10138 351542
1148 10138 352113
1148 10138 355509
3805 10298 356672
1148 10138 358966
1148 10138 360608
275 10138 361324
1148 10138 366785
1148 10138 367459
1148 10138 368055
1337 10056 369777
1921 10138 370807
1337 10056 371599
1337 10056 374093
3805 10298 376419
1148 10138 380879
1148 10138 384610
3805 10298 386493
2491 10056 390654
1148 10138 392381
1148 10138 393033
1921 10138 403211
1148 10138 403480
1148 10138 403770
1148 10138 406820
2491 10056 407704
4184 10056 416756
3042 10730 423925
6749 10228 435634
6749 10228 436034
3042 10288 447812
1148 10138 447943
1148 10138 449951
1921 10138 457227
1197 10730 458201
1148 10138 462029
654 10138 462857
654 10138 464110
654 10138 464707
654 10138 466475
4919 10298 467883
4919 10298 468541
654 10138 474574
1921 10138 478828
654 10138 478833
1148 10138 481517
1921 10138 489660
1148 10138 489788
7753 10138 490957
7753 10138 491925
163 10056 498265
4371 10228 511115
3805 10298 538129
1148 10138 540903
1921 10138 543609
4919 10298 545379
1148 10138 557102
3478 10228 557475
654 10138 561581
1921 10138 565236
654 10138 566123
1921 10138 576011
1148 10138 576504
3657 10288 577763
8704 10228 598209
1197 10730 603336
8704 10228 606854
8704 10228 608008
8704 10228 612292
3805 10298 612727
4919 10298 613812
4919 10298 615326
4919 10298 615457
4919 10298 615489
4919 10298 615570
1148 10138 617735
1148 10138 620038
4919 10298 633396
654 10138 638038
3805 10298 640637
8704 10228 641260
654 10138 642611
6749 10228 650468
2491 10056 650497
1921 10138 651630
3805 10298 656853
1148 10138 656922
4371 10228 656938
3805 10298 657460
4919 10298 657774
275 10138 661586
1148 10138 665965
275 10138 668807
6749 10228 669427
6749 10228 669494
4776 10234 679058
4371 10228 679896
6749 10228 681474
6749 10228 682442
1197 10730 692793
1148 10138 695892
275 10138 700181
1148 10138 700885
1148 10138 706428
275 10138 707350
1148 10138 707660
1148 10138 708006
1148 10138 713122
1921 10138 716426
7753 10138 731165
2491 10056 732780
275 10138 736142
3657 10288 736562
1921 10138 738034
2491 10056 738895
275 10138 743412
1148 10138 743759
1148 10138 745128
6387 10056 745590
1148 10138 746071
1921 10138 748827
6387 10056 749104
8704 10228 749231
8704 10228 749645
275 10138 750650
3478 10228 762699
7690 10056 768741
1197 10730 769057
4919 10298 779005
275 10138 779361
7753 10138 781015
4919 10298 781617
1148 10138 787859
1148 10138 789154
6749 10228 789177
6749 10228 790200
6749 10228 790251
1148 10138 791445
6749 10228 791591
1148 10138 791664
1148 10138 792752
1148 10138 794502
1148 10138 795328
1148 10138 798750
275 10138 800944
8139 10138 806911
4919 10298 809350
3805 10298 810741
3805 10298 811519
275 10138 815388
4919 10298 815984
1148 10138 816585
1148 10138 816954
2491 10056 821124
1148 10138 821222
2491 10056 824142
1921 10138 824406
275 10138 829760
2491 10056 833619
2491 10056 834291
3805 10298 836007
2491 10056 855022
275 10138 858548
1148 10138 858947
1148 10138 859072
4919 10298 870171
4919 10298 870360
4919 10298 870553
4919 10298 870700
4919 10298 871476
3805 10298 871660
275 10138 872957
4919 10298 873528
3805 10298 877356
3478 10228 880541
3805 10298 887669
3805 10298 887770
3805 10298 887804
1921 10138 889201
3805 10298 891259
1148 10138 901294
1197 10730 901523
2491 10056 903404
1148 10138 903694
2491 10056 905334
1148 10138 910569
1921 10138 910805
1148 10138 911659
7753 10138 919118
3457 10048 920366
2491 10056 923050
4919 10298 925084
8704 10228 928259
8704 10228 929641
275 10138 930564
8704 10228 930626
8704 10228 933064
8704 10228 939923
4371 10228 943645
275 10138 949436
4919 10298 951153
4919 10298 951463
1348 10497 951713
6749 10228 952183
4919 10298 953283
4919 10298 953756
275 10138 956607
1148 10138 957352
1148 10138 958399
3805 10298 959710
3805 10298 964498
4919 10298 968467
1148 10138 970853
3805 10298 971279
275 10138 985406
8704 10228 989420
9241 10288 993494
1921 10138 997216
1148 10138 999214
420 10497 999479
1148 10138 1001345
8704 10228 1002707
1921 10138 1008032
2491 10056 1010575
2491 10056 1011103
275 10138 1028594
4919 10298 1038592
4919 10298 1038637
1148 10138 1042361
9337 10138 1045293
9337 10138 1046059
654 10138 1055005
3805 10298 1058694
4919 10298 1059834
3805 10298 1059949
1921 10138 1062003
1148 10138 1063238
1197 10730 1063718
1148 10138 1063937
275 10138 1064583
3805 10298 1065035
9337 10138 1070958
1148 10138 1074376
1148 10138 1076064
654 10138 1083597
1921 10138 1083613
1148 10138 1083739
1148 10138 1084425
1148 10138 1084851
654 10138 1087710
1921 10138 1094425
2491 10056 1096442
7690 10056 1098728
7690 10056 1099090
7410 10228 1121748
4371 10228 1124114
6749 10228 1124408
6749 10228 1124503
1348 10497 1125232
6749 10228 1125297
6749 10228 1125528
6749 10228 1126075
9337 10138 1126459
420 10497 1126935
6749 10228 1127142
654 10138 1127904
9337 10138 1129140
420 10497 1129319
8704 10228 1142626
3805 10298 1142786
7753 10138 1143859
9337 10138 1145232
654 10138 1145871
1921 10138 1148416
9337 10138 1151198
9337 10138 1157496
654 10138 1164068
6749 10228 1167056
6749 10228 1167474
654 10138 1167541
6749 10228 1168081
6749 10228 1169390
6749 10228 1169732
1921 10138 1170004
7753 10138 1170226
4089 10228 1177503
275 10138 1179792
1921 10138 1180812
6749 10228 1181338
6749 10228 1184851
275 10138 1187011
275 10138 1194184
9337 10138 1208525
8704 10228 1212906
9337 10138 1213769
654 10138 1219404
1148 10138 1220107
3805 10298 1222074
654 10138 1229701
654 10138 1230487
654 10138 1231270
1921 10138 1234847
7753 10138 1236477
654 10138 1237682
7753 10138 1238054
9337 10138 1238807
9337 10138 1241545
9337 10138 1243125
3478 10228 1247430
1148 10138 1248157
654 10138 1249230
2491 10056 1253237
1148 10138 1255639
1921 10138 1256436
4371 10228 1258276
4371 10228 1259044
4371 10228 1263638
1921 10138 1267222
3805 10298 1268153
275 10138 1269270
275 10138 1276448
4371 10228 1280851
8704 10228 1285349
4371 10228 1291031
654 10138 1294843
654 10138 1295472
4919 10298 1296512
4919 10298 1296986
4919 10298 1297249
4919 10298 1297428
654 10138 1300553
654 10138 1301214
275 10138 1305250
1148 10138 1308706
1148 10138 1310767
1197 10730 1310795
1148 10138 1317045
1197 10730 1319124
1921 10138 1321220
2491 10056 1332268
9337 10138 1333890
275 10138 1334057
9337 10138 1335835
1148 10138 1337494
275 10138 1341247
9337 10138 1341308
1921 10138 1342803
275 10138 1348476
1921 10138 1353642
2491 10056 1357483
1148 10138 1359366
275 10138 1370063
654 10138 1374930
654 10138 1375692
654 10138 1376305
9337 10138 1376487
654 10138 1377188
9337 10138 1380896
4919 10298 1384110
275 10138 1384452
9337 10138 1385515
9337 10138 1390026
9337 10138 1395529
1197 10730 1397512
654 10138 1401643
654 10138 1403067
1921 10138 1407606
9241 10757 1411522
275 10138 1413250
275 10138 1420472
654 10138 1425579
1921 10138 1429232
1148 10138 1429247
1148 10138 1430035
2491 10056 1433330
275 10138 1435407
1921 10138 1440045
6705 10048 1454716
7410 10288 1459017
654 10138 1461374
1197 10730 1463832
654 10138 1464932
654 10138 1465794
654 10138 1467041
1197 10730 1469473
3657 10288 1471502
1148 10138 1472782
9337 10138 1473058
654 10138 1474949
9337 10138 1481579
1197 10730 1485812
3805 10298 1487014
3805 10298 1487031
9337 10138 1490703
654 10138 1493243
1148 10138 1493316
1921 10138 1494006
9337 10138 1494215
9337 10138 1496785
654 10138 1499875
1197 10730 1502275
1197 10730 1510713
7690 10056 1515135
1148 10138 1518084
8704 10228 1520509
8704 10228 1520725
1921 10138 1526450
1348 10430 1529668
2491 10056 1542182
9337 10138 1549803
9337 10138 1551189
9337 10138 1552313
4371 10228 1552495
9337 10138 1554370
9337 10138 1556745
654 10138 1557250
3805 10298 1560895
9337 10138 1561129
8704 10228 1563980
9337 10138 1565801
9337 10138 1568238
7753 10138 1569295
7753 10138 1569895
9337 10138 1576355
654 10138 1579996
3805 10298 1580930
3805 10298 1583116
9337 10138 1583904
3805 10298 1589362
9337 10138 1592340
654 10138 1596911
9337 10138 1597552
9337 10138 1601322
1921 10138 1602033
9337 10138 1602845
1148 10138 1606726
1921 10138 1612823
6749 10228 1637215
6749 10228 1637240
6749 10228 1638739
6749 10228 1638874
6749 10228 1639135
9337 10138 1641003
4919 10298 1641361
4919 10298 1642236
9337 10138 1644907
7753 10138 1645558
654 10138 1645643
4919 10298 1645655
7753 10138 1646160
9337 10138 1647095
654 10138 1648471
9337 10138 1649959
1148 10138 1650040
9337 10138 1655050
654 10138 1659228
654 10138 1660930
3805 10298 1661697
9337 10138 1662696
9337 10138 1665432
654 10138 1666482
9337 10138 1666795
1921 10138 1666857
9337 10138 1667556
654 10138 1671382
9337 10138 1672129
9337 10138 1673903
3805 10298 1674511
1148 10138 1675865
7753 10138 1678540
7753 10138 1679143
7753 10138 1679750
1148 10138 1681692
1148 10138 1682865
9337 10138 1683994
1148 10138 1684297
1921 10138 1688401
3805 10298 1690565
8704 10228 1698243
1921 10138 1699237
8704 10228 1705847
3478 10228 1707646
7690 10056 1712521
7690 10056 1714614
9337 10138 1720718
9337 10138 1722134
6749 10228 1725087
6749 10228 1725238
9337 10138 1731733
654 10138 1733279
9337 10138 1737202
1921 10138 1753204
9337 10138 1756200
9337 10138 1763562
3805 10298 1768310
3805 10298 1772932
1921 10138 1774828
3478 10228 1775553
2491 10056 1780804
1921 10138 1785651
3478 10228 1797584
7341 10228 1806734
1197 10730 1807100
8704 10228 1807364
8704 10228 1807456
8704 10228 1807699
9337 10138 1815054
9337 10138 1816222
654 10138 1820588
9337 10138 1822655
9337 10138 1824077
654 10138 1826442
1534 10234 1826538
8704 10228 1826919
1534 10234 1827135
1148 10138 1827319
3805 10298 1827330
654 10138 1829471
9337 10138 1830990
3657 10288 1833019
3657 10288 1833047
654 10138 1835349
9337 10138 1836053
654 10138 1836966
9337 10138 1837296
3805 10298 1838985
4371 10228 1839440
1921 10138 1839626
3805 10298 1840602
654 10138 1841296
654 10138 1842027
654 10138 1842743
9337 10138 1847242
8704 10228 1851238
1148 10138 1854359
7753 10138 1857244
4371 10228 1858361
3478 10228 1858782
4371 10228 1859912
9241 10056 1861016
1921 10138 1861216
1921 10138 1872037
2491 10056 1875911
8704 10228 1890956
6749 10228 1893592
6749 10228 1893739
6749 10228 1893798
9337 10138 1905314
4919 10298 1906061
8704 10228 1906263
9337 10138 1906514
654 10138 1906536
4919 10298 1906761
6749 10228 1907237
6749 10228 1907958
3805 10298 1908118
3805 10298 1908127
1148 10138 1908827
9337 10138 1914119
9337 10138 1915419
4919 10298 1919290
9337 10138 1921866
1148 10138 1922094
9337 10138 1924108
1921 10138 1926028
9337 10138 1932693
1148 10138 1937008
9337 10138 1938196
9337 10138 1940720
9337 10138 1942080
3805 10298 1942314
1921 10138 1947655
7753 10138 1947962
2491 10056 1952620
2491 10056 1952750
7753 10138 1958209
1921 10138 1958428
7753 10138 1958813
7753 10138 1959418
4371 10228 1962209
4371 10228 1964267
7084 10048 1968401
4371 10228 1975209
4371 10228 1975600
654 10138 1979493
7753 10138 1984274
9337 10138 1985463
275 10138 1986395
6749 10228 1986722
9337 10138 1988798
9337 10138 1990223
1197 10730 1991101
3657 10288 1992364
3805 10298 1992557
654 10138 1992799
654 10138 1993452
275 10138 1993585
3805 10298 1998076
3805 10298 1998089
3805 10298 1999510
275 10138 2000778
654 10138 2001160
3805 10298 2001682
654 10138 2006511
654 10138 2007455
275 10138 2007986
1197 10730 2008699
654 10138 2008716
4919 10298 2009595
654 10138 2011611
1921 10138 2012437
4919 10298 2027778
1921 10138 2034044
8704 10228 2036374
2491 10056 2044346
8704 10228 2059605
654 10138 2069639
9337 10138 2069817
6749 10228 2072033
6749 10228 2072113
6749 10228 2072163
654 10138 2072178
6749 10228 2072216
6749 10228 2072303
6749 10228 2072367
6749 10228 2072570
6749 10228 2072953
9337 10138 2073759
6749 10228 2073795
6749 10228 2073988
6749 10228 2074363
4919 10298 2074622
654 10138 2077009
3657 10288 2077355
654 10138 2079070
1148 10138 2080454
654 10138 2083259
3805 10298 2084757
1148 10138 2086377
1197 10730 2087121
275 10138 2087180
3805 10298 2092181
275 10138 2094406
8704 10228 2106919
1148 10138 2108950
1148 10138 2109155
1148 10138 2121798
1148 10138 2125154
1148 10138 2130072
1921 10138 2131241
8704 10228 2134776
8704 10228 2137437
8704 10228 2138575
8704 10228 2158016
254 10288 2162346
4919 10298 2162556
4919 10298 2162719
4919 10298 2162975
4919 10298 2163262
4919 10298 2163395
9337 10138 2165290
3805 10298 2167087
9337 10138 2167404
3805 10298 2167551
3805 10298 2168690
3805 10298 2168705
6749 10228 2168719
6749 10228 2168840
6749 10228 2168964
6749 10228 2169241
1148 10138 2172575
275 10138 2173570
1148 10138 2174493
3805 10298 2175767
275 10138 2180785
9337 10138 2181798
1921 10138 2185232
3805 10298 2193382
3805 10298 2193402
9337 10138 2193674
654 10138 2194566
1148 10138 2194792
9337 10138 2196123
9241 10056 2196337
1148 10138 2197217
1921 10138 2206840
3457 10048 2213593
1921 10138 2217653
2491 10056 2220005
8704 10228 2224448
275 10138 2231209
654 10138 2246408
6749 10228 2246927
6749 10228 2247057
9337 10138 2247097
4919 10298 2247635
6749 10228 2247714
4919 10298 2247751
3805 10298 2251746
654 10138 2252444
6749 10228 2253693
6749 10228 2253850
6749 10228 2254166
7753 10138 2254520
3805 10298 2259780
3805 10298 2264235
1921 10138 2271633
7753 10138 2272974
3805 10298 2273145
3805 10298 2281162
275 10138 2281596
1921 10138 2293236
1148 10138 2298547
1148 10138 2298839
275 10138 2303200
1921 10138 2304010
163 10222 2307508
275 10138 2310376
4089 10228 2315781
8704 10228 2320249
3478 10228 2325770
7410 10228 2329874
654 10138 2331941
654 10138 2336279
275 10138 2339202
275 10138 2346395
3805 10298 2352468
275 10138 2353601
3805 10298 2357069
1921 10138 2358032
9337 10138 2359317
4371 10228 2362048
4371 10228 2363622
1197 10730 2366078
1148 10138 2367972
275 10138 2367972
3478 10228 2369787
3805 10298 2370035
3478 10228 2370198
3478 10228 2370437
3478 10228 2370855
3478 10228 2371316
3478 10228 2371482
3478 10228 2371701
3478 10228 2371911
3478 10228 2371997
3478 10228 2372147
3478 10228 2372288
1148 10138 2372924
654 10138 2374284
6749 10228 2376434
6749 10228 2377148
8704 10228 2378051
6749 10228 2378215
1921 10138 2379607
654 10138 2381224
2491 10056 2387649
2491 10056 2387819
163 10056 2389006
8704 10228 2394721
7753 10138 2394908
6749 10228 2401384
6749 10228 2401572
3478 10228 2406002
3478 10228 2406157
3478 10228 2412321
3657 10288 2413131
1197 10730 2424928
275 10138 2425628
1148 10138 2427469
9337 10138 2428358
8704 10228 2431908
275 10138 2432799
7341 10228 2435047
3805 10298 2437096
3805 10298 2437146
3657 10288 2438028
275 10138 2439980
9337 10138 2441277
1148 10138 2443716
9337 10138 2443908
1921 10138 2444425
1197 10730 2446256
654 10138 2450595
1197 10730 2452262
2491 10056 2461164
1148 10138 2462489
1921 10138 2465998
2491 10056 2468636
6749 10228 2470880
6749 10228 2471060
6749 10228 2471867
4371 10228 2472637
7690 10056 2472772
7690 10056 2472891
275 10138 2476008
2491 10056 2476602
1921 10138 2476820
2491 10056 2477014
7690 10056 2477362
4089 10228 2483203
163 10222 2483952
4089 10228 2484271
163 10222 2486653
7690 10056 2489701
163 10222 2491781
654 10138 2501891
275 10138 2505673
9337 10138 2511231
9337 10138 2513043
3805 10298 2514086
8704 10228 2517464
654 10138 2518538
275 10138 2520104
3805 10298 2522374
9337 10138 2524563
4371 10228 2527929
275 10138 2534507
654 10138 2543202
7690 10056 2543793
3478 10228 2544213
3478 10228 2544469
3478 10228 2544783
654 10138 2544822
3478 10228 2544938
3478 10228 2547113
3478 10228 2547469
3478 10228 2547782
3478 10228 2547822
3478 10228 2548226
3478 10228 2548392
3478 10228 2549144
3478 10228 2549401
3805 10298 2549651
7690 10056 2551068
1921 10138 2552417
7084 10288 2553310
1921 10138 2563230
3478 10228 2568074
3478 10228 2568336
2491 10056 2571555
2491 10056 2571598
3478 10228 2572473
3478 10228 2573600
3478 10228 2574900
163 10222 2575876
654 10138 2581854
8704 10228 2587799
9337 10138 2589437
3478 10228 2590448
654 10138 2592916
654 10138 2593746
654 10138 2594915
654 10138 2595957
4919 10298 2596585
654 10138 2596594
4371 10228 2596727
6749 10228 2603609
4919 10298 2608243
1148 10138 2609708
9337 10138 2609751
3805 10298 2614790
1197 10730 2614809
9337 10138 2616254
1921 10138 2617214
1197 10730 2618223
3478 10228 2623675
1148 10138 2625592
7753 10138 2631653
7753 10138 2633515
7753 10138 2634135
1148 10138 2634623
275 10138 2635315
1921 10138 2638824
7753 10138 2640935
3805 10298 2642098
275 10138 2642527
7753 10138 2642780
3478 10228 2642879
3478 10228 2643024
7753 10138 2643380
3478 10228 2644071
3478 10228 2644224
3478 10228 2646281
7690 10056 2652760
163 10222 2669462
1197 10730 2670860
3478 10228 2672187
3478 10228 2674199
1197 10730 2675027
9337 10138 2676397
