95 10046 482
301 10147 2048
421 10046 3149
466 10046 3635
669 10046 5504
95 10046 6294
301 10147 9848
1190 10046 12177
1167 10046 13631
1513 10046 17420
1640 10046 19430
1640 10046 20478
1640 10046 21228
421 10046 22102
421 10046 22254
1820 10046 23065
1640 10046 24736
421 10046 25459
1640 10046 29007
2216 10046 33448
2362 10046 34799
95 10046 36549
1640 10046 40144
2362 10046 41612
669 10046 44185
1640 10046 45097
301 10147 45732
3041 10046 48120
3146 10147 49877
3146 10147 50618
3041 10046 51354
3354 10046 53266
301 10147 53904
3354 10046 56491
301 10147 57689
1640 10046 58275
1167 10046 60664
3328 10046 60689
1623 10147 63931
3146 10147 64637
301 10147 64666
4058 10046 65704
4146 10046 67470
4261 10046 69850
4083 10046 69980
1640 10046 71178
669 10046 72596
4431 10224 73680
301 10147 74786
3041 10046 76070
669 10046 80404
4678 10046 81226
4678 10046 82757
4146 10046 83671
4146 10046 84251
4146 10046 84594
4146 10046 84724
4798 10046 85474
4798 10046 85996
421 10046 86051
4083 10046 86216
4146 10046 86720
301 10147 87254
421 10046 90228
421 10046 90389
421 10046 91926
1167 10046 93136
301 10147 95202
1640 10046 104740
1640 10046 105028
1513 10046 105881
1640 10046 106094
1640 10046 107069
4678 10046 109597
2362 10046 122139
1640 10046 122524
5594 10147 129406
669 10046 129428
4083 10046 130993
301 10147 131102
5720 10046 131470
1640 10046 133064
1640 10046 135217
301 10147 136955
5888 10147 137790
5935 10224 139420
1640 10046 141926
1659 10046 143411
3041 10046 143582
1659 10046 144942
5888 10147 145061
301 10147 145702
1659 10046 145714
1659 10046 146462
669 10046 146918
6152 10046 146970
1659 10046 151139
1640 10046 151331
1640 10046 151416
5888 10147 152305
1640 10046 153274
6345 10147 154450
1659 10046 154622
1659 10046 155281
5888 10147 155290
1640 10046 155536
6430 10046 159081
3146 10147 160869
6547 10147 163142
6451 10046 164388
1659 10046 165364
3354 10046 165909
301 10147 166173
1659 10046 167351
4146 10046 167413
6451 10046 169089
1659 10046 169524
4146 10046 170990
6451 10046 172485
2216 10046 173558
301 10147 174547
421 10046 174697
4146 10046 177660
301 10147 178889
421 10046 179147
1820 10046 179423
421 10046 180301
6547 10147 180326
1659 10046 180400
421 10046 180427
1659 10046 181086
1659 10046 182633
301 10147 183778
4678 10046 184144
6451 10046 184863
421 10046 184885
4678 10046 185310
4678 10046 187091
301 10147 187124
1659 10046 187859
1659 10046 188501
1640 10046 191310
1640 10046 191584
1659 10046 191623
6451 10046 193634
1167 10046 193908
6451 10046 208803
4146 10046 212946
4146 10046 213346
4146 10046 214399
4146 10046 215264
669 10046 215814
5720 10046 216578
1640 10046 217247
4146 10046 217322
5720 10046 217416
5720 10046 218106
1640 10046 219148
301 10147 219323
6451 10046 220602
3041 10046 223702
301 10147 223879
6451 10046 228220
301 10147 228670
7269 10046 232033
7269 10046 232155
301 10147 232469
1640 10046 233700
4083 10046 235800
466 10046 238086
5594 10147 238296
301 10147 239419
6152 10046 241104
4083 10046 242732
1640 10046 245777
6014 10046 246165
5888 10147 247867
301 10147 248351
7269 10046 248429
6152 10046 248558
6451 10046 250754
4146 10046 252651
421 10046 254191
301 10147 254707
6451 10046 258467
301 10147 260523
301 10147 264560
466 10046 264842
4146 10046 265264
7571 10046 266428
4058 10046 266432
4431 10411 266478
1190 10046 267298
1190 10046 268315
301 10147 268683
1190 10046 270479
6451 10046 270618
4146 10046 270787
4146 10046 270807
4146 10046 271377
4146 10046 272516
7571 10046 273069
421 10046 273389
421 10046 273779
7602 10046 274849
6152 10046 274865
1513 10046 276772
7571 10046 276983
1293 10046 277783
1640 10046 278371
1640 10046 279173
1640 10046 279260
1640 10046 280145
1640 10046 280599
7602 10046 285078
2216 10046 286044
6451 10046 291441
5594 10147 292867
4146 10046 296660
4083 10046 300751
466 10046 301075
4146 10046 302541
4083 10046 305228
301 10147 307611
6451 10046 308028
7571 10046 309410
1513 10046 310213
7571 10046 311050
301 10147 311808
5888 10147 312008
4146 10046 312600
2321 10147 313064
6451 10046 313712
3146 10147 314686
7269 10046 318446
301 10147 318696
1640 10046 319256
301 10147 319349
1640 10046 319619
1640 10046 319980
5935 10224 322273
3146 10147 322645
3146 10147 322780
3146 10147 323256
7269 10046 324438
301 10147 324960
4146 10046 328061
6430 10046 328110
4146 10046 328268
4146 10046 329933
4083 10046 329957
4146 10046 329962
5888 10147 330357
1640 10046 330751
4678 10046 331041
301 10147 331551
5888 10147 332154
5888 10147 334217
6451 10046 335583
4678 10046 336202
1640 10046 336356
301 10147 337857
7571 10046 340793
4678 10046 341094
4678 10046 341665
301 10147 341849
7602 10046 343005
4678 10046 345879
301 10147 346365
7571 10046 348403
4678 10046 348488
4678 10046 348837
1167 10046 350453
301 10147 350996
4261 10046 351887
4261 10046 351997
1190 10046 353294
301 10147 354840
7571 10046 355590
421 10046 356498
1640 10046 361063
1640 10046 361916
1640 10046 362248
7571 10046 363144
1167 10046 363730
7571 10046 366255
1640 10046 366807
1640 10046 372762
1640 10046 373807
8080 10046 374968
8080 10046 375771
6451 10046 381086
95 10046 381256
7602 10046 381664
7602 10046 382008
4083 10046 383681
301 10147 387003
8080 10046 392300
1640 10046 392351
1640 10046 393013
8080 10046 393475
1190 10046 393752
1190 10046 394202
6451 10046 396468
301 10147 396580
4083 10046 396724
8163 10046 398779
5888 10147 399430
8163 10046 403137
1640 10046 404237
8163 10046 404541
7269 10046 404773
8163 10046 405432
3041 10046 405566
8080 10046 405906
8163 10046 406708
5888 10147 407807
8163 10046 407870
8163 10046 408297
3354 10046 408319
8163 10046 409865
4146 10046 410622
1640 10046 410771
1640 10046 411343
5888 10147 412514
301 10147 414969
7571 10046 415135
4678 10046 416000
8249 10046 416567
6451 10046 417471
669 10046 417901
301 10147 419116
6451 10046 420209
4678 10046 420559
4083 10046 422544
7602 10046 422583
7602 10046 423093
4678 10046 423326
301 10147 424600
4678 10046 425315
5888 10147 427247
3354 10046 428275
301 10147 428295
8163 10046 429516
669 10046 429616
8297 10046 429746
1293 10046 429882
425 10224 430701
8163 10046 430712
8163 10046 431177
1293 10046 431177
5041 10249 431525
8163 10046 431661
8163 10046 431890
4678 10046 432391
301 10147 434584
95 10046 435396
1820 10046 435807
4058 10046 436522
1820 10046 436537
301 10147 438200
4146 10046 438956
6345 10147 439435
1190 10046 439719
6870 10046 441745
6547 10147 442817
6547 10147 442864
4083 10046 443033
6547 10147 443188
6547 10147 444136
1640 10046 446680
1820 10046 449036
1820 10046 449271
466 10046 449312
1640 10046 452013
1640 10046 452462
1640 10046 452608
7602 10046 453539
7602 10046 454106
7602 10046 455759
6345 10147 455920
6152 10046 459661
7571 10046 459816
6451 10046 463006
6451 10046 467947
5594 10147 469052
4083 10046 475331
669 10046 476471
6451 10046 476864
3041 10046 477384
6451 10046 481466
8080 10046 481571
8080 10046 482075
301 10147 484226
5720 10046 485112
6451 10046 485129
8080 10046 485422
5888 10147 485551
301 10147 489150
8080 10046 494321
8080 10046 495260
301 10147 496171
3146 10147 498004
669 10046 500470
5888 10147 504055
6451 10046 506748
669 10046 507181
301 10147 509554
466 10046 509794
8297 10046 511080
4083 10046 511998
4678 10046 512972
7571 10046 513539
6451 10046 513707
5720 10046 514808
7571 10046 516027
6870 10046 517301
4678 10046 519254
8163 10046 519683
4678 10046 519989
5720 10046 520451
1293 10046 522511
8080 10046 523298
8080 10046 523425
5720 10046 525543
4083 10046 525696
301 10147 526487
8080 10046 528279
8163 10046 529033
466 10046 529931
8163 10046 530232
301 10147 531305
8163 10046 531437
8163 10046 532286
8163 10046 533329
301 10147 533617
8163 10046 533953
4146 10046 534495
4146 10046 534968
1820 10046 535388
4146 10046 535507
4146 10046 536997
8163 10046 537479
1640 10046 539363
1640 10046 539820
4146 10046 540105
8080 10046 540995
8080 10046 541618
8080 10046 542051
8080 10046 542381
8080 10046 543184
8080 10046 543955
1820 10046 544148
2216 10046 547408
1640 10046 547848
6451 10046 553193
4261 10046 556055
669 10046 557986
4146 10046 558550
3041 10046 564401
4146 10046 564513
3041 10046 564535
3041 10046 564821
5720 10046 565379
7571 10046 565677
301 10147 566007
3146 10147 566519
3354 10046 566841
5935 10224 568455
6451 10046 569501
301 10147 571212
1820 10046 571624
4281 10046 572823
1659 10046 573132
4281 10046 573461
1659 10046 574018
301 10147 575780
301 10147 580740
7602 10046 581280
7269 10046 582986
301 10147 587140
4058 10046 590666
301 10147 591130
1640 10046 592325
1640 10046 595685
1640 10046 596136
466 10046 597717
466 10046 599381
4083 10046 602500
7602 10046 605048
7602 10046 605585
466 10046 606215
4798 10046 609443
4798 10046 609576
4281 10046 612452
6152 10046 616838
301 10147 616913
6547 10147 617630
4678 10046 618382
4678 10046 620869
8080 10046 628551
6345 10147 629672
8080 10046 630443
1659 10046 630675
1659 10046 631535
1659 10046 632724
1820 10046 635158
8080 10046 635829
8080 10046 638781
1293 10046 641162
2362 10046 647175
2362 10046 647223
669 10046 647542
5720 10046 649137
6451 10046 652039
4261 10046 657708
3354 10046 657791
4261 10046 657920
4261 10046 658111
301 10147 659313
3146 10147 659496
8801 10046 659584
1659 10046 660188
3041 10046 661219
4146 10046 662265
301 10147 663229
4281 10046 663323
7571 10046 664469
8080 10046 665209
1640 10046 665349
8080 10046 665566
1640 10046 665940
1640 10046 666120
1640 10046 666377
5594 10147 666829
1640 10046 666840
8080 10046 666910
7571 10046 667599
4146 10046 668274
301 10147 668745
4146 10046 671928
7571 10046 672593
7571 10046 673874
7571 10046 675486
8080 10046 675542
1640 10046 676407
3146 10147 677703
466 10046 679684
1659 10046 679891
3146 10147 680477
7571 10046 681121
1190 10046 681396
1659 10046 681411
301 10147 681732
1659 10046 682760
1659 10046 683479
5594 10147 683776
7571 10046 683992
1659 10046 684818
1659 10046 685416
5720 10046 685528
301 10147 689969
301 10147 690425
6451 10046 691396
421 10046 691736
8855 10046 692729
4083 10046 697218
1167 10046 698034
301 10147 698562
4678 10046 698618
1640 10046 701417
7571 10046 702014
1640 10046 702136
466 10046 702217
8801 10046 702790
301 10147 703475
8163 10046 703756
1659 10046 704366
1659 10046 704981
1659 10046 706310
1659 10046 708687
1659 10046 709879
8080 10046 712321
1659 10046 712342
6547 10147 719787
2362 10046 724322
95 10046 729439
1640 10046 730725
1640 10046 731017
5720 10046 732001
95 10046 732163
466 10046 732446
95 10046 733179
1640 10046 733775
4261 10046 733810
669 10046 735605
8249 10046 736305
4146 10046 737486
6451 10046 738625
301 10147 739730
8163 10046 740645
8080 10046 741215
8163 10046 741218
3041 10046 741596
8163 10046 741641
8163 10046 742226
8801 10046 745384
7269 10046 745521
8801 10046 746341
1659 10046 746611
1640 10046 747594
1640 10046 748056
6451 10046 748470
301 10147 749863
5888 10147 750077
4083 10046 751249
1659 10046 752333
8801 10046 752462
3146 10147 753008
1820 10046 753423
3146 10147 754546
8297 10046 756160
8801 10046 756262
6451 10046 757325
301 10147 757482
7269 10046 757933
5888 10147 758071
8969 10044 758120
8977 10046 758918
466 10046 760952
8297 10046 761087
5935 10224 761120
8297 10046 761812
8801 10046 763937
8977 10046 764800
8977 10046 764883
8801 10046 765212
8969 10044 765658
3146 10147 765880
1640 10046 766047
4281 10046 766504
301 10147 767258
4281 10046 769395
6451 10046 769568
6451 10046 770857
4281 10046 771454
4281 10046 771653
8977 10046 773074
8977 10046 774213
8977 10046 774291
6152 10046 774691
301 10147 776307
6152 10046 779771
4281 10046 780456
6260 10046 781145
6152 10046 781313
7269 10046 782762
4058 10046 784877
301 10147 785033
8977 10046 786789
8977 10046 786823
6152 10046 788653
7571 10046 789148
7571 10046 789182
7571 10046 789255
95 10046 789944
7571 10046 790594
6152 10046 790636
8969 10044 790793
1640 10046 792420
1293 10046 793835
8080 10046 793959
1640 10046 794112
7602 10046 794474
7571 10046 794818
7571 10046 796650
8801 10046 796721
8801 10046 796767
8801 10046 796815
95 10046 797145
2216 10046 805503
1820 10046 810060
9040 10046 810590
1820 10046 810637
9042 10046 817924
9042 10046 818251
9042 10046 819144
4146 10046 820092
1640 10046 821084
1640 10046 821196
9042 10046 821881
8163 10046 822598
301 10147 822891
9042 10046 823551
4146 10046 824643
6451 10046 825778
9042 10046 825792
3354 10046 825850
8080 10046 825927
8080 10046 826930
8080 10046 826989
4083 10046 827494
3354 10046 829466
8249 10046 830590
3146 10147 830611
5837 10046 831500
301 10147 831687
1190 10046 832918
5888 10147 835552
8801 10046 835909
8801 10046 836404
4146 10046 836509
1640 10046 838002
3146 10147 840687
4083 10046 842322
8977 10046 842333
3146 10147 845652
3146 10147 847115
3146 10147 847309
3146 10147 847413
669 10046 848336
8977 10046 848504
8977 10046 849152
8801 10046 849299
8801 10046 850723
9040 10046 851221
9040 10046 851533
5888 10147 851716
8801 10046 851914
8801 10046 852331
5888 10147 852615
1167 10046 853411
1293 10046 859996
6345 10147 860118
8249 10046 860647
8249 10046 860797
4281 10046 861589
301 10147 862124
5888 10147 862234
3328 10046 862302
4146 10046 864830
8977 10046 867140
466 10046 868975
4678 10046 869917
6547 10147 870671
1640 10046 871991
1640 10046 872695
1640 10046 873081
4146 10046 874120
7571 10046 875559
301 10147 876345
9040 10046 876488
7571 10046 877016
6451 10046 879467
1820 10046 885011
7571 10046 885429
1640 10046 894015
2216 10046 896895
6870 10046 904613
4083 10046 907064
4146 10046 909247
1640 10046 909896
1640 10046 910082
9178 10046 910641
1640 10046 910672
1640 10046 912851
301 10147 913400
4146 10046 914600
8080 10046 914723
1167 10046 914730
3041 10046 917772
5888 10147 920116
1640 10046 921174
1640 10046 921805
8249 10046 921923
5888 10147 923734
301 10147 926855
8977 10046 931556
5888 10147 931801
1640 10046 933172
6152 10046 933341
6451 10046 934620
3146 10147 934980
8297 10046 934996
8163 10046 940171
8163 10046 940541
8163 10046 941172
1167 10046 941695
4083 10046 941879
3146 10147 942500
3146 10147 943152
9178 10046 943736
1293 10046 944011
1190 10046 945391
1190 10046 948025
9178 10046 948282
8977 10046 948326
8977 10046 949366
7571 10046 950143
301 10147 950531
7571 10046 953447
4058 10046 954452
6547 10147 954918
6547 10147 954987
301 10147 956685
6152 10046 958004
7571 10046 960297
6152 10046 960339
4146 10046 960952
6152 10046 962595
1640 10046 963106
8977 10046 963571
1640 10046 969112
8977 10046 978185
2216 10046 980981
8080 10046 981037
7602 10046 985284
6451 10046 986242
6870 10046 989162
4083 10046 989475
1190 10046 995540
1190 10046 995574
1659 10046 997887
1659 10046 1000278
8969 10044 1002547
3354 10046 1005619
4281 10046 1006591
1640 10046 1010548
9178 10046 1011314
8297 10046 1012261
8297 10046 1012286
5888 10147 1013727
6152 10046 1014012
1820 10046 1014725
5888 10147 1015540
5888 10147 1015541
4083 10046 1016993
669 10046 1018456
8297 10046 1021173
6152 10046 1021234
5720 10046 1021395
6345 10147 1023027
7571 10046 1024478
8297 10046 1024520
8297 10046 1025644
6451 10046 1026059
9040 10046 1028026
9040 10046 1028108
7571 10046 1030011
9178 10046 1030450
1167 10046 1032110
6870 10046 1033019
8080 10046 1033796
7571 10046 1034911
7571 10046 1039097
301 10147 1039606
8977 10046 1039862
8855 10046 1043096
4678 10046 1043165
4678 10046 1043569
4678 10046 1045096
301 10147 1046614
8977 10046 1046668
95 10046 1046829
8977 10046 1048505
1190 10046 1048954
1167 10046 1049511
6152 10046 1052319
1640 10046 1052823
5720 10046 1055824
5720 10046 1057353
5720 10046 1063598
1640 10046 1063942
1820 10046 1065568
8855 10046 1065894
95 10046 1068440
9178 10046 1075870
9178 10046 1076171
5720 10046 1080825
1190 10046 1083612
5888 10147 1085343
5837 10046 1085765
4083 10046 1086420
5888 10147 1086544
3354 10046 1089043
7571 10046 1090061
7571 10046 1090332
5594 10147 1091300
4083 10046 1093240
301 10147 1093652
3146 10147 1095673
3328 10046 1097116
3041 10046 1098146
466 10046 1098156
8801 10046 1098502
8080 10046 1098711
1640 10046 1100514
8801 10046 1100717
1640 10046 1100972
8801 10046 1101314
8801 10046 1103155
3328 10046 1103177
8855 10046 1104740
8855 10046 1105168
8801 10046 1105954
8801 10046 1106725
8801 10046 1106990
669 10046 1108379
6345 10147 1108500
8801 10046 1109121
466 10046 1110678
8801 10046 1110892
6870 10046 1111625
1167 10046 1112041
7571 10046 1113621
9040 10046 1117050
3146 10147 1118419
3146 10147 1118604
5041 10610 1118679
9040 10046 1119282
1623 10147 1120439
301 10147 1120865
8297 10046 1121465
8297 10046 1123084
4058 10046 1124555
8801 10046 1128124
301 10147 1130377
9040 10046 1131933
7571 10046 1132746
9040 10046 1133228
3328 10046 1133557
8855 10046 1137768
301 10147 1138434
1820 10046 1139058
5837 10046 1139391
1640 10046 1141253
8801 10046 1141478
8801 10046 1141889
3354 10046 1143392
2216 10046 1145996
8249 10046 1146337
1659 10046 1146372
1659 10046 1146981
1659 10046 1148609
1659 10046 1149279
8297 10046 1173103
301 10147 1173438
3354 10046 1173851
3354 10046 1175434
8297 10046 1176384
8297 10046 1177494
8297 10046 1177578
466 10046 1177922
9042 10046 1178881
466 10046 1179403
1190 10046 1180307
466 10046 1182274
301 10147 1183465
4281 10046 1184443
4083 10046 1184648
8297 10046 1187229
9178 10046 1187798
6547 10147 1189450
8297 10046 1189506
3328 10046 1190385
8297 10046 1192177
1293 10046 1193644
1293 10046 1194191
7269 10046 1195216
301 10147 1195762
6056 10670 1196141
6152 10046 1196407
1167 10046 1197180
8297 10046 1197674
6056 10670 1198113
4083 10046 1199127
8297 10046 1199187
1293 10046 1200409
6152 10046 1200821
5422 10670 1201342
8855 10046 1202970
1293 10046 1203444
7602 10046 1209542
6014 10046 1210906
4678 10046 1211149
8977 10046 1211722
4146 10046 1212014
301 10147 1213498
4146 10046 1215758
8977 10046 1217185
8977 10046 1217858
7571 10046 1218268
301 10147 1219234
6345 10147 1220300
7571 10046 1220596
8977 10046 1220955
95 10046 1221946
8977 10046 1224585
9042 10046 1225021
9042 10046 1226259
8855 10046 1226903
9042 10046 1227538
8855 10046 1228467
1640 10046 1228925
7571 10046 1228954
9042 10046 1231869
1293 10046 1235616
1293 10046 1236460
1640 10046 1237319
8297 10046 1242219
7602 10046 1242479
6870 10046 1247587
6870 10046 1249588
8297 10046 1251159
7602 10046 1252015
4146 10046 1252231
3041 10046 1255450
9525 10046 1257649
9525 10046 1258267
8643 10224 1260229
301 10147 1260817
3146 10147 1261870
3146 10147 1261979
7602 10046 1262324
7571 10046 1262617
6152 10046 1264923
7602 10046 1264928
301 10147 1268880
4083 10046 1268895
7571 10046 1269231
6152 10046 1271243
1167 10046 1272985
9541 10046 1274212
1190 10046 1274405
4058 10046 1274440
1640 10046 1274478
7571 10046 1275105
8977 10046 1275155
4083 10046 1275787
9541 10046 1275896
9541 10046 1276955
8855 10046 1277764
9545 10147 1277998
9541 10046 1278009
8297 10046 1279145
9541 10046 1279174
8297 10046 1279193
7602 10046 1279909
9541 10046 1280022
301 10147 1280362
8297 10046 1280424
8297 10046 1280480
9541 10046 1280639
9541 10046 1281270
9549 10046 1281663
8977 10046 1284471
9549 10046 1285021
301 10147 1285837
8977 10046 1285952
6152 10046 1289813
6152 10046 1291118
9525 10046 1291334
7571 10046 1291431
9541 10046 1292823
301 10147 1293037
4798 10046 1293213
4798 10046 1294445
5041 10224 1295046
4798 10046 1295773
9541 10046 1296097
6547 10147 1296141
1167 10046 1296438
4798 10046 1297013
6870 10046 1298202
4798 10046 1298388
9541 10046 1299065
9178 10046 1299923
1167 10046 1299976
6152 10046 1299989
466 10046 1300418
4798 10046 1300699
301 10147 1300816
7269 10046 1303098
466 10046 1303161
9525 10046 1303566
9564 10046 1303874
669 10046 1304242
9564 10046 1304486
9525 10046 1304499
9525 10046 1305868
9564 10046 1306195
1190 10046 1306463
7571 10046 1307520
7571 10046 1307762
1659 10046 1308854
421 10046 1308858
1659 10046 1309508
8977 10046 1309820
1659 10046 1310710
9178 10046 1311063
8977 10046 1311136
1659 10046 1311951
9178 10046 1312136
1659 10046 1315800
5720 10046 1318015
1659 10046 1320521
6870 10046 1328768
9525 10046 1329777
6547 10147 1329963
6547 10147 1330159
5720 10046 1337566
9549 10046 1338277
9549 10046 1338324
9541 10046 1338442
5720 10046 1338652
9592 10046 1339407
301 10147 1339538
1640 10046 1339620
1640 10046 1341478
3041 10046 1342417
421 10046 1343328
669 10046 1344927
4261 10046 1345481
9592 10046 1345722
9592 10046 1346323
5888 10147 1347472
4083 10046 1348247
1167 10046 1349171
5888 10147 1349287
8297 10046 1349949
7269 10046 1350458
6152 10046 1354102
4146 10046 1356236
4146 10046 1356261
4146 10046 1357361
1659 10046 1357746
3328 10046 1361951
9042 10046 1362512
4146 10046 1362978
5888 10147 1363045
9042 10046 1364614
3328 10046 1364980
1640 10046 1365466
9042 10046 1366316
6009 10848 1366631
9042 10046 1369993
6014 10046 1372815
5888 10147 1372961
9042 10046 1373286
4146 10046 1373719
8855 10046 1373787
1167 10046 1373794
9042 10046 1375085
301 10147 1377191
9541 10046 1378831
9042 10046 1378846
669 10046 1379052
9541 10046 1380871
9042 10046 1381412
4146 10046 1382504
9541 10046 1382817
301 10147 1382937
9541 10046 1383742
9541 10046 1384519
7269 10046 1384728
9042 10046 1385028
1293 10046 1385312
9541 10046 1385800
9042 10046 1385928
9042 10046 1386289
4798 10046 1386298
9541 10046 1387110
6547 10147 1387743
301 10147 1389317
9541 10046 1389601
9564 10046 1389801
9178 10046 1390249
1190 10046 1390318
9541 10046 1390467
4798 10046 1391131
9178 10046 1391244
9541 10046 1391445
9525 10046 1391462
9525 10046 1391475
9525 10046 1391910
9525 10046 1395184
9525 10046 1395266
1167 10046 1395511
4678 10046 1396129
6870 10046 1397272
301 10147 1397510
4678 10046 1397706
9178 10046 1398011
4678 10046 1399363
9545 10147 1400446
1640 10046 1402738
1659 10046 1403977
4678 10046 1404354
1659 10046 1407468
5720 10046 1407788
9549 10046 1408068
9549 10046 1408164
9549 10046 1408227
9549 10046 1408271
3146 10147 1409070
3146 10147 1409087
7602 10046 1412428
5720 10046 1415943
6870 10046 1417900
9525 10046 1418235
5720 10046 1428433
301 10147 1430846
301 10147 1431203
8249 10046 1435737
1659 10046 1436564
1659 10046 1437542
6152 10046 1437554
7269 10046 1437901
301 10147 1440201
5888 10147 1440447
301 10147 1442492
6152 10046 1444915
3146 10147 1447202
5888 10147 1447935
669 10046 1448387
9616 10224 1449605
1640 10046 1450281
9616 10224 1450948
669 10046 1453612
3146 10147 1454392
5888 10147 1456023
6152 10046 1456260
1659 10046 1456324
6152 10046 1456397
301 10147 1457718
6547 10147 1461638
466 10046 1461872
9525 10046 1462523
9525 10046 1462573
9525 10046 1462594
9525 10046 1462620
9178 10046 1463030
301 10147 1463658
9525 10046 1463750
8249 10046 1463984
1167 10046 1464548
1167 10046 1464599
9541 10046 1464932
9525 10046 1465124
7571 10046 1465178
9541 10046 1466050
7571 10046 1466417
9541 10046 1466978
4798 10046 1467004
4798 10046 1467753
9686 10046 1468685
9178 10046 1468884
4798 10046 1469156
4798 10046 1469242
4798 10046 1469959
4798 10046 1471750
301 10147 1471877
9541 10046 1473003
6152 10046 1473658
9541 10046 1474674
9541 10046 1476041
301 10147 1476751
4058 10046 1476777
6152 10046 1476952
8855 10046 1476996
6152 10046 1477012
8855 10046 1477494
9541 10046 1477845
6152 10046 1478335
6152 10046 1478407
6152 10046 1478777
6152 10046 1478924
4798 10046 1480354
9541 10046 1480516
301 10147 1481205
6152 10046 1482218
7571 10046 1482544
7571 10046 1483677
1659 10046 1484865
9042 10046 1485828
7571 10046 1486745
7571 10046 1487380
7571 10046 1487442
1659 10046 1488273
9564 10046 1488543
9686 10046 1490970
9042 10046 1492004
1659 10046 1493525
6547 10147 1494520
8297 10046 1502576
2216 10046 1503609
8297 10046 1510093
9541 10046 1512506
4281 10046 1513152
4146 10046 1514129
669 10046 1514581
4146 10046 1515497
9549 10046 1517530
9549 10046 1517580
9616 10044 1521103
301 10147 1523040
1640 10046 1525005
9178 10046 1526334
6152 10046 1526492
8163 10046 1528025
5888 10147 1528942
6547 10147 1529167
301 10147 1530072
5888 10147 1531624
9686 10046 1533367
301 10147 1534294
1640 10046 1534779
1820 10046 1535869
9592 10046 1535940
5888 10147 1536130
8297 10046 1538584
9686 10046 1541999
2216 10046 1542903
4281 10046 1544491
1167 10046 1544746
1167 10046 1544927
466 10046 1546841
8855 10046 1547893
466 10046 1547935
6345 10147 1552329
3328 10046 1553120
7571 10046 1554215
301 10147 1554386
4146 10046 1554760
4146 10046 1555461
9525 10046 1556221
9525 10046 1556262
9541 10046 1556840
9564 10046 1558119
9686 10046 1559592
301 10147 1560038
4281 10046 1560338
4281 10046 1560643
7571 10046 1561297
9541 10046 1561647
9541 10046 1562455
4281 10046 1562895
7571 10046 1563662
301 10147 1564342
3328 10046 1564379
7571 10046 1564576
95 10046 1564799
8855 10046 1565563
7571 10046 1565609
9541 10046 1565933
1190 10046 1565980
9564 10046 1566013
6014 10046 1566230
9541 10046 1566785
6152 10046 1567986
7571 10046 1568310
1820 10046 1569628
9564 10046 1569800
7571 10046 1571788
9592 10046 1572019
9592 10046 1572484
9178 10046 1574682
1659 10046 1578374
1293 10046 1579448
1659 10046 1580065
1640 10046 1580131
1659 10046 1582527
1659 10046 1585519
2216 10046 1586016
3146 10147 1587347
3146 10147 1587396
1640 10046 1588333
6870 10046 1589073
3146 10147 1596462
4146 10046 1597054
301 10147 1597380
4146 10046 1598224
9541 10046 1599646
5720 10046 1599755
4146 10046 1600599
9178 10046 1601069
9178 10046 1601885
669 10046 1603707
5837 10046 1604243
9549 10046 1604617
5888 10147 1606558
301 10147 1607368
9564 10046 1609438
5888 10147 1611308
7269 10046 1616054
8297 10046 1616460
8297 10046 1620144
5888 10147 1620276
9564 10046 1620708
7571 10046 1622441
9686 10046 1623850
301 10147 1624876
9592 10046 1629024
8969 10044 1629628
9592 10046 1630187
9592 10046 1630630
6345 10147 1631942
301 10147 1632033
3354 10046 1634441
1659 10046 1636090
9525 10046 1636782
9525 10046 1637274
8297 10046 1638868
4146 10046 1639206
5888 10147 1639766
301 10147 1640155
1659 10046 1641254
4261 10046 1641313
301 10147 1645256
9178 10046 1646305
4058 10046 1646352
8977 10046 1647080
8977 10046 1647208
7571 10046 1648371
8977 10046 1650131
9525 10046 1650269
4261 10046 1651059
8163 10046 1653016
8163 10046 1653857
1659 10046 1654232
8977 10046 1654598
9042 10046 1655091
8163 10046 1655219
4798 10046 1655431
4798 10046 1655465
301 10147 1655789
9042 10046 1656082
8163 10046 1656740
1659 10046 1656743
8163 10046 1656912
8977 10046 1657467
1167 10046 1657556
1659 10046 1659031
9564 10046 1659819
1659 10046 1662521
1820 10046 1663048
5837 10046 1663500
8444 10044 1666452
1640 10046 1667693
95 10046 1671840
95 10046 1671904
3146 10147 1680536
3146 10147 1680560
669 10046 1689152
301 10147 1689211
301 10147 1691749
5837 10046 1692677
1640 10046 1692689
9178 10046 1694426
9592 10046 1696760
5888 10147 1697361
1659 10046 1697701
9592 10046 1698456
301 10147 1699993
7269 10046 1700125
7269 10046 1700512
1659 10046 1700820
5888 10147 1703643
301 10147 1704081
3146 10147 1705006
6345 10147 1705569
3146 10147 1706679
6345 10147 1708827
6152 10046 1715912
301 10147 1720080
9686 10046 1721612
8855 10046 1721722
1623 10147 1721952
1167 10046 1721977
4146 10046 1725887
301 10147 1726764
4146 10046 1726820
7571 10046 1727705
95 10046 1727957
8989 10046 1728167
3354 10046 1728666
8989 10046 1728797
8989 10046 1729623
8989 10046 1730482
8977 10046 1730682
4146 10046 1731110
7571 10046 1731633
1167 10046 1731768
301 10147 1731976
9549 10046 1734532
9549 10046 1735290
301 10147 1735909
6345 10147 1737331
6345 10147 1737377
8977 10046 1738075
8977 10046 1738405
8977 10046 1738929
301 10147 1739315
301 10147 1743129
7571 10046 1745711
3354 10046 1746265
6870 10046 1748466
1659 10046 1751280
1659 10046 1753505
2216 10046 1762345
6451 10046 1766586
301 10147 1775543
4281 10046 1775908
4146 10046 1779814
1659 10046 1779941
301 10147 1780319
1659 10046 1781437
3146 10147 1783027
3146 10147 1786986
1659 10046 1787101
8855 10046 1787874
301 10147 1789010
4261 10046 1790183
3146 10147 1791070
301 10147 1793239
9686 10046 1795310
3354 10046 1795502
6152 10046 1796821
6152 10046 1799669
3146 10147 1800038
3146 10147 1800349
4058 10046 1800721
7571 10046 1801059
6345 10147 1801284
8977 10046 1802096
301 10147 1802132
7571 10046 1802202
8977 10046 1803457
7571 10046 1804468
1640 10046 1804539
3146 10147 1804585
6152 10046 1809443
9686 10046 1809768
466 10046 1814434
1167 10046 1816704
301 10147 1817948
8977 10046 1822782
301 10147 1828417
95 10046 1828738
9564 10046 1829173
1659 10046 1829901
9686 10046 1831426
9564 10046 1831689
9686 10046 1832043
1659 10046 1835812
6547 10147 1853336
7602 10046 1854827
6547 10147 1856930
5720 10046 1857813
9616 10224 1860191
3354 10046 1861243
3146 10147 1865269
301 10147 1866810
9564 10046 1868767
7571 10046 1870740
8855 10046 1870948
6547 10147 1873105
301 10147 1874241
7571 10046 1877404
421 10046 1878312
421 10046 1880845
9178 10046 1881428
9686 10046 1882189
9549 10046 1884172
8977 10046 1884183
9549 10046 1884252
301 10147 1885547
7269 10046 1885617
2362 10046 1886103
4798 10046 1886746
6014 10046 1888026
9686 10046 1888282
3146 10147 1888690
3146 10147 1890130
9525 10046 1890509
9549 10046 1893125
9686 10046 1895110
9686 10046 1896222
301 10147 1898846
8297 10046 1899950
9549 10046 1900106
9686 10046 1900201
9178 10046 1900475
8297 10046 1901176
421 10046 1901670
7602 10046 1901684
9686 10046 1908148
9686 10046 1908364
301 10147 1909723
9564 10046 1910723
1640 10046 1926274
1640 10046 1926641
9686 10046 1927268
2216 10046 1929325
6451 10046 1934306
301 10147 1942419
5720 10046 1942996
9549 10046 1945770
301 10147 1946610
8989 10046 1948584
8989 10046 1949805
8989 10046 1950584
8989 10046 1951284
9686 10046 1951852
8989 10046 1951906
2362 10046 1952374
9686 10046 1952418
5888 10147 1952703
2362 10046 1953239
8989 10046 1953315
301 10147 1953791
5888 10147 1954535
7269 10046 1954652
4281 10046 1954728
9564 10046 1955538
5888 10147 1957218
1659 10046 1957417
1659 10046 1958427
669 10046 1959755
6152 10046 1963660
9739 10046 1964534
8989 10046 1965417
8989 10046 1965966
8989 10046 1966129
9686 10046 1967017
8989 10046 1967323
8989 10046 1968046
9686 10046 1968067
1659 10046 1968405
8977 10046 1968417
9549 10046 1969554
9549 10046 1969593
8977 10046 1969708
9549 10046 1969910
1659 10046 1971134
9686 10046 1975169
7571 10046 1975337
3328 10046 1977075
6547 10147 1978543
3328 10046 1978977
6683 10046 1980832
9686 10046 1981523
669 10046 1981818
8855 10046 1981861
8977 10046 1982840
8977 10046 1985520
301 10147 1987967
4798 10046 1991084
1167 10046 1991248
4798 10046 1991465
4798 10046 1991730
9564 10046 1993215
95 10046 1995165
4058 10046 1995219
1659 10046 1997009
1659 10046 1998136
301 10147 1998649
1190 10046 2001201
7571 10046 2002686
95 10046 2003157
9564 10046 2003462
1659 10046 2006320
1820 10046 2007308
1659 10046 2007842
8977 10046 2008310
2362 10046 2010098
1640 10046 2013858
1640 10046 2019395
1640 10046 2024028
9592 10046 2028111
466 10046 2028744
4798 10046 2028992
669 10046 2033413
3041 10046 2035503
3146 10147 2035864
301 10147 2037302
7269 10046 2037936
3146 10147 2038615
9178 10046 2038764
8989 10046 2038891
8989 10046 2038938
3354 10046 2039935
1659 10046 2040090
6152 10046 2040981
301 10147 2041226
9564 10046 2042180
3146 10147 2043299
3146 10147 2043493
301 10147 2048625
5888 10147 2049903
8977 10046 2050487
7269 10046 2053273
7571 10046 2055777
301 10147 2056890
6152 10046 2058850
6152 10046 2058888
9564 10046 2059321
3146 10147 2061223
7571 10046 2063016
5888 10147 2063434
9042 10046 2063499
4798 10046 2063727
4798 10046 2063787
5720 10046 2067022
4798 10046 2067159
4798 10046 2067198
9545 10147 2067226
301 10147 2068135
7571 10046 2069335
5720 10046 2069585
9549 10046 2072278
6430 10046 2072582
9549 10046 2072769
9549 10046 2072828
9549 10046 2072877
301 10147 2075054
8977 10046 2076580
6870 10046 2077699
5720 10046 2078875
4798 10046 2078939
4798 10046 2079267
8977 10046 2080004
8977 10046 2080617
301 10147 2080713
8977 10046 2081386
9564 10046 2081768
6152 10046 2081768
8977 10046 2081933
95 10046 2084574
9564 10046 2085662
9178 10046 2086750
301 10147 2087031
1659 10046 2089976
9545 10147 2093735
1640 10046 2095509
1659 10046 2097345
2216 10046 2101024
5594 10147 2113085
6547 10147 2115358
6547 10147 2115388
5888 10147 2121411
9178 10046 2123118
7269 10046 2123973
669 10046 2124087
5888 10147 2126802
7571 10046 2128296
1659 10046 2130246
6430 10046 2131122
301 10147 2132532
5888 10147 2136690
9545 10147 2137244
1640 10046 2138603
9545 10147 2138864
9686 10046 2139041
9686 10046 2139193
95 10046 2139357
9686 10046 2139455
5888 10147 2142995
6430 10046 2143197
669 10046 2143379
9545 10147 2144077
9040 10046 2144248
3354 10046 2145489
9564 10046 2146229
3354 10046 2147988
8855 10046 2152231
9549 10046 2153828
9549 10046 2153898
9549 10046 2153954
9549 10046 2154104
421 10046 2154302
1659 10046 2154742
9549 10046 2155020
9549 10046 2155116
9549 10046 2155189
9549 10046 2155235
1659 10046 2155775
6345 10147 2156263
7571 10046 2159512
9545 10147 2160130
9545 10147 2160191
301 10147 2160320
9545 10147 2161859
9545 10147 2161932
8977 10046 2163678
4058 10046 2164592
8977 10046 2164833
9178 10046 2166598
9686 10046 2170387
9686 10046 2171656
9686 10046 2172361
9686 10046 2173284
7571 10046 2176549
1190 10046 2176909
3354 10046 2178190
9545 10147 2180076
9545 10147 2180114
2362 10046 2181403
8855 10046 2188455
9564 10046 2190749
2216 10046 2192261
3146 10147 2199025
1640 10046 2206573
9178 10046 2208832
5837 10046 2213525
1659 10046 2214001
6430 10046 2216357
7269 10046 2217147
7571 10046 2217179
7571 10046 2218242
5888 10147 2222192
5888 10147 2223123
8977 10046 2223614
1640 10046 2227475
7571 10046 2228724
301 10147 2228763
9545 10147 2229632
9545 10147 2229701
9545 10147 2229831
6683 10046 2230423
9564 10046 2230661
7571 10046 2231398
6683 10046 2231641
9545 10147 2231836
9564 10046 2234375
8989 10046 2235279
8989 10046 2236096
301 10147 2236777
8989 10046 2237002
8989 10046 2237720
1659 10046 2237875
9178 10046 2237908
9178 10046 2238012
8989 10046 2238259
8989 10046 2239262
8977 10046 2239576
1659 10046 2242281
7571 10046 2243206
9545 10147 2244835
9545 10147 2244945
7571 10046 2247767
7571 10046 2249969
7571 10046 2250413
95 10046 2250803
1190 10046 2251909
3328 10046 2253602
421 10046 2254025
7571 10046 2256402
9545 10147 2256594
6152 10046 2257969
6870 10046 2258176
1659 10046 2258346
1190 10046 2258703
7571 10046 2258798
1659 10046 2259720
9545 10147 2260067
1659 10046 2260380
7571 10046 2261101
7571 10046 2261292
95 10046 2262760
9564 10046 2264142
3354 10046 2266763
1659 10046 2267177
7571 10046 2268819
1640 10046 2271331
8977 10046 2276079
2216 10046 2277483
9924 10508 2283477
2362 10046 2283564
6547 10147 2285259
6547 10147 2285384
2362 10046 2285940
9924 10046 2287078
6547 10147 2289553
9970 10046 2290589
301 10147 2290739
9970 10046 2293172
9970 10046 2293847
9970 10046 2294687
9970 10046 2296314
9970 10046 2296668
6683 10046 2298178
7269 10046 2298281
9970 10046 2299457
4281 10046 2299486
4281 10046 2299580
3354 10046 2300257
7571 10046 2301979
9970 10046 2302170
6430 10046 2303317
9545 10147 2305572
9178 10046 2305832
9970 10046 2307639
9178 10046 2308088
5888 10147 2312176
9970 10046 2314146
1640 10046 2314658
5888 10147 2317880
9545 10147 2318329
9545 10147 2318494
6430 10046 2319477
301 10147 2320240
7571 10046 2325386
8977 10046 2325760
6345 10147 2326518
466 10046 2328836
9947 10046 2329453
1623 10147 2329503
7269 10046 2330013
301 10147 2330267
9549 10046 2330570
9549 10046 2330685
9549 10046 2330775
9549 10046 2330826
9549 10046 2330897
8977 10046 2332674
4058 10046 2334879
5837 10046 2337299
9970 10046 2337878
9970 10046 2337922
466 10046 2338656
3354 10046 2340869
1167 10046 2341268
1167 10046 2341797
1190 10046 2344746
8249 10046 2345873
7571 10046 2346889
7571 10046 2350466
9042 10046 2350638
9042 10046 2351555
9042 10046 2352618
8855 10046 2356082
1640 10046 2356451
2216 10046 2363126
6683 10046 2370155
6547 10147 2372799
6547 10147 2375442
6683 10046 2375863
6547 10147 2376950
7571 10046 2386567
466 10046 2387778
5888 10147 2387859
1659 10046 2387955
9564 10046 2388202
9947 10046 2388954
5888 10147 2389645
8977 10046 2389658
7571 10046 2390931
9564 10046 2391969
7269 10046 2392267
3354 10046 2395165
4281 10046 2396330
301 10147 2396390
9947 10046 2396406
9545 10147 2398323
8977 10046 2398707
7571 10046 2400393
8977 10046 2401243
1640 10046 2403010
6683 10046 2403481
7571 10046 2404087
7571 10046 2404788
301 10147 2408083
301 10147 2413861
6547 10147 2415693
6683 10046 2417586
6547 10147 2420522
7571 10046 2421688
9545 10147 2427584
8989 10046 2429494
6870 10046 2431673
3354 10046 2431701
7571 10046 2438564
1640 10046 2439019
7571 10046 2440283
8855 10046 2441709
1659 10046 2442326
2216 10046 2451025
6430 10046 2463175
669 10046 2467801
9970 10046 2469149
3354 10046 2472813
1820 10046 2474865
7571 10046 2474916
1820 10046 2475075
3146 10147 2475412
3146 10147 2475844
3146 10147 2476268
3146 10147 2476365
7269 10046 2478041
6683 10046 2479415
301 10147 2482261
3146 10147 2482418
1640 10046 2482960
1640 10046 2483396
7269 10046 2483561
1640 10046 2484852
4058 10046 2484949
3146 10147 2486490
9545 10147 2487029
9947 10046 2487058
9545 10147 2487090
7571 10046 2487660
9178 10046 2488574
9178 10046 2488639
8977 10046 2489074
301 10147 2490247
1820 10046 2490464
9178 10046 2490582
7571 10046 2492874
3146 10147 2493573
3146 10147 2493617
9970 10046 2493992
466 10046 2494497
6683 10046 2495163
9947 10046 2496313
5888 10147 2497924
3041 10046 2498798
5888 10147 2499125
7571 10046 2499677
4058 10046 2500499
2362 10046 2501052
9970 10046 2501634
7602 10046 2503078
9970 10046 2503838
6152 10046 2504512
301 10147 2504567
466 10046 2508027
3328 10046 2509659
9970 10046 2510197
9970 10046 2510819
9243 10224 2511975
9970 10046 2512298
4798 10046 2512332
4798 10046 2512523
4798 10046 2512615
4798 10046 2512728
7571 10046 2513890
8977 10046 2514893
2362 10046 2515299
7571 10046 2515469
7571 10046 2519912
1190 10046 2520992
1659 10046 2521360
1659 10046 2523650
1820 10046 2523819
1659 10046 2524671
5720 10046 2525575
1167 10046 2526136
1167 10046 2526444
7571 10046 2528093
421 10046 2529472
5720 10046 2530655
8977 10046 2540008
3146 10147 2542961
3146 10147 2543011
5720 10046 2545408
4146 10046 2547813
466 10046 2549176
301 10147 2550145
9970 10046 2552369
9970 10046 2552892
95 10046 2555654
3146 10147 2555753
6683 10046 2556007
5888 10147 2556163
7269 10046 2557159
5888 10147 2558873
7269 10046 2559399
7571 10046 2559952
9564 10046 2560472
5888 10147 2561553
7269 10046 2562470
7571 10046 2563759
9970 10046 2564105
7571 10046 2568196
8977 10046 2568216
1659 10046 2568750
6430 10046 2569569
3146 10147 2569635
3146 10147 2570613
6014 10046 2571978
3328 10046 2573916
7269 10046 2574339
5720 10046 2575360
4798 10046 2576251
4798 10046 2576530
4798 10046 2577407
8989 10046 2578018
7571 10046 2578374
7571 10046 2578491
9947 10046 2582241
8989 10046 2583495
6683 10046 2583997
8989 10046 2584114
8855 10046 2585406
7571 10046 2588642
421 10046 2591132
9545 10147 2591339
9545 10147 2591832
301 10147 2592656
7571 10046 2594160
9545 10147 2594878
9545 10147 2595619
6617 10046 2600827
6617 10046 2601528
8249 10046 2602196
6617 10046 2602892
4798 10046 2603381
4873 10482 2605035
5720 10046 2605743
95 10046 2608041
7571 10046 2609166
1167 10046 2610140
5720 10046 2612264
5720 10046 2618277
8249 10046 2622953
9970 10046 2634827
8249 10046 2635240
5720 10046 2637758
7571 10046 2638639
9592 10046 2639330
3328 10046 2641313
9947 10046 2641635
9947 10046 2641677
7269 10046 2642571
9564 10046 2646856
9592 10046 2647207
8989 10046 2648330
8989 10046 2649015
8989 10046 2649327
5888 10147 2649480
8989 10046 2649514
8989 10046 2650020
3354 10046 2652085
8989 10046 2652133
9545 10147 2653269
7571 10046 2654332
3354 10046 2655231
8249 10046 2658006
8249 10046 2658860
9592 10046 2659073
7571 10046 2659660
3146 10147 2660865
6430 10046 2663064
5888 10147 2665308
6430 10046 2669907
3146 10147 2672134
3146 10147 2672157
3146 10147 2672506
3146 10147 2673269
9947 10046 2674004
9947 10046 2674054
5594 10147 2676058
6345 10147 2676576
301 10147 2677083
