2419 10083 36019
2558 10504 39186
3005 10074 47557
3552 10183 56755
3005 10074 66358
2551 10183 69927
2551 10183 70526
3005 10074 73021
2419 10083 84859
3162 10461 102485
2419 10083 120191
2558 10504 130914
2558 10504 143147
3005 10074 172290
2419 10083 202266
2558 10504 210211
2419 10083 222786
3552 10183 228991
3552 10183 229094
2419 10083 244830
2419 10083 274652
2558 10504 297119
2638 10262 303379
2638 10262 303500
7760 10168 309102
7760 10168 314446
7760 10168 325322
2419 10083 328216
3005 10074 328424
3005 10074 334766
3005 10074 362862
7760 10168 382602
2558 10504 385133
6863 10187 398816
7760 10168 405200
3005 10074 417754
3005 10074 418174
2419 10083 429959
3005 10074 433695
2419 10083 454740
2419 10083 455881
2419 10083 457409
2558 10504 475233
6771 10943 520583
3005 10074 524825
1324 10702 526977
1324 10702 527702
2419 10083 549233
2558 10504 563134
2558 10504 566098
2419 10083 621558
2419 10083 623459
2419 10083 623528
2558 10504 650072
3552 10183 659083
3552 10183 682331
2419 10083 693629
3005 10074 703129
2419 10083 730144
2419 10083 731797
2558 10504 736193
2419 10083 740930
2419 10083 747090
3552 10183 747421
2419 10083 748193
2535 10168 756015
3005 10074 797495
3005 10074 807969
2419 10083 811611
3065 10461 811900
7241 10168 831605
5414 10168 848847
2419 10083 865745
2419 10083 900642
2419 10083 900774
2558 10504 901356
2558 10504 904050
2267 10345 936737
3552 10183 947917
7760 10183 949776
7924 10461 966078
3005 10074 980151
3005 10074 986534
2419 10083 990226
3005 10074 993727
2419 10083 994562
3005 10074 994915
6863 10187 1003675
3005 10074 1005573
3552 10183 1007186
7924 10461 1014424
2693 10461 1030363
2558 10504 1030458
6863 10504 1043622
2419 10083 1069509
2558 10504 1076338
3552 10183 1097079
3552 10183 1097113
4996 10074 1106771
7984 10461 1107015
7453 10461 1138663
2419 10083 1156788
2419 10083 1157077
2558 10504 1161666
2419 10083 1163873
2558 10504 1166717
3005 10074 1170389
4996 10074 1179740
4653 10083 1191106
2558 10504 1250185
2558 10504 1255655
2419 10083 1278832
2558 10504 1333716
8660 10074 1351764
8660 10074 1352789
4996 10074 1397732
4996 10074 1398381
8841 10920 1403526
2558 10504 1417178
3005 10074 1423862
7241 10168 1436585
4996 10074 1439994
3005 10074 1460424
4996 10074 1462538
7924 10461 1481749
2558 10504 1505594
6863 10187 1505893
2558 10504 1510245
3005 10074 1510608
4996 10074 1517985
3005 10074 1526904
3005 10074 1547136
3005 10074 1556748
2419 10083 1583911
2558 10504 1593189
2558 10504 1598316
3005 10074 1598430
3005 10074 1614085
3005 10074 1631230
3005 10074 1650885
4996 10074 1665456
2558 10504 1679160
9509 10461 1680768
3005 10074 1693632
3005 10074 1702486
2419 10083 1705699
3005 10074 1713105
2419 10083 1767240
2558 10504 1768285
2558 10504 1769685
7453 10461 1794692
7453 10461 1794840
2419 10083 1800601
7453 10461 1820807
7453 10461 1820914
2419 10083 1848833
2558 10504 1860269
7241 10168 1867029
2558 10504 1935981
2558 10504 1942032
6863 10725 1953241
3005 10074 1969802
3005 10074 2006753
6771 10943 2009071
3005 10074 2012157
2419 10083 2029214
2558 10504 2031172
3005 10074 2047669
7241 10168 2048730
3005 10074 2062236
2419 10083 2110396
2558 10504 2115903
3131 10461 2125734
2558 10504 2130279
1181 10725 2138561
3221 10864 2174615
2419 10083 2192524
2558 10504 2202491
3005 10074 2208648
7760 10183 2223800
9948 10461 2256825
3005 10074 2264372
2558 10504 2304978
2267 10345 2315321
3005 10074 2319038
1285 10461 2323072
3005 10074 2327075
3221 10864 2330205
4958 10935 2334218
9322 10345 2372088
2558 10504 2374945
2558 10504 2377762
2558 10504 2386162
9322 10345 2400786
3221 10864 2404911
3005 10074 2410621
7404 10981 2430947
3005 10074 2437262
2558 10504 2456674
9322 10345 2459766
9322 10345 2468719
2558 10504 2468855
7026 10461 2475563
7241 10168 2484311
5918 10461 2495677
2558 10504 2542280
2558 10504 2553390
7289 10345 2607553
6771 10943 2643069
2558 10504 2644248
3221 10864 2644282
3005 10074 2645310
