2722 10055 42530
3351 10055 53256
3451 10100 56227
4165 10055 67861
4165 10055 67962
4425 10055 73181
3168 10443 77667
3795 10055 81991
4165 10055 100789
3168 10100 111807
2722 10055 163780
4165 10055 178493
3795 10055 210872
2722 10055 226485
748 10055 232612
748 10055 240076
2722 10055 243328
4165 10055 249407
4752 10055 249953
144 10055 314808
6117 10339 317404
4752 10055 329793
4752 10055 329886
748 10055 341203
2722 10055 397564
2722 10055 399782
2722 10055 428268
2722 10055 428450
2722 10055 429541
4165 10055 489061
3795 10055 503774
2722 10055 508448
6117 10339 576460
2722 10055 577460
2722 10055 577710
2722 10055 581086
2722 10055 582792
6315 10100 607678
2722 10055 668016
4483 10055 669242
4165 10055 669918
6448 10100 670599
2722 10055 679177
2722 10055 685152
2722 10055 685552
2722 10055 686490
2722 10055 689401
3795 10055 689492
2722 10055 689893
2722 10055 690932
2722 10055 691879
2722 10055 697067
2722 10055 703190
2722 10055 704698
2722 10055 744644
2722 10055 745483
2722 10055 745832
4165 10055 746704
4165 10055 747517
640 10398 767370
2722 10055 772207
2722 10055 773583
2722 10055 792569
2722 10055 793467
2722 10055 821602
2722 10055 831250
7304 10134 838030
2722 10055 847654
8295 10443 850155
2722 10055 850350
2722 10055 850429
2722 10055 850609
2722 10055 871030
2722 10055 883509
2722 10055 912803
2722 10055 912891
4165 10055 927225
4752 10055 931803
4165 10055 939002
6117 10339 1004428
2722 10055 1005771
2722 10055 1005909
2722 10055 1010607
4165 10055 1011638
4165 10055 1011697
4165 10055 1011758
748 10055 1012422
2722 10055 1016575
2722 10055 1016629
2722 10055 1019774
2722 10055 1019825
4752 10055 1020453
4165 10055 1022546
2722 10055 1024743
2722 10055 1025391
6336 10100 1029213
2722 10055 1041929
4165 10055 1044000
4165 10055 1057584
2722 10055 1085888
2722 10055 1088733
4165 10055 1112772
3241 10100 1115005
2722 10055 1171641
6117 10339 1185849
4165 10055 1194310
2722 10055 1219577
2722 10055 1221418
2722 10055 1222581
2722 10055 1222617
2722 10055 1222690
2722 10055 1228175
6117 10339 1261371
2722 10055 1264465
2722 10055 1264994
4165 10055 1266406
4165 10055 1266761
4165 10055 1268026
4165 10055 1268291
4694 10100 1305582
3168 10066 1318413
2722 10055 1350821
2722 10055 1351573
2722 10055 1352532
748 10055 1361706
748 10055 1365971
3795 10055 1385416
3795 10055 1389750
3795 10055 1391151
2722 10055 1439614
2722 10055 1440595
2722 10055 1449127
2722 10055 1449171
2722 10055 1449609
3795 10055 1452151
2722 10055 1453690
2722 10055 1461903
2722 10055 1462201
2722 10055 1462303
4550 10134 1479203
2722 10055 1518066
2722 10055 1540773
2722 10055 1543453
3351 10134 1551417
3168 10134 1593666
6117 10339 1613009
3168 10100 1620072
2722 10055 1641446
2722 10055 1698077
2722 10055 1698180
9813 10055 1767028
2722 10055 1782166
2722 10055 1834876
2722 10055 1834940
2722 10055 1867014
2722 10055 1867373
2722 10055 1867513
2722 10055 1872949
2722 10055 1875363
9705 10398 1896762
2722 10055 1907403
2722 10055 1951286
2722 10055 1979731
2722 10055 1988381
2722 10055 2030474
2722 10055 2042461
2722 10055 2043018
3248 10100 2064716
3168 10872 2072568
2722 10055 2120628
2722 10055 2121983
2722 10055 2122498
2722 10055 2160349
2722 10055 2166865
2722 10055 2204847
2722 10055 2205364
2722 10055 2220048
748 10055 2233427
748 10055 2233602
2722 10055 2244055
2722 10055 2247131
2722 10055 2251494
2722 10055 2252646
2722 10055 2254439
748 10055 2270480
2722 10055 2290128
2722 10055 2290436
2722 10055 2295100
2722 10055 2295834
2722 10055 2298388
2722 10055 2298421
4483 10055 2307892
4483 10055 2314225
4483 10055 2314364
2722 10055 2330312
2722 10055 2330374
2722 10055 2338206
2722 10055 2339103
748 10055 2341364
2722 10055 2344640
2722 10055 2344787
2722 10055 2413044
2722 10055 2423536
2722 10055 2428183
2722 10055 2430758
2722 10055 2431893
2722 10055 2431950
7770 10100 2463450
2722 10055 2479390
2722 10055 2489995
2722 10055 2491169
2722 10055 2491489
2722 10055 2491730
2722 10055 2492149
2722 10055 2492471
2722 10055 2492808
2722 10055 2493252
2722 10055 2493486
2722 10055 2494134
3795 10055 2495472
3168 10134 2497470
2722 10055 2497570
2722 10055 2497745
2722 10055 2497985
2722 10055 2500008
2722 10055 2501217
3168 10872 2501696
2722 10055 2502037
2722 10055 2502171
2722 10055 2502446
2722 10055 2502832
2722 10055 2504756
2722 10055 2506113
2722 10055 2506939
2722 10055 2506979
2722 10055 2552437
2722 10055 2553125
2722 10055 2556149
2722 10055 2556624
2722 10055 2557134
2722 10055 2566025
2722 10055 2573040
748 10055 2575285
2722 10055 2579738
2722 10055 2582501
2722 10055 2582801
2722 10055 2584095
2722 10055 2584418
2722 10055 2584723
2722 10055 2588636
2722 10055 2589334
2722 10055 2589436
2722 10055 2589662
2722 10055 2589788
2722 10055 2590346
2722 10055 2590442
2722 10055 2590677
2722 10055 2590725
2722 10055 2591305
2722 10055 2591957
2722 10055 2591986
2722 10055 2592241
4483 10055 2601842
2722 10055 2606344
2722 10055 2606400
2722 10055 2610548
2722 10055 2640057
2722 10055 2640129
2722 10055 2640339
2722 10055 2640463
2722 10055 2640550
2722 10055 2640716
2722 10055 2641298
2722 10055 2642075
2722 10055 2642261
2722 10055 2642657
2722 10055 2643588
2722 10055 2644195
2722 10055 2646596
2722 10055 2647266
2722 10055 2647629
2722 10055 2647774
2722 10055 2648209
2722 10055 2648704
4165 10055 2648971
2722 10055 2653267
2722 10055 2653983
2722 10055 2654593
2722 10055 2656621
2722 10055 2664056
2722 10055 2669104
2722 10055 2669227
2722 10055 2670969
2722 10055 2671602
2722 10055 2671654
2722 10055 2671703
2722 10055 2671984
2722 10055 2674961
2722 10055 2675533
2722 10055 2675820
2722 10055 2676202
