226 10126 1462
782 10126 6770
995 10334 9323
1536 10126 17347
1536 10126 49256
782 10126 57600
1536 10126 62109
1536 10126 62189
356 10527 84188
226 10126 135282
5866 10218 137060
6021 10218 141987
6107 10378 145356
1536 10126 149708
6021 10218 151489
226 10126 154676
6021 10218 163240
6633 10322 168531
356 10527 191150
1071 10111 217951
1536 10126 222485
6107 10378 224275
6107 10378 224378
1536 10126 226071
1536 10126 227115
1536 10126 227503
226 10126 229265
1536 10126 235536
1536 10126 241710
6107 10378 245161
7499 10322 255160
6107 10378 263535
6465 10126 291873
6021 10218 292037
782 10126 300281
782 10126 301010
5866 10218 303267
1536 10126 308899
1536 10126 308961
1536 10126 309050
1536 10126 311673
5866 10218 314890
4379 10264 327594
5866 10218 330631
5866 10218 335842
7932 10225 336184
7932 10225 336894
1536 10226 337496
4214 10126 341836
4214 10126 344633
226 10126 386445
782 10126 390809
1536 10126 401648
782 10126 410039
2298 10226 415763
6021 10218 416042
782 10126 416590
1536 10126 423087
7932 10225 429730
1536 10226 430807
356 10527 434556
7932 10225 436901
6021 10218 460904
1536 10226 481925
1536 10226 482335
1536 10126 482767
1536 10126 482828
6021 10218 484326
1536 10126 491420
1536 10126 501223
1536 10126 506939
226 10126 521167
356 10527 585964
356 10527 586161
356 10527 591141
8569 10111 605041
4214 10126 627259
7932 10225 638302
4814 10737 662408
3593 10264 666300
782 10126 671669
782 10126 672198
4271 10111 700670
1427 10111 741638
4271 10111 747165
1536 10126 747888
782 10126 760222
6021 10218 767070
782 10126 781514
782 10126 810952
782 10126 811366
1536 10126 827349
226 10126 834867
1400 10111 851623
1978 10264 856833
226 10126 866591
782 10126 902053
5866 10218 910452
6021 10218 913342
1536 10126 920075
6021 10218 921457
356 10527 945056
7932 10225 951925
6107 10378 997806
1536 10126 1005497
6107 10378 1008696
1536 10126 1008742
6107 10378 1008876
6107 10378 1008988
1536 10126 1009225
1536 10126 1009529
8651 10264 1013335
6021 10218 1019321
6021 10218 1020256
6021 10218 1021349
226 10126 1023428
7932 10225 1031574
356 10527 1034942
7932 10225 1035265
356 10527 1036712
7932 10225 1058277
6021 10218 1068405
226 10126 1072959
1536 10126 1099889
1536 10126 1103903
782 10126 1109299
1536 10126 1111804
1536 10126 1124275
356 10527 1125016
356 10527 1127100
1471 10111 1150101
226 10126 1165335
6021 10218 1169925
782 10126 1175091
1427 10111 1181889
6021 10218 1184191
6021 10218 1185270
782 10126 1187040
6021 10218 1192968
6021 10218 1195860
4271 10111 1219678
1871 10218 1229282
7826 10111 1230308
3437 10264 1231906
6021 10218 1242398
6021 10218 1244020
6021 10218 1273555
5866 10218 1277435
6107 10378 1278428
3593 10264 1279639
356 10527 1304045
226 10126 1329439
7499 10322 1332441
782 10126 1337109
8778 10226 1337276
5866 10218 1356022
7932 10225 1358651
3593 10264 1363073
3593 10264 1363164
6021 10218 1366328
6021 10218 1367824
5866 10218 1374803
356 10527 1378282
5504 10126 1390808
6021 10218 1412023
7499 10322 1412895
782 10126 1428179
1536 10126 1434442
1536 10226 1438182
5866 10218 1445314
6107 10378 1449583
226 10126 1455996
356 10527 1486706
4214 10126 1488822
5193 10264 1492033
5504 10126 1496457
5504 10126 1500485
8192 10218 1515036
782 10126 1521726
6107 10378 1530816
6107 10378 1530875
6107 10378 1531003
6107 10378 1531463
6107 10378 1531725
1536 10126 1531826
6021 10218 1535190
6021 10218 1535820
4180 10737 1545543
5866 10218 1548842
5866 10218 1549568
7932 10225 1555684
6107 10378 1564876
1536 10126 1607327
1536 10126 1607660
782 10126 1631050
782 10126 1631691
356 10527 1643493
5504 10126 1652123
7932 10225 1660990
782 10126 1683241
782 10126 1684660
782 10126 1685730
1536 10126 1695266
226 10126 1700798
1536 10126 1705091
1536 10126 1705152
1536 10126 1705191
1536 10126 1708427
1536 10126 1709141
356 10527 1710939
1536 10126 1715422
1536 10126 1715525
1536 10126 1715817
356 10597 1726677
356 10527 1727779
5866 10218 1735502
6021 10218 1772280
6021 10218 1789741
356 10527 1807463
6107 10378 1812924
6107 10378 1813670
356 10527 1828497
548 10264 1833622
782 10126 1858669
1536 10126 1868002
1536 10126 1868164
332 10264 1876132
356 10527 1877038
7719 10264 1883457
7719 10264 1884641
5866 10218 1890211
7932 10225 1910773
6109 10126 1959557
6107 10378 1974487
6107 10378 1974649
1536 10126 1975090
356 10527 1993440
5866 10218 1993683
5504 10126 1997506
5866 10218 2013085
5866 10218 2014785
356 10527 2014915
782 10126 2026072
7932 10225 2036769
6107 10378 2041071
6107 10378 2046000
1536 10126 2054294
6107 10378 2062744
356 10527 2074092
7499 10322 2100015
5504 10126 2103858
6109 10126 2106664
6021 10218 2107086
7499 10322 2115314
1536 10126 2127989
1536 10226 2134976
1536 10126 2138052
782 10126 2141490
7499 10322 2152511
1536 10126 2154119
1536 10126 2155975
356 10527 2159073
7499 10322 2159360
5866 10218 2164052
126 10737 2170964
9470 10597 2178527
5866 10218 2179169
7499 10322 2185905
7499 10322 2186065
356 10527 2188562
1536 10126 2218865
6107 10378 2219560
6107 10378 2219599
1536 10126 2223113
1536 10126 2223298
782 10126 2226789
7932 10225 2228220
1536 10126 2243516
9470 10597 2244542
356 10527 2245517
782 10126 2246654
9963 10111 2247439
9963 10111 2251093
9963 10111 2258557
9963 10111 2262141
9470 10597 2267765
5866 10218 2271872
782 10126 2285947
9963 10111 2287344
9963 10111 2289139
9963 10111 2290936
9963 10111 2292724
9963 10111 2292725
9963 10111 2296343
9963 10111 2298140
9963 10111 2298141
226 10126 2298735
9963 10111 2299934
9963 10111 2299935
9963 10111 2301731
1536 10126 2303302
9963 10111 2303581
9963 10111 2305343
9963 10111 2307152
6107 10378 2310892
6107 10378 2311077
6107 10378 2311229
6107 10378 2311906
6107 10378 2311967
9963 10111 2314339
9963 10111 2314339
9963 10111 2316134
47 10264 2318817
9963 10111 2321564
9963 10111 2323331
9963 10111 2330563
9963 10111 2330564
4271 10111 2334374
4271 10111 2334417
9963 10111 2343165
9963 10111 2350321
9470 10597 2352956
9963 10111 2357522
7932 10225 2358350
9963 10111 2362928
9963 10111 2370155
9963 10111 2371931
5866 10218 2372604
9963 10111 2375544
9963 10111 2379127
9963 10111 2381029
9963 10111 2384529
6107 10378 2386437
6107 10378 2386546
9963 10111 2388125
782 10126 2388253
782 10126 2388550
9963 10111 2389921
782 10126 2391521
782 10126 2391593
782 10126 2392010
782 10126 2392323
9963 10111 2393523
9963 10111 2393523
6107 10378 2394757
356 10527 2397517
356 10527 2398039
9470 10527 2398646
9963 10111 2398938
9963 10111 2398938
9963 10111 2400733
9963 10111 2400734
9963 10111 2404332
9963 10111 2406136
356 10527 2408146
9963 10111 2409733
782 10126 2414355
782 10126 2417237
782 10126 2417370
782 10126 2417540
9963 10111 2422464
9963 10111 2424256
9963 10111 2440337
5866 10218 2441823
9963 10111 2442133
9470 10527 2444605
9963 10111 2456529
6961 10126 2460983
9963 10111 2461944
5866 10218 2462837
9963 10111 2465532
782 10126 2468120
9963 10111 2470931
9963 10111 2474544
9963 10111 2474545
9470 10527 2475034
6107 10378 2475968
9963 10111 2476322
9963 10111 2476323
9963 10111 2476324
9963 10111 2476325
9963 10111 2478130
9963 10111 2479945
9963 10111 2481721
9963 10111 2481722
3593 10264 2483419
9963 10111 2485332
9963 10111 2488938
9963 10111 2488939
9963 10111 2492537
4180 10737 2495376
9963 10111 2497945
9963 10111 2503326
6107 10378 2503522
6107 10378 2503579
6107 10378 2503647
9470 10527 2503778
9963 10111 2505101
9963 10111 2505769
9963 10111 2508686
9963 10111 2510488
1536 10126 2514269
1536 10126 2514382
9963 10111 2517725
9963 10111 2530322
9963 10111 2532164
6021 10218 2535105
9963 10111 2539320
9963 10111 2539320
6021 10218 2541897
9963 10111 2544741
9963 10111 2546529
9963 10111 2550175
9963 10111 2550175
9963 10111 2553735
1536 10126 2556777
1536 10126 2556797
9963 10111 2557364
782 10126 2558092
782 10126 2558659
6107 10378 2560482
9963 10111 2564583
9470 10597 2565857
9963 10111 2566361
9470 10597 2566626
9963 10111 2568206
7932 10225 2570962
9963 10111 2571732
9963 10111 2573572
9963 10111 2575358
9963 10111 2577128
6107 10378 2578071
7932 10225 2580216
9963 10111 2580831
4180 10737 2587340
4180 10737 2588023
4180 10737 2588490
1536 10126 2590277
1536 10126 2590644
9963 10111 2591524
9963 10111 2593438
782 10126 2594781
782 10126 2595112
782 10126 2595271
9963 10111 2600535
9963 10111 2605935
9963 10111 2618535
9963 10111 2618536
7932 10225 2623379
9963 10111 2623940
9963 10111 2625727
9963 10111 2631138
782 10126 2632376
782 10126 2632430
8192 10218 2636489
9963 10111 2636519
9963 10111 2636519
9963 10111 2638348
9963 10111 2643792
9963 10111 2645603
9963 10111 2645603
9963 10111 2647409
4186 10218 2647895
9963 10111 2649201
9963 10111 2651011
1536 10126 2651854
9963 10111 2654624
9963 10111 2658162
9963 10111 2659932
1536 10126 2661667
6107 10378 2661670
5866 10218 2661750
1536 10126 2662432
1536 10126 2667998
1536 10126 2670004
1536 10126 2670200
9963 10111 2672643
6107 10378 2673393
9963 10111 2674357
