43 10027 231
43 10027 425
43 10027 512
43 10027 565
43 10027 603
43 10027 727
43 10027 840
43 10027 876
43 10027 901
43 10027 970
43 10027 1001
43 10027 1026
43 10027 1222
43 10027 1432
43 10027 1486
43 10027 1974
43 10027 2078
43 10027 2129
43 10027 2221
43 10027 2349
43 10027 2479
43 10027 2831
490 10034 3785
925 10321 8578
43 10027 11993
43 10027 12052
43 10027 12128
43 10027 12167
43 10027 12250
1243 10394 13000
43 10027 14700
1950 10394 25820
1950 10394 28867
2448 10274 36662
2659 10394 41171
2659 10394 41461
490 10034 46588
925 10321 49333
1950 10394 49920
43 10027 56232
43 10027 56446
43 10027 56513
43 10027 56563
2448 10274 58865
43 10027 62493
43 10027 63218
1950 10394 69162
2448 10274 69976
925 10321 70251
43 10027 70256
43 10027 71294
43 10027 73558
490 10034 81625
43 10027 84707
43 10027 89868
490 10034 122932
2448 10274 127890
490 10034 129469
2448 10274 140805
43 10027 141043
43 10027 143445
6165 10394 147435
43 10027 147800
2448 10274 148284
43 10027 149003
2448 10274 151914
1950 10394 152005
43 10027 155367
43 10027 155625
1950 10394 158133
43 10027 158664
6503 10394 160693
43 10027 162035
43 10027 162087
43 10027 162116
2448 10274 163270
43 10027 172571
43 10027 172941
2448 10274 174969
43 10027 179424
1243 10394 181197
2448 10274 183972
2448 10274 188497
6849 10533 192410
43 10027 194730
43 10027 194852
43 10027 195385
1950 10394 195658
43 10027 195735
43 10027 196323
2448 10274 199288
490 10034 206436
2448 10274 213967
2448 10274 217882
5638 10027 220210
6165 10394 223117
43 10027 225698
416 10027 225762
416 10027 225781
6165 10394 225931
43 10027 225935
43 10027 227362
1950 10394 231350
43 10027 232635
43 10027 233516
2448 10274 234410
43 10027 235083
2448 10274 237968
1950 10394 238140
43 10027 241462
43 10027 241640
2448 10274 241872
490 10034 245160
490 10034 245388
43 10027 245813
43 10027 246106
43 10027 246714
6503 10394 248908
2448 10274 249092
4395 10394 253236
925 10321 255187
3347 10394 257250
925 10321 259588
925 10321 260088
43 10027 263372
43 10027 263699
2448 10274 264960
43 10027 266537
43 10027 266660
43 10027 266889
43 10027 266948
6756 10394 267662
2448 10274 268567
416 10027 270329
43 10027 274400
2448 10274 278464
43 10027 280409
43 10027 280626
43 10027 280736
2448 10274 282064
6165 10394 287791
43 10027 289514
490 10034 290022
490 10034 290331
43 10027 295223
43 10027 295660
43 10027 295777
43 10027 295894
43 10027 296255
2448 10274 297963
2448 10274 299795
2448 10274 303361
7755 10274 307303
5912 10503 312919
2448 10274 314471
43 10027 314714
43 10027 314836
43 10027 315003
43 10027 315085
43 10027 315136
43 10027 315334
2448 10274 321961
6165 10394 322424
43 10027 322794
43 10027 322844
43 10027 323248
1938 10736 325523
2448 10274 325574
1950 10394 326189
43 10027 329131
43 10027 329310
43 10027 329389
43 10027 329433
43 10027 329489
43 10027 329531
43 10027 329552
43 10027 329731
43 10027 329761
2448 10274 333070
490 10274 336537
2448 10274 336698
6503 10394 337983
2448 10274 338491
43 10027 340706
43 10027 341032
43 10027 341611
43 10027 341728
43 10027 341834
43 10027 342490
43 10027 342552
43 10027 345810
2448 10274 346577
1243 10394 348639
43 10027 348832
2448 10274 350203
8004 10027 350657
8004 10027 351340
8004 10027 352547
43 10027 355389
43 10027 355865
43 10027 355987
2448 10274 361298
490 10034 381629
2659 10394 384576
7171 10394 386120
7755 10274 389404
2448 10274 393103
2448 10274 397112
1950 10394 400552
1950 10394 400602
43 10027 400640
43 10027 401048
43 10027 401398
5427 10275 405010
1950 10394 405895
2659 10394 406434
6165 10394 408451
43 10027 409075
1950 10394 409485
43 10027 411354
1950 10394 413593
1950 10394 413619
43 10027 416412
43 10027 416500
43 10027 416632
43 10027 416745
43 10027 416875
43 10027 416934
43 10027 417036
43 10027 418224
2448 10274 418867
43 10027 420979
6503 10394 422592
2448 10274 422778
2448 10274 426686
3347 10394 430185
43 10027 430804
43 10027 430838
43 10027 430882
43 10027 430999
43 10027 431234
43 10027 431424
43 10027 431518
43 10027 431531
43 10027 433910
2659 10394 434519
43 10027 437411
43 10027 437531
925 10321 439823
2448 10274 447917
43 10027 448189
43 10027 448674
2448 10274 452099
4179 10394 453621
4179 10394 453821
4179 10394 454684
2448 10274 457268
490 10034 465079
1950 10394 475282
3810 10167 477843
1950 10394 478410
2659 10394 479827
43 10027 480561
43 10027 480687
3810 10167 480743
6165 10394 482637
2448 10274 483431
7755 10274 483780
416 10027 485117
43 10027 486175
2448 10274 487059
43 10027 487197
490 10034 488427
490 10034 488650
490 10034 488977
43 10027 489504
43 10027 490578
43 10027 491200
1950 10394 492863
43 10027 493429
1950 10394 494072
1950 10394 494090
1950 10394 494396
43 10027 495158
43 10027 495215
6165 10394 495607
43 10027 497140
43 10027 502886
1950 10394 502981
43 10027 503848
2448 10274 505863
1950 10394 505919
1950 10394 513501
6503 10394 515634
43 10027 516749
43 10027 516810
43 10027 516977
43 10027 517084
43 10027 517156
43 10027 517235
43 10027 517551
43 10027 517950
43 10027 518099
43 10027 518582
2448 10274 534310
4179 10394 538600
43 10027 539308
1950 10394 546857
1950 10394 546875
1950 10394 553783
2448 10274 561944
925 10321 564459
490 10034 566212
3347 10394 571914
43 10027 572371
43 10027 572445
43 10027 572607
43 10027 572873
43 10027 573346
43 10027 573383
43 10027 573460
43 10027 573498
43 10027 574425
2448 10274 576932
1950 10394 577592
1950 10394 577628
43 10027 577642
43 10027 577776
43 10027 577945
43 10027 578170
43 10027 578757
43 10027 579419
2448 10274 584137
43 10027 585728
1950 10394 588347
1950 10394 588395
43 10027 588939
43 10027 593198
982 10394 593936
982 10394 594626
43 10027 599853
43 10027 603418
43 10027 603681
982 10394 607722
8004 10027 613927
43 10027 614949
7755 10274 619533
8225 10394 625076
4179 10394 625583
43 10027 626108
6849 10533 627626
6849 10533 628332
7755 10274 636945
3810 10167 650254
7755 10274 651312
6756 10394 651490
8004 10027 653164
6756 10394 654127
1950 10394 654622
7755 10274 655124
7755 10274 656862
8004 10027 657550
2659 10394 658465
8004 10027 660430
2659 10394 661005
8004 10027 667627
5427 10275 669927
43 10027 673343
43 10027 673394
43 10027 673785
6672 10321 675507
43 10027 675959
43 10027 676179
490 10034 676372
6672 10321 676655
3347 10394 679745
43 10027 683201
43 10027 683259
43 10027 683359
8004 10027 685352
43 10027 689574
43 10027 696162
43 10027 696220
43 10027 696467
43 10027 696678
43 10027 702860
43 10027 703210
7755 10274 707089
6849 10533 716764
2448 10274 718165
8004 10027 721263
2659 10394 732983
2659 10394 733155
2659 10394 733418
2659 10394 738584
43 10027 741350
6165 10394 744263
2448 10274 746195
1950 10736 747058
5912 10503 747938
7755 10274 748360
43 10027 749539
43 10027 749702
1950 10394 749796
43 10027 750231
2448 10274 757154
8004 10027 757453
1950 10394 759304
6672 10321 763897
6503 10394 765329
43 10027 766530
43 10027 766605
43 10027 766763
6165 10394 766930
8004 10027 767640
2448 10274 768244
3347 10394 771243
2448 10274 771847
8004 10027 772028
490 10034 773097
43 10027 774131
43 10027 774195
43 10027 781070
43 10027 781544
2448 10274 781765
8004 10027 782029
8004 10027 782689
43 10027 788899
7755 10274 792592
2448 10274 800657
6165 10394 807501
8004 10027 813937
6165 10394 821666
8004 10027 826473
2448 10274 828566
7755 10274 828661
1950 10394 829210
490 10034 835750
6165 10394 842058
43 10027 844439
1950 10394 844476
43 10027 844883
43 10027 844952
43 10027 845400
43 10027 846120
2448 10274 847162
2659 10394 848757
5679 10275 849955
43 10027 851251
8004 10027 853580
43 10027 854662
43 10027 854747
43 10027 854763
490 10034 856017
8004 10027 857429
8004 10027 857702
43 10027 859342
43 10027 859431
8004 10027 860410
8004 10027 863444
6380 10533 864334
2448 10274 865765
43 10027 869204
43 10027 869381
43 10027 869437
43 10027 869459
43 10027 869489
43 10027 869542
43 10027 869601
43 10027 869661
8004 10027 872459
1243 10394 873474
43 10027 879258
6849 10533 880598
8004 10027 881712
8004 10027 883032
43 10027 885931
2448 10274 886449
2448 10274 890054
6756 10394 900262
6165 10394 900313
2448 10274 901458
2448 10274 905342
7755 10274 907712
6165 10394 907751
8004 10027 907857
6756 10394 909085
8004 10027 911061
6165 10394 913628
8004 10027 917548
8004 10027 918082
8004 10027 920542
43 10027 920772
43 10027 921055
43 10027 921074
1950 10394 921150
2448 10274 921860
1950 10394 922691
43 10027 926228
43 10027 926356
43 10027 931642
43 10027 931716
43 10027 932054
43 10027 932134
43 10027 932153
43 10027 937459
43 10027 937597
43 10027 937651
43 10027 937697
6503 10394 938664
43 10027 943923
2448 10274 944051
43 10027 944082
43 10027 944160
43 10027 944233
43 10027 949707
43 10027 949893
43 10027 949947
43 10027 950018
1243 10394 950751
43 10027 956795
43 10027 956890
8004 10027 960774
2448 10274 966619
43 10027 967757
2448 10274 975915
8004 10027 979142
2448 10274 979510
8004 10027 979773
6165 10394 983739
8004 10027 984313
43 10027 984651
2448 10274 987302
8004 10027 987572
8004 10027 990416
490 10034 992249
2659 10394 993573
7755 10274 1001343
1243 10394 1002901
2448 10274 1006246
6165 10394 1007574
1950 10394 1008739
8004 10027 1010020
8004 10027 1010163
8004 10027 1011560
2448 10274 1013450
8004 10027 1013826
43 10027 1014791
43 10027 1014842
43 10027 1014911
43 10027 1015121
43 10027 1015224
43 10027 1015323
1950 10394 1015824
1950 10394 1018920
1950 10394 1018977
43 10027 1019335
8004 10027 1019935
8662 10736 1020746
43 10027 1020983
43 10027 1022345
8004 10027 1022385
43 10027 1022443
43 10027 1022661
8004 10027 1023805
8004 10027 1024181
8004 10027 1024964
6503 10394 1025048
2448 10274 1026628
43 10027 1033613
43 10027 1033707
43 10027 1034089
2659 10394 1034205
2659 10394 1034686
2659 10394 1034761
2448 10274 1037727
8004 10027 1039213
2448 10274 1045210
6756 10394 1048983
43 10027 1050549
6756 10394 1051180
6756 10394 1051210
43 10027 1051262
6756 10394 1051294
43 10027 1051444
43 10027 1051503
43 10027 1052088
7755 10274 1058099
7755 10274 1060798
2448 10274 1062316
6165 10394 1072064
6165 10394 1078377
6756 10394 1078638
6756 10394 1079662
8004 10027 1082574
8662 10736 1084618
2659 10394 1084632
8004 10027 1084934
1950 10394 1085189
1950 10394 1085207
5679 10275 1086630
6756 10394 1086989
2448 10274 1088416
6380 10533 1088867
925 10321 1088919
8004 10027 1089287
8004 10027 1089626
1950 10394 1090073
6003 10589 1090824
6165 10394 1090852
2448 10274 1095912
7755 10274 1096353
7755 10274 1097533
6165 10394 1098083
3810 10167 1101273
1950 10394 1102059
1950 10394 1102115
6165 10394 1102628
8004 10027 1108790
8004 10027 1109099
8004 10027 1109165
2448 10274 1120209
43 10027 1120241
43 10027 1120286
43 10027 1120374
43 10027 1120515
8004 10027 1127185
8004 10027 1128465
8004 10027 1128931
8004 10027 1130185
43 10027 1132679
8004 10027 1134015
8004 10027 1134588
8004 10027 1134726
8004 10027 1135100
8004 10027 1137312
2448 10274 1138863
43 10027 1151323
43 10027 1151574
1950 10394 1154557
1950 10394 1157974
6165 10394 1158235
6165 10394 1160760
5427 10275 1162571
8004 10027 1165480
8004 10027 1166517
8004 10027 1167830
6503 10394 1170198
6165 10394 1170333
2659 10394 1171857
2659 10394 1172037
2659 10394 1172405
6165 10394 1172844
1950 10394 1173428
8004 10027 1174992
8004 10027 1177242
8004 10027 1178516
7755 10274 1179342
8004 10027 1179566
7755 10274 1181440
8004 10027 1181518
2448 10274 1181728
6165 10394 1182962
8004 10027 1183098
7755 10274 1183391
8004 10027 1183678
43 10027 1184240
43 10027 1184430
43 10027 1184536
7755 10274 1185029
8004 10027 1185687
8004 10027 1186923
8004 10027 1187254
1950 10394 1192909
1950 10394 1193882
2448 10274 1196429
43 10027 1196769
6165 10394 1201704
5186 10167 1209074
7755 10274 1213652
925 10321 1226612
925 10321 1227556
1950 10394 1233723
43 10027 1235405
43 10027 1235524
43 10027 1235636
7755 10274 1236091
43 10027 1240198
1950 10394 1247499
6756 10394 1247996
8004 10027 1251565
8004 10027 1255115
6165 10394 1256571
925 10321 1257826
8004 10027 1258506
8004 10027 1259399
8004 10027 1261083
1950 10394 1261469
1950 10394 1261497
7755 10274 1262788
8004 10027 1264866
43 10027 1265285
43 10027 1265386
43 10027 1265813
8004 10027 1266473
43 10027 1269759
490 10034 1276005
6165 10394 1276992
8004 10027 1280928
3347 10394 1281924
6503 10394 1282285
43 10027 1287032
43 10027 1287201
43 10027 1287406
416 10027 1290009
6672 10321 1298457
43 10027 1300563
6672 10321 1303563
43 10027 1304042
43 10027 1304089
43 10027 1304263
43 10027 1304441
43 10027 1304611
43 10027 1304695
43 10027 1305081
43 10027 1305184
43 10027 1309615
2448 10274 1318680
6165 10394 1329474
416 10027 1337948
6756 10394 1340276
7755 10274 1344840
7755 10274 1347052
43 10027 1348538
7755 10274 1352358
6165 10394 1352800
2448 10274 1354639
43 10027 1354816
7755 10274 1355345
8004 10027 1355632
43 10027 1357648
43 10027 1357792
8004 10027 1359817
1243 10394 1361044
1243 10394 1361834
2448 10274 1361920
43 10027 1362391
43 10027 1362431
43 10027 1362507
6503 10394 1366467
8004 10027 1369568
43 10027 1370880
43 10027 1370950
43 10027 1371037
43 10027 1371119
8004 10027 1372254
8004 10027 1372739
2448 10274 1373291
2448 10274 1377201
2659 10394 1380375
2659 10394 1380487
43 10027 1381711
6672 10321 1382567
2448 10274 1386811
6672 10321 1388076
925 10321 1388618
43 10027 1389424
43 10027 1389495
43 10027 1389579
8004 10027 1389756
43 10027 1389766
43 10027 1389800
43 10027 1390101
43 10027 1390141
43 10027 1391920
2448 10274 1394601
6388 10923 1399050
43 10027 1400767
43 10027 1401104
43 10027 1401205
43 10027 1401391
2448 10274 1402090
43 10027 1402849
6849 10533 1406378
2448 10274 1409282
2448 10274 1415000
2448 10274 1418605
6165 10394 1425580
490 10034 1427258
2659 10394 1432685
43 10027 1440487
43 10027 1440648
43 10027 1440813
2448 10274 1441129
6165 10394 1442409
8004 10027 1443792
2448 10274 1445016
43 10027 1447445
1950 10394 1448541
2448 10274 1448913
2448 10274 1452508
6503 10394 1452781
8004 10027 1452856
6672 10321 1454086
1950 10394 1454633
1950 10394 1456530
2448 10274 1456691
43 10027 1457077
43 10027 1457132
43 10027 1457277
43 10027 1457481
43 10027 1457540
8004 10027 1459464
1243 10394 1461340
8004 10027 1464156
416 10027 1465716
43 10027 1466193
8004 10027 1466854
3347 10394 1466915
2448 10274 1469286
43 10027 1471336
4179 10394 1472266
43 10027 1472774
43 10027 1472809
8004 10027 1475561
2448 10274 1476794
2448 10274 1480994
43 10027 1481088
43 10027 1483346
6849 10533 1484358
2448 10274 1484589
8004 10027 1486947
1950 10394 1488256
6849 10274 1491733
6165 10394 1504807
490 10034 1509734
8662 10736 1514052
6165 10394 1516477
8004 10027 1522507
2448 10274 1523930
1243 10394 1524610
2448 10274 1527298
43 10027 1529986
43 10027 1530033
43 10027 1530473
43 10027 1530519
43 10027 1530622
8004 10027 1530717
43 10027 1530834
6165 10394 1531067
43 10027 1531249
7755 10274 1532943
8004 10027 1533101
8004 10027 1534687
1950 10394 1534906
1950 10394 1534933
6165 10394 1535417
8004 10027 1536998
6503 10394 1541703
2448 10274 1546391
2448 10274 1550012
43 10027 1550560
43 10027 1551155
2448 10274 1551831
43 10027 1554887
43 10027 1554905
43 10027 1554983
43 10027 1555169
43 10027 1555256
43 10027 1555420
2448 10274 1555715
2448 10274 1559603
2659 10394 1561359
43 10027 1564708
43 10027 1564792
43 10027 1565044
43 10027 1565101
43 10027 1565129
43 10027 1565242
6672 10321 1565936
6756 10394 1570552
6849 10533 1572106
43 10027 1573025
1950 10394 1574365
43 10027 1578266
6756 10394 1584283
2448 10274 1591420
490 10034 1591737
6756 10394 1598097
5638 10027 1604657
5638 10027 1606142
6165 10394 1606874
8004 10027 1606942
8004 10027 1608343
8004 10027 1608454
8004 10027 1608511
1950 10394 1608690
8004 10027 1610355
7755 10274 1610457
43 10027 1610942
43 10027 1611031
43 10027 1611335
43 10027 1611444
43 10027 1611518
43 10027 1611973
43 10027 1612262
43 10027 1612287
43 10027 1612418
1950 10394 1618197
1950 10394 1618215
6503 10394 1624165
1950 10394 1624194
490 10034 1624239
8004 10027 1624283
1950 10394 1624415
1950 10394 1624545
8004 10027 1627639
43 10027 1628414
43 10027 1628909
2448 10274 1629216
43 10027 1629427
43 10027 1632322
8004 10027 1632472
490 10034 1632916
490 10034 1633644
8004 10027 1634526
6672 10321 1637108
416 10027 1639041
43 10027 1640806
43 10027 1642670
416 10027 1646887
4179 10394 1655967
6756 10394 1656308
6756 10394 1656402
2448 10274 1657384
2448 10274 1660991
2448 10274 1672113
2659 10394 1683040
2659 10394 1683192
2659 10394 1683248
2659 10394 1683294
2659 10394 1690887
5912 10503 1692463
2448 10274 1692814
8662 10736 1693123
2659 10394 1694699
2448 10274 1696391
2659 10394 1697678
2659 10394 1698687
8004 10027 1698726
2448 10274 1700022
2448 10274 1707817
8004 10027 1710960
8004 10027 1711079
6672 10321 1712726
1950 10394 1714998
6672 10321 1718789
2448 10274 1718901
2448 10274 1722556
8004 10027 1727053
8004 10027 1727490
2448 10274 1730002
6672 10321 1734706
6672 10321 1735678
1015 10588 1745967
6849 10533 1754068
6672 10321 1765648
6165 10394 1766901
6672 10321 1775576
6756 10394 1777071
2659 10394 1778493
2659 10394 1778596
1938 10736 1778942
6756 10394 1779968
6756 10394 1780280
1950 10394 1786060
1950 10394 1787939
1950 10394 1788149
6672 10321 1788672
1950 10394 1792901
1950 10394 1801258
416 10027 1801382
416 10027 1803594
6756 10394 1820934
6756 10394 1821346
416 10027 1826526
8004 10027 1826626
6849 10533 1840166
1950 10394 1843208
1950 10394 1843436
490 10034 1852294
1950 10394 1855086
1938 10736 1860603
1950 10394 1869222
2448 10274 1884609
1950 10394 1887693
8004 10027 1892320
9869 10061 1896838
2448 10274 1897511
9869 10061 1906780
6849 10533 1927109
8004 10027 1928723
6165 10394 1931784
9869 10061 1932340
2448 10274 1934404
4179 10394 1939695
5638 10027 1947861
5427 10275 1948470
4179 10394 1948553
2448 10274 1953045
2448 10274 1958776
2448 10274 1962345
1950 10394 1966182
2448 10274 1966242
2448 10274 1969839
6165 10394 1971771
2448 10274 1973740
1950 10394 1974200
8004 10027 1975384
8004 10027 1975977
2659 10394 1976404
9869 10061 1978099
2448 10274 1980907
2448 10274 1988403
6672 10321 1990074
416 10027 1991107
416 10027 1994358
8004 10027 1999697
2448 10274 2003532
8004 10027 2003921
2448 10274 2009236
1950 10394 2010904
2448 10274 2012819
6849 10533 2013895
2565 10891 2014754
2448 10274 2016720
5427 10275 2016728
2448 10274 2020339
6165 10394 2021588
6756 10394 2029185
6756 10394 2029219
2659 10394 2031514
2659 10394 2031541
2448 10274 2032355
6165 10394 2032617
416 10027 2033766
7755 10274 2035797
7755 10274 2041107
9892 10524 2041176
6003 10589 2042221
8004 10027 2042374
5679 10275 2043235
8004 10027 2043410
8004 10027 2046617
9892 10524 2048745
6503 10394 2050045
8004 10027 2051816
8004 10027 2052109
2448 10274 2056036
2659 10394 2057639
416 10027 2057863
9892 10524 2058038
1950 10394 2062802
9869 10061 2063211
6503 10394 2063259
9892 10524 2067611
5186 10167 2076567
9892 10524 2080189
8004 10027 2085118
8004 10027 2087470
1243 10394 2088253
8004 10027 2088826
9869 10061 2092079
43 10027 2093990
43 10027 2094083
43 10027 2095494
7802 10321 2098030
6849 10533 2100617
2448 10274 2110657
2448 10274 2115128
490 10034 2118378
2448 10274 2122337
2659 10394 2122713
9892 10524 2123724
9892 10524 2123932
9892 10524 2124050
416 10027 2124257
416 10027 2124284
2448 10274 2125947
7755 10274 2127982
8004 10027 2130385
8004 10027 2130726
490 10034 2131910
43 10027 2133737
43 10027 2134166
43 10027 2134365
43 10027 2134620
43 10027 2135037
43 10027 2135349
43 10027 2135869
2448 10274 2138873
4970 10027 2140113
3347 10394 2146259
8004 10027 2147697
2448 10274 2149937
8004 10027 2150646
6503 10394 2152053
6165 10394 2152119
9892 10524 2157461
9892 10524 2157596
2448 10274 2168777
8004 10027 2174659
2448 10274 2176032
6849 10533 2183130
2448 10274 2192839
490 10034 2199764
2448 10274 2204246
6165 10394 2205027
2659 10394 2206140
2448 10274 2215626
43 10027 2216039
43 10027 2216335
2659 10394 2217012
1950 10394 2219372
7755 10274 2220927
8004 10027 2221532
1950 10394 2224419
2448 10274 2226770
6503 10394 2230211
2448 10274 2235793
8004 10027 2236125
8004 10027 2240787
3347 10394 2241092
43 10027 2242580
43 10027 2243446
43 10027 2252560
2448 10274 2254439
6756 10394 2268802
6849 10533 2270871
9869 10061 2271183
2448 10274 2273339
9869 10061 2281460
1938 10736 2285565
2659 10394 2286805
2659 10394 2287110
2659 10394 2290850
4179 10394 2293214
3347 10394 2293699
2659 10394 2295232
7755 10274 2298935
9869 10061 2299117
9869 10061 2299900
2659 10394 2300977
8004 10027 2303302
8004 10027 2303848
8004 10027 2303965
8004 10027 2304068
8004 10027 2304157
8004 10027 2304222
8004 10027 2304291
7755 10274 2304505
8004 10027 2307333
2448 10274 2309057
5427 10275 2311841
2448 10274 2312654
43 10027 2316535
1950 10394 2317495
6503 10394 2317999
43 10027 2319640
2448 10274 2320182
4179 10394 2320297
43 10027 2321053
43 10027 2321253
8004 10027 2332578
8004 10027 2332737
2448 10274 2333348
43 10027 2334189
43 10027 2334257
8004 10027 2335826
8004 10027 2336228
416 10027 2336492
8004 10027 2337241
8004 10027 2342426
2448 10274 2345054
8004 10027 2350706
8004 10027 2350966
6756 10394 2352186
43 10027 2353340
43 10027 2353786
1950 10394 2355965
8004 10027 2357003
5186 10167 2357560
6849 10533 2359446
43 10027 2362757
1950 10394 2363915
6756 10394 2364262
6756 10394 2364345
2448 10274 2365444
9869 10061 2368164
1950 10394 2374890
1950 10394 2374928
490 10034 2377918
3347 10394 2383363
1950 10394 2389460
43 10027 2393166
416 10027 2393529
2448 10274 2399059
43 10027 2399853
1950 10394 2402556
1950 10394 2402587
43 10027 2409099
43 10027 2409538
9346 10524 2413766
8004 10027 2414710
8004 10027 2414927
43 10027 2415016
43 10027 2415314
43 10027 2415428
2448 10274 2415870
9869 10061 2422848
416 10027 2425795
9869 10061 2425807
8004 10027 2425898
43 10027 2426738
43 10027 2427839
43 10027 2429931
43 10027 2430407
43 10027 2434129
43 10027 2434475
43 10027 2434839
2448 10274 2442553
1950 10394 2451998
1950 10394 2452026
9869 10061 2461474
490 10034 2463637
5186 10167 2467539
7755 10274 2476970
7755 10274 2479345
43 10027 2482637
43 10027 2483017
43 10027 2484696
43 10027 2485831
1950 10394 2489026
4179 10394 2489053
1950 10394 2489058
3741 10394 2491409
8004 10027 2497788
8004 10027 2500431
8004 10027 2500693
43 10027 2512464
43 10027 2512597
43 10027 2512877
4179 10394 2519873
2448 10274 2521755
8004 10027 2531325
6165 10394 2546731
2448 10274 2553844
6165 10394 2555331
8004 10027 2559839
416 10027 2560453
43 10027 2561827
43 10027 2562349
9869 10061 2563083
43 10027 2564872
43 10027 2565385
2659 10394 2565712
6165 10394 2568349
2448 10274 2568613
5427 10275 2570737
43 10027 2573215
43 10027 2574171
43 10027 2574858
2659 10394 2575745
2448 10274 2577872
8004 10027 2580632
2448 10274 2581538
43 10027 2583750
43 10027 2583839
43 10027 2584156
43 10027 2584398
2448 10274 2585090
3347 10394 2588088
2448 10274 2589265
43 10027 2593102
43 10027 2593228
43 10027 2593541
2448 10274 2596760
8004 10027 2605260
43 10027 2613558
43 10027 2617868
6849 10533 2617868
43 10027 2618233
43 10027 2618407
43 10027 2618605
2448 10274 2626163
490 10034 2627547
490 10034 2629393
43 10027 2630239
43 10027 2630616
43 10027 2631974
6165 10394 2632854
490 10034 2639769
2659 10394 2641607
1243 10394 2647433
7755 10274 2647664
2448 10274 2650587
43 10027 2653461
43 10027 2653638
43 10027 2653682
416 10027 2654616
43 10027 2660055
925 10321 2663175
6503 10394 2663475
43 10027 2666714
43 10027 2671833
43 10027 2672271
4879 10034 2675517
43 10027 2676279
