465 10196 3626
4932 10365 90186
5247 10315 104486
5247 10315 111955
5247 10315 112066
3346 10315 146793
5247 10315 154818
5247 10315 177274
5247 10315 181025
7042 10365 213723
5247 10315 245279
5247 10315 247709
2626 10315 252467
4932 10365 268408
4932 10365 270221
7042 10365 291158
7726 10365 301691
7042 10365 303042
5247 10315 303477
2033 10133 305194
7042 10365 326545
3837 10609 329296
7957 10315 336597
4932 10365 361658
5247 10315 365538
7042 10365 386618
7726 10365 387561
5247 10315 399535
4932 10365 405126
7042 10365 408848
7957 10315 429983
3612 10609 432144
4932 10365 432359
5247 10315 437816
5247 10315 438342
392 10196 442031
574 10824 452246
7042 10365 467886
7042 10365 471757
2033 10133 475323
7726 10365 477507
7726 10365 486100
7176 10315 496123
7726 10365 529075
7726 10365 529281
5440 10315 530350
7726 10365 598729
7726 10365 599317
5247 10315 620023
5247 10315 625807
7726 10365 631341
7726 10365 644143
7042 10365 679304
7957 10315 679836
4932 10365 710465
7042 10365 734097
7042 10365 737407
7042 10365 743411
4932 10365 753827
4932 10365 774748
4932 10365 788743
860 10909 788941
7042 10365 821880
7726 10365 824546
7726 10365 825031
7042 10365 825514
4932 10365 838131
6638 10365 849412
7957 10315 864850
7957 10315 864926
4932 10365 894596
7042 10365 907742
7726 10365 910068
7042 10365 922998
4932 10365 939005
4932 10365 960400
7042 10365 981992
2033 10133 991068
7042 10365 998695
7042 10365 999595
8775 10133 1003488
4932 10365 1008885
7957 10315 1023554
4932 10365 1028836
4932 10365 1037210
7042 10365 1068304
5549 10196 1076315
5549 10196 1077243
5549 10196 1078424
5549 10196 1080939
7957 10315 1121321
8259 10824 1143209
8259 10824 1145286
8259 10824 1187281
8259 10824 1187894
9127 10909 1190194
4932 10365 1206605
7957 10315 1210736
7957 10315 1210793
7957 10315 1212794
7957 10315 1212919
5247 10315 1222645
7726 10365 1234744
7042 10365 1253337
7957 10315 1286135
7957 10315 1290305
7957 10315 1290388
7957 10315 1290546
7957 10315 1290831
6638 10365 1302791
6638 10365 1307177
7042 10365 1334309
5247 10315 1350938
7042 10365 1355019
7042 10365 1364180
7957 10315 1386791
7957 10315 1387072
4932 10365 1391109
1773 10365 1394880
8678 10538 1414999
7042 10365 1438691
5549 10196 1446907
5247 10315 1447539
5247 10315 1447653
7957 10315 1453533
4932 10365 1456053
7957 10315 1472602
7957 10315 1472720
7957 10315 1472779
7957 10315 1472896
4932 10365 1482702
7042 10365 1530032
7042 10365 1533814
4932 10365 1552463
7957 10315 1557085
7042 10365 1595527
2033 10133 1596959
7726 10365 1610353
7042 10365 1616410
7957 10315 1624127
6638 10365 1624505
7957 10315 1631541
7957 10315 1631864
4932 10365 1634258
7957 10315 1637268
7957 10315 1637527
7957 10315 1637673
827 10913 1640110
7957 10315 1641606
7887 10119 1644394
4932 10365 1645606
7042 10365 1680426
7042 10365 1708475
4932 10365 1709052
7957 10315 1726092
7957 10315 1726698
7957 10315 1726869
7957 10315 1726931
7957 10315 1727048
1294 10196 1728632
7726 10365 1733216
7726 10365 1736615
4932 10365 1738628
574 10824 1750185
7042 10365 1776481
7726 10365 1791279
7957 10315 1805805
7957 10315 1805897
7957 10315 1806327
7957 10315 1806593
7957 10315 1808170
7726 10365 1817504
7726 10365 1843228
7957 10315 1886106
7957 10315 1886135
7957 10315 1886525
7957 10315 1886693
7957 10315 1886841
7957 10315 1887027
7957 10315 1887060
7957 10315 1887436
7957 10315 1887836
7957 10315 1888240
7957 10315 1893481
6638 10365 1895856
6638 10365 1895953
6638 10365 1896499
7957 10315 1897540
4932 10365 1904133
9847 10365 1913004
8678 10538 1930941
1193 10315 1936748
7042 10365 1943497
2033 10133 1944081
7042 10365 1961487
5247 10315 2004485
4932 10365 2017123
7042 10365 2027549
7726 10365 2029043
7726 10365 2034445
5247 10315 2045532
622 10824 2047117
7957 10315 2056744
7887 10119 2070474
4932 10365 2076646
622 10824 2106621
7042 10365 2112231
2444 10315 2116759
6669 10571 2117919
8678 10538 2118989
6669 10571 2119961
7726 10365 2120878
7726 10365 2121375
7042 10365 2124088
7042 10365 2130585
7042 10365 2132776
7957 10315 2162610
7957 10315 2162645
7957 10315 2162776
7957 10315 2162866
6638 10365 2180901
4932 10365 2182883
622 10824 2188199
7042 10365 2194698
7726 10365 2200429
5110 10365 2203688
2033 10133 2204416
7726 10365 2209281
5549 10196 2209581
4932 10365 2219168
1193 10115 2225574
5110 10365 2229301
8678 10909 2273082
622 10824 2282954
7726 10365 2344546
7726 10365 2344632
7726 10365 2345075
6638 10196 2356927
622 10824 2376605
622 10824 2377330
622 10824 2377982
5247 10315 2391363
4932 10365 2394638
4932 10365 2394757
5247 10315 2399632
5247 10315 2411780
8321 10315 2416671
4932 10365 2417674
4932 10365 2423334
5247 10315 2425480
8321 10315 2430738
7726 10365 2438642
7726 10365 2438749
7726 10365 2439002
4932 10365 2474208
5247 10315 2484480
4932 10365 2525440
7042 10365 2550520
7176 10538 2558733
8316 10315 2578885
8316 10538 2578913
5247 10315 2596400
7109 10315 2596500
622 10824 2597393
5247 10315 2600839
3682 10196 2640968
622 10824 2644338
622 10824 2645761
622 10824 2646376
5247 10315 2650725
5247 10315 2653995
2033 10133 2654202
5247 10315 2654517
5247 10315 2655013
7957 10315 2677763
7957 10315 2677849
7957 10315 2677976
7957 10315 2678076
