2112 10552 29159
2112 10552 46640
2112 10552 47508
2112 10552 49540
3942 10188 65886
3942 10188 66003
3778 10272 78036
4734 10636 83306
4734 10636 83584
2112 10552 106595
3942 10188 157850
3289 10272 170035
3572 10272 171626
2112 10552 192027
2112 10552 203350
6234 10272 221534
2112 10552 223518
337 10272 232833
4035 10272 245304
658 10272 256214
658 10272 264060
2112 10552 279444
2112 10552 282102
2112 10552 284786
2713 10435 309634
2112 10552 310896
2112 10552 314434
2112 10552 315492
2112 10552 316349
2112 10552 316988
2403 10552 322965
2403 10552 325887
7205 10552 328448
7205 10552 329269
7792 10272 337488
8023 10552 355060
2112 10552 366817
2112 10552 369033
3290 10660 393243
2713 10435 393342
2112 10552 405637
7803 10552 406362
4734 10636 433505
5639 10272 446000
8230 10552 464973
2112 10552 475522
2713 10435 478840
8415 10272 478893
8023 10552 500039
3290 10660 504168
6178 10552 505237
8023 10552 506880
3942 10188 515423
5509 10636 515677
2112 10552 547760
3710 10272 559677
2713 10435 564308
8415 10272 576349
4682 10272 585110
4682 10272 601558
4734 10636 603697
2112 10552 628940
2112 10552 630103
2112 10552 652336
2112 10552 653586
2112 10552 659381
2112 10552 660220
2112 10552 662314
2112 10552 663205
2112 10552 664049
2112 10552 664669
2112 10552 665229
3447 10272 689294
5639 10272 692396
8415 10272 738375
3710 10272 740748
8415 10272 754676
8415 10272 761423
6596 10272 763131
443 10636 786564
4198 10272 786758
8562 10552 804659
8562 10552 805337
8562 10552 808384
8562 10552 809853
8415 10272 823324
3330 10272 829539
3330 10272 829712
8415 10272 840859
3330 10272 849972
3330 10272 855643
3733 10272 875555
8562 10552 886814
8562 10552 888217
8562 10552 892697
8738 10552 903817
8415 10272 911456
8415 10272 919826
2112 10552 919853
2112 10552 921278
3928 10272 927201
9143 10636 941085
443 10636 960956
7497 10272 969652
8562 10552 974949
8562 10552 975983
8562 10552 977064
8562 10552 981045
8562 10552 981914
8562 10552 982773
4992 10272 991165
8415 10272 1001393
8415 10272 1005475
859 10272 1021512
8230 10552 1023442
337 10272 1037349
3782 10272 1042136
9143 10636 1059756
8562 10552 1063931
8562 10552 1064702
8562 10552 1065461
8562 10552 1070469
3929 10636 1071252
3290 10660 1091386
8415 10272 1099168
8415 10272 1106301
3330 10272 1106649
4318 10272 1117992
6689 10272 1122224
4682 10272 1128795
8562 10552 1143104
8562 10552 1144673
8562 10552 1148487
8562 10552 1150410
8562 10552 1152959
3942 10188 1166358
9143 10636 1176160
8415 10272 1177860
2713 10435 1179827
3677 10272 1247692
7976 10636 1252883
9143 10188 1258245
8415 10272 1268582
4878 10272 1269250
4682 10272 1281611
4198 10272 1286205
8562 10552 1328774
3677 10272 1337208
3677 10272 1337467
3677 10272 1337711
3677 10272 1337776
3710 10272 1343262
8415 10272 1346935
8415 10272 1347611
8415 10272 1358389
3290 10660 1367744
4689 10272 1367790
8148 10660 1373395
3330 10435 1376015
8415 10272 1376393
4682 10272 1381390
4198 10272 1389008
9639 10552 1403930
9639 10552 1405477
9391 10272 1406139
9639 10552 1406693
8415 10272 1427370
3290 10660 1433819
8415 10272 1444181
8415 10272 1445679
3290 10660 1456362
6508 10272 1458637
8415 10272 1460345
4682 10272 1468648
3290 10660 1472213
3290 10660 1482911
9053 10272 1523085
4682 10272 1526182
8667 10552 1532821
8667 10552 1534134
3290 10660 1541456
2134 10272 1574661
5964 10660 1580462
8562 10552 1583713
3928 10272 1616514
5964 10660 1617276
5639 10272 1684912
7792 10272 1701928
7803 10552 1704699
3290 10660 1707987
9639 10552 1763331
9452 10552 1766195
9452 10552 1769560
9639 10552 1785345
2713 10435 1863022
3928 10272 1868443
7469 10272 1878980
4734 10636 1899880
6403 10272 1910818
2713 10435 1949409
5052 10272 1957167
5046 10961 1957726
3290 10660 1961566
8415 10272 1962988
5964 10660 1964188
3290 10660 1982792
5046 10961 1988699
8415 10272 2031942
3290 10660 2040101
8415 10272 2046565
8415 10272 2050330
5766 10660 2054912
5766 10660 2060635
8415 10272 2060911
9864 10552 2060949
3290 10660 2070841
4734 10636 2075643
626 10272 2105400
2809 10931 2109472
2809 10931 2111424
6160 10272 2130740
3290 10660 2139791
7008 10272 2140155
3290 10660 2178694
8415 10272 2205711
2713 10435 2206822
3290 10660 2209042
8415 10272 2209571
2634 10272 2215684
2634 10272 2216316
3290 10660 2226140
8415 10272 2232677
859 10272 2234100
5766 10660 2240026
3290 10660 2246719
626 10272 2265380
3447 10272 2291226
9968 10272 2295443
9383 10188 2300933
8415 10272 2307313
6403 10272 2310738
3942 10188 2320361
9383 10188 2360718
3942 10188 2375333
7469 10272 2400307
6403 10272 2407921
4074 10435 2417387
2713 10435 2466916
9383 10188 2473662
9383 10188 2562705
5766 10660 2563345
5766 10660 2563490
3929 10636 2584983
689 10272 2596464
6403 10272 2599911
4682 10272 2612164
3929 10636 2626651
3290 10660 2648530
3288 10272 2652150
3290 10660 2660432
