2955 10397 53064
3500 10018 55901
3500 10018 56015
4418 10238 73169
4709 10238 82569
4709 10238 104024
4709 10238 147700
3500 10018 169122
3500 10018 169648
6703 10018 174635
3500 10018 179732
4709 10238 191309
328 10018 196324
4147 10018 226101
7240 10238 229224
4147 10548 229237
4709 10238 279146
7627 10018 279345
4418 10238 303121
7627 10018 306977
7627 10018 314138
4709 10238 314551
4709 10238 314884
3500 10018 318140
7627 10018 319422
6703 10018 319432
7240 10238 329293
6703 10018 337016
6703 10018 339296
7627 10018 363665
4709 10238 365371
3500 10018 397167
7240 10238 401759
4709 10238 414278
6703 10018 422640
6703 10018 448499
6703 10018 449355
6703 10018 449833
6703 10018 450083
4709 10238 450355
6703 10018 450573
6703 10018 450645
6703 10018 483387
4709 10238 491555
6703 10018 493938
3500 10018 507445
6703 10018 513807
6703 10018 514008
6703 10018 514220
6703 10018 536246
4709 10238 538949
7627 10018 563497
6703 10018 573956
6703 10018 578028
6703 10018 581709
6703 10018 584663
4709 10238 591200
3500 10018 606737
6703 10018 624085
6703 10018 661182
6703 10018 662713
3500 10018 671138
4709 10238 679111
6703 10018 711677
4709 10238 714565
3500 10018 728169
2350 10783 732886
3500 10018 735124
3500 10018 737053
7627 10018 740553
328 10018 743889
7627 10018 744731
6703 10018 746685
5689 10018 747523
328 10018 752362
6703 10018 753153
4709 10238 763283
7627 10018 767047
6703 10018 769324
3500 10018 769929
3500 10018 771732
4418 10238 779263
7240 10238 835768
3500 10018 859386
6703 10018 878677
4709 10238 880641
3500 10018 905950
4709 10238 925205
434 10238 932159
3500 10018 934991
6703 10018 945984
3500 10018 950900
6703 10018 955024
4418 10238 993902
3500 10018 1007638
6703 10018 1010919
4709 10238 1011808
6703 10018 1012728
6703 10018 1031149
3500 10018 1034468
2955 10018 1073823
4418 10238 1080518
3500 10018 1087596
6703 10018 1088332
4709 10238 1097105
7627 10018 1098230
7627 10018 1098281
5057 10783 1107278
6703 10018 1124123
76 10018 1134089
7627 10018 1164925
7627 10018 1164990
3500 10018 1173668
4709 10238 1190981
4418 10238 1193801
6703 10018 1212544
3500 10018 1259526
6703 10018 1268439
6703 10018 1272847
7627 10018 1278406
4709 10238 1282043
6703 10018 1286896
3500 10018 1311012
7627 10018 1313681
6703 10018 1316349
4418 10238 1337774
4709 10238 1387331
7627 10018 1410066
76 10018 1414179
7627 10018 1434623
7627 10018 1434752
4709 10238 1439515
7240 10238 1447458
7627 10018 1450698
6703 10018 1467364
328 10018 1498762
6703 10018 1520422
7627 10018 1533679
4709 10238 1563291
7627 10018 1609755
7627 10018 1609848
7627 10018 1610977
7240 10238 1611087
4709 10238 1615049
7627 10018 1627294
328 10018 1648386
7627 10018 1673040
3500 10018 1686465
4709 10238 1697717
7240 10238 1699854
7627 10018 1769740
7627 10018 1770066
6703 10018 1791452
7627 10018 1799257
4709 10238 1815679
9808 10397 1856640
6703 10018 1895720
6703 10018 1896818
4709 10238 1925725
4418 10238 1942815
7627 10018 1949620
7627 10018 1950736
7240 10238 1960243
4709 10238 1960577
7627 10018 1966665
4534 10202 1966873
7627 10018 1966988
7627 10018 1971882
7627 10018 1974789
7627 10018 1976976
3500 10018 2031682
7627 10018 2034721
7240 10238 2051547
6703 10018 2061350
4709 10238 2127170
6703 10018 2157549
3500 10018 2171780
4418 10238 2203907
3500 10018 2204114
6703 10018 2245149
6703 10018 2246262
3500 10018 2287955
7627 10018 2323275
3500 10018 2347536
7627 10018 2378695
7627 10018 2378722
4709 10238 2389082
4147 10548 2390981
7627 10018 2393685
7627 10018 2398080
7627 10018 2398142
7627 10018 2398245
7627 10018 2398317
7627 10018 2398387
6703 10018 2401381
6703 10018 2419745
6703 10018 2436177
7756 10018 2442531
7627 10018 2465983
7627 10018 2466000
7627 10018 2466018
7627 10018 2466035
7627 10018 2466051
4418 10238 2477138
6703 10018 2477252
3500 10018 2484829
3500 10018 2502995
9900 10397 2518702
6703 10018 2521742
4709 10238 2526217
6703 10018 2552625
4147 10548 2553635
6703 10018 2603930
4709 10238 2604298
7627 10018 2613507
7627 10018 2613927
7627 10018 2614070
7627 10018 2619867
4418 10238 2634487
7627 10018 2659136
6703 10018 2678192
