5403 10356 114012
5403 10356 115730
5403 10356 117096
5403 10356 118004
5403 10356 119339
5403 10356 119941
1290 10356 142576
2588 10356 194173
2588 10356 196386
5403 10356 205602
5403 10356 206253
5403 10356 207528
5403 10356 208409
5403 10356 211822
2588 10356 230369
5403 10356 289348
5403 10356 290079
5403 10356 291823
2588 10356 292494
5403 10356 292792
5403 10356 293658
5403 10356 294515
5403 10356 297346
5994 10356 312712
7744 10535 324574
5403 10356 374336
5403 10356 375041
5403 10356 375663
5403 10356 376375
5403 10356 377094
5403 10356 378030
6433 10605 420010
5403 10356 547720
5403 10356 548367
5403 10356 549130
5403 10356 549844
5403 10356 551215
5403 10356 551940
5403 10356 553035
5403 10356 553799
7744 10535 564853
5403 10356 633529
5403 10356 634354
5403 10356 635331
5403 10356 636329
5403 10356 636961
5403 10356 637681
4055 10437 688505
4055 10437 689112
4055 10437 699785
5403 10356 719507
5403 10356 720613
5403 10356 721441
5403 10356 723504
5403 10356 724127
5403 10356 725066
4055 10437 758629
5403 10356 808309
5403 10356 808923
5403 10356 811548
5403 10356 812552
5403 10356 813727
5403 10356 816835
5994 10356 819979
2588 10095 829770
5994 10356 1003264
5994 10356 1004765
5403 10356 1149085
5403 10356 1149723
5403 10356 1150624
5403 10356 1152484
5403 10356 1155371
5403 10356 1241959
5403 10356 1243376
5403 10356 1245192
5403 10356 1245869
5403 10356 1246498
1290 10356 1246829
8787 10356 1247840
5403 10356 1250059
1290 10356 1274096
6741 10883 1290258
7582 10306 1303181
5403 10356 1327747
5403 10356 1328665
5403 10356 1329280
5403 10356 1330011
5403 10356 1412804
5403 10356 1413655
5403 10356 1414341
5403 10356 1416696
5403 10356 1417382
1290 10356 1441624
9681 10683 1469100
9681 10683 1470211
252 10710 1477000
6631 10356 1520322
9681 10683 1566453
7744 10535 1612157
6457 10710 1708115
5403 10356 1756136
5403 10356 1757113
5403 10356 1757754
5403 10356 1758533
5403 10356 1845007
5403 10356 1848194
5403 10356 1848963
5403 10356 1849660
5403 10356 1850701
5403 10356 1853311
5403 10356 1928687
5403 10356 1929913
5403 10356 1930595
5403 10356 1931289
5403 10356 1932482
9473 10758 1973370
8483 10356 1977452
9629 10306 1997914
5403 10356 2019524
5403 10356 2020122
5403 10356 2020753
5403 10356 2021462
5403 10356 2022074
6303 10356 2053766
6836 10356 2204284
4055 10437 2254255
4055 10437 2254906
4055 10437 2259647
4055 10437 2278174
5403 10356 2356965
5403 10356 2357727
5403 10356 2359707
5403 10356 2361371
5403 10356 2362201
5403 10356 2450437
5403 10356 2451552
5403 10356 2452432
5403 10356 2453246
5403 10356 2453894
7744 10535 2512553
8886 10407 2524640
5403 10356 2533659
5403 10356 2535921
5403 10356 2537336
5403 10356 2538226
5403 10356 2539499
8483 10356 2558879
5403 10356 2619827
5403 10356 2621323
5403 10356 2622453
5403 10356 2625128
5403 10356 2625793
