750 10135 6428
750 10135 7042
2636 10189 40790
3727 10616 59912
3727 10616 76136
4554 10777 76910
4238 10189 77311
3727 10616 80539
5752 10773 132710
5752 10773 133035
5752 10773 133647
5752 10773 134143
5752 10773 135387
2439 10135 136475
5926 10166 138968
5752 10773 147933
2636 10189 158997
5752 10773 160227
6535 10186 163827
750 10777 213988
5752 10773 216466
5752 10773 216854
5752 10773 217083
2636 10189 220121
7150 10850 221858
2439 10135 222815
5926 10166 225230
834 10608 230795
834 10608 253777
2636 10189 297415
5752 10773 298288
5926 10166 323574
5239 10186 362694
5752 10773 386786
2636 10189 389399
5752 10773 389506
5752 10773 391269
992 10166 402933
992 10166 403731
992 10166 404364
3075 10189 455211
5752 10773 468960
5752 10773 476096
2851 10189 506867
2636 10189 516220
5239 10186 526209
2636 10189 553580
6700 10189 614809
6700 10189 614893
3279 10186 668731
8845 10186 683476
2636 10189 687987
8890 10970 714582
5239 10186 723050
5752 10773 735395
5752 10773 736086
5752 10773 736866
2636 10189 738086
4238 10189 749113
7321 10189 749596
5926 10166 750035
5752 10773 751080
5752 10773 756542
3279 10186 779113
5752 10773 780494
3279 10186 780803
5752 10773 781157
3279 10186 782726
3279 10186 784187
8845 10186 810871
5752 10773 818263
2636 10189 818569
5752 10773 822381
5752 10773 822846
7564 10186 871606
5752 10773 875351
5752 10773 875661
5752 10773 875814
8528 10186 904980
5752 10773 910247
3727 10616 917612
2636 10189 918716
7321 10189 918922
5926 10166 927575
7511 10901 941858
3279 10186 957222
2636 10189 979327
5752 10773 993476
5752 10773 993659
5752 10773 994303
5752 10773 994792
5752 10773 994961
5036 10166 1000129
5926 10166 1015710
2636 10189 1029137
5752 10773 1078423
5752 10773 1079006
5752 10773 1080743
1254 10186 1094376
91 10186 1108693
8890 10970 1139075
5752 10773 1159950
5752 10773 1160279
5752 10773 1160596
5752 10773 1160892
5752 10773 1161776
2636 10189 1170627
5752 10773 1249052
5752 10773 1250062
750 10186 1260426
3279 10186 1263095
2636 10189 1297429
6967 10850 1307074
5752 10773 1334410
5752 10773 1334975
5752 10773 1335432
5752 10773 1341026
5752 10773 1342817
2439 10777 1349413
2439 10135 1351492
5752 10773 1355574
5752 10773 1355749
5926 10166 1361199
5752 10773 1369738
3279 10186 1370177
7321 10189 1373706
5752 10773 1422076
5752 10773 1422459
5752 10773 1422622
5752 10773 1422812
5752 10773 1427891
5926 10755 1429424
5752 10773 1436832
2940 10616 1445320
8634 10186 1446621
6392 10186 1446702
3279 10186 1463615
7434 10608 1499692
5752 10773 1512602
5752 10773 1512975
5752 10773 1513302
2439 10135 1517847
2587 10189 1518215
2636 10189 1522051
1254 10186 1537105
7950 10901 1539662
2636 10189 1574464
2439 10135 1590969
8890 10970 1592028
5752 10773 1594005
5752 10773 1594142
5752 10773 1595013
5752 10773 1598889
5752 10773 1599189
5752 10773 1600128
2636 10189 1608613
5752 10773 1628420
5926 10166 1630504
5752 10773 1639992
5752 10773 1645130
2439 10135 1673120
8890 10970 1675206
7321 10189 1677015
5752 10773 1680680
5752 10773 1686422
2636 10189 1696692
5752 10773 1702015
5926 10166 1706766
2636 10189 1765568
5752 10773 1769795
5752 10773 1770215
7840 10189 1787856
3279 10186 1802077
8663 10135 1820668
2636 10189 1832600
2636 10189 1834100
5573 10186 1859675
5926 10166 1868051
8890 10970 1869198
6700 10189 1895469
2636 10189 1926873
5752 10773 1941602
5752 10773 1941734
5752 10773 1941932
5752 10773 1946356
5752 10773 1946450
5752 10773 1946752
5752 10773 1946940
5752 10773 1947135
5926 10166 1955608
3279 10186 1960806
5752 10773 1961092
3279 10186 1963970
3279 10186 1966415
3279 10186 1967354
8866 10773 1975890
8890 10970 2004030
5752 10773 2028342
5752 10773 2031270
5752 10773 2049054
5752 10773 2049134
5752 10773 2049485
5752 10773 2049773
7150 10186 2051097
3279 10186 2058391
6825 10850 2067355
3279 10186 2080662
3727 10773 2087421
264 10135 2090030
5752 10773 2113973
4889 10777 2120851
5926 10166 2123683
2439 10135 2128174
8890 10970 2131710
5752 10773 2147128
5752 10773 2153798
7321 10189 2198311
5752 10773 2202884
5752 10773 2203706
5752 10773 2204614
2636 10189 2205225
8102 10837 2223956
5752 10773 2233813
5235 10827 2253472
3279 10186 2259465
2636 10189 2269296
1892 10693 2277869
1625 10186 2279143
2439 10135 2284985
5752 10773 2289242
5752 10773 2367805
5752 10773 2368202
5752 10773 2374995
2636 10189 2379402
934 10693 2380148
5926 10166 2384136
7840 10189 2400308
2636 10189 2412276
2636 10189 2435302
5752 10773 2459624
5752 10773 2460030
5752 10773 2461652
1254 10186 2475661
2709 10862 2476204
3279 10186 2491145
7150 10186 2494701
9862 10186 2511008
5752 10773 2550884
3279 10186 2574274
5752 10773 2575064
5752 10773 2577861
5752 10773 2635913
5752 10773 2636744
2851 10189 2643605
5926 10166 2644998
2636 10189 2661409
5752 10773 2663085
5926 10166 2664071
