2017 10072 27279
1441 10072 28267
2017 10072 55352
2017 10072 119896
2017 10072 127848
2017 10072 139704
6265 10072 151847
6411 10146 157038
1441 10072 194499
1441 10072 195205
2017 10072 207004
2345 10072 215661
2017 10072 223563
6673 10146 241415
4564 10146 244453
7580 10072 268675
7580 10072 274692
7580 10072 281249
7580 10072 282772
7580 10072 283391
7580 10072 283991
7580 10072 284593
7580 10072 285396
7580 10072 286279
7580 10072 287318
2017 10072 306810
6265 10072 309975
7580 10072 312949
2017 10072 322402
6265 10072 332958
6411 10146 360880
7580 10072 367045
6673 10146 367358
7580 10072 367918
7580 10072 374751
7580 10072 379020
7580 10072 382534
2017 10072 391853
2017 10072 396672
6265 10072 407259
6411 10146 448851
2017 10072 467567
7580 10072 468196
2017 10072 480707
6265 10072 482551
6673 10146 505093
6411 10146 506087
2017 10072 542567
7580 10072 543953
2284 10072 552633
2017 10072 569400
2017 10072 572076
7580 10072 637660
2017 10072 644196
2017 10072 654131
6673 10146 654728
763 10072 658480
2017 10072 660146
6411 10146 662121
7580 10072 714763
2017 10072 719754
2284 10072 734874
6265 10072 740201
2017 10072 743036
2017 10072 746318
6673 10146 758443
6411 10146 758640
3661 10072 785581
7580 10072 788261
2017 10072 800196
2017 10072 801201
2017 10072 802671
2017 10072 810583
6265 10072 816020
2017 10072 821373
2017 10072 830627
2017 10072 832148
7387 10072 833849
2017 10072 839792
6673 10146 841473
2017 10072 843132
7387 10072 851942
7387 10072 852539
7387 10072 854182
6411 10146 871991
6411 10146 877068
7387 10072 883394
7387 10072 884543
2017 10072 884906
2017 10072 887473
2017 10072 888639
7580 10072 889648
2017 10072 889811
2017 10072 891408
7580 10072 893111
2017 10072 893627
7580 10072 898572
6265 10072 916100
2017 10072 919025
7387 10072 922839
7387 10072 924978
2284 10072 926876
6411 10146 930599
6265 10072 932965
6673 10146 934961
7580 10072 956218
6411 10146 962924
6265 10072 1006105
2017 10072 1006746
7387 10072 1007710
6203 10072 1019599
7387 10072 1057728
7580 10072 1060710
2017 10072 1080010
2017 10072 1087041
2017 10072 1089141
2017 10072 1092501
6265 10072 1095468
2017 10072 1099186
6265 10072 1102466
6265 10072 1162054
6673 10146 1172343
2017 10072 1174822
2017 10072 1177391
9460 10072 1181007
2017 10072 1181383
2017 10072 1183949
2017 10072 1186055
2284 10072 1192001
6265 10072 1201046
2017 10072 1229271
2017 10072 1230777
2017 10072 1231805
2017 10072 1232781
2017 10072 1235059
2017 10072 1236301
2017 10072 1238476
2017 10072 1242794
2017 10072 1250008
2017 10072 1254304
2017 10072 1263026
6265 10072 1276759
2284 10072 1317543
9460 10072 1318578
2017 10072 1318934
2017 10072 1322341
2017 10072 1330241
9460 10072 1332014
9460 10072 1336278
9460 10072 1337167
2017 10072 1341063
2017 10072 1344036
6673 10146 1355480
6265 10072 1358116
6673 10146 1360143
9460 10072 1362292
6673 10146 1375351
6673 10146 1375775
7580 10072 1403764
2017 10072 1404275
2017 10072 1412183
6265 10072 1422101
2017 10072 1429290
2017 10072 1431039
6673 10146 1436112
6265 10072 1450062
6411 10146 1457589
6411 10146 1479286
7580 10072 1493888
6265 10072 1509737
6673 10146 1518502
2017 10072 1521124
2017 10072 1522348
2017 10072 1528817
6265 10072 1539541
9537 10146 1555681
7115 10072 1575451
2017 10072 1584587
6265 10072 1593799
2017 10072 1599832
2017 10072 1601692
2017 10072 1606139
7580 10072 1609410
9766 10072 1622527
9766 10072 1623141
9766 10072 1624047
9766 10072 1624752
9766 10072 1625508
9766 10072 1626384
9766 10072 1627644
7580 10072 1648588
7580 10072 1663282
6265 10072 1669162
7580 10072 1673292
1322 10072 1693712
6673 10146 1697185
6411 10146 1705346
9766 10072 1713127
9766 10072 1714043
6265 10072 1714421
6411 10146 1733267
1075 10072 1742753
7580 10072 1743745
6265 10072 1761112
7580 10072 1776319
2017 10072 1793363
9766 10072 1799524
9766 10072 1804937
1075 10072 1805128
9766 10072 1808535
6411 10146 1822512
6411 10146 1824005
9823 10072 1831899
9823 10072 1832518
9823 10072 1833125
2017 10072 1837746
2017 10072 1841023
6265 10072 1867968
9823 10072 1871090
9823 10072 1871829
2017 10072 1874467
6411 10146 1876568
9766 10072 1885742
6265 10072 1888580
9766 10072 1897628
7580 10072 1923711
7580 10072 1924810
2017 10072 1925468
7580 10072 1925611
7580 10072 1931530
7580 10072 1933850
7115 10072 1939782
2017 10072 1946515
2017 10072 1961083
2017 10072 1967916
9766 10072 1972342
9766 10072 1973223
6265 10072 1973823
9856 10146 1975175
9766 10072 1984033
9766 10072 1985827
9766 10072 1986731
9766 10072 1987620
9766 10072 1988548
6411 10146 1995916
7580 10072 1997779
7580 10072 2004147
2017 10072 2012624
7580 10072 2018634
2017 10072 2032591
2017 10072 2034289
9912 10072 2039004
763 10072 2040326
763 10072 2040366
763 10072 2040400
6265 10072 2051924
6673 10146 2053949
9766 10072 2058555
9766 10072 2074031
7580 10072 2095171
7580 10072 2103061
7580 10072 2104739
6265 10072 2115129
2017 10072 2128228
6411 10146 2135071
6411 10146 2149254
6411 10146 2173624
6411 10146 2179597
6411 10146 2179702
6411 10146 2180161
2017 10072 2202624
2017 10072 2204693
6411 10146 2259903
6265 10072 2297242
9918 10072 2317222
9766 10072 2317598
9766 10072 2340696
6411 10146 2340788
9766 10072 2341300
9766 10072 2342197
9766 10072 2343685
6411 10146 2343894
9766 10072 2350904
9766 10072 2358091
6265 10072 2368936
7080 10072 2393319
9766 10072 2394514
6673 10146 2424561
6411 10146 2426656
9766 10072 2430490
9766 10072 2437717
9766 10072 2444900
6265 10072 2447875
9766 10072 2516908
7580 10072 2530951
9766 10072 2531330
9766 10072 2538512
2017 10072 2551367
6673 10146 2553051
6265 10072 2557151
6265 10072 2568974
9766 10072 2569453
9766 10072 2570312
9766 10072 2570916
9766 10072 2572691
9766 10072 2577200
6673 10146 2579175
6673 10146 2579239
6673 10146 2580227
9766 10072 2610510
7580 10072 2621708
2017 10072 2625385
6265 10072 2639001
2017 10072 2639152
2017 10072 2651142
9766 10072 2663310
9766 10072 2663927
6411 10146 2664284
6265 10072 2666001
9537 10146 2671278
9537 10146 2671892
9537 10146 2672523
9537 10146 2675750
