1571 10472 18139
1571 10472 77567
1571 10472 82723
1571 10472 269212
1360 10090 294437
7705 10472 297521
2822 10779 311282
143 10090 316443
4213 10779 321106
7705 10472 351354
7705 10472 359203
7705 10472 407126
7705 10472 440929
7705 10472 458941
7705 10472 469371
7705 10472 479201
143 10090 496864
7705 10472 504082
1571 10472 532705
7705 10472 535609
1571 10472 603331
7705 10472 630806
7705 10472 649276
1584 10718 680059
6578 10090 684559
7705 10472 707135
7705 10472 747802
143 10090 781240
143 10090 783126
143 10090 783997
7705 10472 793338
143 10090 821778
6537 10764 884127
7705 10472 925776
6578 10199 937072
143 10090 947324
143 10090 950893
7705 10472 964490
143 10090 995022
143 10090 1010276
143 10090 1033176
143 10090 1035426
143 10090 1036958
7705 10472 1052358
2085 10090 1075748
2085 10199 1078856
6589 10666 1109326
143 10090 1128293
7705 10472 1146386
8566 10157 1161881
7259 10227 1162152
7705 10472 1164210
4267 10472 1224319
143 10090 1233092
8782 10090 1245902
2085 10199 1350683
7705 10472 1358301
7705 10472 1401774
1571 10472 1465639
2085 10199 1508152
8009 10227 1582766
8468 10779 1627472
8468 10779 1628073
1571 10472 1634868
1571 10472 1648111
1571 10472 1679912
7705 10472 1683304
1571 10472 1702277
8468 10090 1704614
1571 10472 1717994
1571 10472 1744718
2822 10413 1770292
1571 10472 1774325
8468 10779 1800371
1571 10472 1801119
1571 10472 1812585
1571 10472 1818772
8566 10779 1839811
1571 10472 1866121
1571 10472 1867729
2822 10413 1868191
1571 10472 1874175
1571 10472 1908537
1571 10472 1913133
6595 10746 1948725
2822 10413 1954426
2085 10090 1955936
8468 10199 1966427
8468 10199 1978203
1571 10472 1978969
1571 10472 1992215
8468 10199 2036858
8468 10090 2042035
1571 10472 2064089
7705 10472 2086864
2822 10413 2124946
7705 10472 2139226
7259 10090 2154688
7705 10472 2169558
7705 10472 2203350
8033 10090 2204591
1571 10472 2207450
4921 10779 2224289
3961 10718 2236458
3961 10718 2237098
1571 10472 2248918
1571 10472 2250041
1571 10472 2257870
6595 10746 2314841
1571 10472 2319366
7705 10472 2321122
1571 10472 2343282
1571 10472 2378425
2822 10413 2390275
1571 10472 2431108
2822 10413 2447013
1571 10472 2500175
1571 10472 2511255
1571 10472 2513145
1571 10472 2517882
2822 10413 2526354
1571 10472 2588911
8489 10199 2591796
6595 10746 2596492
1571 10472 2605477
2822 10413 2611156
3803 10199 2657268
143 10090 2675230
