729 10273 6162
1540 10153 17432
1555 10153 17734
2034 10163 27637
2034 10302 28304
4008 10732 64686
1112 10302 71386
2515 10570 79836
729 10273 89597
1540 10153 104009
1540 10153 129724
6598 10277 171319
729 10273 178368
4008 10732 214805
7059 10314 215539
1540 10153 216211
7127 10277 236295
7465 10277 251934
2034 10302 256268
1540 10153 277170
5398 10153 281648
4008 10732 301582
1112 10302 360791
1540 10153 363931
2436 10153 369443
4405 10273 379386
8189 10277 406264
729 10273 440831
729 10273 441466
729 10273 441926
1540 10153 449945
2034 10163 468065
6266 10277 490705
6266 10277 493847
8561 10277 535242
1540 10153 535532
8561 10277 536624
6970 10277 542326
1954 10277 550637
1540 10153 561532
4008 10732 565835
8561 10277 584606
8561 10277 598957
8561 10277 600299
8561 10277 602186
8561 10277 612969
729 10273 613959
8561 10277 621265
971 10277 621772
1540 10153 648222
3913 10277 650615
7816 10273 656371
4008 10732 656411
7059 10314 657406
8561 10277 670598
3188 10849 675232
8561 10277 675757
8561 10277 679780
8561 10277 681203
8561 10277 708599
8561 10277 709793
8561 10277 712842
8561 10277 714489
2545 10719 725511
971 10277 729900
4903 10277 740416
4008 10732 743283
1112 10302 759120
8561 10277 778729
729 10273 786367
729 10273 788654
1540 10153 795520
8561 10277 797904
2582 10896 833035
6598 10277 833291
4008 10732 836588
4008 10732 836848
729 10273 845298
729 10273 869950
8561 10277 882561
1540 10153 882746
4008 10732 923632
6598 10277 927527
6598 10277 931502
6598 10277 933021
5127 10314 959317
729 10273 960947
729 10273 964642
729 10273 965014
729 10273 965391
729 10273 966526
729 10273 966659
1112 10302 967925
3188 10849 988040
971 10277 993399
1540 10153 997230
6598 10277 999329
2582 10896 1010239
4008 10732 1012538
8561 10277 1023391
8561 10277 1053559
1540 10153 1055097
8561 10277 1109422
8561 10277 1130834
8561 10277 1134557
8561 10277 1137875
1540 10153 1141276
8561 10277 1144979
7059 10314 1168872
7599 10740 1176923
8561 10277 1188477
7465 10277 1191477
4708 10277 1207232
729 10273 1223588
729 10273 1225155
1540 10153 1228037
3275 10277 1251195
8561 10277 1264492
4008 10732 1272783
4936 10153 1275658
2034 10163 1279881
8561 10277 1289298
2034 10163 1300972
8561 10277 1304265
2034 10163 1304373
729 10273 1305551
729 10273 1306173
729 10273 1306431
729 10273 1306538
729 10273 1306788
729 10273 1307169
729 10273 1309148
1540 10153 1314390
8561 10277 1373445
8561 10277 1386416
729 10273 1392585
729 10273 1393888
729 10273 1394257
1540 10153 1400966
2034 10163 1445325
8561 10277 1454243
25 10041 1455103
2034 10163 1456123
25 10041 1456190
4008 10732 1456936
9679 10153 1459886
9679 10153 1460512
729 10273 1478292
729 10273 1480219
9679 10153 1483637
1540 10153 1486332
9679 10153 1491840
9679 10153 1504985
9679 10153 1506299
1540 10153 1512062
6598 10277 1520788
9679 10153 1544563
8561 10277 1560565
729 10273 1563404
729 10273 1563511
1540 10153 1573825
9679 10153 1589646
4008 10732 1599931
9675 10926 1602346
9679 10153 1602675
9679 10153 1630829
8561 10277 1632636
25 10153 1634532
2813 10277 1638138
8561 10277 1656418
1540 10153 1659541
6908 10153 1668387
2034 10163 1678192
6908 10153 1679637
2582 10896 1699441
9679 10153 1707606
4008 10732 1720344
9679 10153 1747146
9679 10153 1748782
9679 10153 1749906
2034 10163 1752770
5398 10153 1753154
9679 10153 1757699
9679 10153 1763046
9679 10153 1765979
7059 10314 1790440
9675 10153 1796794
9679 10153 1799287
9679 10153 1800726
2515 10966 1802350
729 10273 1826022
729 10273 1826356
729 10273 1826985
1540 10153 1832224
9679 10153 1847103
2545 10719 1856419
2813 10277 1864405
9679 10153 1874586
9679 10153 1876386
9861 10273 1880901
9679 10153 1882265
9861 10163 1883949
9679 10153 1884065
9679 10153 1885098
9861 10163 1885942
2813 10277 1901177
729 10273 1910657
8561 10277 1913723
1540 10153 1919182
9679 10153 1928228
2034 10163 1929436
9679 10153 1933986
9679 10153 1934762
9679 10153 1936652
9861 10314 1949336
6598 10277 1960375
9679 10153 1967232
6598 10277 1973105
9679 10153 1975747
8561 10277 1976109
729 10273 1996746
9679 10153 2002145
1540 10153 2005288
6908 10153 2013272
9679 10153 2013492
3913 10446 2024039
2813 10277 2036205
9300 10945 2041908
2582 10896 2041913
2582 10896 2042181
7378 10277 2056088
1470 10277 2064080
9901 10252 2078924
729 10273 2081383
729 10273 2082706
9679 10153 2089867
1540 10153 2092361
9679 10153 2095207
9679 10153 2096766
4008 10732 2112067
729 10273 2169104
729 10273 2170028
729 10273 2171823
729 10273 2171927
729 10273 2172457
6908 10153 2176213
9679 10153 2180421
9679 10153 2181260
9679 10153 2181918
9679 10153 2184259
9679 10153 2195220
1540 10153 2198801
7059 10314 2201800
8455 10849 2225691
8455 10849 2228091
4008 10277 2237874
7378 10277 2240361
2034 10302 2246623
1540 10153 2264709
2882 10153 2271665
6908 10153 2281668
7059 10314 2289054
7059 10314 2289529
1540 10153 2293090
9679 10153 2294473
9679 10153 2296679
4008 10732 2299818
4008 10907 2327238
1540 10153 2350658
1112 10302 2364694
2813 10277 2388999
9679 10153 2402952
9679 10153 2405526
8387 10252 2412816
729 10273 2430765
729 10273 2431754
1540 10153 2438250
9679 10153 2474167
4008 10732 2475064
9679 10153 2475546
2813 10277 2478306
9679 10153 2479449
9679 10153 2480229
9679 10153 2481039
9679 10153 2481848
9679 10153 2485027
9679 10153 2486534
6970 10277 2507637
8561 10277 2515124
8561 10277 2519972
5398 10153 2534063
9679 10153 2538787
9679 10153 2539499
1540 10153 2549396
2813 10277 2557161
4008 10732 2561896
9679 10153 2564226
2813 10277 2574118
9679 10153 2575560
729 10273 2605826
1540 10153 2610595
2813 10277 2631658
1540 10153 2637951
4008 10732 2649245
9679 10153 2652780
2582 10896 2655756
9679 10153 2656205
9679 10153 2659087
9679 10153 2660172
8561 10277 2667158
8561 10277 2676206
