2666 10447 41400
5916 10132 138618
4043 10244 142211
5741 10144 154390
2666 10447 175531
4043 10244 235932
4043 10244 236548
2666 10447 247696
884 10374 275197
4043 10244 319538
1532 10382 320100
1532 10382 352729
5451 10244 367797
1532 10382 372297
4043 10244 408583
4043 10244 409960
5157 10374 411543
5993 10132 456394
1532 10382 458335
1532 10382 459726
4434 10374 466901
4043 10244 489978
4043 10244 494074
1532 10382 523433
4043 10244 594907
4043 10244 598262
4043 10244 678148
5916 10132 678932
5916 10132 679172
5916 10132 680815
5916 10132 681378
4043 10244 698522
1532 10382 704494
1532 10382 710548
4043 10244 756177
4043 10244 779554
5157 10374 784881
1532 10382 788778
1532 10382 791843
5845 10132 828198
5845 10132 828257
4043 10244 833672
5916 10132 838563
6169 10084 862263
6169 10084 863082
7340 10132 863875
1532 10382 883397
1532 10382 883464
7683 10144 897861
4043 10244 924237
4043 10244 929774
1532 10382 962642
7683 10144 965299
4043 10244 1012543
6169 10084 1029557
5916 10132 1029744
1532 10382 1052774
4094 10084 1070951
2536 10084 1078205
4043 10244 1094275
4043 10244 1118784
9091 10084 1128705
1532 10382 1146856
4043 10244 1224126
4043 10244 1225596
1532 10382 1230652
5772 10244 1232309
5772 10244 1232595
5916 10132 1266532
5916 10132 1266965
4043 10244 1268589
5916 10132 1268980
5916 10132 1270787
5916 10132 1274679
5916 10132 1275517
5916 10132 1276745
5916 10132 1278127
4728 10447 1279455
5916 10132 1291553
6169 10084 1298612
9563 10447 1302665
1362 10132 1302693
5772 10244 1311063
1532 10382 1313551
5451 10244 1316456
9563 10084 1334993
5772 10244 1344926
7134 10137 1346749
6169 10084 1369492
1532 10382 1391307
9563 10084 1420041
4043 10244 1441497
2666 10447 1443101
5916 10132 1465992
9563 10084 1507289
4043 10244 1523806
9563 10084 1536172
1532 10382 1568063
9563 10084 1592265
9563 10137 1597939
4094 10447 1600839
4094 10447 1600880
4043 10244 1616181
5993 10132 1617795
1532 10382 1634330
9563 10084 1676727
9563 10084 1677885
9563 10137 1679655
9563 10084 1680614
8187 10084 1683054
9563 10084 1685663
4043 10244 1704605
9563 10447 1710748
9563 10084 1739514
9563 10447 1783460
9563 10084 1784184
1532 10382 1799335
9563 10084 1808867
9563 10084 1818651
482 10526 1819083
9563 10447 1826199
9563 10447 1855570
9563 10084 1857743
9563 10084 1888357
5916 10132 1891095
9563 10447 1897454
1532 10382 1906567
1532 10382 1909933
9883 10084 1919055
9883 10084 1920152
9883 10084 1922180
6169 10084 1949352
6768 10084 1955090
1532 10382 1956827
5916 10132 1960626
4043 10244 1961663
9563 10084 1977884
1532 10382 1996215
9563 10084 2024222
9563 10137 2032815
9563 10447 2056504
9563 10084 2071556
9563 10447 2072779
9563 10084 2073663
9563 10137 2081388
1532 10382 2082164
1532 10382 2094214
9563 10447 2111487
9563 10084 2116093
9563 10084 2142606
9563 10084 2143190
1532 10382 2181950
9563 10447 2199143
9563 10447 2229442
9563 10084 2246725
9563 10447 2251547
1532 10382 2259268
1532 10382 2266618
9563 10084 2285302
9563 10084 2289101
8187 10084 2317177
9563 10084 2339423
9563 10447 2340037
1532 10382 2346653
1532 10382 2353996
9563 10447 2372651
9563 10084 2376465
9563 10137 2390233
9563 10447 2419802
1532 10382 2439602
9563 10084 2469911
1532 10382 2473419
4043 10244 2474877
9563 10447 2479533
7683 10144 2493358
9563 10084 2500518
9563 10084 2511855
1532 10382 2521818
9563 10084 2548258
9563 10447 2562465
9714 10374 2572389
9563 10084 2574234
9563 10084 2590323
9563 10084 2592887
9563 10084 2601779
5772 10244 2604252
9563 10447 2634090
9563 10447 2634467
5916 10132 2639823
5916 10132 2641734
5916 10132 2647862
5916 10132 2648069
5916 10132 2653408
1532 10382 2668158
