19 10014 84
1220 10211 12585
1220 10211 14765
1220 10211 16120
1220 10211 17182
1220 10211 25211
1220 10211 25907
1220 10211 36363
1220 10211 36962
1220 10211 37562
4113 10743 66852
1220 10211 75138
1220 10211 76088
4577 10211 86447
4955 10211 90934
4113 10743 102250
5248 10211 104599
1220 10211 107782
1220 10211 120195
1220 10211 125792
1220 10211 127688
1220 10211 128337
1220 10211 129723
5682 10743 130162
3360 10211 147177
1220 10211 147262
4955 10211 147395
1220 10211 148596
1220 10211 149195
1220 10211 154167
6484 10211 159851
4955 10211 171555
4724 10674 178132
4113 10743 186558
5248 10211 189885
1220 10211 199925
1220 10211 200609
5248 10211 207840
1220 10211 208893
5248 10211 210856
1220 10211 215591
1220 10211 217496
4113 10743 218939
7141 10014 221749
7141 10014 221857
1220 10211 224433
1220 10211 232926
6176 10211 240082
1220 10211 240132
4955 10211 242638
1220 10211 248915
19 10014 249964
19 10014 250264
1220 10211 250589
4955 10211 250777
1220 10211 255790
1220 10211 258322
4113 10743 273865
5248 10211 274699
5248 10211 280190
7141 10014 291491
4113 10743 312252
19 10014 315243
19 10014 315447
1220 10211 331792
1220 10211 332401
1220 10211 333033
19 10014 334826
1220 10211 339769
4955 10211 347601
4113 10743 360545
1220 10211 376843
1220 10211 381443
19 10014 404035
1220 10211 408592
19 10014 409504
1220 10211 409667
1220 10211 410861
1220 10211 411474
1220 10211 412206
4577 10211 420711
4577 10211 420751
19 10014 424741
4955 10211 439557
4113 10743 446648
5248 10211 457476
5682 10743 472235
1220 10211 472754
4113 10743 478319
3360 10211 480057
5547 10211 484691
1220 10211 490536
4955 10211 494364
19 10014 498561
4955 10211 499613
7125 10211 510724
2227 10211 534256
4113 10743 574565
4577 10211 581393
4113 10743 582371
4955 10211 582440
19 10014 585623
19 10014 596731
4577 10211 598311
4577 10211 609614
19 10014 615872
8456 10211 649917
1220 10211 667309
4113 10743 668485
1220 10211 670565
19 10014 683802
1220 10211 685238
1220 10211 688890
1220 10211 697522
8871 10211 700603
19 10014 701198
8871 10211 701709
8871 10211 703540
8871 10211 706695
1220 10211 732107
1220 10211 735602
1220 10211 740110
1220 10211 740723
1220 10211 741371
1220 10211 741988
1220 10211 743145
1220 10211 743770
1220 10211 744370
1220 10211 751134
1220 10211 751818
1220 10211 753010
4113 10743 753384
1220 10211 753630
19 10014 761493
1220 10211 761957
1220 10211 764351
1220 10211 767823
886 10211 779219
5248 10211 789689
4955 10211 791363
4113 10743 792386
5248 10211 797303
1220 10211 804719
1220 10211 805393
1220 10211 806639
1220 10211 807245
1220 10211 807886
5248 10211 812202
1220 10211 816378
1220 10211 817046
7141 10014 817822
1220 10211 826809
1220 10211 827546
4113 10743 829570
1220 10211 837292
1220 10211 837937
3277 10501 841820
8456 10211 844473
4955 10211 847180
8456 10211 849611
19 10014 851122
8497 10211 851681
19 10014 855369
1220 10211 856592
1220 10211 857967
1220 10211 858598
1220 10211 859429
4955 10211 873441
4113 10743 877557
4955 10211 880525
4955 10211 880570
7141 10014 885905
1220 10211 890489
7025 10211 892401
1220 10211 892780
1220 10211 893488
5248 10211 899974
1220 10211 905964
1220 10211 907830
1220 10211 908435
5682 10743 911304
1220 10211 914798
1220 10211 915466
4113 10743 915673
1220 10211 918877
1220 10211 919581
1220 10211 920349
4955 10211 933496
8456 10211 937901
1220 10211 938106
8456 10211 939528
1220 10211 940490
1220 10211 941092
1220 10211 941722
1220 10211 942546
1220 10211 945096
4724 10674 948765
5248 10211 962956
5248 10211 963657
4113 10743 964596
5248 10211 975991
1220 10211 983374
1220 10211 984079
8456 10211 992690
1220 10211 1007230
1220 10211 1007955
1220 10211 1008659
1220 10211 1009482
1220 10211 1010136
1220 10211 1010734
4955 10211 1014036
1220 10211 1027001
1220 10211 1027619
1220 10211 1034767
6484 10211 1039298
4113 10743 1053480
5313 10927 1059170
1220 10211 1063271
1220 10211 1066265
535 10877 1076293
5682 10743 1082186
5682 10211 1085133
4113 10743 1088910
8456 10211 1096872
4533 10211 1098236
1220 10211 1107533
9296 10211 1108832
1273 10211 1115654
4955 10211 1120419
6176 10211 1121267
49 10221 1121268
49 10221 1124263
7704 10501 1126868
8871 10211 1128751
8871 10211 1131268
4113 10743 1138395
1220 10211 1153347
1220 10211 1158815
1220 10211 1160173
8456 10211 1163544
5682 10743 1172094
1220 10211 1172738
1220 10211 1173394
1220 10211 1173998
4577 10211 1183969
4113 10743 1184653
1220 10211 1185697
1220 10211 1197733
1220 10211 1198458
1220 10211 1199681
1220 10211 1200753
1220 10211 1204594
6408 10211 1219095
1735 10211 1240777
4113 10743 1241651
4724 10674 1251078
8456 10211 1252801
8456 10211 1253400
8456 10211 1254000
1735 10211 1259354
4577 10211 1262896
1220 10211 1265896
4577 10211 1266318
1220 10211 1266546
1220 10211 1283778
1220 10211 1284394
8158 10918 1288762
4955 10211 1294580
4113 10743 1318443
1735 10211 1323543
6497 10877 1330523
6497 10211 1333178
5313 10918 1337243
1735 10211 1339719
5682 10743 1344028
6484 10211 1347968
4059 10211 1357964
4955 10211 1372921
3277 10211 1377330
4113 10743 1393745
3277 10501 1395781
1220 10211 1416475
8349 10211 1418588
1735 10211 1421331
4113 10743 1425902
4113 10743 1437694
8456 10211 1442220
4955 10211 1444580
4955 10211 1445533
19 10014 1462058
4955 10211 1474720
4113 10743 1484946
1220 10211 1508584
1220 10211 1509201
1735 10211 1509387
1220 10211 1509865
1220 10211 1510471
1220 10211 1516757
8456 10211 1521878
49 10211 1527325
8456 10211 1528121
8545 10014 1528814
8456 10211 1529104
19 10014 1530481
1220 10211 1532947
1220 10211 1533802
1220 10211 1534550
1220 10211 1535490
1220 10211 1538711
1220 10211 1539378
4955 10211 1543249
4955 10211 1543746
4684 10932 1546668
19 10014 1548167
19 10014 1548279
19 10014 1558322
4113 10743 1568294
1220 10211 1580442
1220 10211 1581079
1220 10211 1585348
4113 10743 1601600
1220 10211 1607087
1220 10211 1607825
1220 10211 1614830
1220 10211 1615588
8456 10211 1616344
4955 10211 1619082
4955 10211 1620739
1220 10211 1625611
1220 10211 1626371
19 10014 1632188
19 10014 1632394
4113 10743 1657705
4113 10743 1659193
1904 10014 1665192
5682 10743 1676960
6350 10211 1684056
8456 10211 1694525
5013 10221 1700796
19 10014 1702589
1220 10211 1704096
1220 10211 1707082
19 10014 1707962
1220 10211 1707979
4955 10211 1708412
1220 10211 1718626
1220 10211 1719377
1220 10211 1719995
3277 10211 1722122
19 10014 1733161
4113 10743 1749182
1220 10211 1753009
1220 10211 1763017
1735 10211 1768887
1220 10211 1773129
1220 10211 1781462
1220 10211 1782081
1220 10211 1787478
4113 10743 1792203
1220 10211 1802961
19 10014 1803329
1220 10211 1803559
4955 10211 1829462
6497 10211 1832808
4113 10743 1837850
4113 10743 1857614
1220 10211 1867920
1220 10211 1869567
1220 10211 1873254
1220 10211 1873927
9844 10211 1879810
19 10014 1884569
19 10014 1884911
9866 10014 1893280
19 10014 1916066
4113 10743 1916709
1735 10211 1926095
1735 10211 1943187
4113 10743 1947021
5682 10743 1948436
19 10014 1958450
19 10014 1959583
9866 10014 1961985
9866 10014 1966853
19 10014 1971980
19 10014 1977048
4955 10211 1978660
4955 10211 1978919
4113 10743 2003466
1220 10211 2016461
1220 10211 2024076
1220 10211 2024691
1220 10211 2025378
19 10014 2045655
1220 10211 2051359
1220 10211 2062335
1220 10211 2064207
4955 10211 2085918
4955 10211 2085985
4955 10211 2086140
4955 10211 2086241
4955 10211 2086263
4955 10211 2086298
4113 10743 2093707
1220 10211 2099721
1220 10211 2100393
1220 10211 2101070
5248 10211 2112751
5682 10743 2118768
1220 10211 2128546
1220 10211 2129196
1220 10211 2129803
1220 10211 2130451
4113 10743 2142049
4955 10211 2149285
1131 10211 2160516
4113 10743 2164848
4955 10211 2166715
4113 10743 2181652
1220 10211 2186482
1220 10211 2187187
1735 10211 2197211
1220 10211 2205934
1220 10211 2206641
1220 10211 2207765
4113 10743 2211032
9806 10211 2215306
1220 10211 2220070
4948 10877 2220750
1220 10211 2220788
1220 10211 2235723
4113 10743 2261710
1220 10211 2274738
1220 10211 2275388
1220 10211 2276000
1220 10211 2276597
1220 10211 2277197
1220 10211 2285918
1220 10211 2287370
1220 10211 2287981
1735 10211 2301130
4577 10211 2315821
1220 10211 2319727
1220 10211 2320990
1220 10211 2321668
1530 10918 2330353
4955 10211 2337169
8871 10211 2341856
5248 10211 2344670
8545 10014 2345206
8545 10014 2346000
5248 10211 2355282
4113 10743 2355665
4113 10743 2379718
1220 10211 2380910
1220 10211 2381425
1220 10211 2381675
1220 10211 2383113
1220 10211 2385648
1220 10211 2410514
4113 10743 2416597
1735 10211 2439780
1735 10211 2441590
4113 10743 2445063
4955 10211 2486076
4577 10211 2495847
4577 10211 2497031
1220 10211 2503705
4955 10211 2512928
4113 10743 2519770
4113 10743 2551583
19 10014 2567177
19 10014 2567687
1220 10211 2574854
1220 10211 2577440
4724 10674 2577703
4955 10211 2578757
5248 10211 2604083
4113 10743 2604964
5248 10211 2611228
1904 10569 2611524
1904 10569 2611629
1904 10569 2615151
5248 10211 2621337
1220 10211 2621479
1735 10211 2625348
4113 10743 2638278
5682 10743 2640277
5904 10211 2645524
7125 10211 2652865
7125 10211 2656317
4955 10211 2674579
