3085 10405 48847
1413 10242 66480
1413 10242 67782
1413 10242 70008
1413 10242 75592
3085 10405 76641
4190 10451 89081
4190 10451 89175
3085 10405 93601
3085 10405 106695
5329 10459 109390
4463 10459 135275
5515 10865 140244
2184 10405 145981
3284 10799 148585
2184 10405 154014
3085 10405 167057
3085 10405 168493
3085 10405 179034
3085 10405 208073
5740 10405 219364
5740 10405 219399
3085 10405 248735
3014 10405 259460
3085 10405 262789
2184 10405 330572
2184 10405 330614
3085 10405 339451
3085 10405 342407
8022 10459 354857
2997 10459 392646
5515 10865 394023
1777 10727 396938
3085 10405 426613
5722 10459 436360
3014 10405 444208
1777 10727 449189
3085 10405 479595
8553 10865 529499
8553 10865 530098
8553 10865 548781
8553 10865 555557
8553 10865 559159
8553 10865 559240
8553 10865 559302
8553 10865 559512
8553 10865 560261
8553 10865 560498
8553 10865 560580
8553 10865 560807
8553 10865 560889
8553 10865 560997
8553 10865 561102
8553 10865 561155
8553 10865 561261
8553 10865 561323
8553 10865 561386
8553 10865 561474
8553 10865 561563
8553 10865 561658
8553 10865 561700
8553 10865 561756
8553 10865 561892
3085 10405 596132
8553 10865 600292
8553 10865 601770
8553 10865 601895
8553 10865 601946
8553 10865 602084
8553 10865 602189
8553 10865 602251
8553 10865 602330
8553 10865 602412
8553 10865 602469
8553 10865 602543
8553 10865 602643
8553 10865 602720
8553 10865 602825
8553 10865 602869
8553 10865 602955
8553 10865 603017
5261 10865 611859
8553 10865 630757
8553 10865 630814
8553 10865 630890
8553 10865 630962
8553 10865 631091
8553 10865 631166
8553 10865 631257
8553 10865 631368
8553 10865 631492
8553 10865 631545
8553 10865 631588
8553 10865 631695
8553 10865 631774
8553 10865 631811
8553 10865 631860
8553 10865 631997
8553 10865 632127
8553 10865 632240
8553 10865 632326
8553 10865 632368
8553 10865 632464
8553 10865 632593
8553 10865 632693
8553 10865 632774
8553 10865 632916
8553 10865 632970
8553 10865 633042
8553 10865 633095
8553 10865 633167
8553 10865 633291
8553 10865 633758
8022 10459 652969
3690 10799 655334
5515 10865 656765
8022 10459 659252
8022 10459 685398
3085 10405 692116
8022 10459 694605
8022 10459 733473
5515 10865 736648
8022 10459 756560
8022 10459 761977
3085 10405 773000
5793 10047 774718
9005 10459 779102
714 10459 782005
8022 10459 785343
8022 10459 818967
2997 10459 833104
3284 10799 840543
3085 10405 844941
3014 10405 854293
8022 10459 857233
7452 10047 860040
8022 10459 871384
3085 10405 898917
8022 10459 904712
7866 10405 921867
8022 10459 938143
8022 10459 938936
8022 10459 945654
9018 10459 953454
2997 10459 1015640
8022 10459 1026531
5722 10459 1075528
3284 10799 1099477
8022 10459 1112568
8022 10459 1127207
6710 10242 1131351
8022 10459 1140886
8022 10459 1162705
8022 10459 1168326
3014 10405 1174402
8022 10459 1175993
3014 10405 1182072
8022 10459 1186481
3085 10405 1191722
8022 10459 1193972
3085 10405 1196754
1776 10242 1200110
2974 10047 1204588
8022 10459 1205038
3085 10405 1205741
8022 10459 1214234
410 10459 1248877
8022 10459 1254529
8022 10459 1264602
8022 10459 1276643
8022 10459 1284020
3085 10405 1288153
8022 10459 1289172
2437 10799 1292737
8022 10459 1295287
8022 10459 1316269
5329 10459 1331868
5329 10459 1332324
8378 10459 1332334
5329 10459 1332954
8378 10459 1334584
8022 10459 1337426
5722 10459 1338858
5722 10459 1346874
4494 10242 1350080
5722 10459 1351021
1666 10459 1366744
1777 10727 1367483
8022 10459 1370340
3014 10405 1374715
3085 10405 1376314
8022 10459 1378567
8022 10459 1387721
3085 10405 1391354
3085 10405 1419946
3085 10405 1458953
8022 10459 1459974
3085 10405 1461520
3085 10405 1462725
5722 10459 1467283
1777 10727 1470218
3085 10405 1475528
3085 10405 1480653
9673 10405 1490824
3085 10405 1492171
655 10459 1508221
2437 10799 1519239
1252 10459 1526304
8022 10459 1545580
3085 10405 1550564
5810 10451 1554489
5810 10451 1555094
3085 10405 1565493
3085 10405 1579816
6318 10242 1586337
9673 10727 1589801
8022 10459 1632587
1252 10799 1652552
2437 10799 1658075
8022 10459 1714649
5722 10459 1724460
3085 10405 1727752
4617 10459 1752260
2974 10965 1771811
8022 10459 1775340
8022 10459 1779353
3284 10799 1786156
8022 10459 1791914
8022 10459 1795001
8022 10459 1804924
3085 10405 1810715
8022 10459 1815090
8022 10459 1839472
3085 10405 1839911
8022 10459 1842955
3014 10405 1857520
8022 10459 1857891
8022 10459 1862269
8022 10459 1864706
3085 10405 1894683
5740 10405 1897539
5740 10405 1897735
655 10459 1949476
2974 10965 1963751
9520 10047 1991230
5381 10591 2018354
3085 10405 2021160
5722 10459 2027010
3014 10405 2035161
5722 10459 2045004
3014 10405 2045282
1777 10727 2097630
4463 10459 2128560
3284 10799 2133359
3014 10405 2157159
5740 10405 2205698
5515 10865 2208332
5515 10865 2208424
5241 10242 2208447
575 10727 2242366
3085 10405 2266752
5231 10242 2308793
3014 10405 2324091
3085 10405 2340618
8449 10242 2352965
6551 10459 2364031
3085 10405 2367848
5329 10459 2397877
3085 10405 2451973
1666 10459 2503767
3085 10405 2553470
3014 10405 2601443
3396 10047 2659008
