4579 10116 133779
5867 10567 137069
4850 10116 189492
4579 10116 222613
5867 10567 227338
4850 10116 234789
4579 10116 264737
4850 10116 276606
4850 10116 276885
7746 10309 305752
5867 10567 316017
1568 10384 328313
4276 10904 336888
88 10116 346190
1568 10116 396744
4619 10630 399551
5867 10567 400897
5979 10948 401166
4436 10281 403258
4579 10116 440494
5867 10567 488449
4528 10281 506681
6726 10173 520226
6726 10173 521722
5867 10567 571532
5867 10567 571692
4579 10116 577768
2447 10440 584834
4528 10281 597562
4619 10630 612519
2758 10281 614578
5867 10567 659379
4528 10281 784774
8356 10364 787467
3134 10309 821071
6050 10709 830793
5867 10567 833043
4436 10281 845943
8356 10364 884741
2416 10281 902220
2447 10790 944257
4877 10709 957805
4619 10630 973297
5867 10567 1004802
3529 10116 1020425
3397 10309 1032697
3397 10309 1036798
3397 10309 1038469
4619 10630 1056642
4619 10630 1060745
4528 10281 1062166
5979 10630 1080588
4811 10384 1101777
4619 10630 1126169
8356 10364 1136992
4886 10474 1174289
4528 10281 1182349
3133 10116 1191122
4886 10474 1205126
8356 10364 1233973
4516 10440 1255135
8354 10281 1264407
6726 10173 1265305
9014 10790 1269135
3397 10309 1271237
4619 10630 1276068
4528 10281 1276143
4528 10281 1278329
9014 10790 1301676
236 10843 1312003
4528 10281 1393309
3397 10309 1431236
4528 10281 1497800
8356 10364 1523406
4276 10474 1575978
4528 10281 1629136
8356 10364 1642142
4528 10281 1646110
4528 10281 1652597
4528 10281 1740978
4528 10281 1741073
4528 10281 1744460
4528 10281 1806238
4528 10281 1814933
8356 10364 1830869
2392 10790 1852578
8356 10364 1919344
4162 10384 1964757
6463 10281 2008056
8356 10364 2038916
5921 10790 2066333
3397 10309 2077330
5921 10790 2122962
4162 10384 2132702
8356 10364 2155880
4528 10281 2179760
4850 10116 2210925
8606 10440 2217619
3397 10309 2238525
4528 10281 2255400
236 10842 2317527
9929 10474 2334026
4619 10630 2352958
4619 10630 2353304
5867 10567 2473975
3558 10630 2475514
4528 10281 2501475
2758 10281 2556018
2758 10281 2558980
5867 10567 2559699
9999 10364 2594547
3452 10634 2641922
4727 10904 2654086
