1588 10008 19726
292 10008 32050
3533 10449 56350
3533 10449 57690
3533 10449 71894
4501 10449 75435
4722 10449 82961
1598 10449 135514
3533 10449 136557
5936 10449 139359
5936 10449 139425
5990 10449 141152
5990 10449 146423
3533 10449 156883
3533 10449 162177
5936 10449 164279
3602 10449 166052
3426 10449 220001
5990 10449 220671
5990 10449 223912
5936 10449 224816
3502 10449 235449
3533 10449 271614
6887 10008 273144
3426 10449 273650
2911 10449 290766
3533 10449 305414
5990 10449 313469
5990 10449 317509
3533 10449 323361
11 10349 332793
3475 10934 336696
292 10008 351342
1356 10449 396525
3602 10449 401363
3602 10449 402330
5936 10449 406056
5990 10449 406796
3602 10449 429196
5990 10449 481902
5936 10449 484882
5990 10449 485351
6887 10008 489699
5990 10449 489941
3667 10449 516968
3667 10449 532949
3920 10449 533046
3920 10449 535241
3667 10449 535647
292 10008 537676
6887 10008 552314
3533 10449 562969
3533 10449 563495
3667 10449 580690
3602 10449 580726
3602 10449 582748
3667 10449 600301
6887 10008 616172
7914 10449 634527
3602 10449 670714
1518 10934 701685
292 10008 718225
3533 10449 737048
6767 10008 740408
6767 10008 741668
5990 10449 744445
5990 10449 751343
5990 10449 757002
5990 10449 760099
3667 10449 763646
3602 10449 786011
5990 10449 822702
5990 10449 829645
5936 10449 830610
5990 10449 833669
1465 10349 847786
3667 10449 847984
3533 10449 854161
3533 10449 855946
5990 10449 905956
3533 10449 919293
3533 10449 926506
5936 10449 928168
5990 10449 931241
3667 10449 941973
5936 10449 942399
3602 10449 962047
634 10449 965443
292 10008 971596
7810 10449 997700
5990 10449 999260
5990 10449 1001058
5936 10449 1003630
5936 10449 1003694
5936 10449 1025809
292 10008 1034879
292 10008 1046906
3533 10449 1081419
3533 10449 1086685
11 10349 1093361
3533 10449 1094111
5990 10449 1094513
5990 10449 1099147
5990 10449 1099856
5936 10449 1119681
292 10008 1137365
3533 10449 1168482
292 10008 1188382
292 10008 1199778
292 10008 1270895
634 10449 1282696
2487 10805 1316346
3533 10449 1348333
5936 10449 1381299
1577 10515 1401708
3533 10449 1432453
5990 10449 1434230
5990 10449 1436459
634 10449 1448160
3602 10449 1448457
3602 10449 1467714
1868 10449 1516629
5990 10449 1520718
5990 10449 1521316
3602 10449 1538203
634 10449 1550584
634 10449 1560901
634 10449 1573614
292 10008 1574447
634 10449 1583178
634 10449 1583327
3602 10449 1606369
4202 10349 1622826
5936 10449 1638270
2487 10349 1679135
8555 10515 1683746
3533 10449 1684875
3533 10449 1695407
5936 10449 1705544
5936 10449 1706306
8555 10515 1725078
8555 10515 1725125
292 10008 1750216
4202 10449 1760295
1438 10449 1765905
292 10008 1812325
292 10008 1821905
292 10008 1827222
6932 10449 1838066
4225 10449 1861518
3475 10449 1884398
8679 10008 1912280
5936 10449 1953853
3165 10449 1965146
3165 10449 1965984
8679 10008 1969082
11 10349 1969270
5936 10449 1974172
3533 10449 1990327
4964 10449 1999961
5990 10449 2035861
5936 10449 2040249
5936 10449 2040314
4722 10449 2043295
5990 10449 2044305
8500 10008 2068468
1868 10449 2076194
634 10449 2079122
8555 10515 2080710
634 10449 2088429
4722 10449 2121700
5990 10449 2125812
2734 10449 2149603
3602 10449 2160576
3602 10449 2161674
3602 10449 2161732
3602 10449 2161785
2734 10449 2178647
1868 10449 2205244
5990 10449 2213037
5936 10449 2223340
634 10449 2232851
5843 10449 2237217
5936 10449 2238392
336 10008 2246217
2487 10349 2252419
1356 10449 2301835
5990 10449 2302008
5990 10449 2307998
5990 10449 2309938
5480 10449 2313648
7608 10449 2328925
1868 10449 2351874
8555 10515 2362125
3533 10449 2381441
3533 10449 2392762
4202 10449 2428934
3602 10449 2474110
3602 10449 2476313
7608 10449 2483514
7608 10449 2484143
5480 10449 2486857
5990 10449 2553203
5990 10449 2560326
3533 10449 2576009
9941 10449 2577037
9941 10449 2577903
3533 10449 2597403
6818 10449 2607078
3602 10449 2647877
5990 10449 2648107
3602 10449 2651022
5936 10449 2651603
5990 10449 2653922
8781 10449 2657851
4202 10449 2659822
