207 10117 1250
207 10117 31189
1823 10587 37084
207 10117 42264
207 10117 143390
2627 10603 153927
2091 10174 156266
2091 10174 158148
2091 10174 158769
2091 10174 160319
2091 10174 163088
207 10117 230494
2091 10174 233041
2091 10174 233341
2091 10174 233386
2091 10174 233477
2091 10174 233541
2091 10174 233589
207 10117 235605
207 10117 327001
4323 10017 334809
1366 10174 389123
8104 10174 390333
8104 10174 390407
2091 10174 391887
2091 10174 392053
2091 10174 392455
2091 10174 392485
2091 10174 392508
2091 10174 392527
8124 10174 403980
3787 10174 404095
3787 10174 404173
207 10117 404504
8124 10174 478656
207 10117 484024
8124 10296 490146
7243 10914 495247
207 10117 546996
7243 10914 570303
3787 10174 581087
3787 10174 581266
207 10117 601385
207 10117 645918
2627 10603 681347
1030 10174 711104
207 10117 717864
1366 10296 736120
3787 10174 801358
207 10117 807959
7349 10174 828920
7349 10174 829688
2906 10841 831304
1030 10323 850083
207 10117 924071
8097 10017 997056
207 10117 1013780
8382 10017 1074596
8337 10296 1414692
288 10174 1451832
4802 10603 1534824
8097 10017 1617802
8097 10017 1662321
9757 10587 1698879
4802 10603 1713097
6343 10174 1755270
207 10117 1756133
7243 10914 1769901
8104 10174 1804011
9757 10017 1807425
1366 10174 1825276
6343 10174 1833188
6343 10174 1886756
9757 10017 1903224
8337 10296 1920750
8097 10017 1923133
9741 10174 2056314
9741 10174 2057114
1366 10174 2071736
1109 10174 2092861
6343 10174 2099621
6261 10754 2109552
6261 10754 2110889
3787 10174 2121158
4321 10174 2123369
3787 10174 2125404
6261 10754 2130862
4676 10841 2138710
4676 10841 2138780
207 10117 2146767
6343 10174 2167053
1366 10174 2255373
207 10117 2255686
8235 10887 2261184
3800 10323 2286633
8382 10296 2309198
207 10117 2320213
4676 10017 2357511
8104 10174 2378665
4321 10174 2470093
4081 10914 2482326
4312 10174 2501716
1366 10680 2548698
8794 10174 2593547
6261 10754 2631476
6261 10754 2635419
6261 10754 2651091
8097 10017 2652664
6777 10841 2653187
207 10117 2673408
