1748 10509 21749
1845 10509 23479
2105 10491 29010
1845 10509 31032
1065 10509 34545
2930 10509 46458
1845 10509 60702
1845 10509 60890
4343 10759 71707
1845 10509 74424
4704 10509 84141
4773 10509 84708
4704 10509 85102
1845 10509 116158
5598 10509 127699
2930 10509 129814
1845 10509 131050
6023 10509 142059
6023 10509 142079
6023 10509 142106
6023 10509 142130
6023 10509 142151
6074 10509 144083
1845 10509 150701
1845 10509 151851
4773 10509 164005
4704 10509 172944
4773 10509 174574
1065 10509 182149
1845 10509 193520
4704 10509 197138
4704 10509 202878
1845 10509 204829
6023 10509 218614
6023 10509 218754
6023 10509 218790
7156 10707 222095
7156 10707 222714
7156 10707 222825
7156 10707 229498
2930 10509 229619
7156 10707 232451
4773 10509 236227
4773 10509 236447
1845 10509 238532
6023 10509 238936
2930 10509 250142
2930 10509 252255
5034 10509 259201
4773 10509 272047
1845 10509 287658
1845 10509 292071
4773 10509 300210
1845 10509 302821
1845 10509 303073
2189 10509 311159
5034 10509 317058
1845 10509 323735
2736 10708 330894
4704 10509 331620
6607 10509 333515
4704 10509 338883
1845 10509 343834
1065 10509 345963
4704 10509 351083
4773 10509 356074
5598 10509 371752
1845 10509 374746
1845 10509 382522
1845 10509 386138
4773 10509 399802
6023 10509 401892
6023 10509 401922
6023 10509 401984
7156 10707 403700
7156 10707 404093
2189 10509 404210
1845 10509 404782
7156 10707 405077
6527 10707 406044
1845 10509 407495
1845 10509 413504
4704 10509 419628
4704 10509 421041
4704 10509 421499
1845 10509 425901
4704 10509 428146
4773 10509 430376
4704 10509 437063
4704 10509 437467
4704 10509 438125
4704 10509 438174
1065 10509 440848
5034 10509 441733
5598 10509 456460
1845 10509 458272
1845 10509 463604
1845 10509 477539
6023 10509 493865
2930 10509 494616
7156 10707 495050
7156 10707 495168
7156 10707 495270
7156 10707 495775
7156 10707 495868
7156 10707 496242
7156 10707 496808
7156 10707 499077
7156 10707 499644
7156 10707 499864
7156 10707 500023
6023 10509 500371
6023 10509 500413
6023 10509 500522
6023 10509 500769
2930 10509 501395
7156 10707 502775
7156 10707 503074
7156 10707 503402
7156 10707 503864
1845 10509 503935
1845 10509 510032
4704 10509 513399
4704 10509 517056
4773 10509 518187
4704 10509 519828
4773 10509 520646
4773 10509 522406
6023 10509 525810
6607 10509 526634
4773 10509 533190
4704 10509 539148
1845 10509 541731
1065 10509 542538
5598 10509 546317
1845 10509 547294
1845 10509 570815
1845 10509 572529
4773 10509 584017
4704 10509 585446
1845 10509 590090
1845 10509 590707
4773 10509 593729
4773 10509 593863
1492 10707 596953
6023 10509 599546
1845 10509 628697
1845 10509 638809
8783 10509 650205
1845 10509 659780
4773 10509 660536
4773 10509 661503
4773 10509 664728
4773 10509 664939
4704 10509 675263
2105 10491 676827
1845 10509 684576
2105 10491 712641
1845 10509 718330
1845 10509 723087
5598 10509 724575
1845 10509 727995
8486 10759 731672
4773 10509 740724
8486 10759 740929
4704 10509 755478
3758 10363 758391
1845 10509 769575
3758 10363 779794
4704 10509 781601
4704 10509 781701
1065 10509 798569
1845 10509 803892
4704 10509 806482
1845 10509 809562
5598 10509 819326
2930 10509 820758
1845 10509 822357
6023 10509 824693
6023 10509 824728
6023 10509 824748
6023 10509 824846
5598 10509 824900
6023 10509 826497
6023 10509 826534
8783 10509 827930
1845 10509 828374
8783 10509 835653
1492 10491 842881
2105 10491 844798
4265 10759 849922
1845 10509 850505
1492 10575 863731
4704 10509 876282
1065 10509 886702
1845 10509 887600
1845 10509 895593
8486 10759 899348
8031 10509 902356
1845 10509 902570
4773 10509 906167
8486 10759 909806
2105 10491 910757
5598 10509 911309
1845 10509 912812
1845 10509 927965
2930 10509 940967
4773 10509 952378
3959 10509 953003
5034 10509 976162
2189 10509 984881
5034 10509 987080
1845 10509 1004566
1065 10509 1012130
1492 10575 1021130
4704 10509 1026962
4773 10509 1027008
4704 10509 1028592
4704 10509 1032154
1065 10509 1035905
4704 10509 1041059
4773 10509 1041065
4704 10509 1062928
4704 10509 1063217
1845 10509 1068689
5598 10509 1070565
1845 10509 1090203
4773 10509 1096273
4704 10509 1113912
1492 10491 1114303
1492 10575 1114815
1492 10575 1118610
4773 10509 1121262
4704 10509 1127275
8712 10235 1130004
4704 10509 1134650
4704 10509 1134748
4704 10509 1136321
1845 10509 1152968
2189 10509 1158311
1492 10575 1160098
1492 10575 1160567
8783 10509 1171382
7156 10707 1178596
7156 10707 1178724
7156 10707 1178839
7156 10707 1178906
2930 10509 1178943
7156 10707 1179020
7156 10707 1179096
7156 10707 1179595
7156 10707 1179793
1845 10509 1180393
4704 10509 1188804
3375 10708 1193315
7156 10707 1204190
1492 10491 1204728
7156 10707 1205546
7156 10707 1206446
7156 10707 1208002
7156 10707 1208758
7156 10707 1210088
7156 10707 1211433
7156 10707 1213280
7156 10707 1214888
7156 10707 1217551
4704 10509 1220467
1492 10491 1221002
7156 10707 1223843
7156 10707 1224013
7156 10707 1226771
4343 10759 1232958
1845 10509 1237404
2105 10491 1250821
2930 10509 1270823
1492 10363 1272064
1845 10509 1278676
1748 10509 1286012
1461 10363 1302351
7983 10284 1313940
1845 10509 1328967
540 10884 1350913
6607 10509 1351552
1845 10509 1370382
1560 10235 1388656
8783 10509 1394287
4773 10509 1395708
4773 10509 1396286
7983 10284 1401742
1845 10509 1410578
2930 10509 1412093
5034 10509 1420608
6607 10509 1426555
6607 10509 1427457
1845 10509 1430199
6023 10509 1430951
6023 10509 1430981
6023 10509 1431002
6023 10509 1431058
6023 10509 1431112
6023 10509 1431197
1845 10509 1439032
4773 10509 1445143
3758 10363 1447067
2930 10509 1453785
6023 10509 1456051
2930 10509 1456536
4704 10509 1461094
7156 10707 1461183
7156 10707 1461403
7156 10707 1461457
7156 10707 1461497
7156 10707 1462361
7156 10707 1462493
7156 10707 1462709
7156 10707 1462756
7156 10707 1462808
7156 10707 1464371
7156 10707 1465304
3758 10363 1475092
4773 10509 1479971
2105 10491 1495424
2189 10509 1508068
2189 10509 1513752
6023 10509 1514290
6023 10509 1514313
6023 10509 1514335
6023 10509 1514415
6023 10509 1514462
6023 10509 1514666
4773 10509 1516616
2189 10509 1517004
1845 10509 1517898
1845 10509 1530966
4704 10509 1539942
4773 10509 1541598
6527 10707 1543065
7156 10707 1548481
7156 10707 1548524
7156 10707 1548720
7156 10707 1548757
1845 10509 1551798
7156 10707 1552651
1845 10509 1553717
1065 10509 1565245
2105 10491 1582048
1845 10509 1588716
5598 10509 1603487
6023 10509 1605135
6023 10509 1605167
6023 10509 1605301
6023 10509 1605331
6023 10509 1605361
6023 10509 1605385
1845 10509 1608295
2930 10509 1614035
2930 10509 1627762
4773 10509 1629329
5034 10509 1631049
2930 10509 1631575
5034 10509 1634337
1845 10509 1634851
7156 10707 1667045
7156 10707 1667194
7156 10707 1667508
7156 10707 1670873
7156 10707 1672115
1845 10509 1676354
5598 10509 1680774
1845 10509 1684189
6023 10509 1685565
6023 10509 1685590
6023 10509 1685654
6023 10509 1685676
8783 10509 1692868
2105 10491 1711256
2930 10509 1718616
1845 10509 1721388
7156 10707 1725303
4773 10509 1736000
1845 10509 1765239
5598 10509 1765810
7156 10707 1786920
7156 10707 1787649
7156 10707 1788040
7156 10707 1789345
7156 10707 1789841
7156 10707 1792154
4704 10509 1792608
1845 10509 1793791
7156 10707 1798641
2930 10509 1802576
4773 10509 1804013
4773 10509 1804764
1845 10509 1805578
1065 10509 1806456
2930 10509 1817367
8783 10509 1820731
7156 10707 1821095
7156 10707 1844878
1845 10509 1857555
500 10925 1867600
7156 10707 1867963
7156 10707 1870360
7156 10707 1871026
7156 10707 1871520
2930 10509 1871941
1845 10509 1881143
7156 10707 1894499
7156 10707 1896180
7156 10707 1905122
7156 10707 1905258
7156 10707 1905296
7156 10707 1905342
7156 10707 1905374
7156 10707 1905568
7156 10707 1905941
7156 10707 1907482
2930 10509 1908644
7156 10707 1945666
6023 10509 1953705
6023 10509 1953756
6023 10509 1953779
6023 10509 1959056
3649 10509 1968780
1845 10509 1972866
4773 10509 1977380
6607 10509 1978516
7908 10235 1982720
4773 10509 1984969
6607 10509 1989128
6607 10509 1992191
2937 10235 2003330
4704 10509 2014892
1845 10509 2017365
1845 10509 2027854
5598 10509 2031160
4773 10509 2039028
4773 10509 2043659
6023 10509 2043691
6023 10509 2043981
6023 10509 2043996
6023 10509 2044043
6023 10509 2044066
2189 10509 2046039
4773 10509 2046399
7156 10707 2047812
8783 10509 2051058
8783 10509 2052476
7156 10707 2052537
6023 10509 2055077
4773 10509 2055362
4773 10509 2055640
3758 10363 2059932
2105 10491 2064710
2930 10509 2066606
4704 10509 2067023
7557 10509 2073633
3758 10363 2074215
1065 10509 2075685
4773 10509 2078835
7557 10509 2082259
4704 10509 2085830
1845 10509 2097555
2105 10491 2098909
1748 10509 2106155
3959 10509 2108094
5598 10509 2116248
2930 10509 2138952
6607 10509 2140563
6607 10509 2140699
6607 10509 2140746
1845 10509 2142167
2937 10235 2143613
4773 10509 2145774
4773 10509 2153929
4704 10509 2167082
1845 10509 2188948
5598 10509 2201744
4208 10707 2209336
6023 10509 2214326
7156 10707 2216259
7156 10707 2216644
7156 10707 2218614
7156 10707 2220492
7156 10707 2220648
7156 10707 2221499
7156 10707 2221857
2930 10509 2222303
2930 10509 2225660
7156 10707 2225874
1845 10509 2226627
2930 10509 2233626
4773 10509 2237215
4773 10509 2242359
4704 10509 2244573
2930 10509 2245358
5034 10509 2246586
2930 10509 2251587
4704 10509 2256104
4704 10509 2256583
4704 10509 2259779
4704 10509 2264459
4704 10509 2267470
1845 10509 2281921
1845 10509 2293660
2105 10491 2295166
1845 10509 2307470
4704 10509 2314726
2930 10509 2316086
4704 10509 2316662
4704 10509 2319272
4773 10509 2319840
1845 10509 2323863
2930 10509 2324467
2930 10509 2328460
2930 10509 2333449
4704 10509 2334639
7156 10707 2337509
7156 10707 2337696
7156 10707 2338199
2930 10509 2338415
4704 10509 2340537
4704 10509 2347090
4704 10509 2347298
5034 10509 2348728
1845 10509 2356222
8486 10759 2374552
1845 10509 2375298
6607 10509 2377649
6607 10509 2379467
6607 10509 2379539
6607 10509 2381692
1845 10509 2392097
4773 10509 2395701
2105 10491 2399109
2930 10509 2404472
1845 10509 2406096
2930 10509 2417128
2930 10509 2424867
6607 10509 2432382
1845 10509 2460348
8783 10509 2468267
1845 10509 2486483
3758 10363 2488545
7156 10707 2489412
7156 10707 2489464
7156 10707 2489611
7156 10707 2491001
7156 10707 2491098
2105 10491 2491584
7156 10707 2492810
7156 10707 2494880
7156 10707 2495896
7156 10707 2501067
7156 10707 2502762
7156 10707 2505181
2930 10509 2506513
7156 10707 2510861
5034 10509 2513435
6607 10509 2514536
3758 10363 2514910
7156 10707 2516714
8783 10509 2529064
2105 10491 2533686
1845 10509 2543069
6023 10509 2552341
5598 10509 2552825
1326 10708 2560683
7156 10707 2561560
6607 10509 2562188
6607 10509 2566761
1492 10491 2567727
1845 10509 2574499
7156 10707 2575620
2930 10509 2577701
2930 10509 2579888
4773 10509 2602806
2930 10509 2609214
1845 10509 2626195
5598 10509 2630535
4343 10759 2637976
6023 10509 2638817
4773 10509 2639553
4773 10509 2639772
6023 10509 2643555
2930 10509 2652583
2930 10509 2652621
666 10759 2660668
4773 10509 2661506
816 10235 2664020
1845 10509 2670566
6607 10509 2672742
