889 10032 7930
984 10190 9176
889 10032 10306
984 10190 12541
889 10032 15956
1694 10032 20498
1694 10032 20525
1694 10032 20572
2941 10032 46605
2941 10032 47206
2943 10032 48080
24 10032 48530
3127 10032 49587
3349 10190 53245
3512 10032 56058
2317 10032 57223
3512 10032 57429
3512 10032 57693
2317 10032 57857
3512 10032 58027
3512 10032 58357
2317 10032 58484
3512 10032 59015
2317 10032 59088
2943 10032 59584
2317 10032 59722
2943 10032 61682
2317 10032 62144
2943 10032 62392
2943 10032 63116
984 10190 67284
3512 10032 68075
984 10190 70649
3512 10032 72639
2943 10032 75075
1694 10032 87743
5035 10032 94283
1694 10032 94691
1694 10032 94708
1694 10032 97215
5035 10032 110576
1694 10032 110660
1694 10032 110791
1694 10032 110831
1694 10032 112019
1694 10032 112046
1694 10032 112218
1694 10032 112352
1694 10032 112674
1694 10032 113042
1694 10032 113589
1694 10032 115302
579 10360 119912
703 10032 120932
3349 10190 134017
3512 10032 143755
6105 10032 145328
889 10032 146356
6507 10190 161115
6507 10190 165374
3512 10032 167302
3512 10032 167574
2943 10032 167692
1694 10032 169673
984 10190 182971
6770 10032 183106
1221 10032 188503
6507 10190 194012
579 10360 198503
5035 10032 201777
5035 10032 202380
7060 10032 215012
3512 10032 215735
7093 10032 217735
7093 10032 218334
3512 10032 221175
3512 10032 221507
3512 10032 221675
3512 10032 226258
3512 10032 226858
3512 10032 227530
3349 10190 227751
2943 10032 231489
7093 10032 231715
2943 10032 232126
7308 10032 234898
984 10190 242717
3512 10032 245502
3349 10190 245697
579 10032 254467
6462 10032 259738
3349 10190 269793
3349 10190 272251
1694 10032 279407
1694 10032 279637
1694 10032 279888
984 10190 288481
3349 10190 288981
7093 10032 303509
3512 10032 303515
7093 10032 304445
6105 10032 305216
6105 10032 305288
6105 10032 305395
6105 10032 305441
3512 10032 306441
3512 10032 306615
7093 10032 314507
3512 10032 314851
984 10190 315556
3512 10032 318335
7308 10032 322144
3512 10032 325215
984 10190 328331
3349 10190 331653
2943 10032 331754
7308 10032 332551
3852 10190 334579
3852 10190 334956
984 10190 335011
984 10190 341628
7093 10032 345804
984 10190 347765
984 10190 348786
3349 10190 350977
3852 10190 351356
3512 10032 354913
3349 10190 356065
1694 10032 361065
984 10190 361067
1694 10032 361107
5035 10032 361130
1694 10032 361157
1694 10032 361182
1694 10032 361351
1694 10032 361616
1694 10940 362123
1694 10032 362447
1694 10032 363058
579 10360 375386
3512 10032 388078
6770 10032 388140
3512 10032 388429
3512 10032 390731
3512 10032 391011
3512 10032 391409
7093 10032 392176
6209 10190 392275
8136 10190 392371
3512 10032 392708
8136 10190 393045
8136 10190 393838
8136 10190 393965
8136 10190 394216
8136 10190 394622
8136 10190 394884
6105 10032 395052
6105 10032 395095
6209 10190 395108
8136 10190 395917
8136 10190 396738
3512 10032 397964
1694 10032 400015
1694 10032 403939
1694 10032 404066
8136 10190 404347
6105 10032 408660
8136 10190 410608
8136 10190 412089
7308 10032 412679
2943 10032 414583
3512 10032 416508
984 10190 421967
1694 10032 424392
1694 10032 424462
1694 10032 424491
1694 10032 424569
1694 10032 424617
1694 10032 424656
1694 10032 424913
1694 10032 425566
6209 10190 426044
984 10190 430385
1257 10032 432237
1694 10032 433152
1694 10032 433181
1694 10032 433266
1694 10032 433730
3512 10032 434382
1694 10032 436204
1694 10032 436237
984 10190 437266
984 10190 445566
1694 10032 446477
1694 10032 451864
984 10190 452978
5035 10032 454082
5035 10032 454122
5035 10032 454697
5035 10032 454754
5035 10032 454964
5035 10032 454994
5035 10032 455171
5035 10032 455706
6209 10190 474462
3349 10190 475113
6209 10190 477387
3512 10032 484307
3852 10190 485038
3512 10032 485630
3512 10032 486448
3512 10032 487781
3512 10032 488415
3852 10032 492342
7093 10032 503368
2943 10032 506809
6209 10190 507340
2943 10032 507463
2943 10032 509291
5035 10032 511011
5035 10032 511181
579 10032 517975
579 10032 518286
1694 10032 518643
984 10190 520011
8548 10190 527412
8548 10190 528684
8548 10190 530441
8136 10190 532525
8548 10190 534115
8136 10190 538521
579 10360 538524
8136 10190 538585
8136 10190 539563
8136 10190 540294
709 10190 541421
24 10032 542377
3852 10190 543416
6105 10032 559501
6105 10032 559895
8632 10032 567377
3512 10032 570027
6209 10190 573005
3512 10032 573759
8548 10190 574559
8548 10190 575018
8548 10190 575296
8548 10190 575342
8548 10190 577222
6209 10190 578431
6507 10190 578625
8548 10190 579110
3512 10032 579539
6105 10032 579649
8548 10190 581159
8548 10190 582326
8548 10190 586579
889 10032 587029
3349 10190 591170
6209 10190 591449
3349 10190 591836
3349 10190 592040
2943 10032 595996
984 10190 596063
984 10190 597252
5035 10032 597549
5035 10032 597571
3349 10190 598796
8548 10190 599795
5035 10032 601444
7966 10032 601521
579 10032 602165
7372 10190 608572
5035 10032 611274
7372 10190 612401
8548 10190 617716
8548 10190 625421
984 10190 625808
5035 10032 625934
984 10190 635098
6209 10190 636051
3349 10190 660737
3349 10190 660772
889 10032 665618
889 10032 666516
3852 10190 670055
8632 10032 672702
6209 10190 673397
3512 10032 673911
3512 10032 677380
2212 10032 678468
3512 10032 679929
3512 10032 681064
2212 10032 683784
2212 10032 683811
2212 10032 685513
889 10032 698575
5035 10032 704212
5035 10032 704243
984 10190 705093
8548 10190 706626
7372 10190 706883
5035 10032 708974
889 10032 708977
889 10032 709575
2212 10032 713718
8041 10032 714946
7372 10190 720108
2036 10032 739500
6209 10190 754883
6507 10190 755247
7372 10190 755532
2647 10032 756181
3852 10190 758370
6209 10190 758858
3852 10190 761682
7372 10190 762734
6507 10190 763032
8136 10190 763574
8136 10190 765187
3852 10190 766695
3852 10032 768893
8548 10190 771090
8548 10190 771991
7372 10190 775809
8548 10190 781232
984 10190 782839
984 10190 782952
2212 10032 793423
5035 10032 794067
5035 10032 794092
5035 10032 794186
2212 10032 798414
7308 10032 827879
8632 10032 828547
889 10032 829623
7308 10032 831365
7093 10032 833607
6209 10190 837935
7093 10032 838130
6209 10190 842330
6209 10190 845363
2212 10032 845522
8632 10032 846952
7308 10032 846963
7308 10032 847634
6209 10190 847640
6209 10190 850643
7093 10032 852158
7093 10032 853998
7093 10032 854800
6209 10190 856622
7308 10032 859865
6462 10032 861967
889 10032 862442
984 10190 862638
2943 10032 862657
3852 10032 866685
889 10032 867187
7727 10032 868806
2212 10032 871347
2212 10032 874216
6209 10190 879528
889 10032 882325
579 10032 896213
6105 10032 910075
6770 10032 910091
6770 10032 912159
6209 10190 914213
6209 10190 923572
8041 10032 926395
2212 10032 928819
3512 10032 929195
6462 10032 931064
7093 10032 932431
6507 10190 932868
7308 10032 934139
6209 10190 934986
3349 10190 935380
2212 10032 936522
3642 10032 937465
6462 10032 940628
7372 10190 946495
5035 10032 950254
6770 10032 952877
7308 10032 958302
889 10032 959755
889 10032 959799
889 10032 961189
3349 10190 961733
579 10032 965973
2036 10032 990154
3512 10032 990614
2036 10032 991427
3642 10032 992979
3642 10032 993183
3512 10032 995595
3512 10032 996909
3512 10032 997142
7060 10032 998348
7093 10032 1007169
2941 10032 1011919
1221 10032 1016361
3512 10032 1017927
984 10190 1019237
2212 10032 1019957
8632 10032 1020872
6209 10190 1021392
6462 10032 1022577
8136 10190 1024172
8136 10190 1024788
8136 10190 1027755
8548 10190 1029061
8548 10190 1029170
8136 10190 1029695
8136 10190 1030656
8041 10032 1036379
8548 10190 1040426
6770 10032 1041543
6770 10032 1041636
889 10032 1043890
3349 10190 1044077
3642 10032 1044917
3642 10032 1045048
8136 10190 1050692
8136 10190 1052618
579 10032 1053350
8136 10190 1054277
8136 10190 1061300
1099 10032 1064198
579 10032 1067171
5035 10032 1067227
5035 10032 1067845
7093 10032 1074527
7093 10032 1075383
9367 10032 1076488
3512 10032 1080505
3642 10032 1081252
7093 10032 1085354
3950 10190 1086263
9367 10032 1091272
9367 10032 1093746
6209 10190 1097715
8041 10032 1098294
6507 10190 1098319
6507 10190 1098422
9367 10032 1102947
8041 10032 1104866
5289 10032 1107666
9367 10032 1108925
9367 10032 1109711
3642 10032 1110509
9367 10032 1111171
9367 10032 1111845
9367 10032 1112602
9367 10032 1113461
9367 10032 1114058
9367 10032 1114710
6209 10190 1114904
9367 10032 1115323
9367 10032 1115982
9367 10032 1116592
9367 10032 1117166
9367 10032 1117707
5035 10032 1117756
5035 10032 1117777
5035 10032 1117810
5035 10032 1117861
5035 10032 1117900
5035 10032 1118120
9367 10032 1118250
382 10032 1118499
9367 10032 1118950
9367 10032 1119576
984 10190 1124286
889 10032 1127649
3642 10032 1131815
9367 10032 1138868
9367 10032 1139583
9367 10032 1140106
9367 10032 1140856
9367 10032 1143215
9367 10032 1143728
9367 10032 1144316
9367 10032 1145043
9367 10032 1145550
9367 10032 1146306
24 10032 1146629
9367 10032 1146984
9367 10032 1147869
9367 10032 1148454
9367 10032 1149048
9367 10032 1150237
9367 10032 1150756
9367 10032 1151319
9367 10032 1152724
3712 10032 1153036
9367 10032 1153362
9367 10032 1154115
9367 10032 1155649
9367 10032 1156526
9367 10032 1157121
9407 10032 1157161
9367 10032 1157418
9367 10032 1157965
9367 10032 1158687
6209 10190 1159267
9367 10032 1159345
9367 10032 1159925
9367 10032 1160425
9367 10032 1161227
9367 10032 1161760
6545 10032 1162622
9367 10032 1162676
9367 10032 1163414
9367 10032 1164012
9367 10032 1164574
9367 10032 1165331
9367 10032 1165927
9367 10032 1167719
9407 10032 1169961
9407 10032 1172493
9407 10032 1173525
2036 10032 1173638
9407 10032 1180246
9407 10032 1182892
5289 10032 1185567
3642 10032 1185646
6770 10032 1185707
6770 10032 1185817
3642 10032 1185966
2212 10032 1188564
9407 10032 1192859
7540 10032 1194759
9407 10032 1195011
8632 10032 1197232
8548 10190 1201165
6507 10190 1201684
8548 10190 1202669
8548 10190 1202706
3349 10190 1202866
8548 10190 1203715
8548 10190 1204742
8548 10190 1205453
8041 10032 1209767
8041 10032 1210519
6507 10190 1211383
6507 10190 1211671
9407 10032 1212606
3642 10032 1213254
8548 10190 1216445
1694 10032 1218165
1694 10032 1218182
1694 10032 1218207
8548 10190 1229061
579 10032 1229145
579 10360 1231049
5035 10032 1231750
5035 10032 1233662
579 10032 1234376
9407 10032 1241571
9407 10032 1241724
579 10032 1242726
2212 10032 1243211
7093 10032 1248433
5289 10032 1248977
9407 10032 1249549
5289 10032 1250420
6770 10032 1254413
6770 10032 1254588
9407 10032 1260079
9407 10032 1261145
9407 10032 1263075
9407 10032 1263593
8632 10032 1265979
8632 10032 1267049
8632 10032 1271644
2212 10032 1271756
9407 10032 1278715
6507 10190 1280753
6507 10190 1281140
6507 10190 1281348
2212 10032 1283669
24 10032 1284183
8548 10190 1286517
889 10032 1287080
8632 10032 1290398
24 10032 1293562
24 10032 1294154
24 10032 1294377
24 10032 1294406
24 10032 1294698
24 10032 1294738
8136 10190 1305187
2212 10032 1305599
7308 10032 1306210
889 10032 1307442
889 10032 1308216
8136 10190 1312112
9407 10032 1318149
579 10032 1318573
9407 10032 1325268
2036 10032 1333230
2036 10032 1333308
6545 10032 1334753
6545 10032 1335295
24 10032 1337557
2036 10032 1341869
2036 10032 1347262
9605 10327 1354031
9605 10327 1354987
2941 10032 1355455
6462 10032 1355525
9407 10032 1356292
9407 10032 1356774
9605 10327 1356963
7060 10032 1357568
9605 10327 1357661
9407 10032 1358482
9605 10327 1358816
9407 10032 1359351
9407 10032 1359416
9605 10327 1361116
9605 10327 1362229
9605 10327 1363166
9605 10327 1366594
5289 10032 1375997
3852 10032 1376903
3852 10032 1378699
3852 10032 1379304
3852 10032 1380038
8136 10190 1380067
6507 10190 1380366
8136 10190 1383503
889 10032 1383903
889 10032 1385404
7308 10032 1386136
6770 10032 1388591
7308 10032 1388919
5035 10032 1396277
5035 10032 1396342
5035 10032 1398881
1694 10032 1399712
579 10360 1407693
579 10032 1408682
9407 10032 1410321
5376 10032 1413369
579 10032 1414078
5289 10032 1420225
2036 10032 1422508
7308 10032 1433788
7308 10032 1438231
2036 10032 1443558
2036 10032 1443627
2036 10032 1455451
9407 10032 1460141
9407 10032 1461120
5035 10032 1470456
5035 10032 1470542
889 10032 1470819
5022 10032 1472625
889 10032 1472701
889 10032 1472819
6507 10190 1473320
24 10032 1475121
3642 10032 1475764
8136 10190 1477582
7308 10032 1479189
889 10032 1479991
8136 10190 1483771
3852 10032 1487730
5289 10032 1498464
9407 10032 1499180
5289 10032 1499397
9407 10032 1499491
9407 10032 1499836
3642 10032 1511786
3512 10032 1515947
7308 10032 1516112
3512 10032 1516849
6105 10032 1517517
3852 10032 1521162
6105 10032 1522260
6105 10032 1522298
2036 10032 1522777
6507 10190 1525763
1694 10032 1541112
1694 10032 1541133
1694 10032 1541149
1694 10032 1541442
2941 10032 1541552
2036 10032 1541775
5035 10032 1542191
5035 10032 1542543
8136 10190 1543180
1694 10032 1543211
8136 10190 1543400
3349 10190 1544908
3349 10190 1545804
8136 10190 1546076
8136 10190 1546189
7308 10032 1547149
8136 10190 1548573
889 10032 1553329
984 10190 1563118
7308 10032 1563955
8041 10032 1564001
5035 10032 1564705
5035 10032 1564759
5035 10032 1565090
2212 10032 1566252
2212 10032 1566681
5035 10032 1567488
5035 10032 1568698
5035 10032 1569050
8136 10190 1569376
7093 10032 1576084
7093 10032 1584180
7060 10032 1587307
2036 10032 1592517
7060 10032 1592678
579 10032 1595490
579 10360 1596148
7308 10032 1604119
6105 10032 1604501
6209 10190 1605845
6770 10032 1606272
6770 10032 1606330
3349 10190 1606561
6209 10190 1606829
8136 10190 1609238
8136 10190 1610798
3512 10032 1611373
3512 10032 1611813
8136 10190 1612026
6209 10190 1612941
8136 10190 1614006
6507 10190 1618173
5289 10032 1619021
2036 10032 1619083
2036 10032 1624643
7308 10032 1628820
3642 10032 1631141
3642 10032 1632980
1694 10032 1638719
1694 10032 1639046
1694 10032 1640222
3349 10190 1646841
3642 10032 1647099
3642 10032 1647137
889 10032 1647656
889 10032 1647801
1694 10032 1649107
579 10032 1655474
579 10032 1661008
5035 10032 1664293
5289 10032 1668173
5035 10032 1668297
5035 10032 1670888
8041 10032 1672057
8041 10032 1672402
8041 10032 1672915
7093 10032 1676211
7093 10032 1684047
7093 10032 1684605
3512 10032 1694922
8041 10032 1706936
8041 10032 1723625
889 10032 1725037
3642 10032 1730337
984 10190 1731238
7308 10032 1734625
6770 10032 1737559
6770 10032 1738131
6770 10032 1738734
6770 10032 1739043
8136 10190 1740344
8136 10190 1741858
8136 10190 1742566
5289 10032 1754145
1784 10032 1754174
1784 10032 1754859
2036 10032 1757601
6770 10032 1765653
2036 10032 1766079
6770 10032 1766431
6770 10032 1767379
2212 10032 1768123
6770 10032 1769151
5289 10032 1771507
7093 10032 1771679
6105 10032 1775710
6105 10032 1776977
6105 10032 1777356
6770 10032 1779371
6770 10032 1779557
3349 10190 1780244
3642 10032 1780379
6770 10032 1780945
889 10032 1783085
7093 10032 1784710
889 10032 1785428
7093 10032 1787983
7093 10032 1788664
579 10032 1805917
5035 10032 1813347
5035 10032 1813601
5035 10032 1815600
5035 10032 1816397
889 10032 1828814
6770 10032 1829819
8632 10032 1844360
2036 10032 1844664
8632 10032 1845718
9518 10032 1848400
2212 10032 1848729
579 10032 1849148
1694 10032 1853148
1694 10032 1853179
1694 10032 1853242
1694 10032 1853297
1694 10032 1853384
1694 10032 1853698
1694 10032 1856009
1694 10032 1856215
3642 10032 1862803
7093 10032 1865600
2212 10032 1867762
2036 10032 1868313
3512 10032 1872382
3349 10190 1877330
2941 10032 1877345
3642 10032 1879696
7093 10032 1880314
9518 10032 1880525
7093 10032 1884454
5289 10032 1886859
3642 10032 1888417
6507 10190 1897559
7308 10032 1902939
1694 10032 1903066
1694 10032 1908272
1694 10032 1908552
984 10190 1908980
1694 10032 1909345
7308 10032 1910108
1694 10032 1911560
1694 10032 1914448
1694 10032 1914541
1694 10032 1915955
1694 10032 1915999
1694 10032 1917145
1694 10032 1917201
6770 10032 1921088
6770 10032 1921323
6770 10032 1921406
6770 10032 1922846
2212 10032 1924082
1784 10032 1926653
5289 10032 1929952
1694 10032 1930918
579 10032 1939990
7060 10032 1941060
7060 10032 1944823
6507 10190 1954577
5289 10032 1955028
6507 10190 1970141
7093 10032 1973502
3642 10032 1976379
3642 10032 1976494
984 10190 1976571
7308 10032 1979962
5289 10032 1980384
7308 10032 1982097
889 10032 1982596
7308 10032 1985780
8041 10032 1988763
2212 10032 1990695
8041 10032 1999578
579 10032 2006587
5035 10032 2007732
5035 10032 2010019
5035 10032 2010480
382 10032 2014984
6770 10032 2016077
6770 10032 2016137
7093 10032 2039640
7308 10032 2050518
3349 10190 2052498
8041 10032 2055884
3512 10032 2056584
6462 10032 2057834
2212 10032 2059003
5035 10032 2060943
889 10032 2070838
5035 10032 2076801
5035 10032 2076832
5035 10032 2077390
889 10032 2078781
579 10032 2098724
5035 10032 2099064
7093 10032 2100329
7060 10032 2101823
7060 10032 2102314
579 10032 2106179
579 10032 2106462
2212 10032 2108343
5289 10032 2110149
7060 10032 2111470
579 10032 2114830
3512 10032 2118052
6770 10032 2119737
3512 10032 2120108
6770 10032 2120110
6105 10032 2125521
6105 10032 2125609
6105 10032 2125720
3512 10032 2127737
6105 10032 2131097
984 10190 2137177
7093 10032 2142590
8632 10032 2143826
8632 10032 2143890
6105 10032 2146366
3512 10032 2151940
579 10032 2160368
7308 10032 2160712
579 10032 2160760
7308 10032 2162801
579 10032 2163001
7308 10032 2163325
7308 10032 2163626
7308 10032 2164466
7308 10032 2165395
7308 10032 2165636
8041 10032 2167787
6770 10032 2169431
6770 10032 2169528
6770 10032 2169835
5035 10032 2170226
5035 10032 2170275
6770 10032 2170330
6770 10032 2171890
6770 10032 2172251
7060 10032 2185768
7060 10032 2185814
7060 10032 2188675
5289 10032 2193455
5289 10032 2194127
7060 10032 2195781
5289 10032 2198111
7060 10032 2199102
7060 10032 2199479
5289 10032 2200715
7060 10032 2202487
3512 10032 2203415
6770 10032 2204961
6770 10032 2206155
6770 10032 2206419
3642 10032 2208851
889 10032 2209735
7093 10032 2211727
7308 10032 2213045
5289 10032 2215459
6105 10032 2217602
6105 10032 2217680
6105 10032 2217824
5035 10032 2224316
5035 10032 2224839
5035 10032 2224872
5035 10032 2225156
7093 10032 2226351
7308 10032 2227155
7308 10032 2227288
3642 10032 2229984
7060 10032 2232883
8632 10032 2233198
7060 10032 2233739
3642 10032 2234914
5035 10032 2253233
5035 10032 2255351
984 10190 2259511
984 10190 2259731
5035 10032 2262703
5035 10032 2262877
5035 10032 2262982
5035 10032 2263015
5035 10032 2263852
5035 10032 2264015
5035 10032 2264048
8041 10032 2269739
8041 10032 2269783
5289 10032 2274569
6105 10032 2283545
9966 10032 2289208
3512 10032 2289690
7060 10032 2291826
3512 10032 2296676
5289 10032 2298700
3512 10032 2301814
579 10360 2303843
7060 10032 2304259
579 10360 2309318
3642 10032 2322579
3642 10032 2322810
5035 10032 2330409
3512 10032 2332430
3642 10032 2334946
889 10032 2338722
7308 10032 2338751
889 10032 2338765
889 10032 2338967
579 10032 2347154
6770 10032 2352356
6770 10032 2352756
6770 10032 2353042
6770 10032 2353670
6770 10032 2354352
8041 10032 2354906
6770 10032 2355061
6770 10032 2355092
1694 10032 2356515
1694 10032 2358622
5035 10032 2360603
5035 10032 2360638
5035 10032 2361536
3512 10032 2375136
3512 10032 2383606
3349 10190 2386724
3512 10032 2391442
3512 10032 2392614
6507 10190 2397345
3349 10190 2401449
3512 10032 2409137
3642 10032 2409393
3512 10032 2409658
3642 10032 2409783
2212 10032 2413848
1694 10032 2414342
8632 10032 2417094
8632 10032 2417414
984 10190 2417956
1775 10032 2420275
1775 10032 2420962
1775 10032 2421239
1775 10032 2421604
6507 10190 2424298
889 10032 2434362
8041 10032 2435131
8041 10032 2439049
8041 10032 2439467
6105 10032 2444978
6105 10032 2445071
6105 10032 2445107
6105 10032 2445171
6105 10032 2445682
5289 10032 2447309
5035 10032 2450841
8041 10032 2459709
8632 10032 2459806
2212 10032 2460313
3512 10032 2471275
6770 10032 2472992
1784 10032 2473578
1784 10032 2473645
6770 10032 2473824
3642 10032 2476798
8041 10032 2479341
8041 10032 2479419
2941 10032 2480245
6105 10032 2481933
8200 10032 2485027
3349 10190 2486851
6507 10190 2489564
5289 10032 2496091
5289 10032 2496664
2941 10032 2496897
8041 10032 2500267
3349 10190 2505121
5035 10032 2506399
5035 10032 2506592
6507 10190 2507652
579 10032 2507839
7308 10032 2508208
889 10032 2509307
6507 10190 2510083
8041 10032 2510580
7308 10032 2510669
7308 10032 2512386
7308 10032 2517176
5035 10032 2517444
2212 10032 2520471
5035 10032 2520478
5035 10032 2520489
9966 10032 2522661
9966 10032 2524797
9966 10032 2525801
5035 10032 2528859
8041 10032 2529185
6507 10190 2539357
6770 10032 2541181
8041 10032 2544245
7093 10032 2548025
5289 10032 2559600
984 10190 2566659
984 10190 2566664
984 10190 2566687
984 10190 2566868
6209 10190 2568016
6209 10190 2568656
6770 10032 2572664
6770 10032 2572709
6770 10032 2572737
2212 10032 2575356
2212 10032 2575593
5656 10032 2578009
3642 10032 2581976
7093 10032 2582229
7093 10032 2583125
5035 10032 2586312
8041 10032 2587732
4611 10032 2588276
3712 10032 2593329
889 10032 2593764
6507 10190 2594579
6507 10190 2594629
7308 10032 2595463
7308 10032 2597446
8041 10032 2600860
5289 10032 2614749
6770 10032 2615583
8041 10032 2618269
8041 10032 2618312
5289 10032 2622182
6507 10190 2622205
579 10360 2622218
5035 10032 2622546
6770 10032 2622967
2036 10032 2623572
7060 10032 2626354
7060 10032 2632849
7060 10032 2637851
3512 10032 2638066
984 10190 2645601
6770 10032 2647272
6105 10032 2648638
6770 10032 2657646
6770 10032 2658972
6770 10032 2659542
5289 10032 2661188
8041 10032 2664057
889 10032 2672715
8136 10190 2674424
8136 10190 2674519
579 10360 2677144
