651 10151 5363
1232 10402 13385
5434 10077 116190
5434 10077 116224
5434 10077 116260
5434 10077 116301
5434 10077 116707
6249 10494 151127
6249 10494 151400
6026 10466 160005
6249 10494 224300
6249 10494 224661
6249 10494 224897
6249 10494 225554
6249 10494 225965
6249 10494 226228
735 10151 242315
6588 10662 270016
6249 10494 311629
6249 10494 311748
6249 10494 311971
6249 10494 312157
6249 10494 312304
6249 10494 312475
6249 10494 312859
6249 10494 313209
3509 10613 327402
6249 10494 393844
6249 10494 393944
6249 10494 395810
6249 10494 396009
6249 10494 396107
6249 10494 396261
6249 10494 396716
6249 10494 397002
6249 10494 397165
6249 10494 397311
1403 10151 452650
5434 10077 466122
5434 10077 466158
5434 10077 466212
5434 10077 466258
8393 10151 469213
8613 10466 560161
8613 10466 560177
8613 10466 560193
8613 10466 560210
8613 10466 560233
8613 10466 560260
8613 10466 560278
8613 10337 560647
8613 10337 560656
8613 10337 560660
8613 10337 560669
8613 10402 560707
8613 10402 560721
8613 10402 560733
8613 10402 560742
8613 10402 560754
8613 10402 560769
8613 10402 560780
8613 10613 561358
8613 10613 561362
8613 10613 561368
6588 10662 594232
4136 10079 596766
8341 10466 608055
7430 10466 664951
8341 10466 686305
5434 10077 721148
5434 10077 722149
5434 10077 722198
5434 10077 722231
5434 10077 722268
8613 10466 732949
8613 10466 732974
8613 10466 732997
8613 10466 733021
8613 10466 733049
8613 10466 733071
8613 10466 733093
8613 10337 733531
8613 10337 733543
8613 10337 733554
8613 10337 733561
8613 10337 733569
8613 10402 733609
8613 10402 733627
8613 10402 733638
8613 10402 733652
8613 10613 734305
8613 10613 734312
8341 10466 740494
651 10151 756297
651 10151 763445
4136 10377 763953
3550 10098 766245
3550 10098 768960
651 10151 777847
651 10151 785083
651 10151 792250
8613 10466 819375
8613 10466 819403
8613 10466 819421
8613 10466 819439
8613 10466 819460
8613 10466 819485
8613 10466 819504
8613 10337 819954
8613 10337 819960
8613 10337 819969
8613 10337 819979
8613 10402 820021
8613 10402 820036
8613 10402 820056
8613 10402 820073
8613 10402 820085
8613 10402 820099
8613 10402 820115
8613 10613 820713
8613 10613 820718
8613 10613 820724
8613 10613 820732
3550 10098 829484
6249 10494 848035
6249 10494 848185
6249 10494 848522
6249 10494 848591
6249 10494 848930
6249 10494 849008
6249 10494 849124
6249 10494 849622
8341 10466 872453
8341 10466 873975
6249 10494 912241
6249 10494 912430
6249 10494 913122
6249 10494 913392
9223 10402 943454
7264 10079 948088
7051 10662 998448
651 10151 1005846
651 10151 1011126
651 10151 1013072
651 10151 1016653
6249 10494 1024422
6249 10494 1024564
3332 10494 1045668
1473 10151 1052454
651 10151 1061969
5434 10077 1068720
5434 10077 1068748
5434 10077 1068788
5434 10077 1068843
651 10151 1069166
651 10151 1076344
651 10151 1083545
651 10151 1087745
651 10151 1088940
651 10151 1090462
9223 10402 1091773
6249 10494 1092241
651 10151 1092268
6249 10494 1092772
651 10151 1094067
651 10151 1095845
651 10151 1097830
651 10151 1099461
651 10151 1101253
651 10151 1103042
651 10151 1108444
651 10151 1112062
651 10151 1113850
651 10151 1115659
651 10151 1117452
651 10151 1119240
651 10151 1121052
651 10151 1122867
651 10151 1124661
651 10151 1126461
651 10151 1130054
651 10151 1133655
651 10151 1137250
651 10151 1139066
651 10151 1140857
651 10151 1142937
651 10151 1148363
651 10151 1155549
651 10151 1162758
8613 10466 1164953
8613 10466 1164976
8613 10466 1165000
8613 10466 1165017
8613 10466 1165040
8613 10466 1165064
8613 10466 1165087
8613 10466 1165108
8613 10337 1165463
8613 10337 1165475
8613 10337 1165482
8613 10337 1165493
8613 10402 1165539
8613 10402 1165552
8613 10402 1165565
8613 10402 1165579
8613 10402 1165597
8613 10402 1165603
8613 10402 1165617
8613 10613 1166279
8613 10613 1166285
8613 10613 1166287
8613 10613 1166292
9223 10402 1166380
651 10151 1174160
651 10151 1175376
651 10151 1176864
8341 10466 1209830
8341 10466 1210220
4857 10151 1217864
4857 10151 1218525
4857 10151 1219687
5434 10077 1289246
5434 10077 1289293
5434 10077 1289341
5434 10077 1289391
6588 10662 1332863
651 10151 1334900
651 10151 1336087
651 10151 1337878
651 10151 1340288
651 10151 1342106
651 10151 1343916
651 10151 1345392
651 10151 1347193
651 10151 1349003
651 10151 1350785
9223 10402 1352529
651 10151 1354434
651 10151 1356210
651 10151 1359797
651 10151 1361611
651 10151 1363406
651 10151 1365215
651 10151 1366986
651 10151 1368797
651 10151 1370605
651 10151 1372396
651 10151 1377828
651 10151 1381436
651 10151 1383035
651 10151 1386797
651 10151 1388586
651 10151 1390414
651 10151 1392506
651 10151 1393980
651 10151 1395789
651 10151 1397893
651 10151 1401495
651 10151 1403292
651 10151 1404793
651 10151 1406598
6583 10494 1465754
6249 10494 1514406
6249 10494 1515517
6249 10494 1604159
6249 10494 1604421
7964 10377 1614032
3365 10151 1622400
4980 10077 1666281
5434 10077 1674470
5434 10077 1674614
5434 10077 1674657
5434 10077 1674719
5434 10077 1691661
6249 10494 1707657
6249 10494 1707783
6249 10494 1709293
6249 10494 1709434
6249 10494 1709724
8341 10466 1732799
8341 10466 1733363
6588 10151 1742559
6588 10662 1783877
9402 10402 1795237
9223 10402 1805122
9223 10402 1863452
5434 10077 1930564
5434 10077 1930607
5434 10077 1930649
5434 10077 1930689
9831 10466 1935874
6026 10466 1981711
735 10735 1991281
7430 10466 1992091
7430 10466 1992793
7430 10466 1993515
7430 10466 1994263
9223 10402 2036543
6249 10494 2121002
6249 10494 2121075
9943 10808 2126062
6588 10151 2126667
1417 10151 2138352
1606 10402 2138533
6249 10494 2208837
6249 10494 2208977
6249 10494 2209454
6249 10494 2209859
1417 10151 2249100
5434 10077 2278762
5434 10077 2278799
5434 10077 2278841
5434 10077 2278888
5434 10077 2283214
6026 10466 2469071
9223 10402 2478496
9223 10402 2554458
5434 10077 2585290
5434 10077 2585398
5434 10077 2585437
3365 10151 2592293
6026 10466 2661911
