18 10010 78
148 10010 820
158 10010 835
158 10010 1509
271 10010 1795
274 10010 1822
158 10010 1936
274 10010 1981
303 10010 2063
274 10010 2132
274 10010 3561
485 10010 3762
158 10010 4652
158 10010 5207
485 10010 5482
802 10010 6960
274 10010 7558
274 10010 7972
158 10010 8373
1016 10010 9553
1016 10010 11150
485 10010 11239
158 10010 11307
158 10010 11671
1016 10010 11962
274 10010 12675
158 10010 12696
485 10010 13099
1335 10010 14108
271 10010 14191
158 10010 15835
1335 10010 15941
485 10010 16077
1503 10010 16883
158 10010 18055
1663 10010 19967
802 10010 21555
1770 10010 22016
485 10010 23462
802 10010 24919
485 10010 25204
158 10010 25547
158 10010 27147
2241 10010 32146
485 10010 32665
2325 10010 34184
2365 10010 34941
2325 10010 36741
303 10010 36902
2241 10010 39429
485 10010 39722
485 10010 40964
2241 10010 43349
2241 10010 43892
485 10010 43978
485 10010 44427
485 10010 45287
158 10010 46930
3106 10010 49281
158 10010 50189
2241 10010 52819
2241 10010 53628
2241 10010 54385
3474 10010 55522
3106 10010 56466
271 10010 57161
3605 10010 57770
3106 10010 59455
3720 10010 59766
3106 10010 60671
1016 10010 61375
3106 10010 61534
3106 10010 62030
3106 10010 62502
3106 10010 62840
1016 10010 64664
271 10010 64833
4045 10010 65507
303 10010 68622
1663 10010 70219
303 10010 70506
303 10010 70994
303 10010 71821
2241 10010 71958
1663 10010 72075
303 10010 72151
2325 10010 72729
2325 10010 73466
303 10010 73912
1503 10010 74193
2325 10010 74313
1770 10010 74468
3106 10010 74958
2325 10010 75160
1663 10010 75187
303 10010 75604
303 10010 76045
271 10010 76426
3106 10010 76450
1663 10010 76611
4545 10010 76670
2325 10010 76725
3106 10010 80163
271 10010 80663
3106 10010 80867
271 10010 81423
303 10010 82015
485 10010 82761
485 10010 84095
1770 10010 84097
3106 10010 84474
4785 10010 85009
303 10010 85481
1770 10010 85487
485 10010 85493
158 10010 85739
303 10010 85769
485 10010 87660
1770 10010 88386
303 10010 89500
18 10010 89513
303 10010 89988
158 10010 90411
158 10010 93718
303 10010 94378
802 10010 94529
271 10010 94883
1016 10010 95535
271 10010 95665
1335 10010 95836
1770 10010 97046
274 10010 97145
3605 10010 99282
303 10010 99486
303 10010 100325
1663 10010 100412
303 10010 101528
274 10010 101977
802 10010 102366
1663 10010 102748
1663 10010 103680
3474 10010 103683
1663 10010 104194
158 10010 107876
5423 10010 114788
1503 10010 115225
485 10010 117650
5317 10212 118824
485 10010 119508
485 10010 121334
485 10010 124477
485 10010 129487
271 10010 130421
271 10010 130862
485 10010 131136
485 10010 132044
485 10010 132734
485 10010 136549
4045 10010 136808
18 10010 138563
485 10010 138728
5937 10010 139360
5954 10010 139887
5954 10010 140120
802 10010 142152
303 10010 144993
2241 10010 146316
303 10010 147216
4045 10010 147275
303 10010 150242
5954 10010 151855
303 10010 152385
5317 10212 152890
1335 10010 153346
303 10010 153680
303 10010 154444
2365 10010 155772
148 10010 157769
271 10010 158101
303 10010 158337
303 10010 161838
802 10010 162756
3106 10010 163817
6570 10010 164196
3106 10010 164532
6570 10010 164863
6570 10010 165018
3106 10010 165112
6570 10010 165277
802 10010 165426
271 10010 165952
303 10010 166708
4545 10010 167578
485 10010 169218
271 10010 169662
1663 10010 170077
271 10010 170094
1663 10010 170321
485 10010 170326
1663 10010 170844
271 10010 175309
3106 10010 175839
303 10010 176796
274 10010 177639
274 10010 178256
1770 10010 179675
802 10010 180044
271 10010 180903
485 10010 180957
3106 10010 181130
158 10010 181446
6570 10010 181776
5423 10010 182034
158 10010 182257
274 10010 183612
158 10010 183998
1335 10010 184136
1335 10010 184458
485 10010 184822
303 10010 185011
158 10010 185902
274 10010 186178
802 10010 187042
1663 10010 187406
271 10010 187587
274 10010 187951
274 10010 188630
5423 10010 188639
802 10010 189070
1663 10010 189241
303 10010 189442
1335 10010 190099
1335 10010 190348
1335 10010 191145
1663 10010 192130
274 10010 192170
485 10010 192897
485 10010 193009
303 10010 195381
158 10010 198418
158 10010 200995
6933 10010 201635
303 10010 202182
158 10010 202483
158 10010 204639
485 10010 207081
3605 10010 208872
2241 10010 208934
3605 10010 208938
2241 10010 209201
485 10010 209379
158 10010 209713
2241 10010 209963
274 10010 210035
2241 10010 210580
485 10010 211427
2241 10010 211799
485 10010 211980
2241 10010 212555
274 10010 212966
485 10010 213183
158 10010 213565
485 10010 213948
485 10010 214405
2241 10010 215488
2241 10010 216537
2241 10010 216644
802 10010 221120
1335 10010 223823
303 10010 228458
485 10010 228464
7245 10010 230046
274 10010 232561
5954 10010 233185
274 10010 233337
303 10010 233611
158 10010 236029
4045 10010 236732
158 10010 236785
274 10010 237621
4045 10010 237684
158 10010 237897
802 10010 238978
4045 10010 239397
4045 10010 242074
2325 10010 242557
303 10010 244907
271 10010 245027
2325 10010 245285
303 10010 245497
802 10010 246354
148 10010 246436
148 10010 246870
148 10010 247286
3720 10010 250015
271 10010 251228
3106 10010 251341
303 10010 253057
148 10010 253144
271 10010 253309
18 10010 254111
4545 10010 254470
303 10010 254811
7245 10010 254913
7245 10010 255687
303 10010 256218
271 10010 256451
3106 10010 256920
274 10010 258954
7519 10010 259220
5937 10010 259392
303 10010 260396
303 10010 260596
303 10010 260840
802 10010 262101
18 10010 262772
3106 10010 263817
1770 10010 265329
1770 10010 265529
1770 10010 265572
1770 10010 265653
1663 10010 266399
274 10010 266458
7519 10010 266818
5423 10010 266886
1335 10010 267109
1503 10010 267460
303 10010 268763
1335 10010 268971
303 10010 270403
3474 10010 270444
274 10010 270825
271 10010 271525
5954 10010 272538
802 10010 272737
303 10010 273191
1335 10010 274014
1663 10010 275450
3106 10010 277475
3474 10010 278743
1663 10010 280048
485 10010 280363
2365 10010 284831
5946 10346 284874
485 10010 290772
5937 10010 294994
5937 10010 295376
158 10010 295888
485 10010 296977
3720 10010 300434
485 10010 301326
271 10010 302112
485 10010 302287
485 10010 302522
485 10010 303809
158 10010 305142
158 10010 305773
2365 10010 307174
485 10010 308243
293 10924 310189
6933 10010 311906
3720 10010 311970
303 10010 312515
303 10010 314466
303 10010 315205
158 10010 315383
303 10010 315581
7828 10010 315855
303 10010 316662
303 10010 317689
3720 10010 318343
303 10010 318941
303 10010 319467
303 10010 321807
303 10010 322372
303 10010 322667
303 10010 324043
4045 10010 324300
4045 10010 324301
6570 10010 324636
18 10010 325120
303 10010 326068
3106 10010 326189
4045 10010 326242
303 10010 326437
7245 10010 326634
7245 10010 327464
303 10010 327525
5954 10010 327715
5954 10010 328363
303 10010 329545
303 10010 330115
274 10010 330399
303 10010 330507
271 10010 330713
303 10010 331597
4045 10010 332129
5954 10010 332801
5954 10010 333753
2325 10010 335066
2325 10010 335577
1335 10010 335644
485 10010 337687
271 10010 338410
303 10010 338479
18 10010 338881
303 10010 338923
2365 10010 339626
1663 10010 339651
485 10010 339697
6933 10010 339830
303 10010 340708
1663 10010 340987
4545 10010 341298
303 10010 342187
802 10010 342362
274 10010 342419
1663 10010 342746
1663 10010 343030
3720 10010 343148
485 10010 344786
3106 10010 344939
485 10010 345166
303 10010 345917
802 10010 345935
485 10010 345990
303 10010 346158
303 10010 346479
3106 10010 346537
4785 10010 346889
274 10010 347402
3106 10010 347497
271 10010 348003
303 10010 348225
303 10010 348383
3106 10010 348497
303 10010 348598
802 10010 348628
4785 10010 348650
303 10010 348773
303 10010 348873
271 10010 349044
18 10010 349125
18 10010 349299
303 10010 349367
802 10010 350303
485 10010 350417
5937 10010 351788
485 10010 352217
3605 10010 352502
303 10010 352638
3605 10010 353555
274 10010 354264
1770 10010 354987
274 10010 355566
303 10010 355692
6570 10010 355988
3720 10010 356006
303 10010 357083
3720 10010 357262
271 10010 357651
303 10010 357914
271 10010 358072
3605 10010 359234
303 10010 363609
1663 10010 363752
802 10010 364273
485 10010 365056
303 10010 365721
2325 10010 366259
8052 10010 366380
485 10010 367693
158 10010 368090
485 10010 370297
158 10010 373496
158 10010 374156
158 10010 380598
485 10010 382095
158 10010 382990
485 10010 383939
303 10010 391938
303 10010 392252
3720 10010 392350
274 10010 396277
485 10010 396416
303 10010 396972
3720 10010 397400
485 10010 397983
303 10010 398440
3605 10010 399073
303 10010 399210
485 10010 399435
303 10010 401245
4839 10376 401258
1335 10010 401891
485 10010 402681
6570 10010 403286
3720 10010 403815
303 10010 405621
802 10010 406558
303 10010 407111
1503 10010 407129
3720 10010 407357
1016 10010 408731
2365 10010 409389
7828 10010 412213
7828 10010 412320
303 10010 412778
7828 10010 412878
2325 10010 413763
2365 10010 414967
7828 10010 416359
7828 10010 416572
271 10010 417006
303 10010 418432
158 10010 418663
7828 10010 419299
158 10010 419472
7828 10010 419483
158 10010 419617
18 10010 420641
303 10010 421034
271 10010 422799
271 10010 423189
303 10010 423643
271 10010 424933
485 10010 424945
1770 10010 425349
271 10010 426499
485 10010 426937
303 10010 427016
4545 10010 427556
485 10010 429294
148 10010 430005
3106 10010 430748
303 10010 431112
3605 10010 431553
1016 10010 432882
3720 10010 433570
3106 10010 434071
1663 10010 435557
303 10010 436417
303 10010 438419
18 10010 438429
303 10010 438827
271 10010 439161
303 10010 439478
303 10010 439913
303 10010 440222
271 10010 440315
303 10010 441643
8052 10010 442462
303 10010 443206
5954 10010 443350
303 10010 443960
303 10010 445970
2365 10010 445976
1016 10010 446437
802 10010 448505
303 10010 449206
802 10010 449705
2325 10010 450843
303 10010 452538
485 10010 452835
158 10010 456908
485 10010 457103
158 10010 457903
485 10010 458900
485 10010 462092
485 10010 463890
485 10010 464470
485 10010 465838
158 10010 468511
3474 10010 473565
485 10010 477827
3720 10010 477865
3720 10010 478106
1663 10010 479169
271 10010 479571
274 10010 481011
3474 10010 483259
7828 10010 483502
7828 10010 484742
303 10010 484758
7828 10010 485123
7828 10010 485329
1335 10010 486615
3605 10010 486915
303 10010 488400
274 10010 490956
8448 10010 491119
3720 10010 492206
303 10010 492277
7245 10010 492481
485 10010 493509
303 10010 493983
303 10010 493991
7828 10010 494596
303 10010 495402
7828 10010 495972
303 10010 496484
485 10010 498051
303 10010 498424
303 10010 499407
485 10010 499550
158 10010 499598
485 10010 501605
158 10010 501946
271 10010 505310
18 10010 506941
485 10010 507614
3720 10010 508777
1663 10010 508782
7245 10010 509962
802 10010 510553
271 10010 511320
3720 10010 512394
3720 10010 513112
303 10010 513711
1663 10010 514670
3106 10010 514713
2365 10010 515298
7245 10010 515329
271 10010 515340
1663 10010 515554
4545 10010 516338
3720 10010 521047
271 10010 525104
8448 10010 525456
271 10010 525650
1335 10010 526142
1663 10010 528223
802 10010 529528
2365 10010 530761
1770 10010 532057
802 10010 532175
2365 10010 532751
1335 10010 532895
1663 10010 533652
148 10010 533930
802 10010 534175
271 10010 534202
802 10010 536905
1503 10010 536944
802 10010 540343
1770 10010 540911
303 10010 542808
1770 10010 543149
1770 10010 543216
1770 10010 544047
5423 10010 546672
3474 10010 549631
3605 10010 556039
303 10010 558224
485 10010 560888
485 10010 561182
271 10010 565408
158 10010 565523
485 10010 570449
148 10010 573663
271 10010 574008
274 10010 577735
271 10010 579269
271 10010 579363
303 10010 579735
303 10010 580247
485 10010 581321
8671 10010 581380
303 10010 581864
485 10010 581896
271 10010 582766
485 10010 582993
3720 10010 583416
158 10010 584203
271 10010 584648
802 10010 584760
802 10010 585763
158 10010 586571
303 10010 587517
802 10010 587593
158 10010 587676
271 10010 587904
158 10010 588329
158 10010 588481
3720 10010 588568
158 10010 588694
485 10010 588866
158 10010 589051
158 10010 590382
1663 10010 590450
158 10010 590965
485 10010 591344
158 10010 592098
485 10010 592413
8448 10010 592821
1663 10010 592890
485 10010 593486
158 10010 594319
8448 10010 594841
271 10010 595092
271 10010 595289
1663 10010 597185
485 10010 598206
274 10010 598601
485 10010 598843
8448 10010 599268
274 10010 599769
3106 10010 600214
3106 10010 600802
4545 10010 602739
8448 10010 603309
3106 10010 603319
8448 10010 604282
7245 10010 606073
802 10010 606725
8448 10010 607949
802 10010 608251
485 10010 608494
7245 10010 610976
3106 10010 611538
274 10010 611628
274 10010 612370
1663 10010 612784
1663 10010 613321
274 10010 613451
303 10010 613926
485 10010 614638
303 10010 615425
1663 10010 616617
6570 10010 617483
8448 10010 617909
802 10010 618744
802 10010 618958
303 10010 621817
274 10010 622075
7519 10010 622424
274 10010 623161
303 10010 624667
8448 10010 626201
802 10010 626799
274 10010 629174
158 10010 635200
3474 10010 635246
158 10010 635883
158 10010 636342
6933 10010 636823
5937 10010 637196
5937 10010 637777
2325 10010 643003
158 10010 646882
6933 10010 647308
2325 10010 649255
1663 10010 653832
6379 10346 655438
5937 10010 655740
5937 10010 656175
1663 10010 657003
1663 10010 658185
274 10010 659867
485 10010 660099
158 10010 660580
802 10010 660772
485 10010 661639
2325 10010 661985
303 10010 667281
6933 10010 667554
8448 10010 669771
4045 10010 673421
485 10010 673450
4045 10010 673837
485 10010 674328
274 10010 674490
485 10010 675022
158 10010 675254
158 10010 678243
303 10010 678502
802 10010 678902
158 10010 678932
158 10010 679711
3106 10010 680572
1663 10010 681410
802 10010 682039
158 10010 682119
158 10010 682444
274 10010 682842
274 10010 683109
2365 10010 683761
303 10010 683880
7245 10010 684203
274 10010 684232
18 10010 684302
303 10010 684788
303 10010 685566
4545 10010 686477
303 10010 686860
303 10010 688023
158 10010 688283
158 10010 689122
303 10010 689166
158 10010 689586
5937 10010 689660
485 10010 690050
485 10010 690226
158 10010 690246
3106 10010 690323
158 10010 690493
148 10010 690562
485 10010 690868
158 10010 691219
485 10010 691367
1503 10010 691474
485 10010 692748
274 10010 693073
8858 10010 693682
485 10010 694064
1663 10010 694300
2365 10010 695652
3106 10010 696526
485 10010 696986
7245 10010 697733
6933 10010 698280
8448 10010 699251
1663 10010 699319
3106 10010 700038
485 10010 701066
8448 10010 701234
3106 10010 701890
7519 10010 702606
5423 10010 702755
274 10010 702791
7519 10010 703310
5937 10010 704538
8448 10010 704859
158 10010 704922
485 10010 705056
8671 10010 705363
274 10010 705440
1770 10010 705498
8671 10010 705778
274 10010 705871
274 10010 706136
158 10010 706248
8671 10010 706267
8671 10010 706541
485 10010 706618
8671 10010 706797
274 10010 706822
1770 10010 706964
274 10010 707106
274 10010 707553
274 10010 707911
485 10010 708361
5937 10010 708439
8448 10010 708903
485 10010 708946
274 10010 709115
274 10010 709874
485 10010 709972
8448 10010 710120
485 10010 710849
274 10010 711193
8881 10010 711200
485 10010 711570
274 10010 712106
5954 10010 712177
1503 10010 712650
274 10010 712994
274 10010 713586
8881 10010 714299
5954 10010 714496
5954 10010 715055
3474 10010 716359
5423 10010 716661
5423 10010 716895
7245 10010 725099
7245 10010 726924
8920 10010 728345
274 10010 728862
158 10010 729263
158 10010 729502
293 10924 736467
7245 10010 736473
3720 10010 737861
8858 10010 738490
8858 10010 740135
1770 10010 741805
8858 10010 742137
158 10010 743138
158 10010 744562
802 10010 744776
8858 10010 744967
158 10010 745175
158 10010 745480
158 10010 745797
158 10010 746124
8858 10010 746455
158 10010 746462
158 10010 746771
1335 10010 746870
18 10010 748028
1016 10010 748091
3720 10010 748213
8858 10010 748894
3720 10010 749049
1335 10010 749602
8858 10010 749891
158 10010 750286
8858 10010 750558
274 10010 750620
158 10010 751919
8858 10010 752125
8448 10010 753123
158 10010 756104
802 10010 756265
1335 10010 757104
7245 10010 759717
8920 10010 761758
8448 10010 761890
7245 10010 762539
1770 10010 765458
5954 10010 765746
2325 10010 766956
158 10010 767592
6570 10010 768078
2325 10010 768407
7245 10010 769074
802 10010 770093
4545 10010 772110
158 10010 772593
158 10010 772827
6933 10010 773120
802 10010 773372
8448 10010 773523
6933 10010 773558
6933 10010 773604
8448 10010 775209
5937 10010 775726
3720 10010 776428
3720 10010 776647
3720 10010 776882
802 10010 777207
8858 10010 777423
3720 10010 777612
6933 10010 777807
158 10010 777931
3106 10010 778025
3720 10010 778166
7245 10010 778175
7245 10010 778583
8858 10010 778609
3720 10010 778757
1503 10010 779167
6570 10010 779529
3106 10010 779647
3720 10010 779744
3720 10010 780096
1503 10010 780286
3106 10010 780526
6570 10010 780775
1335 10010 783023
6570 10010 783211
6570 10010 784241
1335 10010 784764
1663 10010 785343
1503 10010 786898
1335 10010 787359
1503 10010 787593
802 10010 787908
6570 10010 789047
1663 10010 790133
5937 10010 790762
1503 10010 792449
274 10010 793427
274 10010 794826
274 10010 795567
3605 10010 795815
3605 10010 797240
1335 10010 798730
802 10010 799901
2365 10010 801479
3605 10010 815236
3474 10010 817178
7245 10010 824098
3720 10010 825570
3605 10010 827747
158 10010 828006
5937 10010 828054
7828 10010 828610
3605 10010 828671
274 10010 828894
5937 10010 828924
3605 10010 829462
3605 10010 830160
158 10010 830482
158 10010 832151
5946 10346 835715
2241 10010 837017
6933 10010 838528
1503 10010 839087
6933 10010 839098
4937 10376 839456
6933 10010 840534
1335 10010 840594
7245 10010 842071
274 10010 842118
158 10010 844420
18 10010 844971
158 10010 846713
802 10010 846863
5954 10010 852135
18 10010 852558
274 10010 852575
8858 10010 852609
8858 10010 854156
8858 10010 854548
148 10010 855510
148 10010 855582
4545 10010 859503
4545 10010 859593
6570 10010 860313
3605 10010 860691
1770 10010 861103
18 10010 863299
3106 10010 863917
274 10010 864257
802 10010 865389
3106 10010 866353
802 10010 866651
148 10010 867560
274 10010 868804
303 10010 869155
1770 10010 871111
274 10010 871639
274 10010 872078
1770 10010 872152
274 10010 872521
148 10010 872646
274 10010 873530
274 10010 873758
274 10010 874041
148 10010 874103
274 10010 874606
274 10010 874798
7519 10010 875869
6570 10010 875898
802 10010 876353
3605 10010 877126
158 10010 883292
148 10010 891434
274 10010 900355
3605 10010 903630
274 10010 907334
274 10010 908500
3474 10010 911759
3474 10010 911806
274 10010 912677
6933 10010 915154
3605 10010 917038
3474 10010 917347
18 10010 918931
3474 10010 919237
5937 10010 919415
3605 10010 919514
158 10010 923084
3474 10010 923144
802 10010 923786
2365 10010 930511
158 10010 931596
1503 10010 933827
303 10010 936489
1503 10010 939693
6933 10010 939960
6933 10010 940436
148 10010 940647
1770 10010 942087
3106 10010 943206
4545 10010 945513
18 10010 945833
148 10010 949541
802 10010 952306
3474 10010 952666
7245 10010 955448
1770 10010 957850
1770 10010 959935
8052 10010 961523
274 10010 961601
8052 10010 962583
1663 10010 964544
5937 10010 965042
5937 10010 968648
1335 10010 970084
303 10010 972627
8052 10010 974854
3605 10010 980780
5937 10010 987257
274 10010 987571
2241 10010 995928
274 10010 1001840
7245 10010 1002153
6933 10010 1003437
802 10010 1010415
274 10010 1011368
303 10010 1014688
158 10010 1019222
1503 10010 1020257
158 10010 1021219
1335 10010 1022182
802 10010 1023120
148 10010 1023174
158 10010 1023804
1503 10010 1024609
274 10010 1027808
148 10010 1028846
1770 10010 1029398
18 10010 1031665
18 10010 1033289
3605 10010 1033735
1770 10010 1033798
4545 10010 1033889
303 10010 1034896
5937 10010 1035469
802 10010 1037695
5954 10010 1041524
148 10010 1042035
274 10010 1045677
303 10010 1049464
7519 10010 1049717
1663 10010 1049967
1016 10010 1050192
1016 10010 1050254
1663 10010 1050267
5937 10010 1050629
8052 10010 1050843
8052 10010 1051926
2365 10010 1054937
8052 10010 1057563
5423 10010 1057646
3605 10010 1063267
9006 10010 1068921
274 10010 1074139
4785 10010 1074316
3605 10010 1074706
2932 10376 1075015
274 10010 1077632
3605 10010 1083598
3474 10010 1087723
3605 10010 1091942
2241 10010 1093398
2241 10010 1095175
274 10010 1096636
274 10010 1098276
274 10010 1098610
802 10010 1098666
274 10010 1101944
1503 10010 1104204
2241 10010 1107072
6933 10010 1108662
148 10010 1111490
6933 10010 1112073
274 10010 1112800
6933 10010 1113427
1503 10010 1113456
802 10010 1115134
18 10010 1117123
274 10010 1118478
274 10010 1119196
8052 10010 1121424
8052 10010 1123439
8052 10010 1124221
274 10010 1124526
4545 10010 1125037
9006 10010 1125786
1335 10010 1126409
9419 10010 1126794
1113 10010 1127405
303 10010 1127671
5423 10010 1128478
8052 10010 1128589
8052 10010 1130232
274 10010 1132589
5937 10010 1132826
3106 10010 1133004
274 10010 1133891
3106 10010 1134348
274 10010 1134430
274 10010 1135281
9419 10010 1135849
802 10010 1135923
3106 10010 1135978
274 10010 1136203
274 10010 1137553
5954 10010 1137649
5954 10010 1138158
1770 10010 1138191
1663 10010 1138991
802 10010 1139288
3605 10010 1140073
158 10010 1140620
1770 10010 1141527
802 10010 1142390
6570 10010 1142839
1770 10010 1145585
158 10010 1146350
802 10010 1146459
8881 10010 1153006
3605 10010 1155679
8920 10010 1161136
8920 10010 1168994
2365 10010 1173322
1770 10010 1173682
9419 10010 1176899
8920 10010 1177355
8920 10010 1177495
9419 10010 1177855
274 10010 1178551
7245 10010 1180197
7245 10010 1180558
6933 10010 1182864
3605 10010 1183257
9419 10010 1183747
8052 10010 1183806
18 10010 1185967
7519 10010 1188069
8052 10010 1189416
274 10010 1189609
7245 10010 1191426
1663 10010 1192801
9419 10010 1193526
9419 10010 1196131
1503 10010 1197358
2325 10010 1197451
6933 10010 1197699
802 10010 1197968
1770 10010 1198342
802 10010 1200229
7245 10010 1200637
274 10010 1202523
801 10376 1203868
801 10376 1204481
8052 10010 1204974
3106 10010 1205288
9419 10010 1205481
8052 10010 1207039
8052 10010 1208141
9419 10010 1208495
8052 10010 1208896
9419 10010 1209968
158 10010 1210149
158 10010 1211186
4545 10010 1211233
303 10010 1212216
9419 10010 1212383
8671 10010 1212666
148 10010 1212864
148 10010 1213352
1663 10010 1213816
8052 10010 1213840
7245 10010 1214026
1503 10010 1214163
9419 10010 1214201
158 10010 1214500
1503 10010 1214744
1503 10010 1214960
5937 10010 1214995
158 10010 1215504
9419 10010 1215694
7245 10010 1215705
6570 10010 1216461
274 10010 1218058
158 10010 1218070
148 10010 1219188
148 10010 1219627
8858 10010 1219700
274 10010 1220902
6570 10010 1221499
3605 10010 1221618
158 10010 1222369
158 10010 1222659
158 10010 1223125
9419 10010 1223437
158 10010 1224291
274 10010 1224757
8881 10010 1224965
3605 10010 1225311
5937 10010 1225715
802 10010 1226016
9502 10010 1226112
9419 10010 1226194
8052 10010 1226388
9502 10010 1226736
274 10010 1227109
9502 10010 1227238
8858 10010 1227289
274 10010 1227455
9502 10010 1227947
8052 10010 1228130
8858 10010 1228169
274 10010 1228172
274 10010 1228325
274 10010 1228528
9502 10010 1228935
8052 10010 1229213
9502 10010 1229258
6570 10010 1229484
148 10010 1229880
9502 10010 1229997
9502 10010 1230269
9502 10010 1230448
9502 10010 1230680
6570 10010 1230682
158 10010 1230769
158 10010 1230806
158 10010 1230840
9502 10010 1230933
802 10010 1231396
8052 10010 1231629
9502 10010 1231793
9502 10010 1232007
158 10010 1232360
6570 10010 1233140
7519 10010 1233778
7519 10010 1234282
303 10010 1234522
274 10010 1235511
2241 10010 1235558
274 10010 1235689
274 10010 1235770
274 10010 1236323
274 10010 1237321
274 10010 1237708
158 10010 1237902
274 10010 1238305
158 10010 1239701
3474 10010 1251659
3474 10010 1252568
6933 10010 1253114
18 10010 1254132
3106 10010 1259663
9419 10010 1262154
9419 10010 1263031
3474 10010 1263133
3720 10010 1263990
7245 10010 1264568
1503 10010 1264979
2241 10010 1267911
18 10010 1267927
1770 10010 1268042
1770 10010 1268044
2241 10010 1268071
4045 10010 1268237
2241 10010 1268352
2241 10010 1268536
9419 10010 1269460
4045 10010 1269473
2241 10010 1269477
2241 10010 1269618
9419 10010 1270030
2241 10010 1270110
4045 10010 1270243
6933 10010 1270260
2241 10010 1270278
9419 10010 1270283
1770 10010 1270728
9419 10010 1270939
9419 10010 1271976
2241 10010 1272318
8052 10010 1273091
802 10010 1273100
9419 10010 1273214
802 10010 1273628
4045 10010 1275351
2241 10010 1278572
2241 10010 1279086
2241 10010 1279665
2241 10010 1280617
2241 10010 1281038
2325 10010 1281100
18 10010 1281272
2241 10010 1281575
1770 10010 1281628
2241 10010 1281739
9419 10010 1282246
9419 10010 1282811
2325 10010 1282934
2325 10010 1283314
1663 10010 1283870
1663 10010 1284925
2325 10010 1284984
2325 10010 1285069
9419 10010 1285182
9419 10010 1286369
7245 10010 1287100
1770 10010 1287137
3474 10010 1289956
148 10010 1291304
18 10010 1291514
1663 10010 1291514
5937 10010 1291979
3720 10010 1291996
3106 10010 1292337
3106 10010 1292785
18 10010 1293336
802 10010 1293773
9419 10010 1295057
8052 10010 1295497
4545 10010 1297141
9419 10010 1298994
6570 10010 1299174
148 10010 1300343
148 10010 1300584
9419 10010 1300980
148 10010 1300981
3474 10010 1301442
2365 10010 1301715
148 10010 1301789
1335 10010 1302406
7245 10010 1303458
1016 10010 1304251
8858 10010 1304734
3720 10010 1304815
1016 10010 1305078
3106 10010 1305810
6570 10010 1306107
1016 10010 1306395
1016 10010 1306440
1016 10010 1306502
1016 10010 1306532
9419 10010 1306560
1016 10010 1306973
9419 10010 1307037
1016 10010 1307101
1016 10010 1307489
1016 10010 1307600
1016 10010 1308101
802 10010 1308585
1016 10010 1308724
1335 10010 1309905
1016 10010 1310132
1016 10010 1311554
9419 10010 1313991
2325 10010 1314406
8671 10010 1315163
802 10010 1316188
8671 10010 1318233
8881 10010 1324501
3605 10010 1324651
303 10010 1325113
3605 10010 1330232
3605 10010 1335795
5937 10010 1338683
18 10010 1342482
1663 10010 1342949
7245 10010 1344979
8628 10376 1346472
3605 10010 1346656
8671 10010 1349426
3720 10010 1354512
2325 10010 1360447
802 10010 1360844
2325 10010 1361090
303 10010 1361156
2325 10010 1364088
9419 10010 1367716
1503 10010 1368905
7828 10010 1371841
1770 10010 1372340
9419 10010 1372467
9419 10010 1373006
7196 10010 1373343
9419 10010 1374351
9419 10010 1374665
5954 10010 1375618
9419 10010 1376244
9419 10010 1380139
4545 10010 1382260
8671 10010 1383275
4785 10010 1385669
9419 10010 1385967
7245 10010 1388049
3106 10010 1390133
9419 10010 1390778
3720 10010 1390779
1663 10010 1391453
8052 10010 1392801
7519 10010 1393823
5423 10010 1394068
5423 10010 1394589
5423 10010 1394702
5423 10010 1394751
1770 10010 1394811
5423 10010 1394837
5423 10010 1394914
5423 10010 1395131
5423 10010 1395339
5423 10010 1395406
5423 10010 1395797
1663 10010 1396120
6570 10010 1396853
8052 10010 1397195
1503 10010 1397302
303 10010 1397652
802 10010 1397883
303 10010 1399316
802 10010 1400933
8052 10010 1401345
3052 10010 1402532
3052 10010 1403260
3052 10010 1405427
3052 10010 1406282
3052 10010 1408168
3052 10010 1409938
3052 10010 1413684
4785 10010 1420078
3052 10010 1424861
9419 10010 1425898
7196 10010 1426400
7828 10010 1431795
7828 10010 1437529
3052 10010 1438740
3720 10010 1439492
303 10010 1439654
7245 10010 1446129
148 10010 1454058
9419 10010 1456193
802 10010 1456195
7245 10010 1460877
303 10010 1462415
9419 10010 1462487
303 10010 1463977
3052 10010 1464625
303 10010 1464662
4545 10010 1464843
4545 10010 1464941
9419 10010 1466490
1663 10010 1468025
1663 10010 1469095
1663 10010 1469279
8858 10010 1471298
8858 10010 1471667
1663 10010 1473947
3052 10010 1474362
5423 10010 1475425
8052 10010 1475542
9419 10010 1477162
8052 10010 1477647
8671 10010 1478401
8052 10010 1478505
9502 10010 1479076
9502 10010 1479196
9502 10010 1479732
9006 10010 1479915
9502 10010 1480130
9502 10010 1480726
9502 10010 1480994
9502 10010 1481278
9502 10010 1481632
8052 10010 1481951
9502 10010 1481966
3052 10010 1482569
9502 10010 1483006
9502 10010 1483553
8052 10010 1483963
9502 10010 1484349
3052 10010 1484745
9502 10010 1485076
3052 10010 1485371
1335 10010 1485693
3052 10010 1486317
5423 10010 1488572
8052 10010 1488821
8052 10010 1489144
8052 10010 1494822
274 10010 1506152
158 10010 1507256
158 10010 1507452
158 10010 1507452
9006 10010 1509727
8858 10010 1511979
8858 10010 1512341
3720 10010 1512645
9419 10010 1513917
6933 10010 1517838
2325 10010 1519144
274 10010 1519884
2365 10010 1521181
274 10010 1524227
1503 10010 1531259
802 10010 1534531
8858 10010 1537897
148 10010 1539822
274 10010 1539918
18 10010 1540704
9419 10010 1540828
8858 10010 1542025
158 10010 1542843
303 10010 1542897
274 10010 1544261
274 10010 1546516
7245 10010 1546568
3052 10010 1547013
4785 10010 1548177
4785 10010 1551411
4545 10010 1552936
3052 10010 1554299
274 10010 1554923
3052 10010 1555921
802 10010 1556460
3052 10010 1557099
4785 10010 1557755
274 10010 1558287
5423 10010 1558480
5423 10010 1559508
3052 10010 1559919
4785 10010 1560479
9419 10010 1560858
8052 10010 1560879
8052 10010 1561307
8052 10010 1561888
5423 10010 1561917
9006 10010 1562389
9006 10010 1562507
8052 10010 1562570
1335 10010 1562753
802 10010 1563781
9419 10010 1565693
274 10010 1565707
8052 10010 1566345
8052 10010 1566396
3052 10010 1566404
9502 10010 1566723
8052 10010 1566967
274 10010 1568095
8858 10010 1568249
274 10010 1568404
9502 10010 1569102
3052 10010 1569891
1335 10010 1570064
9502 10010 1570484
5423 10010 1570637
9419 10010 1570953
3052 10010 1571185
8858 10010 1571267
274 10010 1571321
5423 10010 1571571
1335 10010 1573630
3052 10010 1573772
8881 10010 1575089
3052 10010 1575315
8858 10010 1577052
3052 10010 1578390
8858 10010 1578502
2241 10010 1579383
2241 10010 1579431
3052 10010 1579742
5937 10010 1579835
1335 10010 1582223
3052 10010 1582441
2365 10010 1582745
1335 10010 1582767
3052 10010 1584015
3052 10010 1584825
5937 10010 1586597
2365 10010 1589149
3605 10010 1591115
2241 10010 1599009
5946 10902 1599316
3605 10010 1603604
8858 10010 1603961
274 10010 1605374
802 10010 1608398
6793 10376 1611169
2365 10010 1615834
7245 10010 1615870
7245 10010 1616036
8671 10010 1616316
1663 10010 1616669
7245 10010 1617093
7245 10010 1617889
7245 10010 1618743
802 10010 1619585
7828 10010 1621425
1503 10010 1621496
7828 10010 1621770
7828 10010 1623138
6933 10010 1623700
6933 10010 1625527
9419 10010 1625696
148 10010 1627944
6570 10010 1628662
9419 10010 1631331
158 10010 1632310
4785 10010 1632785
1503 10010 1633108
158 10010 1633112
7519 10010 1633461
18 10010 1633956
274 10010 1634488
8881 10010 1635761
1770 10010 1636032
3052 10010 1636094
18 10010 1636949
4545 10010 1637035
5937 10010 1637667
802 10010 1637852
3052 10010 1638121
274 10010 1638379
3052 10010 1639359
3605 10010 1639661
3052 10010 1640013
18 10010 1640531
3052 10010 1641125
4785 10010 1641493
3106 10010 1641616
303 10010 1643192
3720 10010 1643651
3720 10010 1644235
3720 10010 1645285
9419 10010 1646535
802 10010 1647959
4785 10010 1648448
802 10010 1649615
8052 10010 1651069
1663 10010 1652102
8052 10010 1653035
274 10010 1653283
274 10010 1654535
8052 10010 1654837
8052 10010 1655110
274 10010 1655316
9502 10010 1656183
1503 10010 1656667
274 10010 1656781
274 10010 1656886
9502 10010 1656939
5954 10010 1657179
9502 10010 1657710
9502 10010 1657893
9502 10010 1658516
274 10010 1658684
5423 10010 1658748
8052 10010 1660548
1503 10010 1661136
8881 10010 1661213
8052 10010 1662042
3605 10010 1663005
5937 10010 1674605
4785 10010 1675505
274 10010 1681554
3605 10010 1681759
3605 10010 1684444
9419 10010 1684967
274 10010 1688795
3720 10010 1691007
2325 10010 1694691
6570 10010 1695830
1503 10010 1696912
1503 10010 1697647
274 10010 1698170
2241 10010 1708465
802 10010 1708628
802 10010 1709660
1016 10010 1710114
1503 10010 1710638
6793 10376 1710684
9419 10010 1710724
7828 10010 1713624
7828 10010 1713891
7828 10010 1715342
7828 10010 1716345
7828 10010 1717009
18 10010 1717791
18 10010 1718179
1503 10010 1718983
8052 10010 1721248
8858 10010 1723346
8881 10010 1724966
6793 10376 1726969
802 10010 1727349
8858 10010 1728263
274 10010 1729120
9006 10010 1729311
18 10010 1729331
4545 10010 1729361
18 10010 1729765
3474 10010 1731335
6570 10010 1731856
6570 10010 1733261
8052 10010 1733458
8671 10010 1733640
3605 10010 1734440
274 10010 1734596
8858 10010 1735006
8858 10010 1736255
9419 10010 1738825
274 10010 1738999
274 10010 1740056
8052 10010 1741142
802 10010 1741590
5937 10010 1742618
802 10010 1742960
8671 10010 1743124
1770 10010 1743574
1770 10010 1743628
3052 10010 1744727
1770 10010 1744906
303 10010 1745998
8052 10010 1746041
274 10010 1746110
3474 10010 1747571
274 10010 1747810
3474 10010 1749307
274 10010 1752615
9006 10010 1758946
9006 10010 1761240
2241 10010 1767793
9419 10010 1772473
18 10010 1777919
9419 10010 1787408
3106 10010 1789868
3106 10010 1790766
1770 10010 1792580
6933 10010 1794737
802 10010 1795928
6933 10010 1796647
1503 10010 1798688
8858 10010 1799819
6570 10010 1800056
6933 10010 1803254
4785 10010 1804952
274 10010 1804983
4785 10010 1805187
9832 10010 1805490
7519 10010 1805796
3106 10010 1805836
8052 10010 1805879
4785 10010 1806037
9832 10010 1806567
274 10010 1807082
4785 10010 1807224
274 10010 1808052
274 10010 1808440
9419 10010 1808996
274 10010 1809114
9419 10010 1809290
802 10010 1809416
274 10010 1809795
274 10010 1811193
274 10010 1811818
148 10010 1811938
274 10010 1812205
3720 10010 1813634
4545 10010 1813801
8858 10010 1814605
303 10010 1816135
7519 10010 1817664
802 10010 1818002
3106 10010 1818007
274 10010 1818089
1503 10010 1819098
8858 10010 1820029
274 10010 1820039
274 10010 1820822
1663 10010 1820908
274 10010 1821418
8858 10010 1821667
274 10010 1822261
274 10010 1822926
274 10010 1823178
274 10010 1823700
274 10010 1823831
1335 10010 1824223
8052 10010 1824266
274 10010 1824695
3474 10010 1824820
3474 10010 1825057
8052 10010 1825101
274 10010 1825357
1335 10010 1826381
3474 10010 1826521
9419 10010 1826688
274 10010 1827326
1503 10010 1827494
9006 10010 1828044
274 10010 1828132
8858 10010 1828216
274 10010 1828583
3605 10010 1829918
274 10010 1829949
274 10010 1830437
1335 10010 1831189
1770 10010 1831618
5423 10010 1832091
5423 10010 1832457
274 10010 1832700
274 10010 1833177
274 10010 1833857
8052 10010 1834118
274 10010 1834164
8881 10010 1834541
7519 10010 1835725
1335 10010 1835830
8881 10010 1836499
802 10010 1837608
1335 10010 1838634
8881 10010 1840827
1335 10010 1843147
5423 10010 1844024
6933 10010 1850760
8858 10010 1852793
9006 10010 1855430
3605 10010 1856933
3720 10010 1857682
2241 10010 1863256
2241 10010 1864172
18 10010 1864181
2325 10010 1864548
7336 10010 1865239
5937 10010 1865991
3605 10010 1867336
18 10010 1868009
7519 10010 1868055
9419 10010 1868729
1503 10010 1869246
1503 10010 1869319
9854 10010 1870247
274 10010 1872420
274 10010 1873162
274 10010 1874439
9854 10010 1875229
3720 10010 1877364
8052 10010 1877513
1770 10010 1877615
802 10010 1879181
303 10010 1880024
303 10010 1880604
8052 10010 1881455
274 10010 1881582
274 10010 1882002
8858 10010 1882189
1770 10010 1883197
274 10010 1883283
1770 10010 1883516
274 10010 1883586
1663 10010 1885506
1663 10010 1885936
274 10010 1886033
3720 10010 1886461
274 10010 1887390
3720 10010 1887746
9419 10010 1888739
9854 10010 1888915
9854 10010 1889652
9854 10010 1891160
9854 10010 1891794
802 10010 1892316
9854 10010 1892588
8858 10010 1893315
9854 10010 1893756
9854 10010 1894208
9854 10010 1894895
274 10010 1895263
8858 10010 1895506
274 10010 1895954
9854 10010 1896359
274 10010 1897254
4545 10010 1897347
3106 10010 1898359
9854 10010 1898573
9854 10010 1898733
9854 10010 1900687
9854 10010 1901117
274 10010 1901348
7245 10010 1901775
18 10010 1901811
9854 10010 1902065
9854 10010 1902628
1770 10010 1903054
274 10010 1904195
9854 10010 1904322
7245 10010 1905485
9854 10010 1905493
8881 10010 1906157
3474 10010 1906596
1770 10010 1906889
274 10010 1907795
1503 10010 1907823
3106 10010 1907854
8858 10010 1907920
8052 10010 1907979
7519 10010 1908090
7519 10010 1908271
7519 10010 1909190
802 10010 1909260
274 10010 1909474
1770 10010 1910997
3605 10010 1911583
802 10010 1911905
274 10010 1912019
802 10010 1912229
3052 10010 1913225
1770 10010 1913285
1770 10010 1913997
3052 10010 1914191
9419 10010 1914452
274 10010 1914579
1770 10010 1915087
8881 10010 1915301
274 10010 1915551
1770 10010 1916038
274 10010 1916416
303 10010 1916443
1663 10010 1916493
1770 10010 1916936
274 10010 1917800
5937 10010 1917831
5937 10010 1918258
3605 10010 1918414
274 10010 1918885
303 10010 1919102
274 10010 1919448
802 10010 1919728
5954 10010 1919794
5954 10010 1919982
5954 10010 1920445
5954 10010 1921881
5954 10010 1922524
303 10010 1922548
5954 10010 1922783
3052 10010 1925967
274 10010 1926686
8881 10010 1928195
9006 10010 1930248
3052 10010 1931358
9006 10010 1931435
9006 10010 1932340
485 10010 1935499
485 10010 1940129
2365 10010 1940788
5937 10010 1940928
485 10010 1941314
274 10010 1941622
9419 10010 1945125
274 10010 1946034
9854 10010 1946605
274 10010 1947181
7245 10010 1953812
7828 10010 1954156
274 10010 1954855
9854 10010 1956343
6933 10010 1957063
274 10010 1957719
7245 10010 1957985
9854 10010 1959430
6933 10010 1959823
303 10010 1959874
1503 10010 1961688
485 10010 1962307
802 10010 1963623
485 10010 1964715
5954 10010 1965602
5946 10346 1965878
485 10010 1966124
4785 10010 1966131
2241 10010 1966523
2241 10010 1966727
2241 10010 1967110
4785 10010 1967761
9854 10010 1967834
5954 10010 1967931
485 10010 1969519
5946 10346 1969778
1335 10010 1974498
802 10010 1976733
6570 10010 1977019
9419 10010 1977208
7519 10010 1977671
3106 10010 1978439
8858 10010 1978446
7519 10010 1979180
148 10010 1979579
7519 10010 1980369
3106 10010 1980917
1503 10010 1980932
303 10010 1982487
274 10010 1982797
274 10010 1983227
3106 10010 1983329
274 10010 1983443
3106 10010 1983804
274 10010 1983823
9419 10010 1984102
274 10010 1984168
4545 10010 1984332
8052 10010 1984480
8052 10010 1984806
9419 10010 1984817
8052 10010 1985071
274 10010 1986116
3106 10010 1986680
9419 10010 1986794
3106 10010 1986878
8052 10010 1987786
18 10010 1987992
9854 10010 1988202
274 10010 1988246
18 10010 1988728
303 10010 1988919
802 10010 1989047
485 10010 1990053
802 10010 1990507
274 10010 1990508
8858 10010 1990975
274 10010 1991014
802 10010 1991374
8052 10010 1991395
274 10010 1991406
303 10010 1991810
8052 10010 1991896
8052 10010 1993397
1770 10010 1993442
303 10010 1994507
9419 10010 1994567
8052 10010 1994889
1663 10010 1995167
802 10010 1995205
303 10010 1995237
303 10010 1995873
9419 10010 1996308
303 10010 1996611
303 10010 1996984
303 10010 1997096
1663 10010 1997106
303 10010 1997744
303 10010 1998299
9832 10010 1999292
303 10010 1999353
8881 10010 1999437
8881 10010 2000736
9832 10010 2000775
7519 10010 2001096
1770 10010 2001125
485 10010 2001452
3605 10010 2001588
8052 10010 2002932
8881 10010 2003387
303 10010 2003695
1770 10010 2003892
303 10010 2004224
8881 10010 2004910
3605 10010 2005078
9832 10010 2005311
1770 10010 2005890
9854 10010 2006625
485 10010 2008942
485 10010 2012998
3605 10010 2013822
8881 10010 2014851
485 10010 2014853
2241 10010 2019164
9006 10010 2020025
3474 10010 2020523
485 10010 2021106
274 10010 2023941
4785 10010 2024590
274 10010 2025601
3978 10010 2028724
4785 10010 2029600
8858 10010 2031349
274 10010 2031649
3474 10010 2033659
2241 10010 2036215
2241 10010 2036489
303 10010 2038423
3720 10010 2039353
802 10010 2042382
485 10010 2042920
5946 10346 2043558
1503 10010 2043919
5946 10346 2044811
303 10010 2047093
2325 10010 2049582
6933 10010 2050742
2325 10010 2051591
6933 10010 2052878
274 10010 2052915
7828 10010 2053576
7828 10010 2054279
303 10010 2055459
6933 10010 2057973
303 10010 2058570
9419 10010 2059920
802 10010 2060144
9419 10010 2060254
1335 10010 2061202
7828 10010 2061484
6933 10010 2061612
303 10010 2062576
1335 10010 2062891
303 10010 2064023
274 10010 2064364
274 10010 2065720
303 10010 2065941
8858 10010 2065954
148 10010 2066203
9832 10010 2067963
3720 10010 2068514
7519 10010 2068680
4545 10010 2068828
8858 10010 2069227
18 10010 2072153
9419 10010 2074161
5954 10010 2076862
303 10010 2078165
9419 10010 2078281
274 10010 2078302
148 10010 2078503
1335 10010 2078957
3605 10010 2079532
1335 10010 2079695
3605 10010 2079987
3605 10010 2081330
1335 10010 2081744
1335 10010 2081882
274 10010 2082086
9832 10010 2082175
9419 10010 2082654
5937 10010 2082668
7519 10010 2082695
274 10010 2082702
1335 10010 2082949
274 10010 2083467
9832 10010 2084224
274 10010 2084370
1663 10010 2084466
274 10010 2084684
274 10010 2085113
303 10010 2085427
274 10010 2086270
9006 10010 2086645
274 10010 2086810
6570 10010 2086940
1770 10010 2086975
9832 10010 2087035
802 10010 2087506
274 10010 2087656
303 10010 2088427
274 10010 2089141
274 10010 2090060
5423 10010 2090273
5423 10010 2090911
802 10010 2090977
8052 10010 2091148
5423 10010 2091561
274 10010 2091939
5423 10010 2092090
274 10010 2092261
2325 10010 2092550
5423 10010 2092762
485 10010 2093387
274 10010 2093396
274 10010 2093964
9006 10010 2095931
9006 10010 2100378
158 10010 2106697
158 10010 2106902
274 10010 2111215
9832 10010 2118199
274 10010 2118954
3605 10010 2119666
18 10010 2125402
274 10010 2128059
274 10010 2128825
274 10010 2129727
274 10010 2130442
3605 10010 2130747
3720 10010 2131952
274 10010 2132155
274 10010 2132769
6933 10010 2132837
4045 10010 2132997
802 10010 2133249
6933 10010 2133760
158 10010 2133978
802 10010 2134772
158 10010 2134987
3720 10010 2135208
1503 10010 2136192
158 10010 2136470
9832 10010 2140153
274 10010 2140557
9832 10010 2140774
1503 10010 2140814
9832 10010 2141324
18 10010 2141739
2325 10010 2142638
18 10010 2142956
18 10010 2145940
1335 10010 2146018
1335 10010 2146681
9419 10010 2147300
802 10010 2147301
6933 10010 2148042
303 10010 2149085
1335 10010 2150049
5954 10010 2150653
9419 10010 2151403
6933 10010 2151469
485 10010 2151734
9419 10010 2152415
1663 10010 2152952
303 10010 2153109
1663 10010 2153359
303 10010 2153370
6933 10010 2153592
7828 10010 2154221
802 10010 2154764
9832 10010 2155910
9006 10010 2155953
485 10010 2156074
802 10010 2156096
4545 10010 2156479
3720 10010 2156666
9832 10010 2157115
3720 10010 2158832
485 10010 2159581
18 10010 2159789
485 10010 2160177
303 10010 2161869
18 10010 2162199
9832 10010 2162586
9832 10010 2162881
303 10010 2162886
8671 10010 2164268
303 10010 2164426
485 10010 2165379
4785 10010 2165629
9832 10010 2166748
6570 10010 2167909
8052 10010 2167995
9832 10010 2168160
303 10010 2168169
9832 10010 2168289
303 10010 2168771
274 10010 2169413
1770 10010 2169625
9832 10010 2169863
3106 10010 2170511
303 10010 2171067
8052 10010 2172154
303 10010 2172414
274 10010 2172424
9832 10010 2172519
9854 10010 2172797
8052 10010 2172843
485 10010 2173050
303 10010 2173284
9006 10010 2173348
274 10010 2173710
485 10010 2173844
9006 10010 2173893
303 10010 2173998
1770 10010 2174001
274 10010 2174224
8881 10010 2174447
303 10010 2174635
9419 10010 2175041
303 10010 2175143
274 10010 2175183
303 10010 2175502
9832 10010 2175525
9832 10010 2175992
274 10010 2176413
9832 10010 2176961
1770 10010 2177230
9832 10010 2177358
8052 10010 2178275
5423 10010 2178842
8881 10010 2179238
485 10010 2179847
8881 10010 2180021
485 10010 2180420
274 10010 2180472
303 10010 2180953
303 10010 2181263
274 10010 2181274
3605 10010 2181814
274 10010 2182350
1335 10010 2182417
303 10010 2182947
303 10010 2183894
303 10010 2184138
1335 10010 2184147
485 10010 2188086
485 10010 2188822
9006 10010 2194007
9006 10010 2194032
4785 10010 2197371
5946 10346 2197958
9006 10010 2199940
274 10010 2199998
158 10010 2200373
9419 10010 2201991
1770 10010 2202699
158 10010 2206370
18 10010 2208796
9832 10010 2209716
6570 10010 2212209
2365 10010 2213038
2325 10010 2213305
2325 10010 2214012
485 10010 2214558
9832 10010 2215749
485 10010 2216005
9832 10010 2216282
274 10010 2216380
9832 10010 2216634
274 10010 2216971
485 10010 2217452
9832 10010 2217519
9832 10010 2218590
18 10010 2218761
3720 10010 2220631
303 10010 2221357
1335 10010 2222447
9832 10010 2222730
2365 10010 2223664
1335 10010 2223987
4785 10010 2224299
4045 10010 2226638
7828 10010 2228257
4045 10010 2230894
9419 10010 2231251
2365 10010 2232245
802 10010 2233277
303 10010 2235446
1770 10010 2235833
3106 10010 2236102
18 10010 2236264
802 10010 2237336
303 10010 2237942
1335 10010 2238773
3106 10010 2240790
9832 10010 2241147
9832 10010 2242320
3106 10010 2242818
4545 10010 2243103
274 10010 2243179
148 10010 2243698
9832 10010 2243776
303 10010 2244049
274 10010 2244144
303 10010 2244958
18 10010 2245932
9832 10010 2246073
303 10010 2247746
303 10010 2248514
303 10010 2248961
3106 10010 2249119
8052 10010 2249151
303 10010 2250099
303 10010 2250517
303 10010 2250865
3605 10010 2251320
303 10010 2251574
8052 10010 2252139
9832 10010 2252433
303 10010 2252603
6570 10010 2253070
303 10010 2253091
303 10010 2254001
9832 10010 2254278
1335 10010 2254725
303 10010 2254807
9832 10010 2254840
1663 10010 2255206
9832 10010 2255457
303 10010 2255582
9832 10010 2255802
274 10010 2256529
9832 10010 2256583
8881 10010 2256679
274 10010 2257057
274 10010 2257216
1770 10010 2259175
7519 10010 2259365
1335 10010 2259588
2325 10010 2260131
1335 10010 2260322
9006 10010 2261014
303 10010 2261381
1335 10010 2262599
274 10010 2263099
3605 10010 2263816
1503 10010 2263912
9854 10010 2265186
1335 10010 2265915
9006 10010 2266275
1335 10010 2266379
5954 10010 2266416
485 10010 2266919
303 10010 2267069
9006 10010 2267607
9006 10010 2268370
3605 10010 2269762
1335 10010 2269885
1335 10010 2270289
9006 10010 2271146
3474 10010 2281349
274 10010 2283376
1016 10010 2289255
274 10010 2292194
3605 10010 2293551
274 10010 2296619
18 10010 2296679
6570 10010 2297931
6933 10010 2298650
6570 10010 2299408
303 10010 2299611
158 10010 2300233
274 10010 2302470
6933 10010 2302763
274 10010 2304345
274 10010 2304847
8052 10010 2306853
1770 10010 2306882
8052 10010 2307032
8052 10010 2308390
1335 10010 2310618
7828 10010 2311628
4045 10010 2313422
7828 10010 2314112
6933 10010 2315174
1335 10010 2315366
802 10010 2316625
7828 10010 2317472
7828 10010 2317768
6933 10010 2317937
802 10010 2318050
7828 10010 2318664
7828 10010 2319205
6933 10010 2319244
4045 10010 2319982
9419 10010 2320158
9832 10010 2320882
7828 10010 2322085
274 10010 2323168
9006 10010 2323378
3106 10010 2324081
9419 10010 2324103
274 10010 2326696
1770 10010 2326873
303 10010 2329178
158 10010 2329561
4545 10010 2329585
9832 10010 2330177
9006 10010 2330455
303 10010 2330897
3106 10010 2331011
2365 10010 2331114
485 10010 2331341
303 10010 2331669
3106 10010 2332223
9832 10010 2333072
802 10010 2333360
1335 10010 2333425
9832 10010 2335191
274 10010 2335493
274 10010 2336083
303 10010 2336847
485 10010 2337600
303 10010 2337639
274 10010 2337813
9006 10010 2338663
9832 10010 2339006
3605 10010 2340397
1335 10010 2341255
1335 10010 2341700
802 10010 2341820
274 10010 2342240
802 10010 2342811
1335 10010 2343967
303 10010 2344005
3106 10010 2344208
802 10010 2344397
802 10010 2345417
1335 10010 2345918
274 10010 2345924
7519 10010 2346063
274 10010 2346309
274 10010 2346518
1335 10010 2347268
274 10010 2347341
1335 10010 2347805
274 10010 2347873
303 10010 2348241
303 10010 2349008
303 10010 2349141
3605 10010 2350952
485 10010 2351046
3605 10010 2351548
303 10010 2351666
9006 10010 2352415
2325 10346 2354662
2365 10010 2355847
485 10010 2355891
485 10010 2361802
485 10010 2372423
158 10010 2375828
485 10010 2378459
1016 10010 2380916
303 10010 2384226
8858 10010 2384484
9832 10010 2385330
18 10631 2385550
9832 10010 2386234
303 10010 2386767
1016 10010 2386789
18 10631 2387011
274 10010 2387550
9832 10010 2387875
2325 10010 2389371
9419 10010 2390067
485 10010 2391150
802 10010 2391236
303 10010 2391379
1663 10010 2391972
9832 10010 2392277
485 10010 2393392
8052 10010 2394251
802 10010 2394539
8052 10010 2395245
1335 10010 2395377
303 10010 2396311
5954 10010 2396423
158 10010 2396695
9419 10010 2396825
158 10010 2396840
303 10010 2397745
5954 10010 2397786
9419 10010 2398079
2325 10010 2398242
9419 10010 2399191
9419 10010 2399627
4045 10010 2400515
5954 10010 2400579
148 10010 2400895
485 10010 2401226
6933 10010 2402443
6933 10010 2403278
802 10010 2403793
8671 10010 2404052
6933 10010 2405018
303 10010 2405190
148 10010 2405424
6933 10010 2405975
6933 10010 2406681
9419 10010 2407319
9832 10010 2408531
8858 10010 2408637
274 10010 2409307
6933 10010 2410109
303 10010 2410668
274 10010 2412322
4545 10010 2412771
274 10010 2412866
274 10010 2414312
303 10010 2414802
9832 10010 2414819
1663 10010 2415489
6933 10010 2415638
9832 10010 2416359
274 10010 2416994
303 10010 2417480
274 10010 2417742
3106 10010 2417879
8052 10010 2418275
303 10010 2418336
8052 10010 2418669
303 10010 2418683
274 10010 2418785
303 10010 2418792
158 10010 2419067
274 10010 2419260
274 10010 2419623
274 10010 2419786
303 10010 2420864
1016 10010 2421231
9419 10010 2421272
1016 10010 2421564
274 10010 2421924
18 10631 2422931
9832 10010 2423008
9006 10010 2423412
303 10010 2424106
3106 10010 2424645
303 10010 2424748
9825 10010 2424953
9825 10010 2425624
802 10010 2426111
274 10010 2426759
303 10010 2426833
303 10010 2427334
9825 10010 2428095
1335 10010 2428319
8052 10010 2428566
303 10010 2428573
303 10010 2428599
303 10010 2429175
274 10010 2429245
303 10010 2429383
274 10010 2429501
9832 10010 2430295
303 10010 2430751
9832 10010 2430952
303 10010 2431505
8052 10010 2431557
3605 10010 2431826
303 10010 2431958
1335 10010 2432033
3605 10010 2432355
3605 10010 2433336
303 10010 2433527
1770 10010 2434701
3605 10010 2434821
3605 10010 2434908
8052 10010 2434999
5423 10010 2435086
5423 10010 2435253
274 10010 2435348
303 10010 2435354
5423 10010 2435468
4785 10010 2435471
274 10010 2435904
303 10010 2435946
303 10010 2436274
303 10010 2436736
303 10010 2436887
303 10010 2437193
274 10010 2437306
1663 10010 2437774
303 10010 2437866
274 10010 2437939
9419 10010 2437995
303 10010 2438242
8671 10010 2438434
1663 10010 2438638
485 10010 2438638
9419 10010 2439046
1016 10010 2439952
274 10010 2439967
274 10010 2440236
1016 10010 2440496
1503 10010 2440931
274 10010 2441074
1770 10010 2441222
1016 10010 2441808
2325 10010 2441981
9419 10010 2442305
8052 10010 2443988
8881 10010 2445537
303 10010 2445551
8881 10010 2446671
5423 10010 2446879
5423 10010 2447161
1770 10010 2448262
8881 10010 2448885
8881 10010 2450693
2325 10010 2461989
3605 10010 2462619
9419 10010 2464316
1016 10010 2465678
6933 10010 2465997
1016 10010 2468583
6933 10010 2470752
9419 10010 2471560
1016 10010 2471633
303 10010 2472733
274 10010 2473188
8858 10010 2474933
303 10010 2476149
8858 10010 2476294
8858 10010 2476723
3106 10010 2477322
6933 10010 2477613
274 10010 2478416
303 10010 2478420
6933 10010 2478627
18 10010 2478865
303 10010 2479251
4045 10010 2479595
6933 10010 2480865
2365 10010 2481550
1016 10010 2483242
1335 10010 2483457
303 10010 2483913
8052 10010 2484049
5954 10010 2484997
1770 10010 2486491
9832 10010 2486809
274 10010 2487657
9832 10010 2488881
9419 10010 2488929
303 10010 2489163
303 10010 2490962
9832 10010 2492499
303 10010 2492896
8052 10010 2493506
303 10010 2494506
18 10631 2494896
6933 10010 2496189
485 10010 2497121
303 10010 2497273
1503 10010 2497448
9825 10010 2497715
485 10010 2498041
1335 10010 2498077
9825 10010 2498181
9825 10010 2498707
485 10010 2499230
5954 10010 2500047
485 10010 2500150
1770 10010 2500320
485 10010 2501134
2365 10010 2501281
4545 10010 2501652
303 10010 2502132
9825 10010 2502140
274 10010 2502392
18 10010 2502878
9825 10010 2502960
485 10010 2503247
9825 10010 2503832
485 10010 2504049
9419 10010 2504632
485 10010 2504843
9825 10010 2505286
485 10010 2505806
18 10010 2505828
485 10010 2506208
802 10010 2506378
1770 10010 2507299
8052 10010 2507442
9825 10010 2507908
1663 10010 2507945
5423 10010 2508027
9825 10010 2509628
9825 10010 2509796
1335 10010 2510283
9419 10010 2510349
8052 10010 2510380
9825 10010 2510399
18 10010 2510625
303 10010 2510680
3605 10010 2511023
8052 10010 2512020
303 10010 2512214
9825 10010 2512361
8052 10010 2512617
4785 10010 2512965
9825 10010 2513387
485 10010 2514264
8881 10010 2514494
9825 10010 2514781
9825 10010 2515342
274 10010 2515404
9832 10010 2516032
5937 10010 2516086
303 10010 2516121
274 10010 2516158
274 10010 2516291
303 10010 2516374
485 10010 2516504
274 10010 2516569
303 10010 2516901
9825 10010 2516919
303 10010 2517102
8052 10010 2517152
303 10010 2517389
9825 10010 2517614
303 10010 2517815
274 10010 2517935
8052 10010 2518114
303 10010 2518153
5423 10010 2518247
9825 10010 2518464
303 10010 2518529
9825 10010 2518535
274 10010 2518662
274 10010 2518711
303 10010 2518888
1016 10010 2518916
9825 10010 2518965
8052 10010 2519013
9825 10010 2519428
9832 10010 2519433
9825 10010 2519626
303 10010 2519964
148 10010 2520312
8052 10010 2520830
274 10010 2520865
303 10010 2520967
8881 10010 2520982
274 10010 2521099
9832 10010 2521167
5423 10010 2521277
274 10010 2521520
148 10010 2521761
303 10010 2522277
7519 10010 2522460
148 10010 2523112
7519 10010 2523398
274 10010 2523633
274 10010 2523956
148 10010 2524008
9832 10010 2524031
274 10010 2524150
274 10010 2524526
9832 10010 2524811
8052 10010 2524954
485 10010 2525049
274 10010 2525668
3605 10010 2525857
274 10010 2526498
8052 10010 2527043
274 10010 2527142
9832 10010 2527216
274 10010 2527376
274 10010 2527628
485 10010 2527894
274 10010 2528034
8052 10010 2528037
274 10010 2528084
9832 10010 2528090
485 10010 2528103
274 10010 2528245
274 10010 2528489
9832 10010 2528871
274 10010 2529081
485 10010 2529157
485 10010 2529258
274 10010 2529595
274 10010 2529901
485 10010 2530379
274 10010 2530407
274 10010 2530667
274 10010 2530878
18 10010 2530996
485 10010 2531287
9832 10010 2531526
274 10010 2531704
8052 10010 2531911
485 10010 2531945
485 10010 2532327
8052 10010 2532598
3605 10010 2532653
3605 10010 2533299
274 10010 2533440
485 10010 2533771
485 10010 2534386
274 10010 2534636
485 10010 2534766
8881 10010 2534788
485 10010 2535255
274 10010 2535351
485 10010 2535584
485 10010 2535787
274 10010 2535992
3605 10010 2536029
485 10010 2536111
274 10010 2536156
9825 10010 2536331
485 10010 2536342
274 10010 2536510
274 10010 2536900
274 10010 2538085
485 10010 2538528
274 10010 2538593
6933 10010 2539994
274 10010 2540544
6933 10010 2541125
6933 10010 2541392
274 10010 2541579
274 10010 2542529
6933 10010 2542702
3605 10010 2543052
485 10010 2543901
8052 10010 2543993
485 10010 2544111
18 10010 2544426
485 10010 2545454
274 10010 2545849
9825 10010 2547265
9825 10010 2547603
9825 10010 2549087
9825 10010 2549145
6933 10010 2549944
3605 10010 2550679
9825 10010 2550978
485 10010 2551878
274 10010 2553502
274 10010 2555164
1503 10010 2555446
1503 10010 2555909
274 10010 2556294
274 10010 2556694
274 10010 2557180
9825 10010 2559411
303 10010 2560269
303 10010 2561145
274 10010 2561594
9825 10010 2562013
2365 10010 2562365
274 10010 2563289
303 10010 2565066
2365 10010 2566540
274 10010 2566573
303 10010 2567199
1503 10010 2567397
9825 10010 2569253
9825 10010 2569601
9825 10010 2569655
5946 10346 2569884
303 10010 2570629
274 10010 2572424
802 10010 2572960
274 10010 2575026
274 10010 2575739
7828 10010 2575941
6933 10010 2576381
1503 10010 2576456
303 10010 2576861
303 10010 2577377
303 10010 2577829
7828 10010 2577885
303 10010 2578131
4785 10010 2578137
303 10010 2579740
303 10010 2580287
9825 10010 2581311
303 10010 2581495
303 10010 2581816
3720 10010 2582397
9825 10010 2582431
303 10010 2582459
6933 10010 2582851
303 10010 2583008
9825 10010 2583077
148 10010 2583452
2325 10010 2583858
9419 10010 2584122
9825 10010 2584578
303 10010 2585550
303 10010 2586317
8052 10010 2586723
9825 10010 2587019
9825 10010 2587140
9825 10010 2587448
303 10010 2587534
9825 10010 2587934
8858 10010 2588446
303 10010 2588609
9825 10010 2588637
303 10010 2588999
9825 10010 2589370
802 10010 2589431
9825 10010 2589738
303 10010 2589745
18 10010 2589789
18 10010 2590166
9825 10010 2590233
303 10010 2590283
274 10010 2590428
18 10010 2590590
9825 10010 2590612
303 10010 2590636
9419 10010 2590892
8858 10010 2590986
9825 10010 2591164
6933 10010 2591205
303 10010 2591214
4545 10010 2592585
1770 10010 2593555
485 10010 2594153
9825 10010 2594346
303 10010 2594532
8671 10010 2594599
3106 10010 2594733
3474 10010 2594896
274 10010 2595173
1770 10010 2595593
274 10010 2595606
274 10010 2596050
4785 10010 2596601
274 10010 2596779
274 10010 2597276
274 10010 2597522
9419 10010 2597781
802 10010 2597918
274 10010 2598370
274 10010 2598781
9419 10010 2599102
8052 10010 2599393
5954 10010 2599545
485 10010 2599851
274 10010 2600027
274 10010 2600194
485 10010 2600482
9825 10010 2600705
8052 10010 2600751
274 10010 2600780
9825 10010 2601240
5937 10010 2601330
274 10010 2601554
8052 10010 2601569
9825 10010 2601905
274 10010 2601907
8052 10010 2602008
9825 10010 2602438
303 10010 2602590
274 10010 2602778
485 10010 2602959
274 10010 2603111
303 10010 2603715
1663 10010 2603803
1503 10010 2604056
6570 10010 2604138
9825 10010 2604372
1770 10010 2604372
303 10010 2604401
9825 10010 2604902
303 10010 2605062
802 10010 2605366
303 10010 2605376
274 10010 2605527
303 10010 2605589
1770 10010 2605635
9825 10010 2605731
274 10010 2605750
9825 10010 2605865
303 10010 2605931
274 10010 2606039
303 10010 2606355
485 10010 2606388
303 10010 2606796
8881 10010 2607059
485 10010 2607102
9825 10010 2607160
274 10010 2607160
274 10010 2607440
303 10010 2607533
303 10010 2607860
303 10010 2608244
274 10010 2608246
303 10010 2608756
158 10010 2608829
274 10010 2609025
303 10010 2609322
8881 10010 2609843
1663 10010 2609986
2365 10010 2610496
274 10010 2610728
1335 10010 2611606
3474 10010 2612600
1335 10010 2612961
8052 10010 2613904
158 10010 2614868
485 10010 2620292
485 10010 2621426
9006 10010 2624385
3605 10010 2628973
3605 10010 2631342
1016 10010 2636103
9825 10010 2636509
3605 10010 2638049
9825 10010 2638218
18 10010 2638327
9825 10010 2639402
274 10010 2639984
3605 10010 2640844
158 10010 2642833
274 10010 2643301
9825 10010 2644017
9825 10010 2644329
6933 10010 2644485
274 10010 2645011
274 10010 2645524
9825 10010 2645588
6933 10010 2646235
303 10010 2647653
1503 10010 2648940
7828 10010 2652023
1335 10010 2652413
274 10010 2652480
7828 10010 2652537
2365 10010 2652854
303 10010 2653424
274 10010 2654004
9825 10010 2654083
9825 10010 2654212
9825 10010 2654719
303 10010 2657251
274 10010 2659462
9825 10010 2659764
7828 10010 2660003
274 10010 2660014
158 10010 2660746
4045 10010 2660947
1663 10010 2661864
274 10010 2661945
1503 10010 2662512
274 10010 2662867
303 10010 2663136
9419 10010 2663172
7828 10010 2663173
274 10010 2664032
802 10010 2664416
274 10010 2664510
5946 10010 2664583
1503 10010 2664804
1663 10010 2664869
1663 10010 2664947
18 10010 2665383
303 10010 2665568
158 10010 2665623
274 10010 2666252
2365 10010 2666295
274 10010 2667321
274 10010 2667540
274 10010 2669500
9825 10010 2670042
274 10010 2670093
274 10010 2670569
274 10010 2670989
1016 10010 2671415
8881 10010 2672115
274 10010 2672187
303 10010 2672838
1503 10010 2674284
303 10010 2675918
303 10010 2676223
303 10010 2676428
18 10010 2676783
303 10010 2678361
