1437 10182 15748
1164 10659 48044
3424 10406 54406
4664 10406 80808
208 10406 91820
5715 10182 131390
1437 10182 140311
5715 10182 146034
1437 10182 148316
861 10181 156737
6280 10181 181445
6760 10478 181791
6760 10478 182405
1164 10659 195426
861 10181 196491
5715 10182 208417
5715 10182 216094
861 10181 241413
861 10181 241531
1164 10659 285884
7732 10182 303474
7732 10182 303493
5715 10182 308467
6760 10406 315153
5715 10182 318654
1437 10182 320135
7732 10182 330926
7732 10182 332122
7732 10182 336306
4664 10011 344067
7049 10406 346157
5715 10182 367351
6979 10011 378246
7732 10182 391121
7732 10182 391337
8137 10406 392534
5715 10182 414093
6280 10181 416995
5475 10181 416998
861 10181 444509
1437 10182 448705
1164 10659 463411
5715 10182 474423
1496 10629 490800
5715 10182 533261
6280 10181 541157
5475 10181 541161
5715 10182 560150
6760 10406 568124
5715 10182 641209
7732 10182 664099
7049 10406 665462
5715 10182 731391
861 10181 735554
6007 10182 736316
1164 10659 738116
7732 10182 741671
7732 10182 758342
5715 10182 805465
7732 10182 832462
7732 10182 833756
7732 10182 845317
7732 10182 845333
7732 10182 845376
7732 10182 845425
7732 10182 845604
5715 10182 894331
7732 10182 910373
7732 10182 910412
7732 10182 910862
5715 10182 916122
6490 10011 917633
1437 10182 924397
1437 10182 940752
1437 10182 940777
1437 10182 959946
1164 10659 995370
1437 10182 1009439
1164 10659 1018180
7422 10182 1026819
1437 10182 1050447
7049 10406 1117351
5715 10182 1158079
5715 10182 1167973
5715 10182 1195559
4126 10011 1198657
6646 10011 1212706
5715 10182 1247231
7732 10182 1295306
7732 10182 1342229
7732 10182 1342266
7732 10182 1342299
7732 10182 1342326
7732 10182 1344710
7732 10182 1344782
7732 10182 1350825
7732 10182 1364519
1437 10182 1382706
7633 10011 1389366
8902 10659 1415614
861 10704 1421461
1437 10182 1440332
7732 10182 1515539
7732 10182 1515569
7732 10182 1515698
7732 10182 1515734
1437 10182 1517957
4648 10182 1558328
7732 10182 1600808
7732 10182 1600843
5715 10182 1601458
5715 10182 1612824
1437 10182 1616826
7732 10182 1688779
7732 10182 1688803
7732 10182 1689401
7732 10182 1689425
7732 10182 1689526
2661 10406 1695396
4664 10011 1711171
4664 10011 1712571
4512 10011 1724970
9185 10182 1741954
9155 10181 1748748
5715 10182 1769890
7422 10182 1797608
5715 10182 1797971
9155 10181 1823983
4204 10011 1830964
7049 10406 1849985
1437 10182 1874675
2064 10011 1888029
5715 10182 1902331
7732 10182 1947698
5715 10182 1955869
1437 10182 1964498
7732 10182 2032479
7732 10182 2032537
7732 10182 2032600
7732 10182 2033225
7732 10182 2039852
7732 10182 2039885
1437 10182 2040890
1437 10182 2062060
7732 10182 2119899
7732 10182 2119974
7732 10182 2120025
7732 10182 2120250
5715 10182 2121996
7732 10182 2126621
7732 10182 2129253
3424 10011 2135460
3424 10011 2137699
7732 10182 2138242
7732 10182 2138270
7732 10182 2140153
5715 10182 2142656
7732 10182 2211885
1437 10182 2221443
7764 10182 2284548
7732 10182 2292425
3731 10011 2317817
5715 10182 2337740
5715 10182 2370400
3424 10011 2371477
5715 10182 2410230
5715 10182 2461183
6760 10406 2476905
5715 10182 2509313
7764 10182 2545441
5715 10182 2547040
1437 10182 2564039
1437 10182 2564807
1437 10182 2567879
1437 10182 2571315
7732 10182 2630081
7732 10182 2630095
7732 10182 2630133
7732 10182 2630156
7732 10182 2636248
7732 10182 2636408
1437 10182 2642539
1437 10182 2658261
1437 10182 2664277
7732 10182 2667182
