3466 10140 157816
3466 10140 158437
3466 10140 159739
3466 10140 160664
1724 10140 456545
9965 10289 2263234
9965 10289 2263837
9965 10289 2265076
9965 10289 2287474
9965 10289 2288078
9965 10289 2288940
9965 10289 2289430
9965 10289 2353431
9965 10289 2465556
9965 10289 2466788
9965 10289 2468287
9965 10289 2469317
9965 10289 2471039
9965 10289 2472136
9965 10289 2472727
9965 10289 2474808
9965 10289 2476664
9965 10289 2477239
9965 10289 2478861
9965 10289 2479626
9965 10289 2480382
9965 10289 2480980
9965 10289 2482311
9965 10289 2482612
9965 10289 2483010
9965 10289 2483136
9965 10289 2483254
9965 10289 2483880
9965 10289 2484994
9965 10289 2486225
9965 10289 2486307
9965 10289 2486360
9965 10289 2487120
9965 10289 2489676
9965 10289 2490556
9965 10289 2490677
9965 10289 2491458
9965 10289 2492010
9965 10289 2492211
9965 10289 2492293
9965 10289 2492367
9965 10289 2524426
9965 10289 2526039
9965 10289 2526103
9965 10289 2577411
9965 10289 2577460
9965 10289 2577531
9965 10289 2632839
9965 10289 2632858
9965 10289 2659622
9965 10289 2659659
9965 10289 2659708
9965 10289 2659747
9965 10289 2660092
9965 10289 2660167
9965 10289 2660213
9965 10289 2660261
