134 10178 28798
3555 10178 56682
134 10178 97447
5743 10042 138692
6032 10178 142358
4046 10340 148490
6656 10340 170265
134 10572 266602
134 10178 276925
134 10178 288215
134 10178 288259
1143 10340 314544
1143 10340 320613
5933 10042 325984
3844 10352 341654
134 10178 415523
7187 10340 435777
134 10178 453814
7070 10178 457887
1143 10340 498901
1143 10340 562241
4189 10947 570180
8519 10178 597445
134 10178 633373
3238 10178 651729
7740 10114 723429
7740 10114 724501
134 10178 753575
3238 10178 753847
4818 10340 820399
134 10178 880559
8015 10572 889102
8015 10572 1079816
6954 10954 1103005
134 10178 1110438
7096 10340 1112307
134 10178 1117570
134 10178 1146202
134 10178 1222417
8015 10572 1301946
134 10178 1318026
134 10178 1319920
134 10178 1385512
6954 10954 1413043
7096 10340 1457868
7096 10340 1459323
6228 10114 1543341
5152 10178 1660836
7096 10340 1718199
7505 10352 1718387
6954 10954 1758232
7096 10340 1761062
7096 10340 1796405
7096 10340 1806261
914 10178 1815247
4049 10352 1819931
7096 10340 1849657
7096 10340 1878057
7096 10340 1975698
7096 10340 1977007
914 10178 1977049
4296 10042 1980752
6656 10340 1984459
4801 10114 2007610
3238 10178 2039549
7096 10340 2052723
7096 10340 2059426
1391 10572 2106686
1994 10042 2108538
7096 10340 2231263
4046 10340 2234524
8867 10572 2342172
5067 10178 2368818
3238 10954 2470547
4818 10340 2548080
6656 10340 2672672
