771 10038 6666
1813 10038 22931
1734 10243 23182
1734 10243 23254
1734 10243 23322
1734 10243 23497
1734 10243 23578
2113 10243 29167
2113 10243 30076
1813 10038 30434
1813 10038 44848
771 10038 59531
2113 10243 59908
2113 10243 60784
2113 10243 61555
2113 10243 62562
2113 10243 63216
2113 10243 64767
2113 10243 65439
2113 10243 66207
2113 10243 67597
4240 10038 78995
1399 10038 83627
1813 10038 88351
1813 10038 94939
2113 10243 103002
2113 10243 103775
771 10038 108506
1813 10038 109630
2113 10243 109906
2113 10243 111321
2113 10243 111964
2113 10243 112655
771 10038 113264
2113 10243 113338
2113 10243 115175
2113 10243 115781
2113 10243 121740
2113 10243 123411
771 10038 123600
771 10038 127638
1813 10038 132158
771 10038 140046
771 10038 140093
771 10038 140133
771 10038 140180
771 10038 140275
771 10038 140708
771 10038 140998
4345 10038 141167
771 10038 141613
6071 10038 143646
1399 10038 144210
1399 10038 144260
1813 10038 146533
771 10038 146936
4015 10180 153795
1813 10038 154454
6399 10038 156556
1813 10038 161876
6399 10038 168391
1813 10038 168723
6399 10038 171327
1813 10038 175633
1813 10038 182845
1813 10038 190035
771 10038 195543
1813 10038 198735
771 10038 201939
771 10038 206484
771 10038 210436
1813 10038 211962
771 10038 214105
771 10038 214354
771 10038 215038
771 10038 215937
771 10038 216885
771 10038 221698
771 10038 226214
1813 10038 226383
4345 10038 229255
771 10038 231506
1813 10038 233831
6071 10038 236167
771 10038 240356
1813 10038 241033
771 10038 243739
1399 10038 244499
6399 10038 245671
1813 10038 248857
2113 10243 250711
1813 10038 255731
2113 10243 256546
5008 10038 258109
1813 10038 262651
1813 10038 266249
2113 10243 266898
2113 10243 267592
1813 10038 269835
771 10038 276926
2113 10243 277554
2113 10243 280099
2113 10243 281152
771 10038 281263
771 10038 281537
771 10038 281826
771 10038 284120
771 10038 285719
1813 10038 286048
1734 10243 286654
1734 10243 286724
1734 10243 286790
1734 10243 286930
1734 10243 287014
771 10038 287135
771 10038 290619
1813 10038 299221
2113 10243 304826
1813 10038 306450
6399 10038 309499
6071 10038 312502
2113 10243 313057
2113 10243 314419
771 10038 320063
1813 10038 321162
771 10038 329962
1399 10038 333535
1399 10038 334439
1399 10038 334556
1813 10038 335609
1399 10038 340659
1734 10243 355810
1734 10243 356000
1734 10243 356091
1734 10243 356274
1734 10243 356436
1813 10038 357433
5098 10096 358604
771 10038 360849
771 10038 361386
1813 10038 372149
771 10038 373815
771 10038 378672
1813 10038 379232
771 10038 394124
5098 10096 400147
771 10038 400248
1813 10038 400845
1523 10243 404756
771 10038 407895
1813 10038 408403
1813 10038 415514
771 10038 416368
5098 10096 423323
1813 10038 423344
2113 10243 423723
6399 10038 426212
2113 10243 426591
2113 10243 427511
6399 10038 428771
2113 10243 429763
1813 10038 429922
8308 10243 433227
2113 10243 445802
2113 10243 449523
2113 10243 450593
771 10038 454409
5988 10038 464753
1813 10038 466833
1813 10038 474017
7328 10038 474526
771 10038 479754
1813 10038 481249
5098 10096 487581
1813 10038 488486
94 10038 492134
7814 10259 494591
1813 10038 495326
771 10038 498719
1813 10038 503165
1813 10038 510327
6399 10038 516831
468 10259 517264
1813 10038 524723
5098 10096 530409
2113 10243 531785
1813 10038 546326
2113 10243 551235
2113 10243 551867
2113 10243 552556
8308 10243 555844
2113 10243 555919
8308 10243 556066
8308 10243 556118
1813 10038 561652
2113 10243 563266
2113 10243 564029
2113 10243 564882
771 10038 568297
771 10038 568360
1813 10038 568501
1813 10038 575714
2113 10243 582092
1813 10038 582926
1813 10038 590117
1399 10038 593543
1399 10038 593874
5098 10096 594256
2113 10243 595218
1813 10038 597932
2113 10243 598182
2113 10243 599160
1813 10038 605460
1813 10038 612022
1734 10243 627755
1734 10243 627857
1734 10243 627908
1734 10243 627982
1734 10243 628105
1813 10038 633561
2113 10243 639445
2113 10243 640308
1813 10038 640765
771 10038 645903
1813 10038 648286
4015 10243 651069
5098 10096 651106
771 10038 654773
1813 10038 656067
8308 10243 657748
1813 10038 663572
1813 10038 670744
4898 10665 675142
4898 10665 675830
1813 10038 677367
1813 10038 684870
6399 10038 685496
1813 10038 692075
2113 10243 694662
2113 10243 695396
2113 10243 696656
1813 10038 699549
1813 10038 706455
5098 10096 707486
1734 10243 716695
1734 10243 716757
1734 10243 716814
1734 10243 716951
1734 10243 717040
1813 10038 721138
1813 10038 728645
5098 10096 738948
1813 10038 750050
4898 10665 750273
4898 10665 750387
771 10038 757193
1813 10038 757771
2113 10243 759143
2113 10243 759917
771 10038 761501
2113 10243 764677
5098 10096 765954
2113 10243 771379
1813 10038 771849
4898 10665 772231
2113 10243 772358
2113 10243 773101
2113 10243 774561
2113 10243 776272
6399 10038 779058
2113 10243 779129
2113 10243 782046
6399 10038 782124
1734 10243 798421
1734 10243 798612
1734 10243 798659
1734 10243 798722
1734 10243 798799
4240 10038 802688
1734 10243 805091
1734 10243 805175
1734 10243 805339
2113 10243 809390
2113 10243 809994
2113 10243 811215
2113 10243 812257
2113 10243 812972
2113 10243 814032
771 10038 814336
1813 10038 815680
5098 10096 819707
1813 10038 830360
771 10038 836779
1813 10038 837557
1813 10038 844754
5098 10096 850557
1813 10038 852254
1734 10243 862358
1734 10243 862557
1734 10243 862767
1734 10243 862973
1734 10243 863226
4898 10665 869617
4898 10665 870232
4898 10665 871416
771 10038 881910
771 10038 881959
771 10038 884905
2113 10243 890931
2113 10243 891541
2113 10243 892349
1399 10038 893344
1813 10038 895745
1813 10038 903301
5098 10096 903496
771 10038 907392
1813 10038 910178
8308 10243 911425
771 10038 912752
1813 10038 917361
5098 10096 927542
1813 10038 932680
4745 10038 933464
1813 10038 939250
2113 10243 952481
1813 10038 953360
2113 10243 953770
2113 10243 955298
2113 10243 956163
2113 10243 957960
2113 10243 959374
5098 10096 961890
771 10038 966553
1813 10038 971645
2113 10243 974412
1813 10038 977956
1813 10038 982754
771 10038 986571
771 10038 986708
1813 10038 990247
2113 10243 991837
2113 10243 992977
771 10038 996701
1813 10038 997748
2113 10243 1000814
2113 10243 1001752
771 10038 1005359
771 10038 1005640
4898 10665 1006151
4898 10665 1006203
4898 10665 1006244
1813 10038 1011859
5098 10096 1011998
2113 10243 1012635
771 10038 1018741
1813 10038 1019341
1813 10038 1026559
3245 10038 1028095
1813 10038 1033775
1813 10038 1040943
5098 10096 1047471
4875 10038 1047925
1813 10038 1048448
1813 10038 1063760
1734 10243 1064755
1734 10243 1064823
1734 10243 1064896
1734 10243 1065003
1734 10243 1065070
1734 10243 1065139
1813 10038 1070072
1813 10038 1077242
2113 10243 1080716
2113 10243 1081663
1813 10038 1084740
1734 10243 1090175
1734 10243 1090426
1734 10243 1090638
771 10038 1091992
1813 10038 1092240
1217 10259 1098862
771 10038 1099447
1217 10259 1099693
5098 10096 1100474
1813 10038 1107275
1813 10038 1121047
5098 10096 1136154
771 10038 1142938
1399 10180 1143351
1813 10038 1150144
771 10038 1150357
771 10038 1150435
1813 10038 1157490
1813 10038 1164968
771 10038 1166014
771 10038 1168423
9059 10672 1170890
771 10038 1171569
771 10038 1172402
1813 10038 1179101
771 10038 1181592
4240 10038 1185936
1813 10038 1186275
5251 10038 1186766
5098 10096 1190805
1813 10038 1194083
8894 10038 1195472
8308 10243 1209587
6399 10038 1220773
1813 10038 1236966
1813 10038 1244789
771 10038 1251143
1813 10038 1251986
5098 10096 1255498
8308 10243 1258222
1813 10038 1259466
2113 10243 1261064
1813 10038 1266395
4898 10665 1270397
6071 10038 1275681
1399 10038 1277701
1399 10038 1277977
1813 10038 1280512
8894 10038 1283843
8894 10038 1284539
771 10038 1285428
6399 10038 1292820
1813 10038 1295167
1813 10038 1297047
8894 10038 1303711
8894 10038 1304717
5098 10096 1305529
5098 10096 1305654
1734 10243 1309744
1734 10243 1309848
1734 10243 1310035
1734 10243 1310161
1813 10038 1324559
1813 10038 1331766
1813 10038 1338981
2457 10180 1339346
5098 10096 1342758
2113 10243 1345689
2113 10243 1346323
2113 10243 1351103
4898 10665 1356947
4898 10665 1357042
4898 10665 1357115
6071 10038 1358663
6071 10038 1358790
1813 10038 1360583
2113 10243 1362499
8442 10243 1367898
1813 10038 1368115
5098 10096 1369765
5098 10096 1369827
771 10038 1370540
3250 10038 1373856
1813 10038 1375592
8308 10243 1376774
1813 10038 1383080
6399 10038 1385119
5098 10096 1394510
5098 10096 1394666
1734 10243 1402034
1734 10243 1402358
771 10038 1402443
1734 10243 1402731
1734 10243 1402867
1734 10243 1403032
1734 10243 1408654
1734 10243 1408762
8308 10243 1410173
1813 10038 1411323
5444 10395 1422500
1813 10038 1425990
5444 10395 1429216
1813 10038 1433908
9059 10038 1436556
4898 10665 1437004
4898 10665 1437069
1813 10038 1440381
8308 10243 1443483
8308 10243 1443616
8308 10243 1443844
8308 10243 1443914
6071 10038 1447503
6071 10038 1447803
1813 10038 1448208
5098 10096 1451393
1813 10038 1455399
8308 10243 1456023
1813 10038 1469799
6399 10038 1479979
1692 10395 1480246
5098 10096 1480818
771 10038 1482923
5444 10395 1495175
1813 10038 1498875
1813 10038 1506068
5098 10096 1519291
1813 10038 1520241
771 10038 1522838
2113 10243 1529041
1813 10038 1535169
771 10038 1540648
1813 10038 1542737
8442 10243 1543156
1813 10038 1549566
6399 10038 1554519
1813 10038 1557109
4898 10665 1558786
4898 10665 1558962
4898 10665 1559275
4898 10665 1559375
4898 10665 1559651
771 10038 1569518
4875 10038 1571180
771 10038 1587916
771 10038 1588648
5098 10096 1593705
1813 10038 1600567
1813 10038 1608741
8182 10259 1612934
6071 10038 1615726
1813 10038 1622161
5098 10096 1623095
6071 10038 1627793
1813 10038 1629362
5098 10096 1651665
8308 10243 1684984
8308 10243 1686407
8308 10243 1689462
9059 10038 1689741
3181 10038 1696787
6071 10038 1700134
6071 10038 1702985
5098 10096 1707590
2113 10243 1713610
6330 10038 1714223
1813 10038 1716959
6399 10038 1722169
1813 10038 1724173
1813 10038 1731683
1813 10038 1738926
5098 10096 1743960
1813 10038 1748461
1813 10038 1753299
5098 10096 1774077
1813 10038 1775822
1813 10038 1784471
6071 10038 1786356
6071 10038 1787870
6399 10038 1796487
1813 10038 1797073
6399 10038 1800582
5098 10096 1804130
1813 10038 1804272
1813 10038 1811193
6399 10038 1818304
1813 10038 1841476
1813 10038 1848091
8308 10243 1853880
1813 10038 1855263
5098 10096 1856684
1813 10038 1869688
771 10038 1872506
1813 10038 1877179
1813 10038 1884065
5098 10096 1885913
1813 10038 1898196
6399 10038 1905279
1813 10038 1905672
5098 10096 1917042
1734 10243 1922457
1734 10243 1922581
1734 10243 1922722
1734 10243 1922928
1734 10243 1923081
5098 10096 1949217
1813 10038 1949654
8308 10243 1951311
6071 10038 1961998
1813 10038 1963764
1813 10038 1970943
1813 10038 1979079
6399 10038 1988761
4898 10665 1988974
4898 10665 1989116
4898 10665 1989624
6399 10038 1992958
8442 10243 1993069
8442 10243 1993109
5098 10096 1996846
5098 10096 1996935
5098 10259 1997166
1734 10243 2011175
1734 10243 2011277
1734 10243 2013663
1813 10038 2014164
815 10259 2014672
8308 10243 2018179
1813 10038 2022240
8431 10038 2029046
5098 10096 2032714
771 10038 2033880
6071 10038 2040484
6071 10038 2042095
1813 10038 2043559
771 10038 2044433
771 10038 2053848
5098 10096 2055510
1813 10038 2058243
771 10038 2061685
1813 10038 2065456
8442 10243 2069130
6399 10038 2072534
6399 10038 2073875
5098 10096 2086333
1813 10038 2101748
1813 10038 2108947
5098 10096 2118507
1813 10038 2123679
4898 10665 2128059
4898 10665 2128200
4898 10665 2128245
1813 10038 2130844
6071 10038 2139442
6071 10038 2140829
1813 10038 2145542
6399 10038 2157730
5098 10096 2167431
1734 10243 2187084
1734 10243 2187131
1734 10243 2187208
1734 10243 2187318
1813 10038 2189368
5098 10096 2195667
1813 10038 2196621
5098 10096 2196994
1813 10038 2211332
4898 10665 2212659
4898 10665 2212701
4898 10665 2212763
6071 10038 2218110
6071 10038 2221295
5098 10096 2238013
6399 10038 2238409
1813 10038 2239821
6399 10038 2246598
1813 10038 2247087
6399 10038 2251703
1813 10038 2262021
1813 10038 2268940
1734 10243 2270834
1734 10243 2270948
1734 10243 2271026
1734 10243 2271080
1734 10243 2271134
1734 10243 2271199
8308 10243 2281353
8308 10243 2286592
4745 10038 2286640
1813 10038 2291112
771 10038 2297820
1813 10038 2298314
4898 10665 2300593
4898 10665 2300653
4898 10665 2300699
6071 10038 2304913
6071 10038 2304969
6071 10038 2305672
1813 10038 2313077
1813 10038 2319640
1813 10038 2327138
1813 10038 2334615
771 10038 2342382
1734 10243 2344403
1734 10243 2344531
1734 10243 2344565
1734 10243 2344641
1734 10243 2344743
1813 10038 2357106
771 10038 2362701
1813 10038 2363718
1813 10038 2378727
1813 10038 2385646
771 10038 2387319
6071 10038 2392507
1813 10038 2392801
1813 10038 2400012
6399 10038 2406754
1813 10038 2421621
1692 10395 2427929
1813 10038 2444119
1813 10038 2450599
771 10038 2453582
1813 10038 2465024
1813 10038 2472497
8308 10243 2473175
8308 10243 2473349
8308 10243 2473391
8308 10243 2473488
8308 10243 2473588
8308 10243 2474102
8308 10243 2474258
8308 10243 2474345
3634 10259 2483958
6071 10038 2485474
4898 10665 2485922
4898 10665 2486132
4898 10665 2486394
4898 10665 2486782
1813 10038 2487211
1813 10038 2494386
94 10038 2494477
4898 10665 2496815
4898 10665 2496873
4898 10665 2496940
1813 10038 2501613
3548 10259 2508331
8442 10243 2514879
1813 10038 2523810
1813 10038 2530694
5098 10096 2550703
1813 10038 2552927
6071 10038 2559891
4898 10665 2561777
1813 10038 2567305
1813 10038 2574819
4898 10665 2578829
4898 10665 2578966
1813 10038 2582003
1813 10038 2589196
1813 10038 2596394
6399 10038 2599252
5098 10096 2600054
6743 10180 2607467
1813 10038 2634498
1813 10038 2640181
1813 10038 2647233
6071 10038 2650859
6071 10038 2653022
1813 10038 2654357
771 10038 2661238
1813 10038 2661789
771 10038 2665021
4898 10665 2666273
4898 10665 2666434
