894 10255 7968
894 10255 7983
894 10255 8004
894 10255 32089
894 10255 32105
894 10255 32123
894 10255 51641
894 10255 51663
894 10255 51683
3445 10229 58163
894 10255 94158
894 10255 94177
894 10255 94196
894 10255 117299
894 10255 117318
894 10255 117341
1657 10229 128916
894 10255 134209
894 10255 134228
894 10255 134247
894 10255 179434
894 10255 179452
894 10255 179471
894 10255 207977
894 10255 208011
894 10255 208031
894 10255 221539
894 10255 221554
894 10255 221569
7291 10255 233686
7291 10255 233847
6713 10229 251909
7407 10830 255508
7547 10584 262989
894 10255 266160
894 10255 266178
894 10255 266197
7291 10255 266605
7547 10584 284619
894 10255 285042
894 10255 285062
894 10255 285080
5854 10229 287688
894 10255 308757
894 10255 308776
894 10255 308798
7291 10255 310105
7291 10255 310267
7291 10255 311705
7291 10255 314184
7291 10255 316841
7291 10255 317268
7547 10584 335040
7407 10830 347746
194 10255 351908
194 10255 352618
894 10255 352855
894 10255 352875
894 10255 352899
7291 10255 363983
894 10255 371583
894 10255 371601
894 10255 371622
5854 10229 375276
894 10255 393963
894 10255 393981
894 10255 394003
894 10255 442017
894 10255 442035
894 10255 442053
894 10255 523093
894 10255 523115
894 10255 523131
894 10255 544544
894 10255 544563
894 10255 544578
894 10255 569331
894 10255 569351
894 10255 569372
7291 10255 574463
6713 10229 583024
894 10255 614839
894 10255 614861
894 10255 614882
894 10255 632904
894 10255 632920
894 10255 632942
894 10255 655437
894 10255 655454
894 10255 655558
2786 10165 661331
894 10255 699210
894 10255 699227
894 10255 699247
894 10255 723078
894 10255 723109
894 10255 723128
8923 10885 729765
8923 10885 730702
6624 10165 731488
8923 10885 732522
8923 10885 733170
8923 10885 734701
894 10255 741318
894 10255 741334
894 10255 741365
8892 10229 762097
7291 10255 777096
7291 10255 779104
7291 10255 781324
894 10255 783302
894 10255 783319
894 10255 783336
7291 10255 785977
7291 10255 788397
7291 10255 790200
894 10255 804755
894 10255 804772
894 10255 804791
8923 10885 819594
8923 10885 822517
894 10255 831352
894 10255 831375
894 10255 831398
2753 10229 858477
894 10255 871732
894 10255 871750
894 10255 871764
894 10255 893431
894 10255 893454
894 10255 893480
8923 10885 894499
8923 10885 898239
8923 10885 898571
4384 10255 902549
894 10255 916343
894 10255 916363
894 10255 916381
8923 10885 919659
8923 10885 919845
194 10255 931973
7291 10255 937831
7291 10255 938213
7291 10255 938573
7291 10255 939366
7291 10255 939440
7291 10255 942607
7291 10255 942857
894 10255 951728
894 10255 951748
894 10255 951766
4127 10229 964101
8923 10885 992132
8923 10885 992544
894 10255 994255
894 10255 994276
894 10255 994297
4497 10124 997471
194 10255 1000311
8923 10885 1014765
8923 10885 1015605
8923 10885 1019777
894 10255 1045118
894 10255 1045135
894 10255 1045152
8923 10885 1073845
894 10255 1087495
894 10255 1087515
894 10255 1087536
894 10255 1087556
894 10255 1087577
894 10255 1087595
7291 10255 1091617
7291 10255 1093135
7291 10255 1093525
7291 10255 1094119
7291 10255 1096601
8923 10885 1097708
7291 10255 1097982
8923 10885 1098335
8923 10885 1099524
894 10255 1132619
894 10255 1132638
894 10255 1132657
194 10255 1132774
7291 10255 1187878
894 10255 1219330
894 10255 1219346
894 10255 1219364
894 10255 1261548
894 10255 1261572
894 10255 1261591
894 10255 1261609
894 10255 1261626
894 10255 1261642
7291 10255 1295036
7291 10255 1295365
7291 10255 1295766
194 10255 1333764
1811 10124 1345569
894 10255 1348342
894 10255 1348363
894 10255 1348380
894 10255 1348397
894 10255 1348415
894 10255 1390329
894 10255 1390346
894 10255 1390360
894 10255 1390378
894 10255 1390394
5690 10229 1427077
894 10255 1475920
894 10255 1475940
894 10255 1475958
894 10255 1475981
894 10255 1476000
7291 10255 1477650
7291 10255 1477705
7291 10255 1477741
7291 10255 1477778
7291 10255 1477814
894 10255 1518717
894 10255 1518732
894 10255 1518752
894 10255 1518769
894 10255 1518793
7291 10255 1523864
9665 10229 1531805
5571 10165 1535736
894 10255 1566824
894 10255 1566841
894 10255 1566857
894 10255 1566878
894 10255 1566897
894 10255 1605763
894 10255 1605780
894 10255 1605797
894 10255 1605816
2716 10229 1628040
8923 10885 1635367
8923 10885 1635417
8923 10885 1636632
8923 10885 1637212
8923 10885 1638093
8923 10885 1638708
8923 10885 1638784
194 10255 1641500
7291 10255 1655947
8923 10885 1672386
8923 10885 1677062
8923 10885 1678291
7291 10255 1696894
7291 10255 1697262
7291 10255 1697542
7291 10255 1698052
7291 10255 1698344
7291 10255 1703984
7291 10255 1704639
4160 10165 1706384
2753 10229 1718744
194 10255 1733061
894 10255 1745030
894 10255 1745048
894 10255 1745069
894 10255 1745088
894 10255 1745108
7291 10255 1783300
7291 10255 1783782
7291 10255 1789250
8923 10885 1790681
8923 10885 1791636
5571 10165 1793510
9795 10255 1804774
9795 10255 1805402
9795 10255 1808540
9795 10255 1809138
9795 10255 1809755
9795 10255 1810356
9795 10255 1811132
9795 10255 1812275
9795 10255 1812890
9795 10255 1813514
9795 10255 1814117
9795 10255 1814751
9795 10255 1815475
9795 10255 1816587
9795 10255 1817311
9795 10255 1817962
894 10255 1827706
894 10255 1827722
894 10255 1827741
894 10255 1827758
894 10255 1827778
194 10255 1828198
194 10255 1839692
9795 10255 1868306
9795 10255 1872471
9795 10255 1873092
8923 10885 1875923
8923 10885 1876782
8923 10885 1879012
9795 10255 1879748
8923 10885 1881648
8923 10885 1882724
7291 10255 1883533
7291 10255 1883684
8923 10885 1886096
194 10255 1899982
894 10255 1907532
894 10255 1907555
894 10255 1907574
894 10255 1907594
894 10255 1907614
9795 10255 1963313
9795 10255 1963976
9795 10255 1965298
9795 10255 1965987
9795 10255 1966596
9795 10255 1967207
9795 10255 1968174
9795 10255 1968913
7291 10255 1969010
9795 10255 1969589
194 10255 1973901
9795 10255 1974086
9795 10255 1974808
9795 10255 1975452
9795 10255 1976121
9795 10255 1977056
9795 10255 1978955
194 10255 1998595
194 10255 1999972
194 10255 2001787
4127 10229 2011584
894 10255 2034617
894 10255 2034638
894 10255 2034659
894 10255 2034678
894 10255 2034704
894 10255 2034724
8923 10885 2039826
9795 10255 2040300
8923 10885 2040355
9795 10255 2040964
8923 10885 2041083
9795 10255 2041558
8923 10885 2041709
9795 10255 2042164
8923 10885 2042595
9795 10255 2042818
9795 10255 2043455
8923 10885 2044053
9795 10255 2044464
9795 10255 2045760
9795 10255 2046362
9795 10255 2046995
9795 10255 2047672
9795 10255 2048544
9795 10255 2049231
9795 10255 2049837
9795 10255 2050737
9795 10255 2053484
9795 10255 2054122
9795 10255 2055665
9795 10255 2056288
9795 10255 2057402
9795 10255 2058289
9795 10255 2060142
9795 10255 2061405
194 10255 2073954
194 10255 2078197
194 10255 2081867
894 10255 2088311
894 10255 2088327
894 10255 2088352
894 10255 2088375
894 10255 2088393
194 10255 2096931
7172 10165 2120286
7291 10255 2123528
8923 10885 2144413
8923 10885 2146309
8923 10885 2146816
8923 10885 2147622
8923 10885 2147980
7291 10255 2162762
7291 10255 2162795
7291 10255 2162813
7291 10255 2162885
4127 10229 2186223
894 10255 2189923
894 10255 2189943
894 10255 2189962
894 10255 2189984
894 10255 2190002
894 10255 2190046
8923 10885 2212194
894 10255 2215768
894 10255 2215785
894 10255 2215802
894 10255 2215821
894 10255 2215838
5571 10165 2219003
9795 10255 2225868
9795 10255 2226467
9795 10255 2227077
9795 10255 2227686
9795 10255 2228323
9795 10255 2228993
9795 10255 2229593
9795 10255 2230194
9795 10255 2230810
9795 10255 2231606
9795 10255 2232205
9795 10255 2233115
9795 10255 2233849
9795 10255 2234456
9795 10255 2235069
9795 10255 2235668
9795 10255 2236271
9795 10255 2236990
7291 10255 2242215
7291 10255 2244064
7291 10255 2244109
7291 10255 2244147
7291 10255 2244194
7291 10255 2244227
7291 10255 2244266
7291 10255 2244317
894 10255 2259006
894 10255 2259024
894 10255 2259049
894 10255 2259071
894 10255 2259087
9795 10255 2293432
9795 10255 2297678
9795 10255 2298420
9795 10255 2299067
9795 10255 2299665
9795 10255 2300267
9795 10255 2301010
9795 10255 2302012
894 10255 2302500
894 10255 2302518
894 10255 2302540
894 10255 2302562
894 10255 2302581
9795 10255 2304335
9795 10255 2305301
9795 10255 2309829
9795 10255 2310607
9795 10255 2311216
9795 10255 2311815
9795 10255 2312481
9795 10255 2313128
9795 10255 2313754
9795 10255 2314379
9795 10255 2315032
9795 10255 2317647
9795 10255 2318246
8923 10885 2319290
8923 10885 2320514
8923 10885 2321501
9795 10255 2322549
894 10255 2346740
894 10255 2346757
894 10255 2346776
894 10255 2346796
894 10255 2346814
5571 10165 2380756
9795 10255 2398943
9795 10255 2399542
9795 10255 2400202
9795 10255 2400832
9795 10255 2401480
9795 10255 2402079
9795 10255 2402694
9795 10255 2403317
9795 10255 2405038
7846 10165 2405133
9795 10255 2405643
9795 10255 2406277
9795 10255 2406893
9795 10255 2407534
9795 10255 2408132
9795 10255 2408738
9795 10255 2409349
8923 10885 2416462
8923 10885 2418256
8923 10885 2419683
8923 10885 2421028
8923 10885 2475821
8923 10885 2476864
8923 10885 2478254
8923 10885 2479017
3030 10229 2479479
9795 10255 2479696
3030 10229 2479777
7291 10255 2480375
9795 10255 2480644
8923 10885 2481102
9795 10255 2481516
9795 10255 2482120
9795 10255 2483226
959 10229 2485369
9795 10255 2487011
9795 10255 2488263
9795 10255 2488861
9795 10255 2489460
9795 10255 2490059
9795 10255 2495214
194 10255 2505307
8923 10885 2546749
8923 10885 2546887
8923 10885 2547351
8923 10885 2550831
8923 10885 2574645
9263 10229 2582343
194 10255 2586137
7291 10255 2593786
7291 10255 2593891
894 10255 2643021
894 10255 2643043
894 10255 2643058
894 10255 2643077
894 10255 2643094
894 10255 2643110
8923 10885 2646878
8923 10885 2649031
8923 10885 2650189
8923 10885 2650231
8923 10885 2650785
8923 10885 2652799
1139 10124 2660708
7291 10255 2660874
