295 10007 7488
1161 10195 11629
1161 10195 12822
1161 10195 13475
2632 10195 40726
1161 10195 43448
1161 10195 44922
1161 10195 46593
1161 10195 48700
1161 10195 58432
2632 10195 59855
1161 10195 62714
2632 10195 67872
4331 10007 71319
2632 10195 151748
3671 10007 156795
3671 10007 156921
6417 10318 157327
2367 10007 166333
2632 10195 235073
6417 10318 245003
2632 10195 306535
2632 10195 322259
4923 10007 343674
4633 10318 347281
7329 10007 357437
1650 10007 373867
6417 10318 394815
6417 10318 400808
6417 10318 401835
6417 10318 404234
1161 10195 410435
8267 10195 424681
1650 10007 427971
8318 10195 437162
295 10141 438315
1161 10195 496980
6417 10318 498492
3262 10620 522281
8318 10195 531497
1161 10195 540565
4331 10007 546864
8318 10195 605995
8255 10195 617443
4331 10007 685037
2632 10195 688846
8907 10195 721958
2632 10195 734872
8907 10195 735430
2684 10415 736470
8907 10195 737627
8907 10195 740273
8907 10195 752348
8370 10007 763579
2632 10195 769135
8907 10195 797118
8907 10195 800956
4331 10007 819026
8907 10195 821990
8907 10195 826311
8907 10195 828686
6417 10318 828806
8907 10195 837449
8907 10195 849175
2632 10195 858708
6506 10318 896971
2632 10195 913323
2632 10195 914358
4331 10007 975871
2632 10195 1002095
3262 10620 1010905
4331 10007 1024596
2824 10007 1033634
4331 10007 1079938
2632 10195 1081220
2632 10195 1082575
2632 10195 1082902
2632 10195 1090776
2632 10195 1091498
2632 10195 1093185
6506 10318 1095566
1161 10195 1143600
8907 10195 1148057
1161 10195 1170002
1161 10195 1171424
1161 10195 1178838
1161 10195 1180641
5983 10620 1180791
1161 10195 1181802
1161 10195 1184193
1161 10195 1187853
6506 10318 1201924
2632 10195 1203302
2632 10195 1216268
1161 10195 1221671
4331 10007 1251689
2632 10195 1260836
1161 10195 1262051
2632 10195 1262576
1161 10195 1265299
2632 10195 1270653
1161 10195 1270897
1161 10195 1316072
1650 10007 1325587
2632 10195 1342039
6417 10318 1355925
2632 10195 1370032
6098 10195 1378712
2632 10195 1386189
1161 10195 1400054
2632 10195 1436041
2632 10195 1438230
2632 10195 1442901
1161 10195 1456625
1161 10195 1457852
1161 10195 1458746
1161 10195 1459584
3262 10620 1460098
2632 10195 1473799
1161 10195 1489597
8907 10195 1494663
8907 10195 1502755
8907 10195 1507156
8907 10195 1509511
2632 10195 1510802
8907 10195 1512023
8907 10195 1515980
8907 10195 1520321
2632 10195 1527243
6417 10318 1528022
6417 10318 1529033
1161 10195 1534134
1161 10195 1543381
6417 10318 1543537
1161 10195 1544257
1161 10195 1545164
1161 10195 1546180
2632 10195 1546199
1161 10195 1547189
1161 10195 1548175
4633 10318 1555262
4633 10318 1555356
5733 10195 1582762
6417 10318 1600742
6417 10318 1601092
2632 10195 1605693
2632 10195 1609155
2632 10195 1611461
2632 10195 1626899
9498 10007 1630268
4681 10007 1646256
4681 10007 1649722
4681 10007 1649793
4681 10007 1649984
4633 10318 1682030
2632 10195 1684805
1161 10195 1689984
6417 10318 1692065
7864 10318 1693095
6417 10318 1697204
6230 10318 1710035
3262 10620 1710711
4633 10318 1710964
4633 10318 1711507
4633 10318 1712262
6230 10318 1713325
6230 10318 1713661
6230 10318 1714851
6230 10318 1714930
2632 10195 1716826
2632 10195 1718039
1161 10195 1742259
1161 10195 1743991
1161 10195 1747755
1650 10007 1747855
1650 10007 1748475
1161 10195 1774873
1161 10195 1777323
1161 10195 1783917
7428 10007 1785430
1161 10195 1785468
1161 10195 1786627
295 10141 1802334
8318 10195 1802492
8318 10195 1830627
8318 10195 1830678
8907 10195 1846279
1650 10007 1849065
8907 10195 1857090
8907 10195 1863924
2632 10195 1864649
2632 10195 1879849
2632 10195 1905511
2632 10195 1905881
1161 10195 1929774
1650 10007 1936707
6417 10318 1943642
2632 10195 1944724
4331 10007 1967723
6417 10318 1969914
7538 10007 1970100
8318 10195 2007157
8907 10195 2013969
8907 10195 2017917
8907 10195 2029171
8799 10007 2037898
8907 10195 2039783
6417 10318 2041870
9899 10007 2047076
6417 10318 2061342
8907 10195 2094487
8907 10195 2115238
8907 10195 2116978
8907 10195 2119123
8907 10195 2120437
2632 10195 2120450
6417 10318 2122087
6417 10318 2122903
8907 10195 2123779
6417 10318 2132969
6417 10318 2134340
6611 10195 2149637
6417 10318 2152992
8907 10195 2208061
6417 10318 2209184
6417 10318 2210409
8907 10195 2210656
8907 10195 2212472
8907 10195 2214719
2632 10195 2215372
6417 10318 2221384
2632 10195 2228485
6417 10318 2238872
6417 10318 2293444
2632 10195 2296026
6506 10318 2300642
1161 10195 2353314
8907 10195 2354163
1161 10195 2354856
8907 10195 2355816
8907 10195 2357443
8907 10195 2359348
8907 10195 2361044
8907 10195 2363033
8907 10195 2364836
8907 10195 2372685
8907 10195 2374553
1650 10007 2377898
8907 10195 2378965
1161 10195 2379358
1161 10195 2381082
8931 10195 2381748
8907 10195 2386285
8907 10195 2387239
1161 10195 2388350
8907 10195 2389126
1161 10195 2390109
1161 10195 2390798
1161 10195 2391610
2632 10195 2393235
2632 10195 2394518
1161 10195 2396360
1161 10195 2397587
1161 10195 2399303
1161 10195 2400360
1161 10195 2401636
6506 10318 2402149
1161 10195 2402244
8318 10195 2406913
1161 10195 2407189
2632 10195 2410629
3262 10620 2420022
1161 10195 2442910
8907 10195 2449438
8907 10195 2451022
8907 10195 2452419
4331 10007 2458729
6506 10318 2462232
8907 10195 2466796
8907 10195 2468328
1161 10195 2468829
1161 10195 2474732
8318 10195 2476340
1161 10195 2481148
2632 10195 2482918
2632 10195 2483196
1161 10195 2484343
2632 10195 2543957
2632 10195 2548585
4331 10007 2549532
6417 10318 2555103
6417 10318 2557693
2632 10195 2567157
2632 10195 2567838
2632 10195 2572117
2632 10195 2576261
8907 10195 2616645
812 10751 2619225
8907 10195 2628641
8907 10195 2631471
2632 10195 2633051
2632 10195 2637148
8318 10195 2655546
1161 10195 2669878
1161 10195 2670664
3262 10620 2670895
1161 10195 2671323
1161 10195 2672423
