38947 "[(6691, 68, 9565592), (9443, 28, 22200169), (69442, 10, 22200562), (10708, 25, 23683477), (12030, 68, 23737967), (6691, 68, 23738683), (6691, 68, 24342543), (77972, 8, 24342886), (85057, 50, 65341942), (99994, 74, 74941776), (80901, 35, 94245706), (195751, 87, 95650030), (148870, 8, 114321617), (526535, 43, 114329805), (422625, 13, 118585909), (671560, 87, 119304404), (184362, 8, 119837629), (922458, 12, 121553503), (12030, 68, 124866501), (94962, 85, 126394228), (673269, 85, 148803418), (132257, 4, 156565065), (855778, 59, 163698271), (197944, 4, 178885732), (428556, 74, 183315043), (2417812, 65, 186795151), (91610, 4, 205701745), (4522285, 13, 212952890), (105570, 28, 213819939), (3738598, 77, 219187079), (1730304, 79, 221345662), (25680, 68, 232806204)]"
60447 "[(2199, 25, 15739341)]"
76772 "[(2567, 25, 19248890), (61915, 49, 19249940), (70458, 56, 19252275), (65696, 68, 19252451), (27211, 39, 19253097), (22914, 25, 19254066), (3800, 26, 20486034), (1336606, 58, 21774758), (461418, 49, 68199931), (297587, 89, 68418060), (137508, 29, 68928184), (740, 29, 68928303), (320, 31, 68928951), (21398, 29, 68929718), (154262, 31, 69011982), (25068, 4, 69020703), (387076, 58, 69474376), (11976, 89, 69474400), (11976, 89, 69475483), (65696, 68, 69486799), (501557, 49, 80529634), (82320, 49, 80529669), (424430, 28, 83306536), (266392, 82, 84052766), (401025, 8, 85409867), (564631, 45, 88354042), (1191860, 44, 145070082), (1219277, 93, 145074837), (1191860, 44, 145162462), (372668, 33, 146975009), (2246576, 24, 147646436)]"
187515 "[(72174, 28, 37608771)]"
192713 "[(1174, 4, 39279352)]"
210510 "[(37450, 28, 40586708)]"
111535 "[(137839, 58, 45241222)]"
331136 "[(177092, 61, 55354527)]"
239226 "[(3611, 29, 55453940), (670966, 25, 56502810), (318197, 10, 70920994)]"
371669 "[(119093, 32, 61107590)]"
417734 "[(6173, 68, 64078772)]"
420117 "[(377395, 6, 64379936)]"
430050 "[(351880, 13, 65145890)]"
418905 "[(125491, 68, 65212127), (10897, 49, 81463199)]"
434379 "[(66692, 49, 65566248), (309425, 89, 65579140)]"
298073 "[(331556, 74, 65568924), (226897, 29, 65644206), (332990, 50, 65752811), (220636, 49, 71227634), (553044, 4, 71401735), (498084, 35, 71403109), (122372, 26, 71404165), (155726, 68, 71818090), (346332, 49, 72227427), (503966, 50, 72256497), (507827, 62, 72259600), (434051, 49, 73778017), (495509, 63, 74347369), (377031, 48, 74553740), (542300, 63, 74984803), (331637, 89, 90196127), (657189, 49, 91147446), (82294, 50, 92474692), (77011, 26, 93067898), (1196036, 10, 111123998), (77567, 88, 111238589), (1187621, 63, 111707543), (285694, 89, 111709456), (231078, 74, 112315551), (271487, 35, 113187767), (210211, 69, 115261401), (1296466, 66, 115335057), (643977, 50, 116576369), (549641, 58, 116581008), (108354, 84, 118471485), (217649, 49, 119102241), (355567, 62, 119289689), (320681, 4, 119392173), (144152, 59, 119413377), (182890, 33, 122501103), (1442158, 82, 123232957), (1441945, 31, 123233581), (866618, 0, 123462003), (431620, 58, 123728711), (396587, 50, 123873219), (427160, 84, 124661127), (159145, 40, 129185305), (398670, 4, 132393244), (1075027, 19, 140289595), (2737201, 52, 161133725), (15055, 68, 163110013), (1520427, 52, 173498472), (670229, 45, 186796167), (2411563, 5, 186859058), (304175, 3, 187017593), (284795, 32, 195599536), (473961, 7, 201174272), (1573638, 70, 202871103), (540564, 13, 205410217), (2536732, 86, 224941144), (401092, 88, 224943861)]"
457332 "[(123094, 4, 68393614)]"
476160 "[(448455, 33, 69541491)]"
479686 "[(197688, 89, 69890466)]"
481329 "[(90319, 49, 71409690), (496405, 51, 71418916)]"
503130 "[(21441, 56, 71849855), (1996, 25, 83287934), (616618, 59, 83471114)]"
503626 "[(368544, 87, 71877809)]"
432049 "[(319611, 27, 74361480)]"
578954 "[(285643, 91, 77754487)]"
600546 "[(119737, 8, 79137339)]"
607473 "[(281566, 68, 79593762)]"
611348 "[(320281, 41, 79821976)]"
356394 "[(432378, 30, 80091711), (191596, 88, 80142050), (13905, 56, 82564980), (146602, 11, 112201721), (2129545, 43, 193234419)]"
486967 "[(300011, 6, 80338142)]"
686473 "[(584427, 48, 84063921)]"
107464 "[(325418, 4, 86335481), (11926, 7, 94091416), (220599, 56, 94133061), (256785, 4, 108149217), (357743, 4, 108165670), (620181, 2, 123719163), (333214, 59, 134372625), (1034681, 5, 197465747)]"
105805 "[(679582, 31, 87589892)]"
758306 "[(383327, 34, 88134444)]"
776538 "[(49048, 28, 89232241)]"
777070 "[(630877, 67, 89308349)]"
786316 "[(619252, 74, 89839267), (524368, 51, 89839397), (491897, 0, 90002119), (637853, 55, 95259429), (916437, 54, 97072785)]"
809644 "[(800625, 29, 91173234)]"
827378 "[(1088, 49, 92212660)]"
830436 "[(479989, 50, 92357212), (643565, 75, 92357484), (196869, 55, 92358795), (381281, 48, 92407616), (881406, 73, 95058148), (185130, 6, 95063365), (839646, 55, 95064525), (474283, 55, 95134226), (760656, 55, 104402503), (1407261, 51, 123666757), (2692881, 46, 191454533), (869451, 74, 206730790), (5011980, 51, 230313138)]"
848294 "[(825789, 11, 93324181), (413910, 8, 93324390), (135778, 44, 94872732)]"
854377 "[(658911, 7, 93637235), (787250, 88, 95941879), (547715, 0, 123764304)]"
934111 "[(787968, 54, 97958454)]"
955147 "[(926710, 59, 98995589)]"
970299 "[(860500, 7, 99796709), (2224265, 22, 165783671)]"
358876 "[(58984, 27, 100717643)]"
989343 "[(935952, 8, 100805075), (980472, 55, 120166657)]"
989041 "[(456062, 55, 100868325), (2327045, 54, 197946834)]"
936997 "[(1003916, 82, 101527306)]"
1011361 "[(67369, 89, 102166530)]"
1014755 "[(969920, 10, 102299312)]"
1021960 "[(133049, 4, 102522754)]"
1088427 "[(600535, 49, 105835937), (363078, 50, 114000816), (748517, 73, 119191244), (391104, 49, 120133119), (477683, 4, 120134558), (273548, 74, 120137314), (41596, 28, 120181565), (93710, 32, 120242933), (82682, 30, 120995868), (755934, 42, 121083792), (891055, 59, 121100150), (1432977, 27, 121163519), (854840, 21, 153571239), (1694, 25, 161453700), (2209364, 44, 201573990), (378622, 7, 201574797)]"
494144 "[(415143, 18, 106922908), (569774, 31, 106930840)]"
1121920 "[(1011154, 63, 107653857), (292412, 36, 107654721), (710818, 55, 107718036), (492624, 73, 107740384), (775964, 50, 107963478), (387774, 0, 107964025), (562562, 74, 107975372), (1111052, 22, 108036850), (501945, 48, 108130625), (288341, 54, 108154767), (1090389, 10, 108508186), (1037141, 42, 108508444), (568317, 7, 108513235), (1531189, 41, 128694309), (1277161, 50, 129492125), (1223003, 51, 129747357), (1169846, 30, 131925097), (971437, 71, 145137558), (442806, 39, 150191488), (2170647, 52, 150841960), (1686131, 50, 151442142)]"
480845 "[(1133997, 73, 109238417)]"
1153715 "[(1155751, 63, 109391053)]"
1199801 "[(365251, 7, 111260793), (1045704, 77, 111263428), (507624, 10, 111266788), (440611, 10, 111271125), (740480, 12, 111274520), (821585, 92, 111289492), (750852, 10, 111864431), (1214049, 6, 111864758), (1162116, 11, 111888211), (1167601, 10, 111889800), (1004122, 55, 111891306), (1214934, 72, 111892096), (731255, 4, 111949312), (869412, 3, 111965372), (356899, 46, 111969137), (522663, 31, 112316459), (1169644, 44, 112322637), (1199882, 55, 112399723), (748656, 55, 112406912), (448625, 73, 113622591), (1202025, 73, 118008638), (274463, 54, 126290894), (7296, 77, 151089276), (3957411, 64, 191164964)]"
279221 "[(1127776, 35, 112477632)]"
634940 "[(701900, 88, 113004268), (331854, 88, 113255157), (619267, 88, 118151087), (399404, 87, 127407288), (110624, 86, 128437037), (1501004, 88, 134059369), (58505, 88, 140552706), (100110, 34, 164487831), (999525, 75, 166315435), (1202359, 3, 168790314), (7012, 56, 170628772), (974369, 33, 172860612), (504766, 4, 174530799), (1183499, 0, 175267437), (105019, 9, 175820499), (1468318, 1, 176513820), (3469664, 21, 178785957), (1693369, 66, 179344423), (1062764, 81, 180649779), (320737, 4, 180650496), (1339560, 78, 182384451), (85959, 8, 182657495), (900033, 19, 183077356), (3251865, 66, 184062620), (1708136, 59, 184800201), (344107, 0, 185126881), (830159, 6, 185624016), (1708136, 59, 185624384), (2139770, 21, 186085411), (3230133, 85, 186633669), (81105, 56, 187880827), (618756, 30, 191559938), (657840, 84, 209598211), (39409, 34, 212276269), (820947, 17, 212610148), (1688441, 57, 216472830), (4063626, 86, 217085764), (704668, 30, 230995746), (4688565, 79, 231944285), (1111146, 26, 236369473), (4987996, 15, 236370285), (2747638, 5, 236370852)]"
697853 "[(41169, 29, 115142528)]"
1340888 "[(1340731, 73, 117198884)]"
1243309 "[(406906, 21, 117590909)]"
1359324 "[(142486, 4, 117918280)]"
1359963 "[(382999, 35, 117945321), (2985303, 77, 174106596), (337339, 91, 193201139)]"
1130892 "[(437899, 30, 118790141), (201231, 8, 118875751), (1216932, 60, 119138633), (397368, 27, 119140125), (3225, 25, 119143521), (98094, 28, 119143930), (1116467, 10, 120151728), (1288165, 27, 120212202), (840766, 7, 120607716), (369161, 31, 120607934), (771860, 42, 120655886), (3584, 25, 121363949), (175679, 32, 121364070), (281489, 47, 122544881), (48503, 44, 124745655), (1030974, 66, 129819907), (880118, 22, 130003262), (710446, 23, 130003770), (236135, 87, 135542475), (1850910, 69, 136546695), (1033896, 53, 136756270), (71141, 49, 136766085), (1020072, 53, 136766107), (179910, 49, 136769489), (1207655, 54, 137457115), (232403, 7, 138125540), (562459, 1, 138130776), (1753675, 46, 138304815), (1590636, 37, 138305742), (1770679, 37, 138308067), (927002, 37, 138311292), (1915442, 33, 138373431), (1910036, 87, 138406492), (314763, 31, 139948486), (1324756, 31, 140281674), (29407, 31, 140800729), (625440, 31, 140816003), (263681, 31, 142427720), (758093, 38, 144463494), (157247, 10, 145107905), (295770, 10, 145127036), (106224, 7, 145127232), (2110100, 22, 145127889), (2139513, 22, 145129696), (10141, 38, 147551815), (521364, 36, 148967497), (1715579, 37, 148967688), (1203388, 37, 148968977), (1490214, 53, 148977923), (867418, 69, 155060238), (2557797, 61, 155649416), (570763, 7, 159548140), (561731, 7, 159548531), (1414562, 22, 160147710), (1048572, 10, 160148355), (240443, 5, 160826484), (927511, 91, 160826545), (218196, 7, 160827099), (453590, 55, 160827205), (29407, 31, 161620637), (44743, 28, 161776689), (924849, 38, 162320710), (2126292, 22, 162472505), (1173033, 10, 162472769), (995395, 21, 162473465), (372239, 65, 163847383), (184600, 4, 163847601), (1578604, 65, 163848836), (2349456, 10, 166784857), (158675, 43, 168137388), (263693, 39, 173805675), (3522687, 13, 182993359), (1974112, 23, 183039068), (127219, 4, 191214032), (3869815, 23, 193324594), (2108756, 87, 211738299), (3559349, 38, 217731265)]"
316995 "[(1064612, 55, 119040404)]"
1381127 "[(1342049, 10, 119051603)]"
1145449 "[(259059, 41, 119456425)]"
1304991 "[(1001985, 41, 119777357), (209103, 44, 140136578), (1116467, 10, 140179129), (4333, 33, 142618954)]"
1419292 "[(613495, 55, 120748054)]"
1452300 "[(1253712, 73, 122222825)]"
1498883 "[(1498904, 55, 123782762)]"
1421667 "[(1001938, 5, 125224205)]"
1534787 "[(1346222, 67, 125536722)]"
1575562 "[(944575, 7, 126509359), (1370541, 40, 145806265), (1386720, 21, 145878947), (984861, 6, 145878999), (2151001, 22, 145880017), (2071491, 13, 146067527), (1671644, 44, 146067529), (1697109, 84, 146067953), (1651598, 9, 146227830), (1147197, 10, 146327907), (1087998, 20, 146398326), (1145009, 22, 152265856), (1414081, 13, 159172438)]"
1595425 "[(50617, 50, 127381079)]"
1022937 "[(860459, 64, 127709881)]"
1608974 "[(966785, 47, 127761984)]"
1612449 "[(736216, 4, 127952014)]"
217623 "[(930734, 33, 128213271), (1596919, 11, 128218569), (616559, 72, 129268647), (1517300, 23, 129331043), (623912, 38, 142654769), (2049294, 11, 142671261), (201748, 36, 142726398), (1477464, 46, 142822291), (1154722, 3, 142837688), (2037971, 44, 143102497), (1270003, 53, 143364561), (2081892, 6, 143636155), (1035769, 21, 143697946), (3023502, 80, 194314437), (1593432, 85, 236088905)]"
1620812 "[(1630280, 35, 128801812)]"
1652462 "[(510475, 7, 129402531)]"
1660142 "[(73717, 82, 129761987), (149578, 28, 138045940), (845217, 7, 145654680)]"
1662319 "[(204581, 83, 129875148)]"
1622841 "[(46981, 26, 130479267), (540884, 31, 173571106), (841427, 81, 203972951), (1090562, 2, 223494452), (3232891, 46, 224794696)]"
1735236 "[(104198, 31, 132367601)]"
1737501 "[(1469954, 79, 132405648), (1757836, 46, 136992425), (1053381, 21, 136994714), (167935, 47, 138757497), (360374, 42, 138758116), (722783, 37, 139854795), (1312524, 45, 140018005), (1389394, 46, 140020641), (1145666, 76, 140092182), (1073631, 12, 140565101), (713141, 11, 140565263), (1920232, 20, 140565419), (1144035, 12, 140566608), (736299, 31, 140703845), (1523655, 29, 140820338), (1599114, 65, 140820455), (1784834, 20, 140821407), (344949, 7, 140821505), (1101424, 42, 141404002), (456274, 54, 142791753), (1919238, 65, 143124594), (735381, 11, 143754920), (735381, 11, 143918068), (918176, 81, 144087532), (154726, 15, 144199502), (1820957, 19, 146396763), (2153190, 59, 146396859), (338904, 52, 146501079), (1002469, 44, 146507298), (352672, 11, 146511327), (247893, 20, 146511426), (2044141, 91, 181518897)]"
1751967 "[(2470, 25, 132904813)]"
1756850 "[(144589, 4, 133034462)]"
1769253 "[(1494993, 11, 133476213)]"
1772139 "[(1568792, 53, 133562944)]"
1779883 "[(912851, 73, 133828633)]"
1788052 "[(122765, 26, 134137876)]"
1812487 "[(1665733, 11, 134936071), (1524951, 19, 134937982), (798502, 55, 134940634), (1150683, 10, 135173395), (1809417, 12, 135180649), (971353, 82, 135193537), (1818612, 36, 135198909), (1196664, 13, 135200648), (723323, 22, 135260401), (1782308, 82, 135261937), (1745424, 10, 135262972), (1400312, 2, 135266034), (1745014, 22, 135272248)]"
1815865 "[(985273, 74, 135221197)]"
1820407 "[(1427878, 20, 135264596), (1149736, 11, 135377688), (365237, 57, 135377873), (400932, 67, 135377970), (1249581, 10, 137029959), (1613365, 79, 137955282), (892256, 52, 139763753), (668854, 21, 139764165), (130121, 19, 139764362)]"
1832146 "[(1199880, 34, 135634984)]"
870686 "[(1577814, 23, 135875142)]"
932994 "[(132382, 48, 135990757), (880990, 32, 137544531), (987509, 32, 137544907), (1536014, 82, 137546042), (1145086, 9, 141397320), (2009041, 21, 142825819), (1614413, 35, 154038815)]"
1083668 "[(665312, 10, 136064940)]"
1852299 "[(352268, 60, 136367681)]"
1827672 "[(1766435, 17, 136368070), (4000926, 40, 192363119)]"
1858669 "[(747392, 79, 136541283)]"
1897809 "[(1005772, 33, 137782134), (1493274, 22, 192060797)]"
1899209 "[(830035, 22, 137810131)]"
1827694 "[(397898, 84, 138289532), (269870, 91, 143915405), (2958314, 5, 194078015), (227821, 8, 218277181)]"
1322211 "[(1865910, 36, 138389505)]"
1904162 "[(1890512, 81, 138706732)]"
1549676 "[(1572630, 71, 141515608)]"
1477466 "[(534182, 13, 141688367), (817254, 23, 141852788), (1060225, 55, 142103109), (2044394, 11, 143137582), (1626398, 18, 143148957), (1150948, 11, 143157495), (1252748, 10, 143159327), (537082, 7, 143160319), (844331, 0, 143739525), (1777522, 37, 143740909), (291557, 13, 143741170), (1798677, 16, 143741943), (1483418, 37, 143754634), (2021614, 11, 143824686), (1157921, 11, 143901117), (1651528, 20, 143909229), (1966532, 38, 143911950), (1920712, 20, 143912640), (2094799, 18, 144078657), (789090, 11, 144085526), (1974863, 3, 144104231), (1830632, 14, 144104615), (1925055, 7, 144104840), (598478, 82, 144105055), (1307354, 4, 144106745), (2018163, 24, 144259718), (373670, 6, 144372777), (1633586, 9, 144508005), (2119556, 19, 144525037), (460968, 33, 144531815), (1402929, 2, 144616026), (2001431, 66, 144714222), (891094, 7, 144714936), (1870321, 61, 144786778), (1943607, 73, 144787865), (1876047, 58, 144788155), (1806856, 11, 144789779), (1508618, 78, 144791581), (1472743, 46, 144793682), (524990, 30, 144847308), (80353, 8, 144847649), (634513, 4, 144861891), (1538553, 77, 144862246), (768384, 20, 144867903), (117700, 29, 144885532), (2138813, 2, 145020521), (1554346, 40, 145051581), (2100302, 45, 145134077), (443793, 7, 145134481), (2115971, 17, 145134901), (1978485, 23, 145314293), (1150718, 10, 145314992), (713141, 11, 145551693), (648138, 55, 145556928), (1538127, 44, 145578813), (750708, 1, 145581355), (1178820, 22, 145627683), (1866076, 21, 146007690), (1057564, 20, 146054928), (2187228, 81, 146186877), (1988759, 20, 146187262), (1025234, 11, 146188048), (2188557, 22, 146189184), (2187597, 22, 146190231), (2067752, 19, 146190454), (1553857, 91, 146225186), (1468226, 11, 146245207), (1954692, 6, 146340985), (1142190, 11, 146355691), (1568373, 30, 146408269), (1932887, 23, 146413594), (741099, 2, 146511031), (1094245, 57, 146511567), (741099, 2, 146606131), (1823003, 35, 146618429), (881920, 2, 146618966), (2190347, 85, 146659071), (801773, 10, 146666459), (233679, 8, 146668663), (2229061, 20, 147186789), (1317089, 20, 147188084), (1126722, 90, 147199523), (1888260, 21, 147200179), (1673616, 48, 147201094), (2221105, 11, 147227272), (1616723, 85, 147287169), (1889200, 11, 147804594), (601148, 21, 147805196), (1875282, 37, 148420215), (1201937, 20, 148832630), (2335484, 20, 149954582), (815754, 1, 156805996), (1199443, 84, 156807037), (1427138, 22, 156807518), (2630446, 27, 160066231), (1273031, 22, 160134774), (1891599, 5, 160238292), (152825, 4, 160270463), (2742654, 27, 160662613), (2268476, 90, 160914845), (463049, 89, 161533459), (712183, 87, 161949163), (3020959, 18, 167619433), (1724206, 14, 167620227), (695749, 9, 170002029), (1324601, 41, 170193041), (1273678, 84, 170353925), (1041653, 42, 175532218), (2283946, 51, 175532703), (2287968, 19, 196817786), (177167, 63, 211054577), (2828594, 67, 211160322), (3532919, 5, 211160543), (4775383, 82, 211162716), (4747743, 5, 211211333), (2260380, 38, 211230929), (4334575, 17, 211314980), (4780522, 5, 211330778), (4781606, 5, 211368036), (958373, 84, 211540783), (4837568, 17, 213988961), (2100125, 90, 214830865), (4499505, 5, 215555756), (893217, 88, 219151284), (209727, 30, 220898881), (2602663, 73, 220992869), (4971053, 17, 221002559), (1296554, 81, 221002939), (4616510, 45, 221003093)]"
2030027 "[(998158, 20, 142117779)]"
2036396 "[(65387, 28, 142319828), (497106, 34, 142924991), (1728376, 9, 142925948), (1229260, 11, 146257827), (2057621, 82, 146257859), (1150613, 23, 146691502), (484072, 11, 146691581), (31039, 8, 146691662)]"
1675080 "[(1606790, 0, 142551498)]"
2053408 "[(956868, 11, 142765951)]"
2061624 "[(1318648, 66, 143055331)]"
2066573 "[(2052691, 90, 143174202)]"
2085997 "[(1508641, 77, 143718672), (1142, 8, 143906626)]"
2100566 "[(971371, 52, 144020191), (2094285, 37, 144176851), (2066369, 64, 144202133), (2038257, 71, 145630057), (2205038, 15, 146604908), (1315828, 43, 146870964)]"
2103444 "[(1276555, 42, 144123828)]"
2124857 "[(319403, 72, 144628090), (1386720, 21, 144633189), (93394, 40, 144639747), (99514, 7, 144700605), (515465, 68, 144858839), (1312607, 11, 144872903), (1366673, 64, 144872950), (476, 7, 144872970), (541966, 19, 144873013), (1255453, 18, 144873032), (285587, 8, 144873044), (1949676, 0, 144874013), (157247, 10, 144875907), (240363, 2, 144876034), (1416318, 52, 144876084), (743290, 52, 145024818), (213448, 91, 145042419), (829970, 66, 145749205)]"
2145053 "[(1625737, 38, 145133170), (2144335, 91, 145133193), (1701059, 92, 145905224)]"
2149353 "[(1193055, 31, 145229502)]"
1465255 "[(1284917, 9, 145274093)]"
2153768 "[(1740809, 21, 145377020), (1065731, 20, 145377634), (1145666, 76, 145395054), (1998047, 22, 145395215), (184595, 9, 145395619), (1467267, 11, 145469836), (1932751, 22, 145973748), (2105440, 81, 146571053)]"
2159757 "[(978558, 72, 145529958), (1032504, 11, 145530576), (1627410, 11, 145801768), (13675, 25, 145996581), (87015, 8, 146607523)]"
2151482 "[(2055624, 79, 145722388), (350048, 3, 145722547), (2113963, 11, 145723109), (1948260, 11, 145805949), (1211980, 42, 145805963), (1032531, 10, 145806002), (1386359, 42, 145806081), (1190388, 20, 146604093), (892256, 52, 146604472), (16511, 26, 147274956)]"
2156736 "[(122353, 7, 146165813), (3195649, 87, 192325822), (677561, 15, 192912024), (1096324, 33, 199388757), (1258237, 79, 199651866), (7552, 65, 230169308)]"
2193804 "[(1365088, 23, 146304309)]"
2202726 "[(1786480, 19, 146514998), (338904, 52, 146521141)]"
2205053 "[(6521, 26, 146603721), (566516, 33, 146603957), (1348550, 65, 146604023)]"
2206759 "[(679227, 6, 146659383), (1948260, 11, 146659429)]"
2219504 "[(13262, 44, 146933327)]"
626985 "[(1288414, 51, 147006927), (1798387, 18, 152300033), (2419806, 9, 152300536), (185722, 56, 160767880), (103154, 56, 160768107), (2158288, 75, 160768523), (863210, 65, 168985590), (1732563, 71, 169267926), (359134, 54, 171321017), (724199, 73, 173152882), (888876, 60, 178980840), (580412, 0, 191808836), (681070, 81, 192926113), (6309, 56, 197149233), (1002790, 57, 197515372), (1345224, 78, 197775871), (1707091, 57, 197775904), (315228, 80, 207949390), (4528039, 80, 207949708), (4631691, 57, 207949728), (1079354, 80, 207950247), (139985, 55, 208233810), (1891219, 57, 220491435), (4754790, 80, 220491589), (1490322, 90, 220491780), (2158288, 75, 220492952), (1798593, 57, 220494181), (1076640, 57, 220497808), (4955425, 47, 222302502)]"
2229102 "[(402768, 87, 147186987)]"
2263587 "[(356378, 23, 148085174)]"
1042107 "[(233001, 34, 148677609)]"
2285894 "[(766289, 58, 148734391)]"
2029323 "[(522444, 80, 149207026), (871026, 80, 149527380), (1057230, 55, 149531234), (2282011, 53, 150055313), (1310974, 72, 150055461), (871026, 80, 151802555), (1951909, 79, 151802584), (179630, 54, 155701417), (1735954, 57, 156875733), (1414715, 20, 156875811), (1326821, 72, 157539934), (873019, 91, 157911952), (1376140, 75, 158960194), (1235698, 77, 158960274), (2131689, 22, 160768167), (2247277, 38, 160768348), (2372767, 64, 160768924), (2097224, 23, 160769175), (1540328, 22, 160915669), (2680426, 22, 160915886), (2357837, 51, 162510697), (1394283, 53, 162510718), (133707, 53, 162510739), (36565, 49, 162510746), (335858, 33, 162510748), (1601656, 53, 162511004), (2192903, 79, 164458678), (744720, 52, 164458944), (694576, 52, 164466076), (2801881, 57, 164585044), (2532674, 77, 164835464), (139985, 55, 164836824), (149341, 9, 165228884), (366377, 50, 165230131), (1337707, 73, 166228536), (1284917, 9, 166489041), (157247, 10, 166561914), (745619, 90, 166562806), (2527118, 22, 167788823), (1978482, 77, 167788860), (841108, 52, 168864398), (3320387, 1, 176769792), (887894, 77, 183754337), (237740, 74, 186960953), (975535, 73, 189273935), (642340, 55, 191028577), (1459549, 72, 191099125), (3942042, 76, 196303884), (1820217, 92, 196874293), (957925, 88, 209559545), (4846995, 76, 212777203), (1978617, 75, 215284902)]"
1529219 "[(85940, 27, 149773028)]"
2346525 "[(553450, 37, 150036958)]"
1498795 "[(2072908, 37, 150416068)]"
2341897 "[(94192, 49, 150469551)]"
2378522 "[(2334192, 90, 150920937)]"
1511520 "[(2236391, 27, 151688157)]"
678484 "[(939781, 73, 152246652)]"
2433795 "[(2433661, 45, 152310692)]"
2439873 "[(1801403, 44, 152453862)]"
805929 "[(597775, 88, 152571068)]"
2235831 "[(50774, 25, 152775924)]"
2459545 "[(1548942, 43, 152985923)]"
2470241 "[(1382435, 21, 153314707)]"
2480249 "[(1890396, 53, 153542737)]"
2494215 "[(501483, 73, 153949475)]"
1551886 "[(2173353, 27, 154187679)]"
2270697 "[(1313804, 32, 154193438)]"
1717127 "[(1053756, 1, 154538228)]"
2521960 "[(2199226, 12, 154663195)]"
2540895 "[(1424875, 57, 155186009), (250614, 69, 155186215), (2411648, 50, 155192268), (1386111, 42, 155199548), (1235165, 53, 155475612), (2539867, 0, 155681824), (869951, 91, 172570586), (992484, 80, 178350818), (963076, 91, 178351230), (3828716, 2, 188657486), (3874912, 5, 188698951), (875670, 85, 196028354), (1422679, 23, 206775599), (240613, 28, 206768195)]"
2564667 "[(130257, 89, 155833075)]"
2566817 "[(145682, 34, 155900621)]"
2567480 "[(2500575, 19, 155902747)]"
2569912 "[(1541507, 5, 156028391)]"
2533103 "[(1353163, 20, 156108619), (1904652, 24, 156108662)]"
2599640 "[(2212650, 57, 156703975), (2769143, 21, 161372130)]"
2609424 "[(1213036, 32, 157019821), (1999913, 35, 224207474)]"
755158 "[(916067, 26, 157022483)]"
948112 "[(2506786, 44, 157952243)]"
2659695 "[(1361931, 10, 159464919)]"
2707266 "[(1003917, 20, 159630644)]"
2104461 "[(512535, 55, 160960845)]"
1006564 "[(1309076, 31, 161042756)]"
1425809 "[(1112325, 37, 161502236)]"
2739486 "[(1009700, 18, 162399238)]"
2514140 "[(2761906, 85, 163692516)]"
2104909 "[(1939741, 85, 163783853)]"
2335950 "[(2737956, 54, 163963100), (59111, 28, 163967276), (1578604, 65, 163967764), (516867, 36, 169808499)]"
2872454 "[(1464327, 85, 163980505)]"
2872789 "[(163197, 59, 164009780)]"
2818730 "[(1293007, 37, 164279322)]"
2891697 "[(1970882, 35, 164492397)]"
1978879 "[(161815, 89, 165141215)]"
2460809 "[(2909797, 37, 165248219)]"
2925763 "[(2444937, 84, 165358021)]"
1900519 "[(1125151, 59, 165419593)]"
1581786 "[(2205458, 91, 165542637)]"
1075252 "[(2061376, 19, 165617599)]"
2957749 "[(2858719, 5, 166141824)]"
982796 "[(2140859, 65, 166326091), (408352, 25, 173318462)]"
1678224 "[(2392683, 43, 166794911)]"
1894730 "[(376929, 64, 166897773)]"
2669087 "[(992546, 27, 167098686), (445533, 32, 212348181)]"
3001530 "[(1055284, 81, 167153810)]"
3005547 "[(268080, 33, 167258385)]"
2641096 "[(1882, 30, 167604198)]"
3131897 "[(593415, 56, 170335882), (5241746, 54, 229681335)]"
1808376 "[(604608, 74, 170610772)]"
2200556 "[(690454, 15, 170631638)]"
3140609 "[(3127357, 38, 170673135)]"
2686868 "[(2332416, 2, 170732077), (293680, 17, 170732428), (1136267, 45, 188449142), (2611709, 77, 188532030), (963549, 82, 191580534), (4043459, 0, 195700899), (779681, 70, 234638632)]"
2195989 "[(1985035, 87, 171320821)]"
3162265 "[(1581806, 57, 171378385), (1379803, 21, 171501850), (1982601, 54, 171677241), (1079483, 53, 171912601), (2749777, 55, 171976307), (2213081, 37, 172004157), (2648518, 79, 172195334), (3138807, 75, 172196240), (3014926, 78, 172199187), (889213, 53, 172201673), (427106, 40, 172599468), (1664944, 59, 173103394), (1664944, 59, 173574836), (113632, 57, 208882094), (4058291, 12, 235961143)]"
3179988 "[(2511294, 54, 171791320)]"
3192340 "[(103167, 49, 172124138), (2837253, 63, 172206653)]"
3197311 "[(3108990, 87, 172243444)]"
2984174 "[(802933, 74, 172274791)]"
3211794 "[(1783240, 37, 172597699), (3524147, 60, 191071697)]"
3133729 "[(1973164, 22, 172693162)]"
1721908 "[(1231486, 36, 172893262)]"
3240155 "[(1356578, 55, 173306517)]"
2323301 "[(2293350, 47, 173384052)]"
3274306 "[(1374175, 2, 174051358)]"
3276481 "[(2311023, 87, 174139657)]"
3285629 "[(1169669, 11, 174273552)]"
3296021 "[(3264180, 39, 174645769)]"
2709188 "[(1394168, 50, 174704078)]"
3315612 "[(1453579, 2, 175005605)]"
3329296 "[(3311522, 38, 175297738)]"
3324820 "[(3271331, 81, 175427763)]"
3016428 "[(2655207, 67, 175441307)]"
3275702 "[(1517467, 47, 175722707)]"
3315842 "[(3351906, 67, 175803143)]"
3353535 "[(3329080, 80, 175830922)]"
2217235 "[(1237411, 19, 175947380)]"
3328145 "[(374460, 90, 175974583), (325365, 68, 191180580)]"
2279766 "[(3315914, 15, 176034922)]"
3349420 "[(651394, 50, 176046695)]"
2907716 "[(2032444, 12, 176405254)]"
1507435 "[(115781, 49, 177543426)]"
3421694 "[(3431388, 67, 178238946)]"
3314084 "[(3323896, 67, 178381171), (896062, 6, 189753539)]"
1905986 "[(1988667, 86, 178675129), (3401253, 13, 178677674), (1006610, 21, 178700413), (2081012, 53, 178700893)]"
3494455 "[(1014733, 0, 179018302)]"
3495632 "[(1687613, 46, 179020246)]"
3456344 "[(3405238, 20, 179577980)]"
2488294 "[(246878, 49, 179719790)]"
3525413 "[(416729, 8, 179749563)]"
3528209 "[(3518346, 84, 179945320)]"
3430884 "[(754176, 62, 180065626)]"
3305789 "[(2361780, 79, 180100493)]"
3550193 "[(271637, 32, 180527540)]"
3093375 "[(88159, 56, 181199135)]"
3027146 "[(1379657, 78, 181862054)]"
2638173 "[(307308, 3, 182088141)]"
3633955 "[(710530, 83, 182467597)]"
3642686 "[(322932, 31, 182649098)]"
3399293 "[(2682043, 57, 182953123)]"
3653208 "[(767696, 64, 182972982)]"
3617907 "[(128860, 49, 183253322)]"
3096205 "[(544095, 86, 183659696)]"
3729322 "[(2785565, 20, 184939117)]"
1400465 "[(1304312, 50, 184991579)]"
3741090 "[(3448, 26, 185239506)]"
3764188 "[(2170171, 34, 185878618)]"
3766336 "[(1162478, 48, 186670327)]"
3800822 "[(960875, 54, 186835130)]"
3802014 "[(1856451, 47, 186854765)]"
2939259 "[(2109289, 62, 186896304)]"
3811549 "[(856976, 84, 187190502)]"
3812144 "[(1829515, 63, 187209031)]"
3817381 "[(1520083, 5, 187298571)]"
3816238 "[(983222, 67, 187370767)]"
3834328 "[(2926158, 77, 187845630)]"
3848303 "[(494500, 10, 188044642)]"
3124684 "[(188914, 24, 188164359)]"
3863456 "[(3651746, 6, 188471785)]"
3880662 "[(2013896, 20, 188889403)]"
3835136 "[(3184706, 45, 188987624)]"
3591980 "[(2777181, 63, 189880359)]"
3928181 "[(1694185, 24, 190199234)]"
2414403 "[(1185254, 63, 190750376)]"
3950547 "[(886022, 20, 190759022)]"
3948569 "[(1987822, 67, 190812239)]"
3803792 "[(1618885, 73, 191060803)]"
3966709 "[(2310289, 80, 191143962), (3717646, 82, 191146205), (1436182, 92, 191512496), (2310411, 81, 192637083)]"
3968373 "[(3954185, 78, 191179565)]"
3965021 "[(3793865, 82, 191444641)]"
3977365 "[(485971, 64, 191482224)]"
3293161 "[(3969649, 92, 191534741)]"
3988855 "[(3736362, 53, 191747185)]"
3991569 "[(2092967, 18, 191809144)]"
3986844 "[(3517626, 43, 192066838)]"
3994203 "[(2229362, 23, 192376678)]"
1812054 "[(3794038, 84, 193049312)]"
2173403 "[(3524047, 72, 193192921)]"
2113540 "[(2043271, 3, 193425336)]"
4040664 "[(1160282, 77, 193479627)]"
4053666 "[(4050023, 20, 193488343)]"
2028380 "[(2587646, 2, 194095640)]"
4108255 "[(3781876, 82, 194876958)]"
3392055 "[(3280180, 54, 195066301)]"
4133188 "[(16998, 64, 196011128)]"
4156608 "[(3865897, 67, 196103947)]"
4156804 "[(3306192, 17, 196189595), (10263, 40, 196193815)]"
3977122 "[(1094339, 91, 196498738)]"
4017949 "[(2187407, 79, 196592779)]"
3870343 "[(2712682, 72, 196680880)]"
4180764 "[(3482878, 78, 196706575)]"
4183966 "[(2838509, 39, 196820700)]"
2392088 "[(2188082, 57, 196845652)]"
4184223 "[(1366431, 52, 196901018)]"
2556281 "[(3667225, 75, 196964685)]"
3856784 "[(2520629, 12, 197052999)]"
4207792 "[(1461050, 86, 197416043)]"
4196260 "[(1497212, 44, 197492358), (1667023, 46, 204832985)]"
4211373 "[(1914547, 75, 197500139)]"
4236858 "[(1137669, 15, 198107081), (4205820, 53, 198111178), (1783299, 53, 202675860)]"
4227841 "[(4077305, 86, 198126982)]"
4244096 "[(4216902, 42, 198261685), (2171194, 24, 204497976), (1868032, 5, 204499622), (2060725, 40, 206136962)]"
4248241 "[(1061730, 64, 198352617)]"
4254597 "[(79247, 3, 198494624)]"
2555626 "[(1161484, 54, 198499169)]"
3095329 "[(3466544, 13, 198510612)]"
4214725 "[(2823285, 67, 198942460)]"
4279820 "[(2250148, 59, 199059516)]"
4121924 "[(2488974, 75, 199634890)]"
4302666 "[(4260996, 90, 200493203)]"
4344116 "[(3770161, 75, 200651542)]"
1988402 "[(2619988, 40, 200862684)]"
4329222 "[(398316, 15, 200909102)]"
4404632 "[(1220302, 30, 202426463)]"
4427396 "[(478354, 4, 203205875)]"
4448641 "[(3962895, 76, 203605530)]"
4452766 "[(4447046, 46, 203692596)]"
4453246 "[(2090876, 39, 203711167)]"
1986665 "[(102052, 33, 204172927)]"
4480032 "[(3236900, 12, 204336117)]"
4490547 "[(4116624, 16, 204591371)]"
2372108 "[(2455320, 77, 205051218)]"
4511127 "[(3193958, 20, 205106170)]"
4512479 "[(1037511, 20, 205340507)]"
4532485 "[(2592349, 86, 205594817)]"
4341559 "[(3976490, 79, 206021944)]"
1213480 "[(3779667, 70, 206028019)]"
4550107 "[(1163444, 19, 206105553)]"
4500495 "[(1662353, 22, 206196800)]"
4572291 "[(4492504, 64, 206563163)]"
4512780 "[(3421738, 90, 206734311)]"
1118988 "[(2168052, 41, 207201559)]"
4534435 "[(3010873, 76, 207264250)]"
4607721 "[(298371, 68, 207367671)]"
2914902 "[(4582876, 86, 207405454)]"
4619934 "[(4532402, 17, 207668828)]"
4620427 "[(1444464, 83, 207686942), (4232386, 80, 207687112)]"
4154414 "[(2068330, 6, 207884995)]"
4636898 "[(659466, 46, 208030885)]"
3547405 "[(3358449, 86, 208073093)]"
2712005 "[(1692752, 87, 208244771)]"
2466361 "[(2286722, 19, 208353924)]"
4667726 "[(3487232, 76, 208716714), (2083119, 45, 208991976), (4685697, 81, 209146581), (293652, 48, 209341337)]"
4672933 "[(3626293, 77, 208876434)]"
4112936 "[(1828662, 38, 208922790)]"
4639698 "[(1902222, 14, 209157029)]"
4095691 "[(4114683, 86, 209237289)]"
4681559 "[(1185107, 15, 209318845)]"
4709957 "[(1340768, 60, 209726645)]"
4685442 "[(4706584, 59, 210501254)]"
4744885 "[(2230302, 18, 210523034)]"
4682508 "[(584101, 80, 210568198)]"
4738252 "[(840259, 24, 210623269)]"
4768512 "[(2672238, 36, 211034254)]"
4429195 "[(121936, 60, 211046032)]"
4769725 "[(2658820, 43, 211062165)]"
4772136 "[(4586888, 61, 211099362)]"
4747755 "[(4578454, 77, 211211541)]"
4793220 "[(1473927, 58, 211580878)]"
4666563 "[(1461850, 71, 211582327), (3430463, 2, 211991169)]"
2356665 "[(23264, 25, 211623682)]"
2584436 "[(2256399, 57, 211647933)]"
3595726 "[(206637, 58, 211651758), (4721115, 70, 211806894), (3212998, 67, 211901143), (1816580, 21, 212333230), (2647279, 63, 221400339), (2605073, 63, 221400834), (2345523, 67, 237641364)]"
4798519 "[(2604468, 42, 212111410)]"
4212850 "[(1271445, 73, 212220547)]"
3320032 "[(4296818, 17, 212224750), (1534737, 16, 223332662)]"
4833091 "[(1184072, 62, 212513733)]"
4286390 "[(2066155, 13, 212549485)]"
1552393 "[(4074421, 39, 212591439), (782428, 40, 212935494)]"
3555264 "[(872883, 81, 212617984)]"
4839407 "[(2111876, 24, 212627873)]"
3082217 "[(4840547, 40, 212661464)]"
4842704 "[(4749156, 17, 212692696)]"
4818335 "[(4485147, 16, 212755256)]"
4845561 "[(3792790, 12, 212755877)]"
4859678 "[(399439, 86, 213130248), (4939569, 60, 215359909)]"
4893701 "[(1920493, 90, 213946695)]"
4898347 "[(2640921, 86, 214146508)]"
4641496 "[(2994276, 82, 214437194)]"
4912066 "[(1792075, 65, 214613482)]"
4921295 "[(4729281, 47, 214647499)]"
4088539 "[(3125880, 15, 214773709)]"
4933603 "[(1419321, 61, 214948107)]"
3740935 "[(3755893, 86, 215066005)]"
4937079 "[(2032598, 16, 215261773)]"
3920163 "[(691083, 59, 215367236)]"
3796089 "[(284420, 31, 215595461)]"
4983430 "[(3819867, 46, 216150329)]"
4987877 "[(4990217, 59, 216319233)]"
4997348 "[(1986882, 11, 216560475)]"
5059825 "[(5047627, 40, 218018093)]"
5066620 "[(5003554, 38, 218154998)]"
4332791 "[(4814030, 14, 218244236)]"
5076609 "[(2023524, 55, 218370857)]"
5083833 "[(1014378, 1, 218624765)]"
5089074 "[(1154256, 1, 218803207)]"
1849710 "[(450600, 60, 218806207)]"
4342465 "[(2181636, 81, 218815286)]"
5095271 "[(3840799, 14, 218840805)]"
2207361 "[(4121519, 39, 218895096)]"
5108514 "[(5104596, 14, 219181660)]"
5111775 "[(2705727, 82, 219482072)]"
4171090 "[(820319, 70, 219601077)]"
3685461 "[(1881263, 17, 219830792)]"
3012246 "[(2701753, 41, 219845375)]"
5097582 "[(1309035, 54, 219846367)]"
4485699 "[(2232187, 33, 220039261)]"
5144421 "[(5132823, 61, 220041674)]"
5152779 "[(5012362, 70, 220208919)]"
5128008 "[(1039993, 6, 220787624)]"
1380756 "[(563599, 89, 220842267)]"
5186215 "[(853694, 21, 221077107)]"
5196099 "[(1436290, 86, 221280381)]"
1867118 "[(5131031, 70, 221701952), (2626084, 41, 221703048), (1477697, 67, 221704503), (779681, 70, 221778006), (2961662, 78, 221780341), (459351, 51, 222285168), (3458204, 63, 222293658)]"
5211814 "[(3701067, 87, 221703830)]"
2695301 "[(2212050, 21, 221797041)]"
4646419 "[(5162996, 40, 221818867)]"
5224258 "[(656449, 18, 221940767)]"
2559256 "[(1461050, 86, 222010387)]"
630212 "[(74098, 56, 222346827)]"
5238987 "[(2917707, 54, 222356581)]"
5239390 "[(2618653, 16, 222433194)]"
5244945 "[(2453643, 53, 222471839)]"
5250559 "[(1488814, 22, 222597867)]"
5206498 "[(1319545, 5, 222630722)]"
4956456 "[(481528, 64, 222801428)]"
5258329 "[(2110294, 7, 222832596)]"
5073437 "[(3187349, 76, 222969402)]"
5264844 "[(4293020, 61, 222979310), (3288910, 53, 222990983)]"
3206757 "[(576674, 85, 223124288)]"
5253396 "[(3585500, 0, 223529813)]"
5272338 "[(2285234, 17, 223718836)]"
4480353 "[(3922706, 71, 223825961)]"
5207823 "[(4135292, 16, 224186814)]"
5320109 "[(4691435, 19, 224327045)]"
2528532 "[(3142940, 43, 224466886)]"
5330115 "[(3427024, 40, 224586875)]"
5336689 "[(502744, 10, 224767212)]"
5356494 "[(5279156, 72, 225231540)]"
5360381 "[(1615664, 93, 225392126)]"
4803440 "[(1747018, 57, 225540512)]"
5090859 "[(3183133, 45, 225607643)]"
4136177 "[(2071491, 13, 225631845), (3965015, 19, 226499029), (4079060, 16, 226565637), (1577959, 13, 226613741), (5289508, 86, 226705360), (3093739, 70, 226737401), (2606431, 14, 226747710), (5292265, 78, 226759945), (4605511, 70, 226766504), (4208058, 76, 226773623), (5256344, 14, 226774813), (4487696, 13, 226778290), (5424417, 69, 226784887), (4953176, 17, 226791661), (5377020, 24, 226793997), (5426157, 14, 226839644), (4554761, 14, 226841458), (2686836, 17, 226842367), (1760421, 17, 226844247), (4648470, 23, 226847325), (1786480, 19, 226850423), (277603, 68, 226852915), (1941458, 27, 226882661), (2736696, 16, 227032229), (3172176, 14, 227037751), (4180140, 14, 227087401), (369161, 31, 227087795), (1581090, 71, 227119861), (5411374, 70, 227122036), (5437696, 22, 227128297), (4233198, 16, 227215258), (5112524, 70, 227220353), (3509663, 83, 227302063), (4947042, 16, 227361417), (3263538, 12, 227387995), (5304432, 91, 227391242), (4608315, 14, 231211808), (4061486, 16, 231476890), (4250405, 16, 233282843), (5255543, 14, 233372892)]"
5382585 "[(3563448, 63, 225915701)]"
5389241 "[(1650336, 77, 226012293)]"
5058531 "[(506013, 53, 226886294)]"
5429502 "[(1428679, 11, 226887808), (1137432, 69, 226887831), (4367864, 52, 226887883), (434551, 53, 229234626), (2138126, 68, 233354700)]"
1715549 "[(1807569, 67, 227035898)]"
2893962 "[(2307070, 51, 227112211), (2202675, 77, 227284806), (2933177, 45, 227292076)]"
5442186 "[(5433219, 69, 227224221)]"
3600594 "[(1422364, 13, 227851013)]"
5473733 "[(1638386, 41, 227933665)]"
5485693 "[(3999648, 37, 228232319)]"
5144953 "[(369326, 18, 228585084)]"
5463308 "[(5110004, 84, 228635237)]"
5401555 "[(5500210, 63, 229222963)]"
4262246 "[(1437781, 11, 229425420)]"
5143130 "[(2129446, 22, 229457147)]"
5540524 "[(11032, 49, 229494932)]"
5548285 "[(3004299, 42, 230207446)]"
5573518 "[(2606899, 62, 230257327)]"
5536439 "[(5248864, 76, 230273152)]"
5577497 "[(5200100, 74, 230333726)]"
5437882 "[(1051621, 40, 230340445)]"
5588620 "[(3148019, 34, 230624337)]"
5604588 "[(1980739, 22, 230929510)]"
5603700 "[(4405361, 15, 230940105)]"
2396633 "[(3187349, 76, 230990999)]"
4212197 "[(4364775, 60, 231032840)]"
5616467 "[(991952, 20, 231221275)]"
3295436 "[(4062907, 17, 231307937)]"
1331019 "[(1931500, 12, 231788622)]"
5650369 "[(4158877, 65, 231959985)]"
4842918 "[(56440, 25, 232398470)]"
5633136 "[(4343318, 16, 232519629)]"
4102091 "[(5088381, 44, 232558622)]"
5675695 "[(4241180, 70, 232587069)]"
5696989 "[(4164892, 83, 232969206)]"
5385445 "[(5698031, 76, 232988265)]"
5411326 "[(1476989, 27, 233017354)]"
5529329 "[(3954102, 73, 233025311)]"
3896935 "[(1664034, 17, 233414939)]"
5729294 "[(916470, 13, 234014355)]"
5734397 "[(1025718, 60, 234117577)]"
4517983 "[(1838122, 78, 234312080)]"
4320852 "[(2854711, 67, 234478875)]"
4380724 "[(4168648, 12, 234568641)]"
5704281 "[(2531556, 76, 234683609)]"
5765366 "[(1076376, 40, 234766583)]"
3770907 "[(1943228, 79, 234974124)]"
5776970 "[(3047850, 35, 235175630)]"
4075513 "[(2157818, 19, 235178424)]"
3161819 "[(3702862, 76, 235567087)]"
5688540 "[(1731686, 59, 235598613)]"
5605884 "[(2935174, 82, 235607798)]"
5814703 "[(3074302, 16, 235743326)]"
2776500 "[(3011380, 15, 236187364)]"
5772914 "[(5796699, 17, 236286474)]"
5851382 "[(1682761, 44, 236441918)]"
5794282 "[(4640346, 61, 237571190)]"
5910117 "[(5838521, 0, 237592830)]"
5691325 "[(3260314, 70, 237969590)]"
4102863 "[(3441081, 70, 238158176)]"
5934041 "[(42135, 26, 238165346)]"
5941154 "[(2805376, 14, 238184324)]"
5480307 "[(1037465, 17, 238680687)]"
5953086 "[(4795214, 40, 238688172)]"
5956783 "[(466618, 58, 238701524)]"
5667464 "[(4461395, 76, 238928297)]"
4382748 "[(388025, 68, 238980924)]"
5899231 "[(120979, 33, 239007845)]"
5048633 "[(221851, 36, 239219239)]"
