0 1779774753 1779774753 0 811513 910 912 1776 
1 1779774753 1779774753 0 867426 1675 1323 1662 
2 1779774753 1779774753 0 704040 609 553 570 
3 1779774753 1779774753 0 473631 363 484 1358 
4 1779774753 1779774753 0 668885 417 460 392 
5 1779774753 1779774753 0 945315 1427 1844 1318 
6 1779774753 1779774753 0 989067 1447 1222 1772 
7 1779774753 1779774753 0 983440 1665 1868 1331 
8 1779774753 1779774753 0 937123 1688 1290 1600 
10 1779774753 1779774753 0 837917 1804 1522 1530 
11 1779774753 1779774753 0 685440 1845 1101 1302 
12 1779774753 1779774753 0 979811 1459 1841 1277 
13 1779774753 1779774753 0 652584 1279 975 1104 
14 1779774753 1779774753 0 765272 579 592 617 
15 1779774753 1779774753 0 811879 384 350 348 
16 1779774753 1779774753 0 993175 1848 1582 1020 
17 1779774753 1779774753 0 515643 3991 4031 4027 
18 1779774753 1779774753 0 476473 1685 1341 1467 
19 1779774753 1779774753 0 352715 1540 1864 1290 
20 1779774753 1779774753 0 902496 1761 1146 1835 
21 1779774753 1779774753 0 758731 668 414 436 
22 1779774753 1779774753 0 985150 1330 932 1447 
23 1779774753 1779774753 0 945754 390 373 604 
24 1779774753 1779774753 0 981425 1491 1390 1402 
25 1779774753 1779774753 0 850496 1810 946 1683 
26 1779774753 1779774753 0 769642 1542 1361 1488 
27 1779774753 1779774753 0 800003 525 513 669 
28 1779774753 1779774753 0 286296 3994 4030 3997 
30 1779774753 1779774753 0 453961 1451 1282 1502 
31 1779774753 1779774753 0 905006 621 414 653 
32 1779774753 1779774753 0 885185 633 680 592 
33 1779774753 1779774753 0 807063 3983 3980 4030 
34 1779774753 1779774753 0 895004 1459 975 1060 
36 1779774753 1779774753 0 343450 595 643 670 
37 1779774753 1779774753 0 919173 1100 1596 1680 
38 1779774753 1779774753 0 492115 1417 1277 1729 
39 1779774753 1779774753 0 995552 383 348 541 
40 1779774753 1779774753 0 215603 414 668 -1 
41 1779774753 1779774753 0 972343 1009 1082 1404 
42 1779774753 1779774753 0 680993 487 378 542 
43 1779774753 1779774753 0 667347 1083 1604 1126 
44 1779774753 1779774753 0 985513 1820 1148 596 
45 1779774753 1779774753 0 790943 206 178 88 
46 1779774753 1779774753 0 619527 1413 1573 1661 
47 1779774753 1779774753 0 614658 598 414 513 
48 1779774753 1779774753 0 894180 1657 1776 107 
49 1779774753 1779774753 0 999163 1520 1467 1791 
50 1779774753 1779774753 0 575737 1647 1413 1347 
51 1779774753 1779774753 0 691853 1594 107 1097 
52 1779774753 1779774753 0 894622 1867 1659 1352 
54 1779774753 1779774753 0 945000 382 355 452 
55 1779774753 1779774753 0 488944 1442 107 1364 
56 1779774753 1779774753 0 976940 1078 1416 1339 
57 1779774753 1779774753 0 953053 1467 1621 1367 
58 1779774753 1779774753 0 997510 403 553 482 
59 1779774753 1779774753 0 845027 496 515 527 
60 1779774753 1779774753 0 554420 1322 1857 1292 
61 1779774753 1779774753 0 947876 1572 1730 1173 
62 1779774753 1779774753 0 856916 1627 107 1120 
63 1779774753 1779774753 0 736799 1122 1677 637 
65 1779774753 1779774753 0 890424 926 1509 1420 
66 1779774753 1779774753 0 836033 611 636 620 
68 1779774753 1779774753 0 883456 952 1028 1365 
69 1779774753 1779774753 0 857613 1128 1835 1209 
70 1779774753 1779774753 0 993287 439 442 460 
71 1779774753 1779774753 0 792168 538 1179 1692 
72 1779774753 1779774753 0 479991 1047 1867 1491 
73 1779774753 1779774753 0 559980 514 483 896 
74 1779774753 1779774753 0 783655 450 373 397 
75 1779774753 1779774753 0 332058 579 617 590 
76 1779774753 1779774753 0 822773 902 1680 1036 
77 1779774753 1779774753 0 990546 1156 1288 1335 
78 1779774753 1779774753 0 857888 1691 1235 1884 
79 1779774753 1779774753 0 997919 1279 1475 1715 
80 1779774753 1779774753 0 601307 4030 3988 3982 
81 1779774753 1779774753 0 949491 684 597 633 
82 1779774753 1779774753 0 988192 1742 1204 1413 
85 1779774753 1779774753 0 978530 1280 1409 1832 
86 1779774753 1779774753 0 931999 1646 1675 1643 
87 1779774753 1779774753 0 660173 413 376 348 
88 1779774753 1779774753 0 974670 377 383 348 
89 1779774753 1779774753 0 600420 1828 1373 1104 
90 1779774753 1779774753 0 824168 1080 1543 1358 
91 1779774753 1779774753 0 937844 1878 1844 1543 
92 1779774753 1779774753 0 915215 601 976 1514 
93 1779774753 1779774753 0 764242 1324 1099 1166 
94 1779774753 1779774753 0 331891 1710 1688 1522 
95 1779774753 1779774753 0 889069 1637 1243 1497 
96 1779774753 1779774753 0 856274 982 1730 1639 
97 1779774753 1779774753 0 867861 4037 4014 3998 
98 1779774753 1779774753 0 498364 967 1146 1391 
99 1779774753 1779774753 0 884113 164 88 48 
141 1779774753 1779774753 1 815337 1558 107 1229 
204 1779774753 1779774753 1 588121 280 1 119 
329 1779774753 1779774753 1 315308 1481 107 1528 
151 1779774753 1779774753 1 974222 1346 107 898 
223 1779774753 1779774753 1 979536 200 165 334 
341 1779774753 1779774753 1 539807 1223 1794 968 
181 1779774753 1779774753 1 971023 1760 107 1851 
231 1779774753 1779774753 1 974883 248 38 0 
360 1779774753 1779774753 1 867776 1418 1830 637 
190 1779774753 1779774753 1 877330 467 348 483 
388 1779774753 1779774753 1 986293 1745 1688 1620 
389 1779774753 1779774753 1 783718 1038 107 986 
100 1779774753 1779774753 0 701603 3173 3418 3196 
101 1779774753 1779774753 0 711757 3198 2686 2950 
102 1779774753 1779774753 0 638414 2757 2694 3301 
103 1779774753 1779774753 0 817284 2691 2792 -1 
104 1779774753 1779774753 0 139987 3009 2711 2923 
105 1779774753 1779774753 0 405905 2837 3030 3394 
106 1779774753 1779774753 0 695308 2933 2935 3020 
108 1779774753 1779774753 0 462481 3256 3032 3264 
109 1779774753 1779774753 0 356880 3036 1684 3349 
110 1779774753 1779774753 0 551266 3003 58 3173 
111 1779774753 1779774753 0 823697 2744 1726 1450 
112 1779774753 1779774753 0 772019 1097 1424 938 
113 1779774753 1779774753 0 952472 2996 3345 3320 
114 1779774753 1779774753 0 996748 3422 3377 -1 
115 1779774753 1779774753 0 426155 3013 3109 3345 
117 1779774753 1779774753 0 659925 2831 3393 2715 
118 1779774753 1779774753 0 984056 416 494 493 
119 1779774753 1779774753 0 657965 3434 2991 3277 
120 1779774753 1779774753 0 670958 3191 2716 2783 
121 1779774753 1779774753 0 938209 2761 1684 3044 
122 1779774753 1779774753 0 977808 3078 2800 2679 
123 1779774753 1779774753 0 906904 3320 2989 3150 
124 1779774753 1779774753 0 894257 2884 2909 2867 
125 1779774753 1779774753 0 552454 2871 2881 2778 
126 1779774753 1779774753 0 933766 3106 3330 3337 
127 1779774753 1779774753 0 466544 2959 2703 2670 
128 1779774753 1779774753 0 344476 2738 2726 3139 
129 1779774753 1779774753 0 607431 3016 3267 3035 
130 1779774753 1779774753 0 829909 2724 2921 3299 
131 1779774753 1779774753 0 978582 2674 3280 3419 
132 1779774753 1779774753 0 716994 3227 2884 -1 
133 1779774753 1779774753 0 797160 3020 2690 3099 
134 1779774753 1779774753 0 487582 3213 3023 3414 
135 1779774753 1779774753 0 754544 1838 1701 -1 
136 1779774753 1779774753 0 984486 2945 3435 2896 
137 1779774753 1779774753 0 567881 1687 1511 1553 
138 1779774753 1779774753 0 994155 3308 2724 3162 
139 1779774753 1779774753 0 860302 1666 1266 1585 
140 1779774753 1779774753 0 924867 3363 2717 2689 
142 1779774753 1779774753 0 951746 3264 2951 3346 
143 1779774753 1779774753 0 804476 3373 2868 3329 
144 1779774753 1779774753 0 758131 2960 2927 3363 
145 1779774753 1779774753 0 942520 2739 2702 2871 
146 1779774753 1779774753 0 974693 2962 3001 2947 
147 1779774753 1779774753 0 932259 3394 2837 2809 
148 1779774753 1779774753 0 852300 2766 2741 2874 
149 1779774753 1779774753 0 917492 2967 2839 2666 
150 1779774753 1779774753 0 647201 2847 2859 3397 
152 1779774753 1779774753 0 525533 3323 1684 3280 
153 1779774753 1779774753 0 563468 2950 3172 3039 
154 1779774753 1779774753 0 834591 3380 3038 3240 
155 1779774753 1779774753 0 977502 1788 1384 909 
156 1779774753 1779774753 0 291200 2955 2921 3346 
157 1779774753 1779774753 0 360128 3209 3320 3199 
158 1779774753 1779774753 0 918000 3193 2761 3234 
159 1779774753 1779774753 0 958928 2683 2994 2745 
160 1779774753 1779774753 0 509491 171 1684 3394 
161 1779774753 1779774753 0 964746 2906 2956 3339 
162 1779774753 1779774753 0 823992 3386 2973 3422 
163 1779774753 1779774753 0 967233 2686 2675 3341 
164 1779774753 1779774753 0 581794 3090 2911 2986 
165 1779774753 1779774753 0 726056 3022 3184 2927 
166 1779774753 1779774753 0 942492 3267 2937 3206 
167 1779774753 1779774753 0 145398 3354 1684 3231 
168 1779774753 1779774753 0 976808 3400 2738 3243 
169 1779774753 1779774753 0 708163 2776 3105 3053 
170 1779774753 1779774753 0 881931 2852 2827 2815 
171 1779774753 1779774753 0 936034 3349 2863 3034 
172 1779774753 1779774753 0 540229 3124 3205 3343 
173 1779774753 1779774753 0 482388 3192 3027 2734 
175 1779774753 1779774753 0 978627 3073 2910 2872 
176 1779774753 1779774753 0 522628 1670 1678 1561 
177 1779774753 1779774753 0 904352 2682 3068 2739 
178 1779774753 1779774753 0 330741 1203 1588 1360 
179 1779774753 1779774753 0 615721 3293 2867 2917 
180 1779774753 1779774753 0 590319 498 437 453 
182 1779774753 1779774753 0 901666 2725 2923 1684 
183 1779774753 1779774753 0 679880 3430 3090 3435 
184 1779774753 1779774753 0 856425 3185 3101 3179 
185 1779774753 1779774753 0 696384 2990 1684 3397 
186 1779774753 1779774753 0 849604 3172 3079 3332 
187 1779774753 1779774753 0 750256 3413 2766 3119 
188 1779774753 1779774753 0 520536 3265 3239 3416 
189 1779774753 1779774753 0 994182 3092 3324 3129 
191 1779774753 1779774753 0 952692 3101 2883 1534 
192 1779774753 1779774753 0 889627 3311 1684 3194 
193 1779774753 1779774753 0 933269 3166 2773 3119 
195 1779774753 1779774753 0 996802 2742 2904 3319 
196 1779774753 1779774753 0 931176 3307 2996 2803 
197 1779774753 1779774753 0 916980 3203 3321 3204 
198 1779774753 1779774753 0 944504 3181 3180 3131 
199 1779774753 1779774753 0 514030 3169 2991 2796 
318 1779774753 1779774753 1 422377 949 389 419 
35 1779774753 1779774753 1 923009 398 368 456 
346 1779774753 1779774753 1 992176 1023 1674 1505 
53 1779774753 1779774753 1 991258 426 407 -1 
352 1779774753 1779774753 1 930938 1073 1307 908 
83 1779774753 1779774753 1 960049 1594 1419 1909 
378 1779774753 1779774753 1 792160 1779 1883 1674 
84 1779774753 1779774753 1 934781 1863 1440 1852 
382 1779774753 1779774753 1 786363 3334 2724 3210 
385 1779774753 1779774753 1 804114 3338 3425 2926 
397 1779774753 1779774753 1 982658 2752 2812 3187 
200 1779774753 1779774753 0 570416 2047 2223 2232 
201 1779774753 1779774753 0 529765 135 309 127 
202 1779774753 1779774753 0 827265 2308 2323 2477 
203 1779774753 1779774753 0 919512 2403 1978 -1 
205 1779774753 1779774753 0 947059 1917 2408 2430 
206 1779774753 1779774753 0 652516 2507 2646 2593 
207 1779774753 1779774753 0 803551 2159 2027 1995 
208 1779774753 1779774753 0 995397 2046 2059 2593 
209 1779774753 1779774753 0 688935 2482 1912 1946 
210 1779774753 1779774753 0 628094 2500 2095 2326 
211 1779774753 1779774753 0 519425 177 175 321 
212 1779774753 1779774753 0 380932 299 53 130 
213 1779774753 1779774753 0 757684 2422 1912 2069 
214 1779774753 1779774753 0 718112 2037 2623 2190 
215 1779774753 1779774753 0 845126 1940 2028 2087 
216 1779774753 1779774753 0 406982 276 133 62 
217 1779774753 1779774753 0 924222 2553 2499 2464 
218 1779774753 1779774753 0 932558 2629 2283 2280 
219 1779774753 1779774753 0 654822 2067 2303 2478 
220 1779774753 1779774753 0 989484 2436 2087 1970 
221 1779774753 1779774753 0 324057 286 0 96 
222 1779774753 1779774753 0 909760 2242 2425 2296 
224 1779774753 1779774753 0 732661 2468 2420 2384 
225 1779774753 1779774753 0 956752 307 0 161 
226 1779774753 1779774753 0 815304 2481 2535 2126 
227 1779774753 1779774753 0 439367 193 91 259 
228 1779774753 1779774753 0 797622 2638 2521 2306 
229 1779774753 1779774753 0 954866 133 9 128 
230 1779774753 1779774753 0 973877 64 100 -1 
232 1779774753 1779774753 0 966501 2575 1997 2103 
233 1779774753 1779774753 0 623262 2374 2266 2083 
234 1779774753 1779774753 0 966817 2429 2092 2140 
235 1779774753 1779774753 0 871612 2236 2523 2158 
236 1779774753 1779774753 0 948184 2357 2145 2146 
237 1779774753 1779774753 0 810674 2049 1930 2117 
238 1779774753 1779774753 0 992805 2199 2174 2398 
239 1779774753 1779774753 0 770309 2048 2581 2047 
240 1779774753 1779774753 0 430163 2150 2045 2625 
241 1779774753 1779774753 0 863520 2070 2335 2158 
242 1779774753 1779774753 0 227698 35 143 0 
243 1779774753 1779774753 0 886201 2186 2473 2111 
244 1779774753 1779774753 0 474987 2506 2244 2554 
245 1779774753 1779774753 0 380388 2368 2328 2533 
246 1779774753 1779774753 0 283377 2316 2360 2160 
247 1779774753 1779774753 0 938621 12 0 284 
248 1779774753 1779774753 0 257093 2356 2142 2206 
249 1779774753 1779774753 0 919189 2305 2285 1959 
250 1779774753 1779774753 0 406308 2486 2513 2444 
251 1779774753 1779774753 0 699979 2049 2411 2335 
252 1779774753 1779774753 0 625980 238 172 329 
253 1779774753 1779774753 0 860475 2001 2000 2494 
254 1779774753 1779774753 0 971178 2074 2600 2233 
255 1779774753 1779774753 0 848125 2057 1941 2247 
256 1779774753 1779774753 0 895455 1929 1946 2500 
257 1779774753 1779774753 0 535714 2635 2232 2161 
258 1779774753 1779774753 0 763905 2146 2411 2373 
259 1779774753 1779774753 0 103889 2436 2384 2616 
260 1779774753 1779774753 0 366987 1968 2018 2012 
261 1779774753 1779774753 0 943088 2042 2283 2516 
262 1779774753 1779774753 0 696059 1996 2565 2017 
263 1779774753 1779774753 0 888901 2657 2001 2011 
264 1779774753 1779774753 0 538611 2570 2082 2120 
265 1779774753 1779774753 0 802139 2543 2136 2326 
266 1779774753 1779774753 0 583883 2152 2373 2193 
267 1779774753 1779774753 0 932846 2004 2364 2337 
268 1779774753 1779774753 0 612312 2529 1577 2282 
269 1779774753 1779774753 0 973246 2097 2364 2639 
270 1779774753 1779774753 0 981545 2174 2138 2054 
271 1779774753 1779774753 0 791127 1993 2611 2139 
272 1779774753 1779774753 0 738244 2132 2642 2149 
273 1779774753 1779774753 0 990968 2361 2231 2440 
274 1779774753 1779774753 0 615034 2332 2125 2026 
275 1779774753 1779774753 0 694688 19 175 296 
276 1779774753 1779774753 0 694546 2188 2391 2088 
277 1779774753 1779774753 0 857370 2476 1912 2543 
278 1779774753 1779774753 0 965339 2380 1912 2230 
279 1779774753 1779774753 0 319498 2637 2325 1970 
280 1779774753 1779774753 0 895362 131 278 227 
281 1779774753 1779774753 0 878134 2451 1912 2467 
282 1779774753 1779774753 0 722523 2134 2465 2533 
283 1779774753 1779774753 0 665160 309 251 284 
284 1779774753 1779774753 0 995383 2175 2133 2333 
285 1779774753 1779774753 0 662043 2326 2069 2033 
286 1779774753 1779774753 0 933196 2635 2436 2239 
287 1779774753 1779774753 0 799399 2370 2326 2600 
288 1779774753 1779774753 0 452219 2290 2446 2240 
289 1779774753 1779774753 0 938201 2008 2412 2260 
290 1779774753 1779774753 0 927432 2212 2395 2210 
291 1779774753 1779774753 0 808032 1952 2384 2183 
292 1779774753 1779774753 0 648549 203 186 122 
293 1779774753 1779774753 0 248368 2066 2642 2169 
294 1779774753 1779774753 0 990869 26 169 291 
295 1779774753 1779774753 0 998446 2370 2088 1917 
296 1779774753 1779774753 0 925503 2051 1912 2418 
297 1779774753 1779774753 0 526202 2256 2214 2289 
298 1779774753 1779774753 0 190930 2330 2617 2246 
299 1779774753 1779774753 0 933264 324 118 199 
9 1779774753 1779774753 1 941719 1846 1718 1028 
29 1779774753 1779774753 1 518691 4 328 306 
67 1779774753 1779774753 1 620198 4 195 306 
300 1779774753 1779774753 0 994427 824 774 828 
301 1779774753 1779774753 0 746349 3787 3751 3749 
302 1779774753 1779774753 0 909487 1052 1725 1469 
303 1779774753 1779774753 0 934317 781 724 696 
304 1779774753 1779774753 0 966177 855 798 698 
305 1779774753 1779774753 0 844637 3571 3965 3759 
306 1779774753 1779774753 0 918293 3884 3968 3484 
307 1779774753 1779774753 0 979430 3497 3542 3527 
308 1779774753 1779774753 0 884096 802 686 831 
309 1779774753 1779774753 0 697392 3453 3437 3494 
310 1779774753 1779774753 0 721736 3942 3561 3738 
311 1779774753 1779774753 0 749566 3597 3442 3553 
312 1779774753 1779774753 0 845909 1472 1306 1738 
313 1779774753 1779774753 0 973737 733 786 782 
314 1779774753 1779774753 0 287942 869 811 890 
315 1779774753 1779774753 0 624222 3765 3437 3720 
316 1779774753 1779774753 0 727170 1295 1264 937 
317 1779774753 1779774753 0 648984 750 770 705 
319 1779774753 1779774753 0 228663 720 809 705 
320 1779774753 1779774753 0 613679 3936 3553 3505 
321 1779774753 1779774753 0 891390 854 686 781 
322 1779774753 1779774753 0 585138 1301 1518 1537 
323 1779774753 1779774753 0 842501 3896 3511 3437 
324 1779774753 1779774753 0 372436 3568 3529 3630 
325 1779774753 1779774753 0 784972 3561 3554 3437 
326 1779774753 1779774753 0 681261 832 720 764 
327 1779774753 1779774753 0 960360 3767 3532 3829 
328 1779774753 1779774753 0 560376 763 820 845 
330 1779774753 1779774753 0 744566 3953 3437 3936 
331 1779774753 1779774753 0 963887 3707 3930 3488 
332 1779774753 1779774753 0 951941 3912 3739 3473 
333 1779774753 1779774753 0 962889 3826 3822 3794 
334 1779774753 1779774753 0 971570 3794 3924 3909 
335 1779774753 1779774753 0 866074 3777 3803 3564 
336 1779774753 1779774753 0 650450 3915 3510 3881 
337 1779774753 1779774753 0 381439 757 739 819 
338 1779774753 1779774753 0 660687 1474 1134 1640 
339 1779774753 1779774753 0 979430 3542 3527 -1 
340 1779774753 1779774753 0 968512 756 734 847 
342 1779774753 1779774753 0 844569 3545 3627 3437 
343 1779774753 1779774753 0 681013 3630 3529 3459 
344 1779774753 1779774753 0 799730 3476 3757 3836 
345 1779774753 1779774753 0 806887 3443 3937 3529 
347 1779774753 1779774753 0 765921 777 686 778 
348 1779774753 1779774753 0 915637 3642 3640 3804 
349 1779774753 1779774753 0 775093 838 840 708 
350 1779774753 1779774753 0 723923 3719 3643 3895 
351 1779774753 1779774753 0 270125 3789 3807 3437 
353 1779774753 1779774753 0 984374 3911 3502 3813 
354 1779774753 1779774753 0 925596 3713 3740 3735 
355 1779774753 1779774753 0 769313 924 1876 1444 
356 1779774753 1779774753 0 718685 3805 3440 3596 
357 1779774753 1779774753 0 595885 979 1177 987 
358 1779774753 1779774753 0 297938 3545 3604 3611 
359 1779774753 1779774753 0 879363 1177 1138 1896 
361 1779774753 1779774753 0 969610 1869 1338 -1 
362 1779774753 1779774753 0 823043 3482 3505 3629 
363 1779774753 1779774753 0 784972 3848 3437 3554 
364 1779774753 1779774753 0 898149 3932 3799 3437 
365 1779774753 1779774753 0 869668 3665 3931 3782 
366 1779774753 1779774753 0 405756 733 795 686 
367 1779774753 1779774753 0 954480 3852 3667 -1 
368 1779774753 1779774753 0 427138 3460 3601 3768 
369 1779774753 1779774753 0 969425 862 3721 3495 
370 1779774753 1779774753 0 872145 3535 3623 3593 
371 1779774753 1779774753 0 995663 986 1536 566 
372 1779774753 1779774753 0 959403 3620 3506 3680 
373 1779774753 1779774753 0 950643 690 853 713 
374 1779774753 1779774753 0 963211 3610 3888 3950 
375 1779774753 1779774753 0 929436 1236 1139 1504 
376 1779774753 1779774753 0 867648 3978 3437 3510 
377 1779774753 1779774753 0 738994 791 806 771 
379 1779774753 1779774753 0 921146 3676 3652 3437 
380 1779774753 1779774753 0 255980 3635 3830 3449 
381 1779774753 1779774753 0 688141 3862 3728 3740 
383 1779774753 1779774753 0 82101 3644 3508 3472 
384 1779774753 1779774753 0 922528 3649 3437 3798 
386 1779774753 1779774753 0 928594 822 791 818 
387 1779774753 1779774753 0 338385 3650 3437 3619 
390 1779774753 1779774753 0 624653 3534 3612 3600 
391 1779774753 1779774753 0 980821 876 698 874 
392 1779774753 1779774753 0 574044 3670 3938 3943 
393 1779774753 1779774753 0 687734 1244 1189 1496 
394 1779774753 1779774753 0 962192 809 718 719 
395 1779774753 1779774753 0 387132 3665 3652 3825 
396 1779774753 1779774753 0 918029 810 711 853 
398 1779774753 1779774753 0 632215 3585 3580 3546 
399 1779774753 1779774753 0 960078 3784 3896 3437 
107 1779774753 1779774753 1 916307 1174 928 -1 
64 1779774753 1779774753 1 718663 1357 1536 1634 
116 1779774753 1779774753 1 687166 1424 1889 1138 
174 1779774753 1779774753 1 244261 3081 3365 3087 
194 1779774753 1779774753 1 872716 2934 3275 3246 
