0 1779774129 1779774129 0 913132 4014 4030 4017 -1 
1 1779774129 1779774129 0 997695 601 394 492 436 478 -1 
2 1779774129 1779774129 0 995777 1763 1844 1543 483 1245 -1 
3 1779774129 1779774129 0 993825 336 88 -1 
5 1779774129 1779774129 0 969461 1049 1730 1662 1214 1879 1181 -1 
6 1779774129 1779774129 0 992973 1379 1190 1235 1462 1067 1591 1716 1824 -1 
9 1779774129 1779774129 0 996411 1386 107 1652 1804 1735 947 -1 
10 1779774129 1779774129 0 997050 1245 1014 1848 1102 1099 1066 957 1204 -1 
11 1779774129 1779774129 0 981225 578 627 595 577 647 -1 
14 1779774129 1779774129 0 996074 1222 1861 1078 1255 1827 1086 1351 1610 -1 
15 1779774129 1779774129 0 992973 1744 107 1716 1824 -1 
18 1779774129 1779774129 0 996387 1724 1375 1126 1377 1086 1799 960 1823 1331 -1 
19 1779774129 1779774129 0 929603 592 616 622 -1 
21 1779774129 1779774129 0 897633 562 348 425 434 534 -1 
22 1779774129 1779774129 0 999365 1737 1198 107 897 -1 
23 1779774129 1779774129 0 983305 1668 1610 1609 1110 906 -1 
24 1779774129 1779774129 0 998167 54 1 73 -1 
25 1779774129 1779774129 0 999112 936 353 1320 641 1778 -1 
26 1779774129 1779774129 0 950760 667 428 542 395 620 -1 
28 1779774129 1779774129 0 997523 1639 1835 925 1092 1551 1180 1470 1288 -1 
32 1779774129 1779774129 0 994216 1744 483 538 1313 376 -1 
35 1779774129 1779774129 0 999163 1205 1791 1467 -1 
36 1779774129 1779774129 0 975437 1206 107 563 449 397 421 455 -1 
37 1779774129 1779774129 0 941186 981 1036 1479 1682 -1 
38 1779774129 1779774129 0 999789 1243 1753 1845 1049 1184 916 -1 
39 1779774129 1779774129 0 995000 1516 1341 1864 982 1845 1116 -1 
40 1779774129 1779774129 0 974417 1289 953 1888 1285 1083 -1 
41 1779774129 1779774129 0 999112 1206 107 936 1320 641 1778 -1 
42 1779774129 1779774129 0 993272 1683 1717 1867 1004 1559 1589 1590 -1 
43 1779774129 1779774129 0 953462 618 685 588 654 592 655 630 685 -1 
44 1779774129 1779774129 0 994804 1413 1462 1720 1576 1550 1875 -1 
46 1779774129 1779774129 0 765328 294 77 -1 
47 1779774129 1779774129 0 998903 1166 1032 917 1406 1871 1783 -1 
52 1779774129 1779774129 0 997133 448 413 542 439 567 353 419 -1 
53 1779774129 1779774129 0 959859 576 650 659 577 635 583 -1 
54 1779774129 1779774129 0 983305 1730 1547 1554 1827 1849 1622 906 1110 -1 
57 1779774129 1779774129 0 987796 3996 4028 3980 4001 -1 
58 1779774129 1779774129 0 982764 1736 1004 1522 946 1420 1736 1723 -1 
59 1779774129 1779774129 0 975437 584 422 348 455 421 -1 
60 1779774129 1779774129 0 988138 945 1406 1894 1099 -1 
61 1779774129 1779774129 0 963420 450 489 354 359 -1 
63 1779774129 1779774129 0 874180 525 398 404 409 -1 
64 1779774129 1779774129 0 982360 1020 1286 1322 981 1611 1628 -1 
65 1779774129 1779774129 0 997050 1647 1129 1231 957 1204 -1 
66 1779774129 1779774129 0 998273 1059 1399 1488 1352 1752 1632 -1 
67 1779774129 1779774129 0 993528 959 1370 1125 1804 1480 1125 1126 -1 
68 1779774129 1779774129 0 921969 657 626 677 617 625 573 579 611 589 -1 
69 1779774129 1779774129 0 987946 597 654 611 -1 
70 1779774129 1779774129 0 999163 1175 1570 1164 1352 1623 1612 1791 1467 -1 
71 1779774129 1779774129 0 975143 377 348 535 460 566 506 507 515 -1 
72 1779774129 1779774129 0 994790 4017 3980 4038 4020 4004 4031 -1 
73 1779774129 1779774129 0 991402 618 592 685 630 657 -1 
74 1779774129 1779774129 0 996074 1547 1219 1185 1622 1559 1793 1538 1821 1471 1086 1351 1610 -1 
75 1779774129 1779774129 0 997719 1028 1532 1789 1207 1839 -1 
76 1779774129 1779774129 0 981225 600 582 627 595 577 647 -1 
77 1779774129 1779774129 0 991774 1195 1765 1334 -1 
78 1779774129 1779774129 0 999730 614 422 685 678 414 370 412 609 590 -1 
79 1779774129 1779774129 0 994790 4036 3980 4011 4031 4004 -1 
81 1779774129 1779774129 0 990223 1142 1565 1801 107 1595 -1 
82 1779774129 1779774129 0 995207 932 1594 1559 1554 921 1329 -1 
83 1779774129 1779774129 0 996904 1285 1471 1255 1377 978 1746 1835 1330 -1 
84 1779774129 1779774129 0 998367 1449 1305 1813 1891 1195 1467 1598 1238 1712 -1 
85 1779774129 1779774129 0 975807 367 519 452 521 506 428 1574 -1 
87 1779774129 1779774129 0 996506 1517 1722 1605 1330 1388 997 -1 
88 1779774129 1779774129 0 963415 670 650 635 659 -1 
89 1779774129 1779774129 0 987946 644 588 573 684 597 654 611 -1 
91 1779774129 1779774129 0 989291 1241 1502 1227 1682 1596 107 959 -1 
93 1779774129 1779774129 0 993509 363 492 487 444 376 391 561 475 -1 
95 1779774129 1779774129 0 986010 402 561 544 363 374 -1 
96 1779774129 1779774129 0 991641 549 412 432 348 514 430 -1 
98 1779774129 1779774129 0 999431 681 647 675 662 659 635 675 -1 
99 1779774129 1779774129 0 960244 4035 3980 4031 594 -1 
100 1779774129 1779774129 1 997374 901 1837 938 1493 1216 917 -1 
307 1779774129 1779774129 1 965176 1696 1526 948 538 1763 -1 
203 1779774129 1779774129 1 978188 141 67 98 172 313 -1 
309 1779774129 1779774129 1 997133 3521 3936 3437 567 353 419 -1 
122 1779774129 1779774129 1 956375 1694 1064 1910 1443 1531 -1 
124 1779774129 1779774129 1 995536 1157 1501 1513 1622 1842 1288 1335 1456 -1 
134 1779774129 1779774129 1 999365 1157 1383 1909 107 897 -1 
237 1779774129 1779774129 1 985437 80 300 -1 
334 1779774129 1779774129 1 998659 1362 1469 1783 1824 896 1576 1479 1019 -1 
244 1779774129 1779774129 1 975740 239 123 261 16 -1 
338 1779774129 1779774129 1 985965 1672 1275 1170 1786 1894 1406 -1 
140 1779774129 1779774129 1 874550 269 329 178 -1 
250 1779774129 1779774129 1 985437 122 251 320 80 300 -1 
339 1779774129 1779774129 1 978676 1053 1808 1422 1001 1740 1744 1114 1543 483 1464 -1 
157 1779774129 1779774129 1 994216 477 397 420 376 1313 -1 
254 1779774129 1779774129 1 984423 199 9 169 109 229 -1 
178 1779774129 1779774129 1 999668 356 348 560 497 513 471 376 1095 1210 1831 -1 
266 1779774129 1779774129 1 978334 277 134 113 72 199 222 -1 
370 1779774129 1779774129 1 996672 1756 1131 1831 1372 1064 1566 1680 935 -1 
16 1779774129 1779774129 2 986280 1566 1671 930 1408 1673 -1 
372 1779774129 1779774129 1 988498 1253 1071 107 1006 -1 
20 1779774129 1779774129 2 997486 522 455 557 354 519 361 500 -1 
395 1779774129 1779774129 1 995300 1162 1696 1761 1497 1646 -1 
12 1779774129 1779774129 3 987279 931 1831 1131 1355 1052 1247 1807 -1 
48 1779774129 1779774129 2 995238 4 195 306 0 236 105 -1 
117 1779774129 1779774129 2 990795 929 1317 1564 1434 1431 1608 1195 927 -1 
33 1779774129 1779774129 2 991774 1890 1091 107 1883 1765 1334 -1 
216 1779774129 1779774129 3 995238 169 165 188 186 325 211 0 236 105 -1 
49 1779774129 1779774129 2 986849 1531 1831 1249 1258 1334 1613 1491 -1 
34 1779774129 1779774129 2 975461 1768 995 1458 1817 1909 925 999 -1 
97 1779774129 1779774129 2 894180 1221 1745 1259 1011 107 1776 -1 
56 1779774129 1779774129 2 987279 1453 1247 1807 -1 
272 1779774129 1779774129 3 995238 253 0 160 260 0 236 105 -1 
315 1779774129 1779774129 3 998663 1770 1010 107 1536 566 1128 -1 
389 1779774129 1779774129 3 995897 1162 1814 107 913 484 494 493 353 567 -1 
386 1779774129 1779774129 4 995777 1094 1343 1217 1444 526 483 1245 -1 
102 1779774129 1779774129 0 987591 3405 3061 3081 2865 -1 
103 1779774129 1779774129 0 991814 2726 2899 2663 2726 3090 2710 2663 -1 
104 1779774129 1779774129 0 998558 3375 2677 2764 1642 1171 -1 
105 1779774129 1779774129 0 994648 3189 3111 2875 3258 3342 3252 3239 3419 2802 -1 
106 1779774129 1779774129 0 995716 2931 3433 2873 2676 3065 -1 
107 1779774129 1779774129 0 993034 2989 3240 3291 2713 3240 -1 
108 1779774129 1779774129 0 994648 2922 1684 3262 2701 2894 2823 3267 3106 3239 3419 2802 -1 
109 1779774129 1779774129 0 999840 3303 2798 2738 2669 2866 2757 3220 2956 3339 3098 -1 
110 1779774129 1779774129 0 992938 3032 3196 3289 1684 3406 2772 2958 3353 -1 
111 1779774129 1779774129 0 987954 3058 3345 2716 2984 3191 -1 
112 1779774129 1779774129 0 999663 2695 3303 2759 -1 
113 1779774129 1779774129 0 996253 3274 3397 3252 3316 3049 3115 -1 
114 1779774129 1779774129 0 992938 3307 1684 2758 2951 2921 3353 2958 -1 
115 1779774129 1779774129 0 994339 3256 2744 3369 3253 -1 
118 1779774129 1779774129 0 996980 3009 3082 2989 -1 
119 1779774129 1779774129 0 994107 2805 3012 3028 3063 3368 3072 3342 -1 
120 1779774129 1779774129 0 997649 3042 2890 3243 2738 3119 3324 3004 -1 
121 1779774129 1779774129 0 996273 2823 2937 3206 3145 2719 3169 -1 
123 1779774129 1779774129 0 998114 3098 2920 3108 2917 -1 
125 1779774129 1779774129 0 992938 2955 3342 3355 3051 3353 2958 -1 
126 1779774129 1779774129 0 995119 3287 3262 3011 3386 2793 2828 3261 3298 2936 -1 
127 1779774129 1779774129 0 985556 2825 3075 3038 -1 
128 1779774129 1779774129 0 997656 2887 3084 2756 2994 2993 -1 
129 1779774129 1779774129 0 997731 3001 3233 2995 3062 3306 3116 -1 
130 1779774129 1779774129 0 997795 3385 3002 3420 3086 -1 
131 1779774129 1779774129 0 978689 1157 1909 1321 1911 -1 
133 1779774129 1779774129 0 993147 2992 3378 2904 2762 -1 
136 1779774129 1779774129 0 995660 2792 1684 3272 3347 2770 3239 -1 
137 1779774129 1779774129 0 992285 2971 2813 2803 3138 2668 3291 2937 -1 
139 1779774129 1779774129 0 992893 2855 2904 2675 3369 3259 -1 
141 1779774129 1779774129 0 991814 2939 3391 2661 3416 2992 2869 3416 3381 1684 2710 2663 -1 
142 1779774129 1779774129 0 976263 3380 3038 2846 3046 3041 2716 2662 2951 3263 2999 -1 
143 1779774129 1779774129 0 990427 2819 3221 2836 3005 3287 3011 -1 
144 1779774129 1779774129 0 994181 3236 3097 3075 -1 
145 1779774129 1779774129 0 929404 1537 1337 1045 1788 1111 -1 
146 1779774129 1779774129 0 996436 2964 3051 3378 3148 3403 3002 3207 -1 
147 1779774129 1779774129 0 994165 3418 3196 2758 3198 3150 -1 
148 1779774129 1779774129 0 980646 2960 1684 3057 3005 3113 3076 2881 -1 
149 1779774129 1779774129 0 920310 1803 1178 923 -1 
150 1779774129 1779774129 0 981035 3102 2991 3277 3146 2778 3350 3258 3076 -1 
151 1779774129 1779774129 0 995602 3225 3320 3367 -1 
153 1779774129 1779774129 0 991814 3364 3257 3042 3090 2710 2663 -1 
154 1779774129 1779774129 0 748166 3050 2747 -1 
156 1779774129 1779774129 0 203049 904 1224 -1 
158 1779774129 1779774129 0 985606 1705 1307 1866 1511 1698 1360 1803 -1 
159 1779774129 1779774129 0 992893 3185 2828 3344 3342 3107 3341 2675 3369 3259 -1 
160 1779774129 1779774129 0 985295 3269 3010 2769 3090 3139 2851 -1 
162 1779774129 1779774129 0 994505 2774 3074 1684 3292 -1 
163 1779774129 1779774129 0 979991 3117 3304 2920 2940 2835 3243 -1 
164 1779774129 1779774129 0 996355 3117 3056 2969 2916 3096 2754 -1 
165 1779774129 1779774129 0 974792 3354 3053 3218 3105 -1 
166 1779774129 1779774129 0 990037 3076 2701 3287 3005 -1 
167 1779774129 1779774129 0 996273 2668 2702 2748 3335 3434 3169 2719 -1 
168 1779774129 1779774129 0 984933 2953 3417 1684 3194 3212 3360 -1 
169 1779774129 1779774129 0 954574 3311 2972 2879 3382 -1 
170 1779774129 1779774129 0 997255 3132 3120 3350 3170 1684 3062 -1 
171 1779774129 1779774129 0 932947 3138 3208 -1 
173 1779774129 1779774129 0 982658 2921 2825 3156 3187 2812 -1 
174 1779774129 1779774129 0 998302 2701 3262 3182 2937 2823 2894 2937 3291 2984 -1 
175 1779774129 1779774129 0 997369 2667 2762 3279 2685 3136 990 1684 2914 3214 -1 
176 1779774129 1779774129 0 964467 2807 2683 2837 3257 -1 
177 1779774129 1779774129 0 856721 2676 3174 2669 3324 3388 -1 
180 1779774129 1779774129 0 996253 3198 3252 3316 3049 3115 -1 
181 1779774129 1779774129 0 999929 3205 3020 2856 2868 3215 3302 3351 3265 -1 
182 1779774129 1779774129 0 996550 3152 3169 3434 2939 -1 
183 1779774129 1779774129 0 994727 3015 1684 3120 3267 2716 2748 3252 3397 2765 -1 
184 1779774129 1779774129 0 996355 2919 3056 3226 3232 3096 2754 -1 
185 1779774129 1779774129 0 997071 2749 3220 2800 2880 2706 2940 -1 
186 1779774129 1779774129 0 988278 2785 3249 3421 3299 3017 2976 2875 3386 -1 
187 1779774129 1779774129 0 935157 2685 3081 3263 3205 -1 
188 1779774129 1779774129 0 945898 3340 3017 3192 -1 
189 1779774129 1779774129 0 996744 2818 3276 3214 3140 2819 -1 
190 1779774129 1779774129 0 930652 2671 1684 3054 2705 -1 
191 1779774129 1779774129 0 986297 3285 3176 2829 1684 3022 2786 -1 
192 1779774129 1779774129 0 949779 1254 1252 1030 -1 
193 1779774129 1779774129 0 996980 2684 3182 2894 3035 2661 3316 3082 2989 -1 
194 1779774129 1779774129 0 985640 3148 2742 3027 3101 3182 -1 
195 1779774129 1779774129 0 992546 3018 3035 2970 3021 3239 3016 -1 
196 1779774129 1779774129 0 994648 3154 2802 3419 -1 
197 1779774129 1779774129 0 984320 3008 2889 3314 -1 
198 1779774129 1779774129 0 996895 2833 3332 2970 -1 
199 1779774129 1779774129 0 990427 2945 3000 2915 2664 1684 2707 2957 3011 3287 -1 
302 1779774129 1779774129 1 991375 1061 928 1328 1687 1144 1511 1325 1866 1178 1088 -1 
4 1779774129 1779774129 1 986280 586 423 538 566 1673 1408 -1 
305 1779774129 1779774129 1 998302 2752 2812 3291 2984 -1 
7 1779774129 1779774129 1 992529 1122 475 107 1909 -1 
353 1779774129 1779774129 1 998560 3177 2751 3224 -1 
354 1779774129 1779774129 1 882226 3125 1684 3003 -1 
17 1779774129 1779774129 1 982272 1099 1102 1373 1893 1166 1503 -1 
363 1779774129 1779774129 1 995784 3167 3255 2955 3253 2787 2825 1758 1165 -1 
29 1779774129 1779774129 1 995870 638 414 363 419 416 -1 
30 1779774129 1779774129 1 988787 390 475 553 469 505 -1 
31 1779774129 1779774129 1 953965 512 412 368 -1 
132 1779774129 1779774129 2 916307 1144 928 1174 -1 
152 1779774129 1779774129 2 988473 3285 2829 3162 3207 3233 -1 
50 1779774129 1779774129 1 967173 1122 1844 1318 107 1537 -1 
161 1779774129 1779774129 2 997238 3285 3162 2779 -1 
55 1779774129 1779774129 1 998865 1776 107 1774 1626 -1 
101 1779774129 1779774129 4 993327 938 992 1371 1363 1880 1892 1468 903 1319 -1 
90 1779774129 1779774129 1 838103 585 414 579 639 584 631 414 480 -1 
92 1779774129 1779774129 1 953057 641 1425 1343 -1 
202 1779774129 1779774129 2 978387 564 454 348 457 389 -1 
116 1779774129 1779774129 2 963624 531 442 369 389 380 -1 
340 1779774129 1779774129 2 963699 944 1051 1064 962 -1 
200 1779774129 1779774129 0 986105 2025 2061 2640 2157 2011 -1 
201 1779774129 1779774129 0 965206 307 40 -1 
204 1779774129 1779774129 0 993409 1939 2598 2384 2315 2338 2377 2169 1959 -1 
205 1779774129 1779774129 0 626675 124 23 267 -1 
206 1779774129 1779774129 0 991104 2324 1943 2092 2189 2588 2224 2344 2319 -1 
207 1779774129 1779774129 0 999196 2645 2640 2627 -1 
208 1779774129 1779774129 0 997936 2131 2108 2083 2574 2369 1929 2123 2484 -1 
209 1779774129 1779774129 0 996646 2610 2322 2235 2598 2508 2127 2398 -1 
210 1779774129 1779774129 0 989889 2484 2331 2606 2233 2343 -1 
211 1779774129 1779774129 0 999254 2490 2515 2076 2486 2432 2235 2054 2032 2608 2589 -1 
212 1779774129 1779774129 0 993512 2335 2411 2497 2047 2322 2038 2543 2544 -1 
213 1779774129 1779774129 0 997222 2460 2376 2606 2040 2037 -1 
214 1779774129 1779774129 0 985172 97 0 275 328 -1 
215 1779774129 1779774129 0 964504 321 175 99 102 175 -1 
217 1779774129 1779774129 0 999666 2184 2550 2499 2575 1989 2257 2414 2093 2108 -1 
218 1779774129 1779774129 0 995397 2573 1938 2179 2103 2352 2240 2261 2059 2593 -1 
219 1779774129 1779774129 0 983674 2006 1991 2284 2639 2364 1973 -1 
220 1779774129 1779774129 0 996633 2154 2307 2464 2561 2625 2098 2206 -1 
221 1779774129 1779774129 0 938621 43 0 47 301 0 284 -1 
222 1779774129 1779774129 0 996633 2258 2564 2550 2352 2240 2206 2098 -1 
224 1779774129 1779774129 0 985934 2409 2601 1962 1966 2429 -1 
225 1779774129 1779774129 0 998381 2411 2049 2644 2317 1961 2128 2533 2127 1955 2436 2344 -1 
226 1779774129 1779774129 0 988802 2638 2093 2352 2575 -1 
227 1779774129 1779774129 0 992187 2282 2642 2416 2141 1964 2189 1718 2555 2372 2302 -1 
228 1779774129 1779774129 0 996900 1952 2226 2085 -1 
229 1779774129 1779774129 0 979665 2388 2156 2659 2405 2587 -1 
230 1779774129 1779774129 0 997840 2556 2619 2359 2591 2078 -1 
231 1779774129 1779774129 0 999597 2202 2364 2192 -1 
232 1779774129 1779774129 0 997823 2360 1933 2317 2474 2570 1960 2231 2317 2628 2618 -1 
233 1779774129 1779774129 0 992466 2162 2313 2528 -1 
234 1779774129 1779774129 0 990880 2033 2098 2122 2184 2489 2244 2591 2539 1985 2215 2138 2461 2642 2643 -1 
235 1779774129 1779774129 0 990259 2517 2066 2133 2196 2302 2187 2343 2233 2005 -1 
236 1779774129 1779774129 0 993837 2083 2593 2586 2370 -1 
238 1779774129 1779774129 0 999701 2190 2046 2240 2139 2553 2190 1918 -1 
239 1779774129 1779774129 0 991699 244 282 0 310 -1 
240 1779774129 1779774129 0 997532 285 323 277 322 285 -1 
241 1779774129 1779774129 0 996663 2044 2309 2086 2090 2430 2348 -1 
242 1779774129 1779774129 0 998935 2459 1998 1980 2025 2011 2648 2097 2626 2660 -1 
243 1779774129 1779774129 0 956478 2089 2126 1975 2397 2488 -1 
245 1779774129 1779774129 0 995075 21 239 280 25 200 334 -1 
246 1779774129 1779774129 0 922989 241 49 192 52 -1 
247 1779774129 1779774129 0 965339 2585 1919 2346 1912 2230 -1 
248 1779774129 1779774129 0 991589 2524 2501 2223 -1 
249 1779774129 1779774129 0 986105 1957 2657 2011 2157 -1 
251 1779774129 1779774129 0 998505 2370 2407 2290 2586 2625 2359 -1 
252 1779774129 1779774129 0 997737 2521 2646 2086 2184 2410 2423 2142 2551 1925 2083 -1 
253 1779774129 1779774129 0 922989 52 192 -1 
255 1779774129 1779774129 0 992187 2203 1718 2529 2328 2555 2372 2302 -1 
256 1779774129 1779774129 0 995520 309 36 -1 
257 1779774129 1779774129 0 993409 2509 2372 2087 2377 2169 1959 -1 
258 1779774129 1779774129 0 994086 2276 1912 2402 2361 2523 1934 2361 2035 2089 2371 2236 1975 2534 -1 
260 1779774129 1779774129 0 985934 2427 2218 2556 2093 1962 1966 2429 -1 
261 1779774129 1779774129 0 960676 2421 2634 1956 2281 -1 
262 1779774129 1779774129 0 993123 2564 1942 2478 2354 2504 -1 
263 1779774129 1779774129 0 998381 1920 2649 2394 2445 2436 2344 -1 
264 1779774129 1779774129 0 987400 228 3 72 26 271 304 -1 
265 1779774129 1779774129 0 993409 2501 2537 2283 2511 2508 2134 2169 1959 -1 
267 1779774129 1779774129 0 976089 1984 1912 2371 2197 -1 
268 1779774129 1779774129 0 999795 2323 2033 2063 1917 1953 2206 2240 2299 2560 1946 -1 
269 1779774129 1779774129 0 976540 312 137 243 41 214 -1 
270 1779774129 1779774129 0 992187 2331 2244 2429 2302 2372 -1 
271 1779774129 1779774129 0 982697 2080 2656 1965 2049 2503 -1 
273 1779774129 1779774129 0 996168 2150 2271 2638 2563 2103 2607 2631 2482 2290 2218 2467 -1 
274 1779774129 1779774129 0 998608 1917 2165 2131 2356 2331 2404 -1 
275 1779774129 1779774129 0 854046 1915 2114 -1 
276 1779774129 1779774129 0 998801 2114 2176 2461 2047 2322 2419 2493 -1 
277 1779774129 1779774129 0 941399 12 0 210 -1 
278 1779774129 1779774129 0 997823 2570 2070 2126 2231 2317 2628 2618 -1 
279 1779774129 1779774129 0 997532 142 323 332 285 322 -1 
280 1779774129 1779774129 0 999952 1973 1972 2620 2658 1954 1577 -1 
281 1779774129 1779774129 0 999979 2024 2640 1954 2117 2609 -1 
283 1779774129 1779774129 0 997532 114 0 303 132 0 59 342 325 186 0 285 322 -1 
284 1779774129 1779774129 0 997909 2330 2268 1912 2255 2453 -1 
285 1779774129 1779774129 0 993556 2380 2313 2120 2181 -1 
286 1779774129 1779774129 0 966979 2185 2425 2362 2480 -1 
287 1779774129 1779774129 0 998180 2250 2333 2111 2282 2471 -1 
288 1779774129 1779774129 0 999196 2004 1999 2640 2627 -1 
289 1779774129 1779774129 0 987272 2413 1577 2010 -1 
290 1779774129 1779774129 0 996907 127 159 139 -1 
291 1779774129 1779774129 0 548173 301 47 -1 
292 1779774129 1779774129 0 998510 2299 2638 2543 2394 2473 -1 
293 1779774129 1779774129 0 996876 2321 2178 2316 2231 -1 
294 1779774129 1779774129 0 998381 2434 2247 2333 2491 2143 2533 2127 1955 2436 2344 -1 
295 1779774129 1779774129 0 944191 2149 2582 2250 2508 2042 1465 2385 1969 -1 
296 1779774129 1779774129 0 972105 230 253 0 112 -1 
297 1779774129 1779774129 0 997936 2630 2504 2064 2520 2482 2655 2484 2123 -1 
298 1779774129 1779774129 0 984123 2002 2279 2420 2319 2189 2241 1940 2330 -1 
299 1779774129 1779774129 0 996264 2517 1912 2180 2285 -1 
27 1779774129 1779774129 1 996534 329 106 169 291 248 -1 
51 1779774129 1779774129 1 998864 69 121 169 128 9 66 -1 
62 1779774129 1779774129 1 996424 27 324 277 113 67 136 213 204 -1 
86 1779774129 1779774129 1 995075 165 334 200 -1 
223 1779774129 1779774129 2 984423 158 232 9 119 229 109 -1 
282 1779774129 1779774129 2 984423 106 238 252 119 229 109 -1 
8 1779774129 1779774129 3 921805 38 322 60 0 12 -1 
259 1779774129 1779774129 4 986929 308 338 239 313 172 268 -1 
300 1779774129 1779774129 0 972360 1703 1308 1304 943 1168 -1 
301 1779774129 1779774129 0 944579 770 845 799 835 -1 
303 1779774129 1779774129 0 906935 3470 3753 3713 -1 
304 1779774129 1779774129 0 955909 3459 3793 3803 -1 
306 1779774129 1779774129 0 866917 3774 3837 3957 3519 -1 
308 1779774129 1779774129 0 996068 3622 3564 3678 3437 3450 -1 
310 1779774129 1779774129 0 750195 3954 3861 3849 -1 
311 1779774129 1779774129 0 990912 718 762 781 836 853 -1 
312 1779774129 1779774129 0 985729 3526 3684 3831 3559 3437 3859 -1 
313 1779774129 1779774129 0 994295 3569 3969 3558 3909 3924 3706 3900 -1 
314 1779774129 1779774129 0 972360 1089 1168 943 -1 
316 1779774129 1779774129 0 979658 768 742 686 746 707 686 729 -1 
317 1779774129 1779774129 0 978416 841 740 688 701 781 719 727 752 -1 
318 1779774129 1779774129 0 962832 3847 3916 3891 -1 
319 1779774129 1779774129 0 930308 3588 3862 3455 3769 3636 -1 
320 1779774129 1779774129 0 983149 3689 3721 3796 3495 3797 -1 
321 1779774129 1779774129 0 989058 3684 3475 3930 3941 -1 
322 1779774129 1779774129 0 953679 3484 3521 3948 3842 -1 
324 1779774129 1779774129 0 944552 3914 3568 3437 3929 3734 3830 3717 -1 
325 1779774129 1779774129 0 899727 3678 3539 3904 3861 3621 -1 
326 1779774129 1779774129 0 964257 3540 3760 3512 -1 
327 1779774129 1779774129 0 981772 1249 977 1041 1469 1906 -1 
328 1779774129 1779774129 0 933591 3508 3482 3644 -1 
329 1779774129 1779774129 0 976033 3623 3758 3833 3437 3955 -1 
330 1779774129 1779774129 0 964076 3733 3437 3501 3797 3962 -1 
331 1779774129 1779774129 0 953791 3900 3529 3956 3437 3965 -1 
332 1779774129 1779774129 0 941059 3939 3963 3894 3546 3949 3441 -1 
333 1779774129 1779774129 0 972838 3546 3662 3441 3536 3727 3949 3814 -1 
335 1779774129 1779774129 0 968963 3933 3960 3809 3901 -1 
336 1779774129 1779774129 0 980662 3774 3975 3836 -1 
337 1779774129 1779774129 0 962889 3956 3554 3761 3915 3914 3768 3558 3794 3822 -1 
341 1779774129 1779774129 0 996068 3821 3622 3564 3678 3437 3450 -1 
342 1779774129 1779774129 0 992737 3971 3611 3573 3797 857 871 -1 
343 1779774129 1779774129 0 943460 3920 3696 3664 3615 3867 3590 -1 
344 1779774129 1779774129 0 978416 824 727 752 -1 
345 1779774129 1779774129 0 954480 3934 3559 3461 3930 3545 3838 3852 3667 -1 
346 1779774129 1779774129 0 977111 1840 985 1127 1183 -1 
347 1779774129 1779774129 0 984374 3813 3669 3864 3700 3813 3502 -1 
348 1779774129 1779774129 0 965798 3529 3906 3909 3558 3794 3924 3719 3564 -1 
349 1779774129 1779774129 0 970930 3890 3539 3690 3927 3764 3931 -1 
350 1779774129 1779774129 0 996700 3634 3738 3466 3583 -1 
351 1779774129 1779774129 0 981525 3680 3568 3786 3947 3509 3855 -1 
352 1779774129 1779774129 0 994295 3718 3924 3706 3900 -1 
355 1779774129 1779774129 0 947780 3467 3437 3711 3718 3509 3714 -1 
356 1779774129 1779774129 0 986627 3465 3918 3638 3848 3918 -1 
357 1779774129 1779774129 0 992660 3940 3471 3966 3780 3929 3841 3756 -1 
358 1779774129 1779774129 0 962589 763 787 755 849 -1 
359 1779774129 1779774129 0 979640 845 703 809 747 840 695 -1 
360 1779774129 1779774129 0 947606 3890 3803 3532 3767 -1 
361 1779774129 1779774129 0 973941 3670 3938 3971 3780 3440 3576 3756 3824 -1 
362 1779774129 1779774129 0 995804 790 745 -1 
364 1779774129 1779774129 0 996447 724 853 814 781 829 -1 
365 1779774129 1779774129 0 998388 784 760 766 810 781 -1 
366 1779774129 1779774129 0 973941 3841 3734 3968 3756 3824 -1 
368 1779774129 1779774129 0 992676 3565 3477 3437 3514 -1 
369 1779774129 1779774129 0 994295 3706 3509 3506 3620 3900 3706 -1 
371 1779774129 1779774129 0 989817 3956 3554 3726 3752 3738 3782 3690 -1 
373 1779774129 1779774129 0 994295 3870 3706 3900 -1 
374 1779774129 1779774129 0 951008 3777 3532 3956 3945 3634 3529 3602 -1 
375 1779774129 1779774129 0 988874 3887 3931 3532 3829 3474 -1 
376 1779774129 1779774129 0 987726 3596 3604 3497 -1 
377 1779774129 1779774129 0 990266 841 740 688 696 719 -1 
378 1779774129 1779774129 0 928594 736 746 707 686 806 818 791 -1 
379 1779774129 1779774129 0 963018 3965 3571 3837 3465 3571 3774 -1 
380 1779774129 1779774129 0 968687 3765 3830 3670 3731 3858 3528 3518 3800 -1 
381 1779774129 1779774129 0 989058 3576 3642 3545 3475 3930 3941 -1 
382 1779774129 1779774129 0 983149 3936 3437 857 3797 3495 -1 
383 1779774129 1779774129 0 999014 3457 3703 3842 3817 3611 3488 -1 
384 1779774129 1779774129 0 939448 3598 3521 3684 3545 3642 -1 
385 1779774129 1779774129 0 994295 3833 3758 3951 3900 3706 -1 
387 1779774129 1779774129 0 969610 1569 1366 1246 1418 1472 1869 1338 -1 
388 1779774129 1779774129 0 962889 3463 3569 3714 3869 3463 3794 3822 -1 
390 1779774129 1779774129 0 995538 3929 3780 3851 -1 
391 1779774129 1779774129 0 725025 3957 3899 -1 
392 1779774129 1779774129 0 993080 3710 3442 3835 -1 
393 1779774129 1779774129 0 986344 3655 3437 3920 3791 -1 
394 1779774129 1779774129 0 987726 3611 3574 3731 3604 3497 -1 
396 1779774129 1779774129 0 999106 703 709 823 728 -1 
397 1779774129 1779774129 0 776519 766 849 705 761 -1 
398 1779774129 1779774129 0 916786 3739 3892 3628 3868 3912 3725 3868 -1 
399 1779774129 1779774129 0 942513 889 804 763 741 -1 
45 1779774129 1779774129 1 976845 1126 1250 107 1225 -1 
135 1779774129 1779774129 1 931397 908 1136 1866 908 1518 1038 -1 
80 1779774129 1779774129 1 987001 989 1729 1273 1241 1167 -1 
155 1779774129 1779774129 1 997238 2813 3020 3412 2779 3162 -1 
94 1779774129 1779774129 1 990712 905 107 1884 1221 940 -1 
172 1779774129 1779774129 1 997006 3206 3201 2996 3346 3379 3412 3177 -1 
13 1779774129 1779774129 3 993979 1313 1427 1473 1807 1781 1525 1681 -1 
367 1779774129 1779774129 2 990712 1188 1366 1306 1472 1418 1221 940 -1 
179 1779774129 1779774129 2 984097 1527 107 1081 1099 1786 1282 1166 1258 -1 
138 1779774129 1779774129 3 993635 1395 107 1525 1070 1275 1630 1188 1634 -1 
323 1779774129 1779774129 6 955670 1640 107 1415 964 1259 1630 526 1226 107 1802 -1 
