0 1779773993 1779773993 0 920384 702 732 714 689 -1 
1 1779773993 1779773993 0 995261 2312 2616 2629 2047 1923 2209 -1 
2 1779773993 1779773993 0 979536 128 334 165 -1 
3 1779773993 1779773993 0 990775 1791 1800 978 1205 1039 1359 1768 1604 1509 1185 1243 1059 -1 
4 1779773993 1779773993 0 996232 1603 1132 1868 1810 1793 952 -1 
5 1779773993 1779773993 0 968527 3602 3524 3906 3768 -1 
6 1779773993 1779773993 0 996201 525 419 527 412 483 1429 -1 
7 1779773993 1779773993 0 932009 3542 3824 3627 3437 3451 -1 
8 1779773993 1779773993 0 999679 2874 2945 3073 -1 
9 1779773993 1779773993 0 996423 1178 1641 991 1177 107 1460 1622 -1 
