0 1779795890 1779795890 0 236119441 2391631 195727 3827803 1059465 829571 5240900 2034245 5031929 727824 -1 
1 1779795890 1779795890 0 239450247 5047730 2128947 4920715 778560 5725120 -1 
2 1779795890 1779795890 0 236855749 5012174 1603336 2377561 4824148 2745792 159837 159837 -1 
3 1779795890 1779795890 0 239500918 2427023 412923 731678 3644846 5698064 5121360 3305327 2780791 3492006 -1 
4 1779795890 1779795890 0 157070893 2542496 2542483 1897690 -1 
5 1779795890 1779795890 0 238902534 967164 2814176 1663942 84131 3281427 -1 
6 1779795890 1779795890 0 238977318 1867243 241605 5356045 2128947 5987871 -1 
7 1779795890 1779795890 0 239673170 2718743 1215222 1975070 3981536 3882959 5182313 5050667 6023454 -1 
8 1779795890 1779795890 0 235446182 1565665 225503 4243426 -1 
9 1779795890 1779795890 0 236901763 2726796 1478381 817778 2224963 3026431 3190991 924869 1379959 -1 
10 1779795890 1779795890 0 239385918 4554739 3436942 3148906 3415789 3415789 2655678 3330995 -1 
11 1779795890 1779795890 0 238806720 1952195 1378549 1882473 1964177 1410081 4767379 5857034 2936153 5700462 -1 
12 1779795890 1779795890 0 235748172 5603944 5602483 2064818 5510990 -1 
13 1779795890 1779795890 0 235363171 637747 613674 432539 1478093 57695 4900707 -1 
14 1779795890 1779795890 0 49677646 279216 55938 -1 
15 1779795890 1779795890 0 238346879 3799903 2647885 2866007 4519059 4874967 4874967 1720332 -1 
16 1779795890 1779795890 0 238543575 3902999 548852 -1 
17 1779795890 1779795890 0 231895246 4959593 3297943 5646931 -1 
18 1779795890 1779795890 0 238921459 2114472 2787901 3034614 3703912 1919583 5122646 -1 
19 1779795890 1779795890 0 211679011 1277420 1157668 476 401393 2676200 954940 546561 546561 1858296 3769 
20 1779795890 1779795890 0 212248113 4193236 1265536 3599197 3242041 356282 4404775 -1 
21 1779795890 1779795890 0 238412697 4876102 2216414 5500613 2091470 2091470 -1 
22 1779795890 1779795890 0 237408359 3707035 1315305 5263642 270549 4629198 -1 
23 1779795890 1779795890 0 230923118 808813 210102 1344847 1440580 1433842 85534 2168682 1910920 2075097 2075097 
24 1779795890 1779795890 0 238859938 1166571 1087110 2131689 613064 1114448 2900355 75649 4010421 4771475 5623916 
25 1779795890 1779795890 0 176653560 3392306 3392376 -1 
26 1779795890 1779795890 0 226534542 4743904 2344413 4770320 4650297 2228192 -1 
27 1779795890 1779795890 0 236816673 1836404 1128290 1041663 1368225 1494161 3793527 5413843 5410662 573032 5869416 
28 1779795890 1779795890 0 229276611 3885938 2292906 1102901 2252219 4258081 5343729 5217675 4485112 3930052 2808740 
29 1779795890 1779795890 0 238574272 4123698 2100534 1913137 2334254 170352 1846887 143305 5960688 -1 
30 1779795890 1779795890 0 239112993 1636762 203657 5189824 2144390 3791372 1508398 3780573 4641966 5427063 4182601 
31 1779795890 1779795890 0 238816084 4107061 341994 433073 276622 708833 4573247 144088 341994 2908412 -1 
32 1779795890 1779795890 0 228755920 4332796 3146833 5405735 -1 
33 1779795890 1779795890 0 239408394 6006898 5298034 -1 
34 1779795890 1779795890 0 238101689 5897348 5936194 -1 
35 1779795890 1779795890 0 238026410 2273200 791915 2818947 2635601 2654663 1238019 1122748 1293622 215330 -1 
36 1779795890 1779795890 0 148738349 2211691 596265 -1 
37 1779795890 1779795890 0 238898381 5407233 5191724 2216975 4602992 -1 
38 1779795890 1779795890 0 227802551 3371156 200317 3606763 -1 
39 1779795890 1779795890 0 239108635 4565186 3894917 3915431 2094548 2253090 -1 
40 1779795890 1779795890 0 239290204 3313595 1290244 2937795 14122 1852230 2702781 4659336 -1 
41 1779795890 1779795890 0 229933127 1955337 34088 1981075 1981075 1927419 1322268 5498090 -1 
42 1779795890 1779795890 0 239582141 2840632 1660440 554807 110451 2036650 2036650 600339 -1 
43 1779795890 1779795890 0 238698333 1256007 834495 1282623 791915 2971851 2232085 4475908 4475908 1054862 1054862 
44 1779795890 1779795890 0 202070448 2768145 2548242 2886993 210908 4396106 -1 
45 1779795890 1779795890 0 238249870 5435428 2502904 2502904 1412059 5882807 2706569 1364364 -1 
46 1779795890 1779795890 0 237117844 3742688 488187 3462069 1724295 4609276 3654943 1388990 2231581 -1 
47 1779795890 1779795890 0 174876332 3308495 1042496 3311462 -1 
48 1779795890 1779795890 0 174747279 3041598 2329996 3305503 -1 
49 1779795890 1779795890 0 233770131 5722842 3642476 1658855 -1 
50 1779795890 1779795890 0 236183108 2645236 652541 652541 1054151 1398425 4593041 3297613 3479901 548225 5616210 
51 1779795890 1779795890 0 232625092 2374649 2374649 2832388 894995 1393225 922737 1147273 922737 -1 
52 1779795890 1779795890 0 235054625 5773942 5773942 -1 
53 1779795890 1779795890 0 239579406 5488327 5498282 4908482 1231450 1111070 2301450 2928056 -1 
54 1779795890 1779795890 0 165426680 726959 2895363 -1 
55 1779795890 1779795890 0 238378375 49399 1897 2072202 3828938 417516 5486262 -1 
56 1779795890 1779795890 0 233236357 525590 51819 2866716 240365 5706564 -1 
57 1779795890 1779795890 0 239589447 4725710 1269041 2919052 5149107 5342721 2566198 5599403 4585960 4668368 793716 
58 1779795890 1779795890 0 239368361 3063696 4687355 1062539 4579155 429377 -1 
59 1779795890 1779795890 0 234368954 2516831 4250808 4905220 5743125 5341872 5341872 -1 
60 1779795890 1779795890 0 234332345 1382813 141172 3385828 1870888 3183224 1717999 1920161 5741797 -1 
61 1779795890 1779795890 0 207497710 871044 952870 464581 3042253 3661735 -1 
62 1779795890 1779795890 0 239557158 1516366 2715083 991778 4189129 302918 4574849 -1 
63 1779795890 1779795890 0 234587047 2074005 1374243 788509 4698849 385844 57611 2505594 1507566 325521 3550077 
64 1779795890 1779795890 0 211477765 3627608 1805265 -1 
65 1779795890 1779795890 0 224750383 1692732 4961403 806808 978391 2942911 4662250 -1 
66 1779795890 1779795890 0 233271300 3616496 2914454 4982370 2203218 5367929 -1 
67 1779795890 1779795890 0 239068230 3376294 1039843 4836875 449902 4370109 5397141 3193876 5551403 5551403 -1 
68 1779795890 1779795890 0 230244730 4177433 4659509 5488098 -1 
69 1779795890 1779795890 0 234399051 2775779 3877376 5302166 1729816 5335882 608191 2866696 608191 -1 
70 1779795890 1779795890 0 183199199 1757690 52550 3663798 -1 
71 1779795890 1779795890 0 238671675 1226637 372887 1339032 209729 798502 3014703 5934798 512127 5966278 -1 
72 1779795890 1779795890 0 225318162 5279749 3956566 4465685 3544346 -1 
73 1779795890 1779795890 0 232889096 5694332 584352 -1 
74 1779795890 1779795890 0 215782009 4746498 2597210 3574843 -1 
75 1779795890 1779795890 0 238814165 4132516 5054175 226001 1529853 1721969 3157033 -1 
76 1779795890 1779795890 0 238842989 1295804 460782 66696 2656384 2656384 933047 4001897 5468834 1011724 5978521 
77 1779795890 1779795890 0 179103349 3023064 153982 3381095 3381095 -1 
78 1779795890 1779795890 0 213288719 1633609 831222 -1 
79 1779795890 1779795890 0 224688529 1781170 965051 1174869 670396 326705 3478912 987732 3118692 5324869 3118692 
80 1779795890 1779795890 0 227257513 387060 494799 783488 3003981 2196441 60647 700015 3521860 737275 1693541 
81 1779795890 1779795890 0 237722367 5404433 2785344 5407574 310421 219406 836018 4074235 5023466 3127813 1491895 
82 1779795890 1779795890 0 188073436 1871234 1871345 2577935 -1 
83 1779795890 1779795890 0 238050066 1982646 1129194 1746291 1993210 1993210 21945 1727657 5299236 988678 1217269 
84 1779795890 1779795890 0 227612403 5458998 1785263 -1 
85 1779795890 1779795890 0 236647488 1972924 5859065 -1 
86 1779795890 1779795890 0 239411558 2697022 768392 1731498 320726 1416294 1170370 1993206 4374045 6004949 -1 
87 1779795890 1779795890 0 211793883 662377 469935 814692 819171 269476 471093 172935 -1 
88 1779795890 1779795890 0 239163599 4481816 64904 4316693 5971266 5994968 5867572 3834906 -1 
89 1779795890 1779795890 0 235602733 863062 1591823 1230576 1104955 2512836 3577849 2556515 522412 5244870 4264463 
90 1779795890 1779795890 0 210877393 189155 46428 1374786 1238748 1238748 120163 4600486 4600486 -1 
91 1779795890 1779795890 0 227283418 1693535 1717454 2599797 2599797 5289772 -1 
92 1779795890 1779795890 0 225900104 5319432 5174237 4056736 2853322 5384280 -1 
93 1779795890 1779795890 0 239664540 5741541 1817590 2287081 5809428 3574819 4009711 1843389 5698052 497418 -1 
94 1779795890 1779795890 0 238203412 5632604 1795516 2153517 145125 -1 
95 1779795890 1779795890 0 237387967 791186 791186 1456776 1809173 5751013 -1 
96 1779795890 1779795890 0 239333158 4858828 623850 1198559 1198559 3922954 667027 1523776 1002430 3613270 6004942 
97 1779795890 1779795890 0 233280855 2856084 2770059 746754 2293003 186997 1176448 1868951 3159253 179120 -1 
98 1779795890 1779795890 0 219437171 5116734 5116734 -1 
99 1779795890 1779795890 0 211715189 146277 485572 4800008 -1 
