0 1779792496 1779792496 0 2397801 7747 8480 7401 -1 -1 -1 -1 -1 -1 -1 -1 -1 
1 1779792496 1779792496 0 2515147 6001 8247 7306 8247 7948 -1 -1 -1 -1 -1 -1 -1 
2 1779792496 1779792496 0 2676174 1696 8350 1696 8631 2134 8937 5552 -1 -1 -1 -1 -1 
3 1779792496 1779792496 0 2669321 8618 5532 8734 221 9149 499 8734 4096 8883 499 8883 221 
4 1779792496 1779792496 0 2172937 6425 9006 1082 9023 67 8734 7233 -1 -1 -1 -1 -1 
5 1779792496 1779792496 0 2407500 4844 9159 4844 -1 -1 -1 -1 -1 -1 -1 -1 -1 
6 1779792496 1779792496 0 2638911 6969 9122 4085 8625 866 8625 -1 -1 -1 -1 -1 -1 
7 1779792496 1779792496 0 2678030 6282 8521 171 8295 17 8612 145 8612 -1 -1 -1 -1 
8 1779792496 1779792496 0 2677979 8684 997 8929 5522 8929 8173 8929 3390 8929 -1 -1 -1 
9 1779792496 1779792496 0 2652147 7914 8734 7914 -1 -1 -1 -1 -1 -1 -1 -1 -1 
10 1779792496 1779792496 0 2427309 1540 8227 16 8249 7803 -1 -1 -1 -1 -1 -1 -1 
11 1779792496 1779792496 0 2606513 5976 8446 6067 8446 17 8243 17 8672 5876 8672 4067 -1 
12 1779792496 1779792496 0 2594341 9115 6570 9115 5412 9115 1479 -1 -1 -1 -1 -1 -1 
13 1779792496 1779792496 0 2675525 6750 9166 732 9166 6330 9166 2515 9166 -1 -1 -1 -1 
14 1779792496 1779792496 0 2646541 7542 8555 782 8462 2522 -1 -1 -1 -1 -1 -1 -1 
15 1779792496 1779792496 0 2539035 4006 8370 4006 8370 1187 9142 1187 8734 1369 -1 -1 -1 
16 1779792496 1779792496 0 2603666 1745 8687 2439 8687 2153 8414 3323 9080 2274 -1 -1 -1 
17 1779792496 1779792496 0 2615911 3952 8266 3502 9090 94 9090 94 9090 94 -1 -1 -1 
18 1779792496 1779792496 0 2650246 805 8622 659 9198 346 8355 -1 -1 -1 -1 -1 -1 
19 1779792496 1779792496 0 2043847 193 8373 193 8373 4526 9055 2892 9100 3349 9100 3349 -1 
20 1779792496 1779792496 0 2614694 2926 8474 63 8911 764 8703 1635 -1 -1 -1 -1 -1 
21 1779792496 1779792496 0 2295938 3286 8797 3286 8797 3286 8797 2975 8797 -1 -1 -1 -1 
22 1779792496 1779792496 0 2419030 741 8251 741 8251 3613 9099 3613 -1 -1 -1 -1 -1 
23 1779792496 1779792496 0 2597179 9114 1089 9201 1089 9218 1089 9035 -1 -1 -1 -1 -1 
24 1779792496 1779792496 0 2667542 2209 8628 -1 -1 -1 -1 -1 -1 -1 -1 -1 -1 
25 1779792496 1779792496 0 2510773 6771 9185 221 8734 1136 8734 4240 -1 -1 -1 -1 -1 
26 1779792496 1779792496 0 2649888 8458 346 9198 346 9198 346 8677 4885 -1 -1 -1 -1 
27 1779792496 1779792496 0 2672547 1206 8734 1369 8734 1343 9205 6411 -1 -1 -1 -1 -1 
28 1779792496 1779792496 0 2649721 6773 9133 2134 9133 1885 -1 -1 -1 -1 -1 -1 -1 
29 1779792496 1779792496 0 1835957 2554 8420 2554 8420 -1 -1 -1 -1 -1 -1 -1 -1 
30 1779792496 1779792496 0 2665137 1264 8286 687 8286 7845 8286 1264 9084 8205 -1 -1 -1 
31 1779792496 1779792496 0 2678000 2905 8482 516 8482 1043 8528 17 8676 -1 -1 -1 -1 
32 1779792496 1779792496 0 2675373 7993 8318 277 9084 277 -1 -1 -1 -1 -1 -1 -1 
33 1779792496 1779792496 0 2517594 9069 487 8991 487 8752 3533 -1 -1 -1 -1 -1 -1 
34 1779792496 1779792496 0 2579476 7762 8721 3317 -1 -1 -1 -1 -1 -1 -1 -1 -1 
35 1779792496 1779792496 0 2659970 880 8271 40 8280 58 8280 58 8280 58 8280 -1 -1 
36 1779792496 1779792496 0 2594226 8712 1096 8712 1096 8712 1096 -1 -1 -1 -1 -1 -1 
37 1779792496 1779792496 0 2640358 1777 8985 2962 8985 935 8734 4240 8734 1206 8734 4096 8734 
38 1779792496 1779792496 0 2271318 6838 8855 5912 8855 5912 -1 -1 -1 -1 -1 -1 -1 
39 1779792496 1779792496 0 2428329 2889 8581 535 8555 4215 8555 1480 -1 -1 -1 -1 -1 
40 1779792496 1779792496 0 2598873 7206 9198 346 8469 68 9160 6253 -1 -1 -1 -1 -1 
41 1779792496 1779792496 0 2666914 4944 8367 1666 8367 1666 8367 1607 -1 -1 -1 -1 -1 
42 1779792496 1779792496 0 2677979 170 8260 2870 8260 653 8260 8226 -1 -1 -1 -1 -1 
43 1779792496 1779792496 0 2098127 7025 8592 3795 -1 -1 -1 -1 -1 -1 -1 -1 -1 
44 1779792496 1779792496 0 1470492 1781 8241 5568 -1 -1 -1 -1 -1 -1 -1 -1 -1 
45 1779792496 1779792496 0 2648761 737 8425 737 8486 737 8425 737 -1 -1 -1 -1 -1 
46 1779792496 1779792496 0 2657197 2182 8631 1558 8631 3461 -1 -1 -1 -1 -1 -1 -1 
47 1779792496 1779792496 0 2633741 1731 8742 47 8742 -1 -1 -1 -1 -1 -1 -1 -1 
48 1779792496 1779792496 0 2673220 4295 8617 1549 8686 -1 -1 -1 -1 -1 -1 -1 -1 
49 1779792496 1779792496 0 2525449 6197 9163 547 9163 6886 9163 646 9163 -1 -1 -1 -1 
50 1779792496 1779792496 0 2398551 3086 8828 2978 8828 2978 8828 2978 8828 1972 -1 -1 -1 
51 1779792496 1779792496 0 2676111 7507 8347 68 8758 1101 8758 1101 8758 -1 -1 -1 -1 
52 1779792496 1779792496 0 2558081 6053 8683 196 -1 -1 -1 -1 -1 -1 -1 -1 -1 
53 1779792496 1779792496 0 2503614 4692 8548 2356 8548 2356 8548 2356 -1 -1 -1 -1 -1 
54 1779792496 1779792496 0 2647479 6162 8316 143 8414 8174 -1 -1 -1 -1 -1 -1 -1 
55 1779792496 1779792496 0 2667542 7922 8628 2209 -1 -1 -1 -1 -1 -1 -1 -1 -1 
56 1779792496 1779792496 0 2670011 5268 8574 5622 8576 636 8576 636 8576 636 -1 -1 -1 
57 1779792496 1779792496 0 2649500 9196 6862 9196 6862 9196 6862 9196 6862 -1 -1 -1 -1 
58 1779792496 1779792496 0 2344082 511 8887 233 8952 745 8952 7156 8952 745 8952 745 9062 
59 1779792496 1779792496 0 732404 2391 8848 3342 -1 -1 -1 -1 -1 -1 -1 -1 -1 
60 1779792496 1779792496 0 2628699 6107 9117 4868 9085 4868 9085 4868 9085 68 8286 1264 9084 
61 1779792496 1779792496 0 2563068 608 8596 1189 8274 1189 8822 1189 9023 1082 9006 -1 -1 
62 1779792496 1779792496 0 1569823 5366 8261 5867 -1 -1 -1 -1 -1 -1 -1 -1 -1 
63 1779792496 1779792496 0 2586502 6069 8585 8080 -1 -1 -1 -1 -1 -1 -1 -1 -1 
64 1779792496 1779792496 0 2651967 8178 8766 8179 -1 -1 -1 -1 -1 -1 -1 -1 -1 
65 1779792496 1779792496 0 2150118 6062 9162 6062 9162 6062 -1 -1 -1 -1 -1 -1 -1 
66 1779792496 1779792496 0 2057684 6093 9163 6896 -1 -1 -1 -1 -1 -1 -1 -1 -1 
67 1779792496 1779792496 0 2645545 4402 8806 7368 8806 717 8806 -1 -1 -1 -1 -1 -1 
68 1779792496 1779792496 0 2613750 9108 5294 9108 5294 9108 5294 9108 5294 9108 826 8343 22 
69 1779792496 1779792496 0 2674174 8446 1905 8446 6949 8446 17 8577 1975 -1 -1 -1 -1 
70 1779792496 1779792496 0 2646417 8598 5669 8356 79 8268 79 8356 -1 -1 -1 -1 -1 
71 1779792496 1779792496 0 2672943 1683 8495 415 8496 415 8495 -1 -1 -1 -1 -1 -1 
72 1779792496 1779792496 0 2635750 2380 8475 375 9100 3070 8988 1185 8988 2846 -1 -1 -1 
73 1779792496 1779792496 0 2456656 1399 8609 2402 -1 -1 -1 -1 -1 -1 -1 -1 -1 
74 1779792496 1779792496 0 2673947 1046 8644 17 8570 557 8570 -1 -1 -1 -1 -1 -1 
75 1779792496 1779792496 0 2602540 7304 8411 2907 8411 675 8411 1932 -1 -1 -1 -1 -1 
76 1779792496 1779792496 0 2672534 6179 9045 6179 9045 6179 9045 6179 -1 -1 -1 -1 -1 
77 1779792496 1779792496 0 2674723 394 8325 2526 8683 1033 8683 3497 8683 -1 -1 -1 -1 
78 1779792496 1779792496 0 2665274 7984 8365 8119 -1 -1 -1 -1 -1 -1 -1 -1 -1 
79 1779792496 1779792496 0 249013 855 8446 1425 -1 -1 -1 -1 -1 -1 -1 -1 -1 
80 1779792496 1779792496 0 2655857 6619 9095 5124 9095 5124 -1 -1 -1 -1 -1 -1 -1 
81 1779792496 1779792496 0 2522919 8328 78 8328 78 8328 7035 -1 -1 -1 -1 -1 -1 
82 1779792496 1779792496 0 2670606 8704 4897 8704 2092 8704 1139 8508 823 8508 537 9220 1087 
83 1779792496 1779792496 0 2518283 6134 8563 1211 8563 4178 8271 7955 -1 -1 -1 -1 -1 
84 1779792496 1779792496 0 2674057 4269 8411 2866 8411 675 8411 36 -1 -1 -1 -1 -1 
85 1779792496 1779792496 0 2673335 4466 8370 1187 9142 1187 8791 221 8719 221 8734 -1 -1 
86 1779792496 1779792496 0 2670308 1081 8392 1912 8547 353 8467 2517 8467 353 -1 -1 -1 
87 1779792496 1779792496 0 2676693 6908 8801 1820 8995 1820 8318 -1 -1 -1 -1 -1 -1 
88 1779792496 1779792496 0 2385962 7541 8602 5216 -1 -1 -1 -1 -1 -1 -1 -1 -1 
89 1779792496 1779792496 0 2537522 3338 8387 3046 8387 3046 8670 969 -1 -1 -1 -1 -1 
90 1779792496 1779792496 0 2625667 86 8288 65 8288 86 8284 86 -1 -1 -1 -1 -1 
91 1779792496 1779792496 0 2641129 2327 8411 36 8411 493 -1 -1 -1 -1 -1 -1 -1 
92 1779792496 1779792496 0 2667793 4407 8564 678 8698 1049 -1 -1 -1 -1 -1 -1 -1 
93 1779792496 1779792496 0 2495494 7920 8603 3890 -1 -1 -1 -1 -1 -1 -1 -1 -1 
94 1779792496 1779792496 0 1143606 3510 8556 4631 -1 -1 -1 -1 -1 -1 -1 -1 -1 
95 1779792496 1779792496 0 2651739 2086 8270 5700 8270 46 8270 46 8270 46 8270 46 -1 
96 1779792496 1779792496 0 2673335 1084 8969 1084 8969 221 8734 7761 8734 7914 8734 221 8734 
97 1779792496 1779792496 0 2670487 552 8504 7918 9197 1066 8262 -1 -1 -1 -1 -1 -1 
98 1779792496 1779792496 0 2265139 3232 8599 849 8867 849 8599 849 8599 849 -1 -1 -1 
99 1779792496 1779792496 0 2668424 6638 8794 2168 8794 447 8454 447 8454 6276 8454 8210 -1 
100 1779792496 1779792496 0 1724708 4322 8320 5772 8320 6226 -1 -1 -1 -1 -1 -1 -1 
101 1779792496 1779792496 0 2601867 6001 8247 4479 8247 5751 8247 2134 8347 4410 -1 -1 -1 
102 1779792496 1779792496 0 2495052 2926 8474 4481 -1 -1 -1 -1 -1 -1 -1 -1 -1 
103 1779792496 1779792496 0 2644377 4779 9168 8168 -1 -1 -1 -1 -1 -1 -1 -1 -1 
104 1779792496 1779792496 0 2642165 8907 2426 8907 2426 9215 1119 8716 1119 -1 -1 -1 -1 
105 1779792496 1779792496 0 2596241 5885 8590 5546 8590 6569 9028 6622 -1 -1 -1 -1 -1 
106 1779792496 1779792496 0 2672770 1605 8622 1661 8250 1802 8250 8214 -1 -1 -1 -1 -1 
107 1779792496 1779792496 0 2658054 3661 8635 591 9075 997 8489 400 8817 3624 -1 -1 -1 
108 1779792496 1779792496 0 2502863 6646 8347 7930 -1 -1 -1 -1 -1 -1 -1 -1 -1 
109 1779792496 1779792496 0 2668126 6095 8508 1139 8508 1139 9173 1139 8508 823 8508 537 9220 
110 1779792496 1779792496 0 2668580 4232 9011 400 8567 400 8817 616 8817 623 8716 623 8716 
111 1779792496 1779792496 0 2616375 6429 8371 63 -1 -1 -1 -1 -1 -1 -1 -1 -1 
112 1779792496 1779792496 0 2675422 2619 9127 205 9127 205 8379 -1 -1 -1 -1 -1 -1 
113 1779792496 1779792496 0 2633385 5428 8401 4100 8927 2648 8927 -1 -1 -1 -1 -1 -1 
114 1779792496 1779792496 0 2624090 1655 8569 3579 8569 237 8405 237 8405 8123 -1 -1 -1 
115 1779792496 1779792496 0 2133903 2409 8888 2482 8888 2271 8888 40 9145 5788 9145 5788 9145 
116 1779792496 1779792496 0 2666964 1795 8336 4672 8937 7994 8347 3148 -1 -1 -1 -1 -1 
117 1779792496 1779792496 0 2583015 2514 8548 2131 8548 163 8504 442 8504 7538 -1 -1 -1 
118 1779792496 1779792496 0 2678027 7665 8260 653 8260 -1 -1 -1 -1 -1 -1 -1 -1 
119 1779792496 1779792496 0 2595604 8565 1591 8565 8095 -1 -1 -1 -1 -1 -1 -1 -1 
120 1779792496 1779792496 0 2677664 5429 8734 1343 8937 3148 8937 5552 8937 8225 -1 -1 -1 
121 1779792496 1779792496 0 2434196 9066 4513 9066 4513 9066 4719 9066 4926 9066 4538 -1 -1 
122 1779792496 1779792496 0 2676808 3082 8257 1376 8502 1376 8257 541 8814 3514 -1 -1 -1 
123 1779792496 1779792496 0 2659113 415 8497 415 8497 -1 -1 -1 -1 -1 -1 -1 -1 
124 1779792496 1779792496 0 2380586 4310 8623 435 8623 7713 -1 -1 -1 -1 -1 -1 -1 
125 1779792496 1779792496 0 2506004 3625 8235 1702 8235 9 8235 9 -1 -1 -1 -1 -1 
126 1779792496 1779792496 0 2669060 363 8283 509 8525 509 -1 -1 -1 -1 -1 -1 -1 
127 1779792496 1779792496 0 1821327 4598 8601 4945 8601 5578 8601 975 -1 -1 -1 -1 -1 
128 1779792496 1779792496 0 2067427 9082 4848 9082 4864 9082 5943 8347 6959 -1 -1 -1 -1 
129 1779792496 1779792496 0 2665075 8905 1542 8905 4085 8594 2892 8602 -1 -1 -1 -1 -1 
130 1779792496 1779792496 0 2502863 5149 9089 5534 8347 7930 -1 -1 -1 -1 -1 -1 -1 
131 1779792496 1779792496 0 2677791 8266 1772 8713 963 8679 963 8713 963 -1 -1 -1 -1 
132 1779792496 1779792496 0 2664300 7765 8347 7994 -1 -1 -1 -1 -1 -1 -1 -1 -1 
133 1779792496 1779792496 0 2564447 3550 8529 775 8529 718 8529 1571 8529 775 -1 -1 -1 
134 1779792496 1779792496 0 2661841 4948 8849 659 9198 346 9214 346 8615 -1 -1 -1 -1 
135 1779792496 1779792496 0 2672925 8336 142 9168 935 8985 2671 8985 4085 8919 -1 -1 -1 
136 1779792496 1779792496 0 2607929 2611 8644 8109 -1 -1 -1 -1 -1 -1 -1 -1 -1 
137 1779792496 1779792496 0 2675207 6021 8250 1802 8549 1071 8549 -1 -1 -1 -1 -1 -1 
138 1779792496 1779792496 0 2430319 3306 8346 7254 8346 1657 -1 -1 -1 -1 -1 -1 -1 
139 1779792496 1779792496 0 2650540 2430 8264 683 8264 925 -1 -1 -1 -1 -1 -1 -1 
140 1779792496 1779792496 0 2232970 1257 8735 1257 8958 1257 8958 1257 8958 1257 8735 1257 9037 
141 1779792496 1779792496 0 2649019 398 8346 195 8384 730 9034 303 -1 -1 -1 -1 -1 
142 1779792496 1779792496 0 2657456 6201 9151 6252 -1 -1 -1 -1 -1 -1 -1 -1 -1 
143 1779792496 1779792496 0 2669066 6524 8648 823 8508 823 8508 823 8508 537 9041 537 9041 
144 1779792496 1779792496 0 2678030 6550 8964 335 8612 145 8612 -1 -1 -1 -1 -1 -1 
145 1779792496 1779792496 0 2313153 5401 8644 5779 -1 -1 -1 -1 -1 -1 -1 -1 -1 
146 1779792496 1779792496 0 2592215 5179 9200 5179 -1 -1 -1 -1 -1 -1 -1 -1 -1 
147 1779792496 1779792496 0 2448942 8862 5894 8862 233 8997 -1 -1 -1 -1 -1 -1 -1 
148 1779792496 1779792496 0 2613146 7588 8536 1263 8536 1263 8536 -1 -1 -1 -1 -1 -1 
149 1779792496 1779792496 0 2425411 5202 8277 6378 8277 356 -1 -1 -1 -1 -1 -1 -1 
150 1779792496 1779792496 0 2476961 4742 9069 1493 9069 644 9080 7890 -1 -1 -1 -1 -1 
151 1779792496 1779792496 0 2670487 6101 8241 449 8814 249 8652 249 8652 1066 8262 -1 -1 
152 1779792496 1779792496 0 2674585 4263 8278 1376 8502 6828 8937 3148 8937 8219 -1 -1 -1 
153 1779792496 1779792496 0 2154757 1467 8768 2641 8768 1467 8768 1467 8768 1467 -1 -1 -1 
154 1779792496 1779792496 0 1448347 5411 8657 5540 -1 -1 -1 -1 -1 -1 -1 -1 -1 
155 1779792496 1779792496 0 1001311 8992 4163 -1 -1 -1 -1 -1 -1 -1 -1 -1 -1 
156 1779792496 1779792496 0 2510068 5493 8733 3088 8733 1014 -1 -1 -1 -1 -1 -1 -1 
157 1779792496 1779792496 0 2164402 99 8346 7209 -1 -1 -1 -1 -1 -1 -1 -1 -1 
158 1779792496 1779792496 0 2484011 4443 9079 5363 9079 5363 9079 -1 -1 -1 -1 -1 -1 
159 1779792496 1779792496 0 2666529 3120 8887 2394 8887 2394 -1 -1 -1 -1 -1 -1 -1 
160 1779792496 1779792496 0 2535371 219 8390 448 8390 2079 8917 1733 -1 -1 -1 -1 -1 
161 1779792496 1779792496 0 2198648 7280 8682 7281 -1 -1 -1 -1 -1 -1 -1 -1 -1 
162 1779792496 1779792496 0 2171606 1666 8367 1663 8754 7230 -1 -1 -1 -1 -1 -1 -1 
163 1779792496 1779792496 0 2666825 1402 8251 1402 8251 174 8251 174 8251 1726 8260 2870 8260 
164 1779792496 1779792496 0 2661731 8893 346 9214 346 8677 -1 -1 -1 -1 -1 -1 -1 
165 1779792496 1779792496 0 2495105 8555 524 8514 752 8491 1952 8491 233 8545 2134 8247 4479 
166 1779792496 1779792496 0 2677241 7738 8937 68 9084 3114 9084 277 9084 4217 -1 -1 -1 
167 1779792496 1779792496 0 2481973 763 8488 2946 8488 2946 8488 7344 8255 -1 -1 -1 -1 
168 1779792496 1779792496 0 2664012 1865 8398 232 8398 232 8398 1865 8975 -1 -1 -1 -1 
169 1779792496 1779792496 0 2469689 3181 8971 3812 8971 7870 -1 -1 -1 -1 -1 -1 -1 
170 1779792496 1779792496 0 2640175 6660 9173 66 9173 1139 8508 1139 8349 1139 8938 -1 -1 
171 1779792496 1779792496 0 2490237 5156 8806 2141 8836 764 8351 63 8474 359 -1 -1 -1 
172 1779792496 1779792496 0 2672924 3125 8549 6944 8549 1802 8250 1802 8250 1023 -1 -1 -1 
173 1779792496 1779792496 0 2355703 5708 8879 2175 8879 233 8999 -1 -1 -1 -1 -1 -1 
174 1779792496 1779792496 0 2672910 8128 9084 3114 -1 -1 -1 -1 -1 -1 -1 -1 -1 
175 1779792496 1779792496 0 2672673 1419 8339 143 -1 -1 -1 -1 -1 -1 -1 -1 -1 
176 1779792496 1779792496 0 2673581 7295 8895 6100 8895 233 9061 4085 -1 -1 -1 -1 -1 
177 1779792496 1779792496 0 2181962 673 8361 1777 8623 1985 8896 7256 8896 7256 -1 -1 -1 
178 1779792496 1779792496 0 2631953 9143 5518 9143 5518 9143 5518 9143 611 8665 36 8411 1220 
179 1779792496 1779792496 0 2456121 6416 8387 6852 8368 349 -1 -1 -1 -1 -1 -1 -1 
180 1779792496 1779792496 0 2571553 3937 8482 393 8482 388 8482 -1 -1 -1 -1 -1 -1 
181 1779792496 1779792496 0 1507378 8589 779 8589 779 -1 -1 -1 -1 -1 -1 -1 -1 
182 1779792496 1779792496 0 2665117 5835 8817 997 8929 997 8684 13 8659 13 8659 -1 -1 
183 1779792496 1779792496 0 2675525 6410 9166 6330 9166 25 9166 2515 9166 -1 -1 -1 -1 
184 1779792496 1779792496 0 2647165 2646 8888 2654 8937 6828 8971 4186 8735 -1 -1 -1 -1 
185 1779792496 1779792496 0 2671350 6976 9185 1220 8411 1042 9170 5383 -1 -1 -1 -1 -1 
186 1779792496 1779792496 0 2187588 8888 2241 8888 2500 8339 318 8887 1519 9142 4648 -1 -1 
187 1779792496 1779792496 0 2677979 4138 8992 4164 8591 80 8591 1342 8260 8226 -1 -1 -1 
188 1779792496 1779792496 0 2643214 6837 8295 17 9205 1343 -1 -1 -1 -1 -1 -1 -1 
189 1779792496 1779792496 0 2606863 958 8676 125 8544 1570 9205 17 8669 -1 -1 -1 -1 
190 1779792496 1779792496 0 1613190 4743 8410 635 8603 5258 -1 -1 -1 -1 -1 -1 -1 
191 1779792496 1779792496 0 2670683 6490 9133 1885 9133 1392 8293 7400 8293 8 -1 -1 -1 
192 1779792496 1779792496 0 2675022 739 8563 739 8563 1449 9088 1276 9084 1973 9084 277 9084 
193 1779792496 1779792496 0 2517705 8732 2719 8732 3942 8732 628 8453 -1 -1 -1 -1 -1 
194 1779792496 1779792496 0 2423860 6940 8874 1884 8918 1884 -1 -1 -1 -1 -1 -1 -1 
195 1779792496 1779792496 0 2604521 758 8483 475 8418 475 -1 -1 -1 -1 -1 -1 -1 
196 1779792496 1779792496 0 2500431 2693 8687 1376 8502 56 8279 56 8279 -1 -1 -1 -1 
197 1779792496 1779792496 0 1728032 2858 8872 6230 -1 -1 -1 -1 -1 -1 -1 -1 -1 
198 1779792496 1779792496 0 2506649 6878 8636 6852 8636 7935 -1 -1 -1 -1 -1 -1 -1 
199 1779792496 1779792496 0 2667629 124 8364 124 8332 124 8332 1810 -1 -1 -1 -1 -1 
