878 1779794114 1779794114 0 85629 505 8423 642 -1 -1 -1 -1 -1 -1 -1 
267 1779794114 1779794114 0 146427 626 8423 929 -1 -1 -1 -1 -1 -1 -1 
320 1779794114 1779794114 0 217698 8273 1265 -1 -1 -1 -1 -1 -1 -1 -1 
802 1779794114 1779794114 0 256774 1398 8622 1454 -1 -1 -1 -1 -1 -1 -1 
475 1779794114 1779794114 0 408337 976 8681 976 8681 976 -1 -1 -1 -1 -1 
2 1779794114 1779794114 0 505939 2439 8687 2464 -1 -1 -1 -1 -1 -1 -1 
330 1779794114 1779794114 0 529423 8320 404 8888 2421 -1 -1 -1 -1 -1 -1 
85 1779794114 1779794114 0 581454 2446 8687 2474 -1 -1 -1 -1 -1 -1 -1 
593 1779794114 1779794114 0 610790 1045 8545 2914 -1 -1 -1 -1 -1 -1 -1 
874 1779794114 1779794114 0 678325 2689 8888 3158 -1 -1 -1 -1 -1 -1 -1 
751 1779794114 1779794114 0 732757 2274 8622 3343 -1 -1 -1 -1 -1 -1 -1 
982 1779794114 1779794114 0 770598 401 8468 1643 -1 -1 -1 -1 -1 -1 -1 
512 1779794114 1779794114 0 770598 1057 8468 1643 8468 1643 8468 -1 -1 -1 -1 
105 1779794114 1779794114 0 1920028 1409 8343 156 8620 787 8620 787 8620 611 8446 
576 1779794114 1779794114 0 874465 3696 8463 3784 -1 -1 -1 -1 -1 -1 -1 
658 1779794114 1779794114 0 883181 8259 203 8259 203 8259 203 8259 203 -1 -1 
995 1779794114 1779794114 0 899938 2219 8526 3854 -1 -1 -1 -1 -1 -1 -1 
164 1779794114 1779794114 0 956522 2824 8301 4040 -1 -1 -1 -1 -1 -1 -1 
310 1779794114 1779794114 0 975066 4050 8257 4095 -1 -1 -1 -1 -1 -1 -1 
403 1779794114 1779794114 0 986503 3877 8752 4021 8752 4121 -1 -1 -1 -1 -1 
719 1779794114 1779794114 0 1001726 862 8617 917 -1 -1 -1 -1 -1 -1 -1 
821 1779794114 1779794114 0 1007548 2112 8318 4187 -1 -1 -1 -1 -1 -1 -1 
965 1779794114 1779794114 0 1013092 3550 8529 4220 -1 -1 -1 -1 -1 -1 -1 
305 1779794114 1779794114 0 1043982 3836 8623 4350 -1 -1 -1 -1 -1 -1 -1 
782 1779794114 1779794114 0 1055446 4088 8341 4088 -1 -1 -1 -1 -1 -1 -1 
485 1779794114 1779794114 0 1110887 4270 8339 3206 -1 -1 -1 -1 -1 -1 -1 
950 1779794114 1779794114 0 1474027 8843 1861 8843 1861 8843 1861 8843 1861 8843 1861 
961 1779794114 1779794114 0 1217179 3117 8429 264 8429 264 8429 2340 8429 264 8429 
436 1779794114 1779794114 0 1199850 8907 4551 -1 -1 -1 -1 -1 -1 -1 -1 
706 1779794114 1779794114 0 1198144 2469 8915 2469 8915 2469 8915 2469 -1 -1 -1 
984 1779794114 1779794114 0 1215075 878 8653 878 8653 -1 -1 -1 -1 -1 -1 
707 1779794114 1779794114 0 1221569 8888 404 8888 2234 9072 4642 9072 2877 -1 -1 
812 1779794114 1779794114 0 1270103 1919 8266 1055 -1 -1 -1 -1 -1 -1 -1 
423 1779794114 1779794114 0 1278121 4980 9086 2157 -1 -1 -1 -1 -1 -1 -1 
298 1779794114 1779794114 0 1286633 5043 9086 3482 -1 -1 -1 -1 -1 -1 -1 
311 1779794114 1779794114 0 1307356 5172 9048 5172 -1 -1 -1 -1 -1 -1 -1 
261 1779794114 1779794114 0 1323522 8508 5180 -1 -1 -1 -1 -1 -1 -1 -1 
452 1779794114 1779794114 0 1326674 4637 9072 4642 9072 5211 -1 -1 -1 -1 -1 
200 1779794114 1779794114 0 1323257 5045 8614 771 8614 -1 -1 -1 -1 -1 -1 
760 1779794114 1779794114 0 2110718 8475 375 8475 375 8475 375 8475 375 8475 1806 
741 1779794114 1779794114 0 1401062 5337 8575 2270 -1 -1 -1 -1 -1 -1 -1 
418 1779794114 1779794114 0 1430007 3480 8973 3480 8973 2939 -1 -1 -1 -1 -1 
19 1779794114 1779794114 0 1441440 23 8951 5511 -1 -1 -1 -1 -1 -1 -1 
82 1779794114 1779794114 0 1459321 1553 8618 5574 -1 -1 -1 -1 -1 -1 -1 
195 1779794114 1779794114 0 1469133 5311 9086 5616 -1 -1 -1 -1 -1 -1 -1 
671 1779794114 1779794114 0 1462887 5497 8544 5590 -1 -1 -1 -1 -1 -1 -1 
251 1779794114 1779794114 0 1474093 3321 8507 1442 -1 -1 -1 -1 -1 -1 -1 
708 1779794114 1779794114 0 1495219 3357 8588 5694 -1 -1 -1 -1 -1 -1 -1 
848 1779794114 1779794114 0 1499804 2275 8891 2275 8891 2275 8891 2275 -1 -1 -1 
413 1779794114 1779794114 0 1749466 1583 8433 2213 9072 2564 9072 5324 9072 233 8962 
442 1779794114 1779794114 0 1509504 5453 9132 5667 -1 -1 -1 -1 -1 -1 -1 
477 1779794114 1779794114 0 1528592 5765 8416 -1 -1 -1 -1 -1 -1 -1 -1 
209 1779794114 1779794114 0 1543038 2109 8777 198 8963 5797 -1 -1 -1 -1 -1 
624 1779794114 1779794114 0 1556858 2783 8874 2783 8874 4094 -1 -1 -1 -1 -1 
238 1779794114 1779794114 0 1557189 5837 8519 5837 -1 -1 -1 -1 -1 -1 -1 
421 1779794114 1779794114 0 1560155 2509 8641 4168 8641 849 8641 -1 -1 -1 -1 
856 1779794114 1779794114 0 1560155 3232 8599 849 8641 849 8599 849 8641 -1 -1 
259 1779794114 1779794114 0 1564298 2645 8445 294 8445 294 8445 294 -1 -1 -1 
948 1779794114 1779794114 0 2638684 2497 8726 1779 8726 1511 9071 331 9071 3114 9084 
670 1779794114 1779794114 0 1618483 5625 8285 5969 -1 -1 -1 -1 -1 -1 -1 
614 1779794114 1779794114 0 1612927 5895 8778 5955 -1 -1 -1 -1 -1 -1 -1 
796 1779794114 1779794114 0 1620389 4466 8370 5005 8370 682 -1 -1 -1 -1 -1 
115 1779794114 1779794114 0 1637895 8477 378 8477 925 8477 6032 -1 -1 -1 -1 
992 1779794114 1779794114 0 1635289 5809 9071 6024 -1 -1 -1 -1 -1 -1 -1 
909 1779794114 1779794114 0 1661738 5001 8388 216 -1 -1 -1 -1 -1 -1 -1 
137 1779794114 1779794114 0 1685699 1635 8390 5017 -1 -1 -1 -1 -1 -1 -1 
764 1779794114 1779794114 0 1680413 1838 8589 6048 8589 -1 -1 -1 -1 -1 -1 
919 1779794114 1779794114 0 1695569 955 8318 277 8318 6141 -1 -1 -1 -1 -1 
92 1779794114 1779794114 0 1696410 1492 8563 6140 -1 -1 -1 -1 -1 -1 -1 
718 1779794114 1779794114 0 1694003 6134 8563 6134 -1 -1 -1 -1 -1 -1 -1 
688 1779794114 1779794114 0 1704711 4276 8687 6172 -1 -1 -1 -1 -1 -1 -1 
214 1779794114 1779794114 0 1708685 4414 8548 371 8290 1155 -1 -1 -1 -1 -1 
686 1779794114 1779794114 0 1719648 2948 8688 5523 8688 5523 -1 -1 -1 -1 -1 
964 1779794114 1779794114 0 1733598 4533 8446 6067 -1 -1 -1 -1 -1 -1 -1 
404 1779794114 1779794114 0 1754713 2570 8376 3170 8376 2834 -1 -1 -1 -1 -1 
836 1779794114 1779794114 0 1765768 158 8236 5182 -1 -1 -1 -1 -1 -1 -1 
912 1779794114 1779794114 0 1787312 4606 8806 4753 8806 657 -1 -1 -1 -1 -1 
650 1779794114 1779794114 0 1791784 1029 8690 1029 8690 1029 -1 -1 -1 -1 -1 
816 1779794114 1779794114 0 1814873 274 8365 6428 -1 -1 -1 -1 -1 -1 -1 
122 1779794114 1779794114 0 1821327 4598 8601 975 8601 -1 -1 -1 -1 -1 -1 
970 1779794114 1779794114 0 1872027 5132 8257 30 -1 -1 -1 -1 -1 -1 -1 
783 1779794114 1779794114 0 1877366 5526 8964 6550 -1 -1 -1 -1 -1 -1 -1 
661 1779794114 1779794114 0 1885014 3957 8347 6563 -1 -1 -1 -1 -1 -1 -1 
68 1779794114 1779794114 0 1882069 5668 8374 6558 -1 -1 -1 -1 -1 -1 -1 
476 1779794114 1779794114 0 2533387 1813 8479 233 9155 3029 9155 5206 9155 3029 9004 
207 1779794114 1779794114 0 1894686 419 8411 867 9166 6556 -1 -1 -1 -1 -1 
51 1779794114 1779794114 0 1909721 1045 8545 2024 9166 6633 -1 -1 -1 -1 -1 
905 1779794114 1779794114 0 1915373 2790 8723 6648 -1 -1 -1 -1 -1 -1 -1 
838 1779794114 1779794114 0 1966182 6311 9166 4039 9166 25 9166 2908 9166 1772 9166 
357 1779794114 1779794114 0 1920416 2628 8526 1937 -1 -1 -1 -1 -1 -1 -1 
306 1779794114 1779794114 0 1944721 8534 525 8534 525 8534 525 8534 40 8979 2003 
835 1779794114 1779794114 0 1922351 8281 59 8281 59 8281 59 -1 -1 -1 -1 
808 1779794114 1779794114 0 1933207 3226 8951 87 8951 87 8951 -1 -1 -1 -1 
106 1779794114 1779794114 0 1964704 3310 8563 6754 -1 -1 -1 -1 -1 -1 -1 
800 1779794114 1779794114 0 1997496 5749 8290 5210 -1 -1 -1 -1 -1 -1 -1 
88 1779794114 1779794114 0 2002815 8458 6839 -1 -1 -1 -1 -1 -1 -1 -1 
335 1779794114 1779794114 0 2076986 2279 8868 2279 8868 547 9163 1981 9163 547 9163 
607 1779794114 1779794114 0 2014696 2559 8734 2559 9077 103 -1 -1 -1 -1 -1 
280 1779794114 1779794114 0 2012868 8353 164 8775 40 9187 -1 -1 -1 -1 -1 
555 1779794114 1779794114 0 2040322 2927 8526 3238 -1 -1 -1 -1 -1 -1 -1 
206 1779794114 1779794114 0 2043847 3977 9027 3070 9100 3349 -1 -1 -1 -1 -1 
709 1779794114 1779794114 0 2048970 350 9163 547 9163 6910 -1 -1 -1 -1 -1 
95 1779794114 1779794114 0 2235802 8523 498 8760 498 9138 498 9138 498 9138 498 
801 1779794114 1779794114 0 2065501 5512 9089 2615 8305 -1 -1 -1 -1 -1 -1 
462 1779794114 1779794114 0 2078928 6366 9166 6989 -1 -1 -1 -1 -1 -1 -1 
879 1779794114 1779794114 0 2072448 4911 8806 657 8806 4753 -1 -1 -1 -1 -1 
458 1779794114 1779794114 0 2088527 2690 8888 611 8685 5503 -1 -1 -1 -1 -1 
412 1779794114 1779794114 0 2518650 2283 8409 1139 8961 1139 8945 1139 8938 2092 8508 
336 1779794114 1779794114 0 2087908 6783 9134 6783 9134 5680 -1 -1 -1 -1 -1 
98 1779794114 1779794114 0 2088527 6996 8685 5503 -1 -1 -1 -1 -1 -1 -1 
472 1779794114 1779794114 0 2084008 7002 9124 7002 -1 -1 -1 -1 -1 -1 -1 
794 1779794114 1779794114 0 2094707 6963 8540 2196 8540 2186 -1 -1 -1 -1 -1 
171 1779794114 1779794114 0 2105519 1316 8748 1316 8748 1316 8748 1316 8748 -1 -1 
221 1779794114 1779794114 0 2114765 5392 9059 4908 9059 7086 -1 -1 -1 -1 -1 
535 1779794114 1779794114 0 2110690 9177 3262 9177 3262 9177 3262 -1 -1 -1 -1 
857 1779794114 1779794114 0 2134401 2915 8841 7130 -1 -1 -1 -1 -1 -1 -1 
112 1779794114 1779794114 0 2132991 6283 8995 6673 8995 6673 8995 7123 -1 -1 -1 
714 1779794114 1779794114 0 2264012 1704 8819 5389 8819 2365 9020 2365 9020 2365 9020 
291 1779794114 1779794114 0 2131321 1403 8574 2555 -1 -1 -1 -1 -1 -1 -1 
149 1779794114 1779794114 0 2142082 3624 8244 6987 -1 -1 -1 -1 -1 -1 -1 
701 1779794114 1779794114 0 2148424 2271 8888 2271 8888 2134 9163 3863 -1 -1 -1 
154 1779794114 1779794114 0 2184729 3158 8888 3932 8888 3932 8888 40 9023 40 9141 
372 1779794114 1779794114 0 2156751 982 8412 245 8412 982 8412 7182 -1 -1 -1 
518 1779794114 1779794114 0 2155998 550 8423 5509 8423 5879 -1 -1 -1 -1 -1 
354 1779794114 1779794114 0 2154757 1467 8768 1467 8768 -1 -1 -1 -1 -1 -1 
818 1779794114 1779794114 0 2166967 7002 9124 154 -1 -1 -1 -1 -1 -1 -1 
981 1779794114 1779794114 0 2175636 4768 8644 6614 -1 -1 -1 -1 -1 -1 -1 
409 1779794114 1779794114 0 2175081 5569 8492 895 8492 7238 -1 -1 -1 -1 -1 
417 1779794114 1779794114 0 2176255 8822 1189 8274 1189 9140 2179 8629 3557 -1 -1 
638 1779794114 1779794114 0 2318124 2647 8574 2871 8574 752 8574 535 8718 1920 8380 
187 1779794114 1779794114 0 2173885 1147 8642 850 8642 850 8642 850 -1 -1 -1 
356 1779794114 1779794114 0 2189027 5769 8885 228 -1 -1 -1 -1 -1 -1 -1 
665 1779794114 1779794114 0 2189776 9037 1257 8958 1257 8958 1257 8735 1257 8735 1257 
539 1779794114 1779794114 0 2235296 2670 8888 3932 8888 3932 9168 3360 9168 142 9168 
284 1779794114 1779794114 0 2184872 7253 8801 7262 -1 -1 -1 -1 -1 -1 -1 
76 1779794114 1779794114 0 2194732 5543 8618 7275 -1 -1 -1 -1 -1 -1 -1 
438 1779794114 1779794114 0 2199653 5763 8658 1105 8658 7284 -1 -1 -1 -1 -1 
226 1779794114 1779794114 0 2546374 476 8311 1432 8469 346 9198 346 9198 17 8528 
70 1779794114 1779794114 0 2216309 3371 8609 6787 -1 -1 -1 -1 -1 -1 -1 
767 1779794114 1779794114 0 2217339 5915 8733 1127 -1 -1 -1 -1 -1 -1 -1 
125 1779794114 1779794114 0 2217102 1000 8246 387 8246 3653 8246 387 8246 -1 -1 
616 1779794114 1779794114 0 2211431 4091 8333 7305 -1 -1 -1 -1 -1 -1 -1 
109 1779794114 1779794114 0 2218966 2970 8591 1663 8491 7326 -1 -1 -1 -1 -1 
80 1779794114 1779794114 0 2211872 2129 8875 2128 8805 2128 -1 -1 -1 -1 -1 
664 1779794114 1779794114 0 2216717 5743 8658 1105 8658 1231 8658 -1 -1 -1 -1 
938 1779794114 1779794114 0 2226474 5408 8361 177 -1 -1 -1 -1 -1 -1 -1 
258 1779794114 1779794114 0 2390108 3769 9026 5006 9026 5006 8567 5006 8567 400 8765 
602 1779794114 1779794114 0 2220605 4666 8347 7334 -1 -1 -1 -1 -1 -1 -1 
419 1779794114 1779794114 0 2481973 3297 8488 4410 8488 2946 8488 2946 8488 7344 8255 
364 1779794114 1779794114 0 2227118 2596 8888 3932 8888 3932 9168 7360 -1 -1 -1 
168 1779794114 1779794114 0 2228521 6011 9145 5788 9145 5788 9145 5788 -1 -1 -1 
524 1779794114 1779794114 0 2223551 2143 8858 268 9202 7176 9202 4225 9202 7345 -1 
908 1779794114 1779794114 0 2221591 8845 1881 9195 1881 8845 1881 8845 1881 8845 1881 
634 1779794114 1779794114 0 2233598 2255 8591 3699 -1 -1 -1 -1 -1 -1 -1 
516 1779794114 1779794114 0 2233649 4762 8752 487 8991 -1 -1 -1 -1 -1 -1 
575 1779794114 1779794114 0 2235780 7066 8652 7392 -1 -1 -1 -1 -1 -1 -1 
104 1779794114 1779794114 0 2231529 3066 8835 681 8588 2708 8718 7188 8718 535 8718 
351 1779794114 1779794114 0 2240474 3919 9026 5006 9026 5006 9026 -1 -1 -1 -1 
317 1779794114 1779794114 0 2252904 2937 8622 3004 8806 4645 8983 267 8983 7368 8983 
542 1779794114 1779794114 0 2397046 2930 8949 2930 8949 2930 9168 142 9168 7215 9168 
736 1779794114 1779794114 0 2259155 4452 8239 7448 -1 -1 -1 -1 -1 -1 -1 
142 1779794114 1779794114 0 2321805 5992 8555 535 8574 3004 8592 7135 8592 2242 9063 
233 1779794114 1779794114 0 2254422 6071 8766 1504 8766 1504 -1 -1 -1 -1 -1 
837 1779794114 1779794114 0 2265733 3164 8734 2608 -1 -1 -1 -1 -1 -1 -1 
20 1779794114 1779794114 0 2265363 5561 9166 6422 -1 -1 -1 -1 -1 -1 -1 
426 1779794114 1779794114 0 2449702 5061 8952 5061 8952 7156 8952 7320 8952 40 8275 
455 1779794114 1779794114 0 2271318 6838 8855 5912 -1 -1 -1 -1 -1 -1 -1 
285 1779794114 1779794114 0 2273758 7131 8411 3968 -1 -1 -1 -1 -1 -1 -1 
401 1779794114 1779794114 0 2534936 5316 8363 1059 8363 1059 8363 179 8994 179 8994 
941 1779794114 1779794114 0 2285487 3700 8262 367 8556 7509 -1 -1 -1 -1 -1 
957 1779794114 1779794114 0 2287161 803 8389 199 8430 199 8430 -1 -1 -1 -1 
218 1779794114 1779794114 0 2323005 5441 8466 1189 9153 828 9153 1189 9153 1189 9153 
430 1779794114 1779794114 0 2292638 9117 4868 9117 6117 -1 -1 -1 -1 -1 -1 
564 1779794114 1779794114 0 2292638 9085 4868 9117 1158 9117 6117 -1 -1 -1 -1 
918 1779794114 1779794114 0 2297506 3554 8581 535 8540 4215 -1 -1 -1 -1 -1 
355 1779794114 1779794114 0 2295329 8760 498 9138 498 9138 498 9138 -1 -1 -1 
318 1779794114 1779794114 0 2295329 9138 498 9138 498 9138 -1 -1 -1 -1 -1 
695 1779794114 1779794114 0 2303235 4210 8502 1376 8502 350 -1 -1 -1 -1 -1 
915 1779794114 1779794114 0 2307897 6990 8367 7458 -1 -1 -1 -1 -1 -1 -1 
36 1779794114 1779794114 0 2303316 7433 8510 161 -1 -1 -1 -1 -1 -1 -1 
669 1779794114 1779794114 0 2307150 7457 8734 7553 -1 -1 -1 -1 -1 -1 -1 
613 1779794114 1779794114 0 2318139 5759 8348 7581 -1 -1 -1 -1 -1 -1 -1 
951 1779794114 1779794114 0 2313134 7269 8645 7570 -1 -1 -1 -1 -1 -1 -1 
377 1779794114 1779794114 0 2318139 3768 8348 7581 8348 7581 -1 -1 -1 -1 -1 
757 1779794114 1779794114 0 2328221 1551 8788 1551 8788 1551 8788 1551 -1 -1 -1 
859 1779794114 1779794114 0 2472088 2110 8620 787 8620 787 8620 611 8295 476 8476 
851 1779794114 1779794114 0 2329000 4385 8263 221 8883 6664 -1 -1 -1 -1 -1 
300 1779794114 1779794114 0 2323005 9153 1189 9153 1189 9153 -1 -1 -1 -1 -1 
8 1779794114 1779794114 0 2320109 6068 8548 2356 8548 5360 -1 -1 -1 -1 -1 
788 1779794114 1779794114 0 2322805 5253 8442 311 8740 411 8740 7603 -1 -1 -1 
225 1779794114 1779794114 0 2498887 1637 8330 1182 8961 1139 8938 2491 8817 3712 8817 
67 1779794114 1779794114 0 2334201 6229 8990 3325 8990 7636 -1 -1 -1 -1 -1 
774 1779794114 1779794114 0 2548702 801 8251 174 8251 1402 8251 7168 8251 174 8251 
34 1779794114 1779794114 0 2332603 546 8515 483 8515 2456 8515 625 -1 -1 -1 
552 1779794114 1779794114 0 2341808 8542 538 8542 538 8542 538 8542 538 -1 -1 
237 1779794114 1779794114 0 2346600 8511 346 9198 7660 -1 -1 -1 -1 -1 -1 
583 1779794114 1779794114 0 2346600 3885 8893 4043 8893 346 9198 7206 9198 7660 -1 
29 1779794114 1779794114 0 2345951 2063 9048 1367 9163 547 9163 547 9163 6464 -1 
735 1779794114 1779794114 0 2425053 6112 9117 4868 9117 1158 9117 4868 9085 750 9213 
451 1779794114 1779794114 0 2347296 1676 8341 2110 8348 7581 8348 3180 8943 2928 8943 
972 1779794114 1779794114 0 2342183 7639 8791 7048 -1 -1 -1 -1 -1 -1 -1 
529 1779794114 1779794114 0 2356270 8943 2928 8943 3180 8943 3180 8943 2928 8943 73 
791 1779794114 1779794114 0 2652597 5836 8806 3804 8581 144 8514 524 8514 524 8491 
761 1779794114 1779794114 0 2355813 885 8588 -1 -1 -1 -1 -1 -1 -1 -1 
873 1779794114 1779794114 0 2355813 4237 8588 885 -1 -1 -1 -1 -1 -1 -1 
566 1779794114 1779794114 0 2351543 7062 8699 3755 -1 -1 -1 -1 -1 -1 -1 
725 1779794114 1779794114 0 2356720 2061 8593 912 8975 1916 8975 7506 -1 -1 -1 
673 1779794114 1779794114 0 2356352 2847 8943 3180 8943 3180 8943 2928 8943 73 9157 
433 1779794114 1779794114 0 2355813 1981 8588 6499 8588 885 8588 -1 -1 -1 -1 
740 1779794114 1779794114 0 2368547 33 9077 6110 9077 7692 -1 -1 -1 -1 -1 
968 1779794114 1779794114 0 2364095 5554 8540 98 8491 559 8491 401 -1 -1 -1 
234 1779794114 1779794114 0 2366212 5218 8885 2225 8885 2225 8885 -1 -1 -1 -1 
96 1779794114 1779794114 0 2366504 6875 8623 494 8623 7674 8521 3222 -1 -1 -1 
302 1779794114 1779794114 0 2375296 8957 2478 8957 2478 8957 103 9077 6181 -1 -1 
789 1779794114 1779794114 0 2376128 7145 8687 7703 -1 -1 -1 -1 -1 -1 -1 
169 1779794114 1779794114 0 2377535 1681 8815 367 9002 3450 9002 3450 9002 -1 -1 
103 1779794114 1779794114 0 2374935 7328 8385 212 -1 -1 -1 -1 -1 -1 -1 
786 1779794114 1779794114 0 2516977 3126 8888 2271 8888 2134 9205 142 9168 142 9168 
750 1779794114 1779794114 0 2376133 4436 9048 8 8293 95 8293 596 8606 5415 8606 
379 1779794114 1779794114 0 2377535 8944 3450 9002 3450 9002 -1 -1 -1 -1 -1 
26 1779794114 1779794114 0 2503573 4790 8548 2356 8548 2131 8548 2356 8548 2356 8548 
636 1779794114 1779794114 0 2382298 9088 4055 9031 4055 9088 1449 -1 -1 -1 -1 
325 1779794114 1779794114 0 2381788 4989 9078 3241 8406 7296 -1 -1 -1 -1 -1 
588 1779794114 1779794114 0 2388303 4340 8806 481 8491 3436 9001 3436 -1 -1 -1 
809 1779794114 1779794114 0 2381916 6261 8506 5958 9077 7716 -1 -1 -1 -1 -1 
880 1779794114 1779794114 0 2388402 1952 8491 559 8491 7730 -1 -1 -1 -1 -1 
696 1779794114 1779794114 0 2457190 6370 8506 6261 8506 7358 9077 6110 9077 33 8260 
127 1779794114 1779794114 0 2397952 5972 8849 3169 -1 -1 -1 -1 -1 -1 -1 
150 1779794114 1779794114 0 2397952 3385 8540 98 8540 4489 8849 3169 -1 -1 -1 
553 1779794114 1779794114 0 2390114 7596 8306 92 -1 -1 -1 -1 -1 -1 -1 
111 1779794114 1779794114 0 2390114 6578 8306 7629 8306 92 -1 -1 -1 -1 -1 
847 1779794114 1779794114 0 2396889 2495 9105 5248 9105 5248 -1 -1 -1 -1 -1 
930 1779794114 1779794114 0 2404821 1709 8282 6801 -1 -1 -1 -1 -1 -1 -1 
691 1779794114 1779794114 0 2405401 6914 8347 6590 8347 7769 -1 -1 -1 -1 -1 
723 1779794114 1779794114 0 2401472 6248 8411 7667 -1 -1 -1 -1 -1 -1 -1 
745 1779794114 1779794114 0 2407500 6556 9159 4844 9159 -1 -1 -1 -1 -1 -1 
392 1779794114 1779794114 0 2407500 9159 4844 9159 4844 -1 -1 -1 -1 -1 -1 
559 1779794114 1779794114 0 2597205 3536 8985 6618 8985 6618 8985 494 8623 494 8652 
514 1779794114 1779794114 0 2490770 5501 8990 6123 8990 116 8504 2894 8504 1066 9197 
579 1779794114 1779794114 0 2413123 3692 8253 959 8480 7785 -1 -1 -1 -1 -1 
328 1779794114 1779794114 0 2414631 6650 8447 1800 8447 1800 8286 687 -1 -1 -1 
37 1779794114 1779794114 0 2415053 101 8315 101 8315 578 8315 -1 -1 -1 -1 
778 1779794114 1779794114 0 2415053 8315 998 8315 101 8315 578 8315 -1 -1 -1 
885 1779794114 1779794114 0 2419160 134 8340 134 8340 134 8340 134 8340 -1 -1 
672 1779794114 1779794114 0 2411262 7523 9102 1684 -1 -1 -1 -1 -1 -1 -1 
599 1779794114 1779794114 0 2414316 3708 9199 3708 9199 3708 -1 -1 -1 -1 -1 
733 1779794114 1779794114 0 2419306 8608 6128 8608 6128 8608 6128 -1 -1 -1 -1 
923 1779794114 1779794114 0 2417513 4775 9077 6110 9077 1036 -1 -1 -1 -1 -1 
883 1779794114 1779794114 0 2417513 7053 9077 6417 9077 33 9077 1036 -1 -1 -1 
471 1779794114 1779794114 0 2411262 8724 1169 8724 5262 9102 6364 9102 1684 -1 -1 
914 1779794114 1779794114 0 2411262 2313 8888 2483 8603 5262 9102 5262 9102 1684 -1 
746 1779794114 1779794114 0 2427847 983 8651 5766 8651 6604 8651 5766 -1 -1 -1 
758 1779794114 1779794114 0 2511456 4319 8694 1721 8906 1721 8906 1046 8357 335 8917 
513 1779794114 1779794114 0 2495951 8675 956 9122 956 9122 6969 9122 4085 8702 1179 
743 1779794114 1779794114 0 2423860 6940 8874 1884 8918 1884 -1 -1 -1 -1 -1 
489 1779794114 1779794114 0 2429262 5409 8295 73 9053 954 8793 -1 -1 -1 -1 
193 1779794114 1779794114 0 2430229 6485 8351 172 -1 -1 -1 -1 -1 -1 -1 
16 1779794114 1779794114 0 2434671 4658 9072 2564 9072 853 8347 6195 -1 -1 -1 
447 1779794114 1779794114 0 2434687 3356 8687 233 8488 2946 8488 -1 -1 -1 -1 
807 1779794114 1779794114 0 2439690 7062 8699 1448 8998 1448 -1 -1 -1 -1 -1 
974 1779794114 1779794114 0 2439690 104 8998 104 8998 1448 8998 1448 -1 -1 -1 
424 1779794114 1779794114 0 2433578 1728 8595 705 8595 705 -1 -1 -1 -1 -1 
27 1779794114 1779794114 0 2440672 1901 8397 2101 8397 7494 -1 -1 -1 -1 -1 
425 1779794114 1779794114 0 2446833 2679 8687 7835 -1 -1 -1 -1 -1 -1 -1 
739 1779794114 1779794114 0 2443152 8313 1522 8313 819 8346 819 8346 195 -1 -1 
44 1779794114 1779794114 0 2442627 7494 8397 1267 8397 -1 -1 -1 -1 -1 -1 
785 1779794114 1779794114 0 2442853 4095 8257 1376 8687 7015 -1 -1 -1 -1 -1 
491 1779794114 1779794114 0 2443152 8440 39 8374 195 8346 -1 -1 -1 -1 -1 
935 1779794114 1779794114 0 2449300 4690 9069 4845 9224 1046 -1 -1 -1 -1 -1 
977 1779794114 1779794114 0 2443152 1657 8346 1657 8346 195 -1 -1 -1 -1 -1 
110 1779794114 1779794114 0 2448942 1885 9133 233 8997 -1 -1 -1 -1 -1 -1 
605 1779794114 1779794114 0 2445358 8978 5746 8978 4840 8978 4840 -1 -1 -1 -1 
432 1779794114 1779794114 0 2451091 2333 8247 597 -1 -1 -1 -1 -1 -1 -1 
831 1779794114 1779794114 0 2456121 4586 8544 4586 8368 305 8368 349 8368 -1 -1 
898 1779794114 1779794114 0 2455483 5401 8644 5206 9155 5206 9155 -1 -1 -1 -1 
397 1779794114 1779794114 0 2455767 7235 9198 346 9198 346 9198 1065 -1 -1 -1 
307 1779794114 1779794114 0 2451713 6854 8636 6852 8636 7399 -1 -1 -1 -1 -1 
954 1779794114 1779794114 0 2637430 3026 8775 40 9141 1244 9041 1244 9041 1244 9041 
437 1779794114 1779794114 0 2451273 6729 8763 1599 9144 1599 -1 -1 -1 -1 -1 
882 1779794114 1779794114 0 2457475 1251 8640 2151 8640 2151 8640 2151 8640 -1 -1 
198 1779794114 1779794114 0 2464299 3587 8297 3587 8297 1940 -1 -1 -1 -1 -1 
429 1779794114 1779794114 0 2465629 5994 8370 353 8370 -1 -1 -1 -1 -1 -1 
384 1779794114 1779794114 0 2468816 6484 9151 315 -1 -1 -1 -1 -1 -1 -1 
202 1779794114 1779794114 0 2463281 1114 8715 1114 8946 -1 -1 -1 -1 -1 -1 
446 1779794114 1779794114 0 2466324 7167 9205 7827 -1 -1 -1 -1 -1 -1 -1 
119 1779794114 1779794114 0 2532365 5623 8917 2110 8348 3180 8943 73 8331 1590 8331 
281 1779794114 1779794114 0 2549087 1410 8269 44 8269 1684 8269 6436 8269 44 8269 
805 1779794114 1779794114 0 2464299 1653 8297 6671 8297 7701 8297 7701 8297 1940 8297 
692 1779794114 1779794114 0 2463802 6648 8723 2790 8723 2790 -1 -1 -1 -1 -1 
321 1779794114 1779794114 0 2465009 4765 8551 1796 8551 1046 9224 5273 -1 -1 -1 
990 1779794114 1779794114 0 2461134 173 8359 3882 8359 3882 8359 7856 8359 -1 -1 
587 1779794114 1779794114 0 2476286 5825 8241 7889 -1 -1 -1 -1 -1 -1 -1 
870 1779794114 1779794114 0 2473156 5893 9071 2257 9071 7883 -1 -1 -1 -1 -1 
928 1779794114 1779794114 0 2477804 1529 8778 5856 8778 36 8411 2098 -1 -1 -1 
554 1779794114 1779794114 0 2473853 6673 8995 6673 8995 1259 8562 -1 -1 -1 -1 
637 1779794114 1779794114 0 2471866 5041 8511 3690 8469 7880 -1 -1 -1 -1 -1 
648 1779794114 1779794114 0 2470534 9166 6338 9166 51 9166 6584 -1 -1 -1 -1 
770 1779794114 1779794114 0 2478068 6089 9117 4868 9085 68 8401 7726 8401 765 -1 
487 1779794114 1779794114 0 2480056 407 8278 1376 8314 100 8314 1911 8314 100 8314 
989 1779794114 1779794114 0 2479712 2216 8623 761 9224 1754 -1 -1 -1 -1 -1 
444 1779794114 1779794114 0 2540018 8946 1114 8715 1114 8715 1114 8715 3407 8247 2797 
41 1779794114 1779794114 0 2485061 539 9069 4845 8964 1432 -1 -1 -1 -1 -1 
798 1779794114 1779794114 0 2484959 154 9124 920 -1 -1 -1 -1 -1 -1 -1 
329 1779794114 1779794114 0 2487196 7142 8506 3200 8506 -1 -1 -1 -1 -1 -1 
901 1779794114 1779794114 0 2486807 2312 8684 2312 8684 2825 8684 7234 -1 -1 -1 
235 1779794114 1779794114 0 2660746 6028 8590 1804 8356 5669 8734 221 8734 1136 8734 
362 1779794114 1779794114 0 2482880 8310 96 8529 718 8358 4027 -1 -1 -1 -1 
83 1779794114 1779794114 0 2487196 796 8506 457 8506 3200 8506 6261 8506 3200 8506 
584 1779794114 1779794114 0 2488594 6448 8694 7628 8694 2454 -1 -1 -1 -1 -1 
170 1779794114 1779794114 0 2483972 7594 8300 73 9136 7907 -1 -1 -1 -1 -1 
550 1779794114 1779794114 0 2481718 2871 8380 2240 8801 3612 -1 -1 -1 -1 -1 
348 1779794114 1779794114 0 2487513 3832 8835 3707 8835 547 8835 -1 -1 -1 -1 
864 1779794114 1779794114 0 2495385 2483 8603 2230 8695 2365 9020 2365 8504 442 9214 
342 1779794114 1779794114 0 2484719 722 8404 2514 8404 144 8404 144 8344 7821 -1 
18 1779794114 1779794114 0 2484011 2344 9079 5363 9079 5363 9079 -1 -1 -1 -1 
340 1779794114 1779794114 0 2484011 4933 9079 5882 9079 5363 9079 5363 9079 -1 -1 
361 1779794114 1779794114 0 2486779 97 8311 269 8311 291 8703 7911 -1 -1 -1 
623 1779794114 1779794114 0 2483932 2512 8343 2840 8343 2840 8343 4480 -1 -1 -1 
499 1779794114 1779794114 0 2491569 3055 8446 7898 -1 -1 -1 -1 -1 -1 -1 
586 1779794114 1779794114 0 2498831 6498 8501 3487 -1 -1 -1 -1 -1 -1 -1 
960 1779794114 1779794114 0 2499524 4114 8638 6547 8638 3879 -1 -1 -1 -1 -1 
916 1779794114 1779794114 0 2496753 7548 8801 7600 -1 -1 -1 -1 -1 -1 -1 
720 1779794114 1779794114 0 2495505 7810 8479 2878 -1 -1 -1 -1 -1 -1 -1 
236 1779794114 1779794114 0 2499504 2639 9166 6330 9166 1038 -1 -1 -1 -1 -1 
850 1779794114 1779794114 0 2490270 7905 8638 4390 -1 -1 -1 -1 -1 -1 -1 
243 1779794114 1779794114 0 2495505 5701 8347 2578 8347 2878 8479 -1 -1 -1 -1 
179 1779794114 1779794114 0 2498662 7926 8504 7227 -1 -1 -1 -1 -1 -1 -1 
217 1779794114 1779794114 0 2492657 51 8319 1885 8319 -1 -1 -1 -1 -1 -1 
196 1779794114 1779794114 0 2506154 2276 8234 2616 8234 990 -1 -1 -1 -1 -1 
635 1779794114 1779794114 0 2505905 638 8578 3101 8578 3794 -1 -1 -1 -1 -1 
829 1779794114 1779794114 0 2503362 3737 8339 3148 8339 3148 8339 3148 9166 2515 9166 
896 1779794114 1779794114 0 2508590 940 8291 157 8291 -1 -1 -1 -1 -1 -1 
861 1779794114 1779794114 0 2505295 4299 8535 3231 8535 1214 -1 -1 -1 -1 -1 
414 1779794114 1779794114 0 2503143 3981 9040 1752 9040 4679 9040 4085 8473 1775 -1 
175 1779794114 1779794114 0 2506004 191 8235 1702 8235 9 -1 -1 -1 -1 -1 
151 1779794114 1779794114 0 2507816 3750 8932 993 9129 -1 -1 -1 -1 -1 -1 
219 1779794114 1779794114 0 2517938 1502 8514 524 8491 559 8491 559 8491 1131 8710 
987 1779794114 1779794114 0 2501601 7553 8734 1206 8734 5528 -1 -1 -1 -1 -1 
93 1779794114 1779794114 0 2501601 1758 8734 1136 8734 5528 -1 -1 -1 -1 -1 
958 1779794114 1779794114 0 2589063 1838 8589 779 8589 1985 8623 4250 9214 442 8504 
183 1779794114 1779794114 0 2508484 2333 8247 4479 8247 7940 -1 -1 -1 -1 -1 
10 1779794114 1779794114 0 2509630 9000 88 9000 88 9000 88 9000 88 9000 -1 
468 1779794114 1779794114 0 2605399 5093 8480 959 8535 6889 8535 959 8253 959 8480 
753 1779794114 1779794114 0 2517594 3533 8752 -1 -1 -1 -1 -1 -1 -1 -1 
603 1779794114 1779794114 0 2517705 5098 8453 628 -1 -1 -1 -1 -1 -1 -1 
387 1779794114 1779794114 0 2518100 3241 9078 5094 8406 6045 -1 -1 -1 -1 -1 
846 1779794114 1779794114 0 2512751 4870 8577 4739 8575 611 8963 -1 -1 -1 -1 
185 1779794114 1779794114 0 2518252 6308 8477 1797 -1 -1 -1 -1 -1 -1 -1 
204 1779794114 1779794114 0 2516952 7242 8876 2776 -1 -1 -1 -1 -1 -1 -1 
511 1779794114 1779794114 0 2517705 783 8380 2777 8453 628 -1 -1 -1 -1 -1 
973 1779794114 1779794114 0 2598110 5774 9140 445 9140 437 9080 437 9080 319 8411 
712 1779794114 1779794114 0 2512471 6875 8623 7713 8623 4371 -1 -1 -1 -1 -1 
141 1779794114 1779794114 0 2516225 6346 8838 1984 8838 7951 -1 -1 -1 -1 -1 
612 1779794114 1779794114 0 2518283 7060 8271 4178 8271 7955 -1 -1 -1 -1 -1 
386 1779794114 1779794114 0 2515147 6685 8247 4479 8247 7948 -1 -1 -1 -1 -1 
90 1779794114 1779794114 0 2514664 5184 8674 2525 8674 2525 8674 2525 -1 -1 -1 
139 1779794114 1779794114 0 2521531 162 8352 762 -1 -1 -1 -1 -1 -1 -1 
730 1779794114 1779794114 0 2523083 5397 8644 5779 8644 2611 -1 -1 -1 -1 -1 
956 1779794114 1779794114 0 2528742 7154 8628 4201 -1 -1 -1 -1 -1 -1 -1 
819 1779794114 1779794114 0 2529872 5705 8438 2878 8479 2878 8347 1488 -1 -1 -1 
249 1779794114 1779794114 0 2522636 6552 8574 535 8555 4215 8555 5630 -1 -1 -1 
933 1779794114 1779794114 0 2592716 1047 8418 1047 8418 1066 8536 1263 8536 1263 8536 
456 1779794114 1779794114 0 2528506 8326 117 8326 117 8326 -1 -1 -1 -1 -1 
349 1779794114 1779794114 0 2523608 6922 8413 6922 -1 -1 -1 -1 -1 -1 -1 
184 1779794114 1779794114 0 2523608 8501 430 8371 762 8413 6922 -1 -1 -1 -1 
11 1779794114 1779794114 0 2524342 8844 1870 8844 1870 8844 1870 -1 -1 -1 -1 
762 1779794114 1779794114 0 2525155 5740 8446 600 9216 600 9216 600 -1 -1 -1 
242 1779794114 1779794114 0 2528054 5905 9150 5905 9150 5905 9150 -1 -1 -1 -1 
863 1779794114 1779794114 0 2536890 7981 9103 -1 -1 -1 -1 -1 -1 -1 -1 
902 1779794114 1779794114 0 2535371 57 8688 2948 8688 233 8917 1733 -1 -1 -1 
239 1779794114 1779794114 0 2537287 3785 8540 98 8540 535 8574 2166 8718 7982 -1 
903 1779794114 1779794114 0 2531454 7354 9202 233 8976 -1 -1 -1 -1 -1 -1 
220 1779794114 1779794114 0 2638413 1483 8234 8 8470 8 8293 95 8293 1392 8470 
694 1779794114 1779794114 0 2536602 2937 8622 356 8277 7979 -1 -1 -1 -1 -1 
283 1779794114 1779794114 0 2537522 4036 8670 3046 8670 969 -1 -1 -1 -1 -1 
327 1779794114 1779794114 0 2536719 7200 8511 7200 8511 1066 9197 254 -1 -1 -1 
772 1779794114 1779794114 0 2537522 5079 8670 3046 8387 3046 8670 969 -1 -1 -1 
608 1779794114 1779794114 0 2534039 7419 9166 2515 9166 2515 9166 6705 -1 -1 -1 
674 1779794114 1779794114 0 2531454 40 9157 5962 9157 5962 9157 233 8976 -1 -1 
897 1779794114 1779794114 0 2542881 7986 8278 -1 -1 -1 -1 -1 -1 -1 -1 
900 1779794114 1779794114 0 2542881 4263 8278 7986 -1 -1 -1 -1 -1 -1 -1 
493 1779794114 1779794114 0 2544911 257 9028 7989 -1 -1 -1 -1 -1 -1 -1 
201 1779794114 1779794114 0 2544456 2180 8734 221 9185 221 8539 5215 -1 -1 -1 
405 1779794114 1779794114 0 2585151 8439 179 8363 1059 8363 1059 8955 6623 8988 2846 
97 1779794114 1779794114 0 2540716 5162 9078 802 9030 802 9030 -1 -1 -1 -1 
854 1779794114 1779794114 0 2546787 6748 9004 1835 -1 -1 -1 -1 -1 -1 -1 
134 1779794114 1779794114 0 2542811 6420 9004 3029 9004 3029 9004 3029 -1 -1 -1 
820 1779794114 1779794114 0 2550962 2485 8402 2485 -1 -1 -1 -1 -1 -1 -1 
178 1779794114 1779794114 0 2558860 6250 8463 6250 -1 -1 -1 -1 -1 -1 -1 
832 1779794114 1779794114 0 2556045 1204 8246 7036 8612 6861 -1 -1 -1 -1 -1 
515 1779794114 1779794114 0 2555746 721 8585 5556 8500 2535 8500 8006 -1 -1 -1 
155 1779794114 1779794114 0 2558453 1428 8734 7633 8734 4240 8734 8010 -1 -1 -1 
544 1779794114 1779794114 0 2558975 1293 8582 506 8504 7428 -1 -1 -1 -1 -1 
888 1779794114 1779794114 0 2557287 2316 8585 7931 8585 5556 -1 -1 -1 -1 -1 
598 1779794114 1779794114 0 2576222 1899 8391 762 8371 63 8351 1411 8474 2444 8911 
629 1779794114 1779794114 0 2552855 7916 8504 346 8355 351 -1 -1 -1 -1 -1 
113 1779794114 1779794114 0 2642130 2997 9136 4772 9136 4772 8853 7962 8853 175 8853 
400 1779794114 1779794114 0 2557173 3372 8401 1593 8401 7531 8401 2390 -1 -1 -1 
907 1779794114 1779794114 0 2664116 1158 9117 1158 9117 4868 9085 7669 8250 1802 8549 
823 1779794114 1779794114 0 2634130 2684 8239 823 8508 1139 8508 1139 8945 823 8508 
441 1779794114 1779794114 0 2563004 972 8471 291 8292 3085 8292 291 -1 -1 -1 
971 1779794114 1779794114 0 2564565 4378 8983 4645 8806 6051 8806 1806 8806 5327 -1 
631 1779794114 1779794114 0 2567157 5298 8864 2434 8864 2434 -1 -1 -1 -1 -1 
795 1779794114 1779794114 0 2567597 2022 8572 1055 8266 2481 8266 8037 -1 -1 -1 
52 1779794114 1779794114 0 2568289 7548 8801 2240 -1 -1 -1 -1 -1 -1 -1 
314 1779794114 1779794114 0 2567107 485 8517 485 8517 2476 -1 -1 -1 -1 -1 
143 1779794114 1779794114 0 2561866 1556 8588 1981 9163 547 9163 6213 8637 7664 8637 
495 1779794114 1779794114 0 2569987 6312 8747 1697 8747 1616 8747 -1 -1 -1 -1 
991 1779794114 1779794114 0 2560895 8661 894 8661 1005 8661 1005 8661 7434 8661 -1 
374 1779794114 1779794114 0 2564156 3459 8620 346 9198 346 8469 3690 -1 -1 -1 
133 1779794114 1779794114 0 2563004 2984 8304 1506 8304 291 8292 291 -1 -1 -1 
89 1779794114 1779794114 0 2563419 5718 8634 994 8733 2288 8733 2811 -1 -1 -1 
35 1779794114 1779794114 0 2653694 2143 8858 2143 8858 2615 8672 5876 8672 7205 8339 
227 1779794114 1779794114 0 2570939 5632 9129 5632 9176 5619 9176 7910 9176 2959 9176 
87 1779794114 1779794114 0 2598497 1394 8380 2240 8562 2565 8562 465 8298 465 8298 
500 1779794114 1779794114 0 2569550 1710 8685 4052 8685 717 8806 146 -1 -1 -1 
370 1779794114 1779794114 0 2564565 4363 8806 717 8806 5327 -1 -1 -1 -1 -1 
347 1779794114 1779794114 0 2564528 5375 8260 5362 8260 5669 8734 221 8734 7702 -1 
435 1779794114 1779794114 0 2562984 5383 8577 143 8819 7245 8377 8025 -1 -1 -1 
79 1779794114 1779794114 0 2562828 8691 2294 8691 2294 8691 2294 8691 -1 -1 -1 
875 1779794114 1779794114 0 2561404 5919 8411 429 8411 2115 -1 -1 -1 -1 -1 
522 1779794114 1779794114 0 2565451 5028 8292 291 8471 365 8962 365 8962 3404 8962 
360 1779794114 1779794114 0 2567066 1640 8649 254 8244 18 8244 310 8244 2434 8864 
858 1779794114 1779794114 0 2563197 6286 8645 184 8645 1610 8645 8026 -1 -1 -1 
7 1779794114 1779794114 0 2562984 3225 8377 8025 -1 -1 -1 -1 -1 -1 -1 
177 1779794114 1779794114 0 2566845 5787 8578 865 8578 -1 -1 -1 -1 -1 -1 
334 1779794114 1779794114 0 2624760 3316 8637 2985 8637 2985 8637 7664 8637 7664 8993 
649 1779794114 1779794114 0 2569886 1305 9223 5853 9091 5853 9091 5853 9091 -1 -1 
498 1779794114 1779794114 0 2572050 2667 8593 8052 -1 -1 -1 -1 -1 -1 -1 
260 1779794114 1779794114 0 2573889 2924 8314 870 8990 8055 -1 -1 -1 -1 -1 
152 1779794114 1779794114 0 2579216 8769 1469 8769 954 8889 4433 -1 -1 -1 -1 
780 1779794114 1779794114 0 2571553 668 8482 2499 8482 388 -1 -1 -1 -1 -1 
486 1779794114 1779794114 0 2576070 3069 8401 184 8645 782 -1 -1 -1 -1 -1 
727 1779794114 1779794114 0 2573345 6742 8837 3449 -1 -1 -1 -1 -1 -1 -1 
893 1779794114 1779794114 0 2570777 5529 9120 233 9189 6736 -1 -1 -1 -1 -1 
158 1779794114 1779794114 0 2570252 7004 8618 1044 -1 -1 -1 -1 -1 -1 -1 
273 1779794114 1779794114 0 2573038 1676 8785 535 8574 1878 8574 557 8866 2153 8866 
132 1779794114 1779794114 0 2577751 8548 2356 8548 2769 8718 535 8718 7218 -1 -1 
434 1779794114 1779794114 0 2576591 8596 608 8606 1277 -1 -1 -1 -1 -1 -1 
210 1779794114 1779794114 0 2570252 7727 8618 1044 -1 -1 -1 -1 -1 -1 -1 
676 1779794114 1779794114 0 2575080 5618 9089 5725 9089 4633 8734 221 9086 5311 -1 
28 1779794114 1779794114 0 2577361 9136 4772 9136 4772 8853 777 -1 -1 -1 -1 
461 1779794114 1779794114 0 2570893 7849 8556 621 -1 -1 -1 -1 -1 -1 -1 
615 1779794114 1779794114 0 2573333 5319 8575 2483 8603 3890 8603 3890 8603 5319 -1 
978 1779794114 1779794114 0 2571082 2453 8252 2593 8252 54 8277 7979 8277 1406 -1 
769 1779794114 1779794114 0 2570252 7950 8505 1044 8618 -1 -1 -1 -1 -1 -1 
640 1779794114 1779794114 0 2572041 5037 9166 2515 9166 6173 9166 3819 -1 -1 -1 
381 1779794114 1779794114 0 2571762 5693 8684 2825 8684 2863 8684 4852 -1 -1 -1 
803 1779794114 1779794114 0 2573079 1864 8453 2777 8866 2777 -1 -1 -1 -1 -1 
685 1779794114 1779794114 0 2577355 2249 9086 5311 9086 2933 9086 -1 -1 -1 -1 
620 1779794114 1779794114 0 2584722 4029 8872 -1 -1 -1 -1 -1 -1 -1 -1 
350 1779794114 1779794114 0 2583479 6678 8477 598 -1 -1 -1 -1 -1 -1 -1 
881 1779794114 1779794114 0 2581837 273 8399 273 8399 273 8399 1058 8257 1376 8257 
71 1779794114 1779794114 0 2587640 6599 8347 5534 8937 5534 8937 4248 8937 4835 -1 
107 1779794114 1779794114 0 2587518 8583 387 8908 -1 -1 -1 -1 -1 -1 -1 
353 1779794114 1779794114 0 2587802 8534 525 8534 525 8534 233 9128 5577 9128 5577 
910 1779794114 1779794114 0 2583814 6473 8541 4786 8541 3214 -1 -1 -1 -1 -1 
540 1779794114 1779794114 0 2584282 5161 8295 6350 8519 6350 8519 7159 8519 7159 -1 
69 1779794114 1779794114 0 2610057 4913 8806 1806 8806 4753 8806 695 8591 80 8510 
55 1779794114 1779794114 0 2585074 1374 8463 291 8304 3085 -1 -1 -1 -1 -1 
806 1779794114 1779794114 0 2580033 6076 9129 608 8266 3452 -1 -1 -1 -1 -1 
884 1779794114 1779794114 0 2594589 1891 8574 1878 8574 2166 8718 2062 8574 5622 8491 
223 1779794114 1779794114 0 2581973 3879 8638 8072 -1 -1 -1 -1 -1 -1 -1 
651 1779794114 1779794114 0 2591021 2074 9133 1885 9133 1885 9133 233 9045 6179 9045 
216 1779794114 1779794114 0 2586826 550 8423 626 8423 449 8814 7963 8814 449 8814 
939 1779794114 1779794114 0 2584282 5715 8519 3011 8519 7159 -1 -1 -1 -1 -1 
726 1779794114 1779794114 0 2586324 1546 8299 750 9213 659 8761 1400 -1 -1 -1 
813 1779794114 1779794114 0 2674174 4832 8577 1975 8741 759 8741 759 8741 1975 8577 
54 1779794114 1779794114 0 2586502 8585 1694 8585 7931 8585 5556 8585 8080 -1 -1 
367 1779794114 1779794114 0 2586891 8745 1296 9061 1296 9226 1296 9226 1296 8268 1296 
894 1779794114 1779794114 0 2596419 492 9072 5211 9072 233 9168 4779 9168 142 9078 
464 1779794114 1779794114 0 2581000 1651 8275 931 8275 931 -1 -1 -1 -1 -1 
186 1779794114 1779794114 0 2586324 3315 8761 1400 8761 1400 8761 1400 -1 -1 -1 
332 1779794114 1779794114 0 2589698 9217 7576 9217 7576 9217 7576 9217 -1 -1 -1 
503 1779794114 1779794114 0 2592095 8590 1109 -1 -1 -1 -1 -1 -1 -1 -1 
276 1779794114 1779794114 0 2590312 4281 9020 6965 -1 -1 -1 -1 -1 -1 -1 
917 1779794114 1779794114 0 2590173 8401 611 8368 349 8248 8085 -1 -1 -1 -1 
924 1779794114 1779794114 0 2596682 403 8490 403 -1 -1 -1 -1 -1 -1 -1 
765 1779794114 1779794114 0 2593699 3124 8812 17 9198 7933 -1 -1 -1 -1 -1 
116 1779794114 1779794114 0 2590312 5929 8706 1076 9020 2365 9020 6965 -1 -1 -1 
654 1779794114 1779794114 0 2652563 5058 8952 5061 8952 233 9073 233 8758 5869 8758 
230 1779794114 1779794114 0 2594341 5412 9115 1479 -1 -1 -1 -1 -1 -1 -1 
17 1779794114 1779794114 0 2593699 7878 9198 7933 -1 -1 -1 -1 -1 -1 -1 
534 1779794114 1779794114 0 2655731 5630 8581 5630 8555 4215 8540 98 8491 5622 8516 
899 1779794114 1779794114 0 2593699 8342 1065 9198 7878 9198 7933 -1 -1 -1 -1 
272 1779794114 1779794114 0 2591495 1554 8989 870 8985 2671 -1 -1 -1 -1 -1 
492 1779794114 1779794114 0 2594759 5054 9069 1442 8507 1363 8467 2517 8467 971 8467 
627 1779794114 1779794114 0 2598950 1454 8622 968 8622 3187 8438 1828 8438 1828 8438 
241 1779794114 1779794114 0 2590284 5367 9053 1860 9053 73 8331 1590 8331 123 -1 
571 1779794114 1779794114 0 2591030 1379 8411 429 8411 8086 -1 -1 -1 -1 -1 
541 1779794114 1779794114 0 2669818 8652 7396 9214 442 9214 1311 8504 1712 8504 442 
963 1779794114 1779794114 0 2590939 1822 8500 5556 8585 721 -1 -1 -1 -1 -1 
547 1779794114 1779794114 0 2597830 6474 8806 17 8570 342 8337 -1 -1 -1 -1 
208 1779794114 1779794114 0 2605890 1574 8734 4633 8734 4240 8734 7702 8734 1680 9148 
561 1779794114 1779794114 0 2629204 5955 8778 402 8778 36 8411 8017 8411 36 8411 
483 1779794114 1779794114 0 2597458 4385 8263 221 8734 221 8883 8098 -1 -1 -1 
262 1779794114 1779794114 0 2596428 2504 8687 1376 8502 1376 8257 1376 -1 -1 -1 
644 1779794114 1779794114 0 2595601 5820 8826 1787 8826 1787 -1 -1 -1 -1 -1 
263 1779794114 1779794114 0 2595601 1786 8826 1787 8826 1787 8826 1787 -1 -1 -1 
60 1779794114 1779794114 0 2598873 7486 9160 7486 9160 7486 9160 6253 -1 -1 -1 
77 1779794114 1779794114 0 2597331 2979 8250 1680 8734 4554 -1 -1 -1 -1 -1 
826 1779794114 1779794114 0 2602943 4319 8694 7628 8694 2454 8694 63 8351 1411 8351 
601 1779794114 1779794114 0 2652597 2726 8574 557 8565 1024 8574 5622 8491 524 8491 
569 1779794114 1779794114 0 2592964 4106 8647 863 8647 863 8647 863 -1 -1 -1 
590 1779794114 1779794114 0 2604910 8563 782 8346 1233 8627 -1 -1 -1 -1 -1 
811 1779794114 1779794114 0 2608437 3347 8798 5263 8798 8110 -1 -1 -1 -1 -1 
679 1779794114 1779794114 0 2608437 3607 8798 5263 8798 8110 -1 -1 -1 -1 -1 
363 1779794114 1779794114 0 2600081 402 8609 2864 8609 7525 -1 -1 -1 -1 -1 
680 1779794114 1779794114 0 2604910 1281 8264 167 9034 4144 9034 17 8627 1233 8627 
645 1779794114 1779794114 0 2607910 3113 8801 601 8561 557 8837 -1 -1 -1 -1 
921 1779794114 1779794114 0 2601243 2761 8237 2834 8376 1738 9059 7768 9059 8102 -1 
704 1779794114 1779794114 0 2649015 4754 8577 4839 8577 1975 8741 1975 8577 4751 8577 
385 1779794114 1779794114 0 2604818 99 8313 819 8346 1233 8384 1803 8434 2089 -1 
737 1779794114 1779794114 0 2600825 213 8486 737 8425 39 8265 39 -1 -1 -1 
655 1779794114 1779794114 0 2606066 6350 8295 171 8475 -1 -1 -1 -1 -1 -1 
449 1779794114 1779794114 0 2606863 2487 8606 17 8669 -1 -1 -1 -1 -1 -1 
940 1779794114 1779794114 0 2661841 7014 8574 6822 8574 1920 8380 4065 8361 346 8615 
203 1779794114 1779794114 0 2607305 4509 8480 382 8480 1443 8480 7747 -1 -1 -1 
315 1779794114 1779794114 0 2600081 1314 8544 1314 9142 1187 9142 2864 8609 7525 -1 
979 1779794114 1779794114 0 2609999 1911 8734 221 8539 508 -1 -1 -1 -1 -1 
308 1779794114 1779794114 0 2606015 5739 8676 2577 8676 125 -1 -1 -1 -1 -1 
128 1779794114 1779794114 0 2604308 6540 8411 462 8411 570 8261 702 -1 -1 -1 
508 1779794114 1779794114 0 2600580 983 8676 7048 9160 6253 9160 7486 -1 -1 -1 
12 1779794114 1779794114 0 2608918 2 8229 2 8229 2 8229 2 8229 -1 -1 
749 1779794114 1779794114 0 2600081 7525 8609 2402 8609 2864 8609 7525 -1 -1 -1 
744 1779794114 1779794114 0 2621890 8388 216 8388 1236 8388 555 8388 8038 8388 555 
40 1779794114 1779794114 0 2603262 1350 8245 78 8328 78 8328 -1 -1 -1 -1 
591 1779794114 1779794114 0 2604316 4699 8857 1997 8857 1997 8857 1997 8857 -1 -1 
244 1779794114 1779794114 0 2618932 8099 9171 -1 -1 -1 -1 -1 -1 -1 -1 
399 1779794114 1779794114 0 2618029 8703 16 8227 7 8227 7 -1 -1 -1 -1 
890 1779794114 1779794114 0 2616479 7374 9077 6181 9077 33 -1 -1 -1 -1 -1 
867 1779794114 1779794114 0 2611324 2745 8881 3965 8881 7923 -1 -1 -1 -1 -1 
279 1779794114 1779794114 0 2618869 5383 8577 4751 8577 1975 8577 190 -1 -1 -1 
287 1779794114 1779794114 0 2616838 4868 9085 4868 9117 1775 8825 1775 8473 725 -1 
967 1779794114 1779794114 0 2616479 153 8346 1233 8313 40 8451 40 9077 33 -1 
531 1779794114 1779794114 0 2618029 5486 8273 1598 8227 7 -1 -1 -1 -1 -1 
869 1779794114 1779794114 0 2617419 5343 9102 912 8504 7653 8504 2365 8504 3000 -1 
108 1779794114 1779794114 0 2616503 4796 9069 4845 9069 4845 9224 484 8994 250 8994 
445 1779794114 1779794114 0 2615523 8585 3891 8585 5556 8585 3891 -1 -1 -1 -1 
474 1779794114 1779794114 0 2610057 7663 8510 8041 8510 80 -1 -1 -1 -1 -1 
271 1779794114 1779794114 0 2611324 2745 8881 7774 8881 7721 8881 3965 8881 7923 -1 
322 1779794114 1779794114 0 2613936 2618 8471 782 8645 1610 8645 826 8343 22 8343 
756 1779794114 1779794114 0 2666965 5246 8471 2114 8365 7702 8734 1680 9148 1680 9148 
931 1779794114 1779794114 0 2676072 6233 8480 382 8480 1443 8480 959 8253 267 8697 
804 1779794114 1779794114 0 2660522 7537 8380 1920 8380 4065 8361 346 9198 346 8469 
642 1779794114 1779794114 0 2613936 6215 8343 2840 8343 2840 8343 22 8343 -1 -1 
448 1779794114 1779794114 0 2630581 2635 8433 2635 8433 2534 8433 2534 8433 2534 8433 
422 1779794114 1779794114 0 2630590 7028 8994 179 8994 179 8363 179 8363 179 8363 
927 1779794114 1779794114 0 2618207 1499 8353 164 8353 164 8783 164 9147 164 9147 
523 1779794114 1779794114 0 2613146 1594 8623 1263 8536 1263 8536 1263 -1 -1 -1 
176 1779794114 1779794114 0 2612931 1189 9113 2591 8351 1411 8351 430 8351 -1 -1 
871 1779794114 1779794114 0 2614556 470 8480 382 8480 7747 8480 267 8253 -1 -1 
66 1779794114 1779794114 0 2622253 8122 9049 -1 -1 -1 -1 -1 -1 -1 -1 
766 1779794114 1779794114 0 2624314 8124 8247 -1 -1 -1 -1 -1 -1 -1 -1 
663 1779794114 1779794114 0 2622253 4175 9049 8122 -1 -1 -1 -1 -1 -1 -1 
61 1779794114 1779794114 0 2625471 3839 8623 346 9198 -1 -1 -1 -1 -1 -1 
594 1779794114 1779794114 0 2627302 5245 9031 1533 -1 -1 -1 -1 -1 -1 -1 
596 1779794114 1779794114 0 2626441 6763 8290 8132 -1 -1 -1 -1 -1 -1 -1 
32 1779794114 1779794114 0 2624165 7005 8639 5998 -1 -1 -1 -1 -1 -1 -1 
993 1779794114 1779794114 0 2629865 6617 8749 1277 8975 8143 -1 -1 -1 -1 -1 
323 1779794114 1779794114 0 2625471 5603 8615 346 9198 -1 -1 -1 -1 -1 -1 
240 1779794114 1779794114 0 2624182 2807 8717 739 8563 739 8563 1449 9088 1276 8243 
256 1779794114 1779794114 0 2627879 6650 8447 1800 8447 571 8772 3352 -1 -1 -1 
57 1779794114 1779794114 0 2624314 5751 8247 7306 8247 4479 8247 4479 8247 8124 -1 
689 1779794114 1779794114 0 2627281 3008 8537 107 8771 3515 8771 1785 8771 -1 -1 
297 1779794114 1779794114 0 2625423 1248 8438 1828 8438 1212 8438 1828 -1 -1 -1 
156 1779794114 1779794114 0 2626659 8561 4065 8361 8134 -1 -1 -1 -1 -1 -1 
702 1779794114 1779794114 0 2622253 4148 9049 4148 9049 1607 9049 4148 9049 8122 -1 
578 1779794114 1779794114 0 2626122 4502 8425 737 8486 737 8425 39 8936 5578 -1 
790 1779794114 1779794114 0 2651863 3256 8239 2863 8684 4852 8684 3507 8239 13 8659 
215 1779794114 1779794114 0 2625667 3881 8998 1448 8284 86 8288 86 8284 -1 -1 
48 1779794114 1779794114 0 2629990 3502 9090 2408 9090 286 9090 94 9090 286 9090 
91 1779794114 1779794114 0 2621890 8038 8388 8038 8388 555 -1 -1 -1 -1 -1 
632 1779794114 1779794114 0 2629283 2434 8864 417 8512 417 8481 2479 -1 -1 -1 
777 1779794114 1779794114 0 2629878 1232 8346 1185 8986 3270 8986 -1 -1 -1 -1 
9 1779794114 1779794114 0 2620083 8730 4 8725 4 8725 -1 -1 -1 -1 -1 
146 1779794114 1779794114 0 2628674 2102 8335 2444 8351 6045 8406 1983 8406 -1 -1 
136 1779794114 1779794114 0 2621890 3948 8547 8105 8547 555 8388 -1 -1 -1 -1 
494 1779794114 1779794114 0 2624149 3443 8726 1448 8998 938 8632 938 9051 684 8440 
140 1779794114 1779794114 0 2627726 4187 8318 4752 9084 8138 -1 -1 -1 -1 -1 
546 1779794114 1779794114 0 2629990 5942 8872 4248 8937 5552 8937 286 9090 286 -1 
678 1779794114 1779794114 0 2627030 5749 8290 233 9194 6820 9194 6820 9194 -1 -1 
656 1779794114 1779794114 0 2623458 7527 9051 938 8632 684 9051 -1 -1 -1 -1 
59 1779794114 1779794114 0 2628699 4200 8339 3148 9166 482 9028 1973 9084 1264 9084 
666 1779794114 1779794114 0 2623894 5122 8460 344 8460 344 8460 337 -1 -1 -1 
558 1779794114 1779794114 0 2623894 2672 8460 337 8460 344 8460 337 -1 -1 -1 
690 1779794114 1779794114 0 2632337 8529 35 8262 1288 -1 -1 -1 -1 -1 -1 
653 1779794114 1779794114 0 2631727 6066 8414 2216 -1 -1 -1 -1 -1 -1 -1 
589 1779794114 1779794114 0 2633834 8714 747 8330 1182 8349 1022 8349 1331 -1 -1 
530 1779794114 1779794114 0 2637653 2799 8916 103 9077 7053 8529 -1 -1 -1 -1 
699 1779794114 1779794114 0 2633385 6838 8855 4100 8927 2648 8927 -1 -1 -1 -1 
922 1779794114 1779794114 0 2636611 2630 8718 1920 8574 2564 8574 5858 8574 -1 -1 
787 1779794114 1779794114 0 2634869 4919 8261 3472 8261 8150 -1 -1 -1 -1 -1 
480 1779794114 1779794114 0 2635890 7962 8853 8152 -1 -1 -1 -1 -1 -1 -1 
166 1779794114 1779794114 0 2639408 9145 40 8780 1671 8780 -1 -1 -1 -1 -1 
246 1779794114 1779794114 0 2639408 1518 8780 1671 8780 1671 8780 1671 8780 -1 -1 
521 1779794114 1779794114 0 2632504 2543 8304 2781 8304 430 8703 291 8474 8147 8474 
830 1779794114 1779794114 0 2638965 6185 8778 402 8510 7337 8510 526 -1 -1 -1 
269 1779794114 1779794114 0 2632654 5118 8731 1250 8731 1250 8731 1250 8731 1250 8731 
849 1779794114 1779794114 0 2634770 2861 8373 193 8373 193 -1 -1 -1 -1 -1 
232 1779794114 1779794114 0 2633567 6995 8411 981 8411 2378 8411 8086 8411 981 8411 
338 1779794114 1779794114 0 2636566 1064 8371 3697 8282 598 8282 7864 8282 8153 -1 
292 1779794114 1779794114 0 2633598 6357 8411 36 8411 981 -1 -1 -1 -1 -1 
827 1779794114 1779794114 0 2636988 7613 8956 1613 8956 3036 8956 3036 8956 1613 8956 
768 1779794114 1779794114 0 2656495 2643 8531 1411 8351 1411 8351 430 8371 7205 8426 
376 1779794114 1779794114 0 2637454 7180 8574 2564 8574 783 8853 285 8437 716 8626 
606 1779794114 1779794114 0 2649536 3139 8278 1779 8726 890 9219 7656 9219 7656 9219 
427 1779794114 1779794114 0 2634381 3997 8623 271 8533 271 9084 4266 -1 -1 -1 
773 1779794114 1779794114 0 2634978 1557 8790 1557 8790 -1 -1 -1 -1 -1 -1 
382 1779794114 1779794114 0 2632504 6454 8474 359 8474 8147 8474 -1 -1 -1 -1 
949 1779794114 1779794114 0 2631099 6334 9166 1305 9223 1305 9223 1305 -1 -1 -1 
997 1779794114 1779794114 0 2632082 8501 430 8371 7205 8371 -1 -1 -1 -1 -1 
50 1779794114 1779794114 0 2632082 3165 8547 63 8694 63 8371 7205 8371 -1 -1 
182 1779794114 1779794114 0 2637720 8928 8149 8928 8149 -1 -1 -1 -1 -1 -1 
383 1779794114 1779794114 0 2639962 5711 8928 8149 8928 5129 -1 -1 -1 -1 -1 
123 1779794114 1779794114 0 2636988 7591 8956 7717 8956 1613 8956 1613 -1 -1 -1 
45 1779794114 1779794114 0 2631448 3829 8411 242 8349 8144 8349 1331 8349 8144 -1 
126 1779794114 1779794114 0 2644608 80 8453 5858 8584 -1 -1 -1 -1 -1 -1 
577 1779794114 1779794114 0 2645834 4488 9059 4908 9059 4186 8971 -1 -1 -1 -1 
296 1779794114 1779794114 0 2643091 885 8466 5441 8466 954 9063 870 -1 -1 -1 
946 1779794114 1779794114 0 2645179 8892 327 8451 327 8576 8170 -1 -1 -1 -1 
428 1779794114 1779794114 0 2648927 1773 8572 400 9011 400 8489 400 8817 616 8817 
407 1779794114 1779794114 0 2655324 876 8243 311 8740 411 8740 311 8740 311 8442 
118 1779794114 1779794114 0 2646235 1167 8402 40 9007 6743 8757 6756 -1 -1 -1 
99 1779794114 1779794114 0 2647165 3518 8722 935 8985 4186 8735 -1 -1 -1 -1 
394 1779794114 1779794114 0 2642776 4655 9045 17 8682 627 8974 601 8995 -1 -1 
738 1779794114 1779794114 0 2648578 442 9214 7899 9214 7899 8252 -1 -1 -1 -1 
779 1779794114 1779794114 0 2646542 8883 4240 8734 5802 8734 1206 8552 -1 -1 -1 
266 1779794114 1779794114 0 2640175 7467 9173 66 9172 1139 8938 -1 -1 -1 -1 
488 1779794114 1779794114 0 2644377 8009 9168 8168 -1 -1 -1 -1 -1 -1 -1 
684 1779794114 1779794114 0 2672925 4205 8521 3398 8623 494 8985 935 8985 4085 8919 
501 1779794114 1779794114 0 2644377 5836 9168 8168 -1 -1 -1 -1 -1 -1 -1 
611 1779794114 1779794114 0 2660952 2343 8487 4018 8487 8074 8487 8074 8487 623 8671 
163 1779794114 1779794114 0 2642581 2264 8818 983 8651 875 8446 1905 -1 -1 -1 
799 1779794114 1779794114 0 2646136 7653 8504 1712 8504 8172 -1 -1 -1 -1 -1 
697 1779794114 1779794114 0 2642874 7759 9080 2274 9080 8163 -1 -1 -1 -1 -1 
391 1779794114 1779794114 0 2644290 4022 8521 494 8985 2671 8985 2671 8985 4085 8552 
86 1779794114 1779794114 0 2640879 2418 8687 1376 8257 1376 8502 6828 9205 6411 9205 
597 1779794114 1779794114 0 2648875 4110 8864 417 8481 417 8481 417 -1 -1 -1 
562 1779794114 1779794114 0 2646541 8462 719 8462 575 8462 2522 -1 -1 -1 -1 
496 1779794114 1779794114 0 2645808 6114 8249 1625 8463 6245 -1 -1 -1 -1 -1 
533 1779794114 1779794114 0 2648661 7091 9214 442 8504 7538 8504 506 8504 163 -1 
145 1779794114 1779794114 0 2642198 4682 9072 4334 9072 1276 8706 4752 9084 1973 9084 
393 1779794114 1779794114 0 2642828 7365 8411 36 8411 1338 -1 -1 -1 -1 -1 
212 1779794114 1779794114 0 2642045 3230 8339 3148 9166 6338 9166 6359 -1 -1 -1 
574 1779794114 1779794114 0 2648089 6723 8243 311 8740 411 8740 -1 -1 -1 -1 
913 1779794114 1779794114 0 2643523 7306 8247 3407 8247 2134 8347 2134 8937 8166 -1 
822 1779794114 1779794114 0 2640127 2554 8420 2554 8420 40 8349 1331 8349 1139 8349 
21 1779794114 1779794114 0 2668823 750 8887 2394 8887 2394 8887 2394 8887 68 9084 
313 1779794114 1779794114 0 2648089 4268 8740 411 8740 -1 -1 -1 -1 -1 -1 
62 1779794114 1779794114 0 2642136 4674 8299 2443 8299 -1 -1 -1 -1 -1 -1 
517 1779794114 1779794114 0 2648186 8262 1647 8757 1388 -1 -1 -1 -1 -1 -1 
478 1779794114 1779794114 0 2642874 4707 9080 5083 9080 437 9080 8163 9080 -1 -1 
24 1779794114 1779794114 0 2646421 1964 8745 1296 9226 1296 9092 7587 9092 -1 -1 
161 1779794114 1779794114 0 2651500 445 8432 270 8432 270 8432 270 8432 270 8432 
842 1779794114 1779794114 0 2646357 6524 8648 823 8508 220 8564 591 -1 -1 -1 
551 1779794114 1779794114 0 2644608 4625 8574 1024 8574 5858 8584 5858 -1 -1 -1 
339 1779794114 1779794114 0 2644608 3497 9117 5622 8574 5858 8584 5858 -1 -1 -1 
114 1779794114 1779794114 0 2649500 9196 6862 9196 6862 9196 6862 9196 6862 9196 -1 
646 1779794114 1779794114 0 2648089 8120 8740 311 8740 411 -1 -1 -1 -1 -1 
439 1779794114 1779794114 0 2648089 7189 8740 411 8740 311 8740 411 -1 -1 -1 
5 1779794114 1779794114 0 2659676 3414 8817 616 -1 -1 -1 -1 -1 -1 -1 
265 1779794114 1779794114 0 2658024 32 8259 203 8259 203 8259 203 8259 596 -1 
165 1779794114 1779794114 0 2658712 4776 8551 8191 -1 -1 -1 -1 -1 -1 -1 
47 1779794114 1779794114 0 2653666 3947 8339 3148 8339 8182 -1 -1 -1 -1 -1 
943 1779794114 1779794114 0 2653096 3435 8246 387 8583 -1 -1 -1 -1 -1 -1 
810 1779794114 1779794114 0 2652008 487 9069 4845 9069 3476 9069 3756 -1 -1 -1 
191 1779794114 1779794114 0 2650501 3357 8588 233 8705 1068 -1 -1 -1 -1 -1 
538 1779794114 1779794114 0 2650567 6076 9129 5632 9176 -1 -1 -1 -1 -1 -1 
129 1779794114 1779794114 0 2650715 7140 8628 1349 -1 -1 -1 -1 -1 -1 -1 
75 1779794114 1779794114 0 2650246 4161 8893 6593 8893 346 8355 -1 -1 -1 -1 
180 1779794114 1779794114 0 2656243 641 8580 641 8580 -1 -1 -1 -1 -1 -1 
415 1779794114 1779794114 0 2650585 8344 144 8581 535 8718 608 -1 -1 -1 -1 
824 1779794114 1779794114 0 2652212 2605 8338 768 8616 -1 -1 -1 -1 -1 -1 
519 1779794114 1779794114 0 2651314 4552 8556 5988 8556 7509 8556 586 8556 7032 -1 
481 1779794114 1779794114 0 2657693 2898 8817 400 8737 400 8489 400 8567 -1 -1 
294 1779794114 1779794114 0 2656243 2725 8628 641 8580 -1 -1 -1 -1 -1 -1 
78 1779794114 1779794114 0 2650320 298 8283 4928 8283 506 9214 442 9214 346 8469 
39 1779794114 1779794114 0 2672911 5312 8828 4532 8828 1972 8828 233 8497 415 8496 
763 1779794114 1779794114 0 2652955 8780 40 8471 8180 -1 -1 -1 -1 -1 -1 
945 1779794114 1779794114 0 2657418 8875 2129 8875 2129 8875 1013 -1 -1 -1 -1 
660 1779794114 1779794114 0 2657418 2129 8875 2129 8875 2129 8875 1013 -1 -1 -1 
213 1779794114 1779794114 0 2659831 2191 8881 7091 8881 6600 -1 -1 -1 -1 -1 
56 1779794114 1779794114 0 2659587 6670 8265 1256 8265 1600 8265 39 8338 768 8338 
443 1779794114 1779794114 0 2659831 6913 8615 3965 8881 6600 -1 -1 -1 -1 -1 
592 1779794114 1779794114 0 2658024 7495 8293 596 8259 -1 -1 -1 -1 -1 -1 
282 1779794114 1779794114 0 2661802 748 8260 552 8623 7713 8623 148 9214 346 8511 
717 1779794114 1779794114 0 2656243 5101 8580 6030 8580 641 8580 641 -1 -1 -1 
729 1779794114 1779794114 0 2653096 7642 8583 387 8583 -1 -1 -1 -1 -1 -1 
797 1779794114 1779794114 0 2658401 6002 9161 608 8350 159 -1 -1 -1 -1 -1 
755 1779794114 1779794114 0 2653096 5759 8348 96 8310 96 8583 387 8583 -1 -1 
431 1779794114 1779794114 0 2653316 4769 8260 196 8683 4401 8683 7181 8683 7416 -1 
980 1779794114 1779794114 0 2652597 7636 8990 5622 8491 524 8491 -1 -1 -1 -1 
667 1779794114 1779794114 0 2653438 1788 8747 2242 9063 1124 9063 -1 -1 -1 -1 
754 1779794114 1779794114 0 2655234 8230 3 8230 3 8230 3 -1 -1 -1 -1 
162 1779794114 1779794114 0 2657456 6533 9151 6082 9151 6252 -1 -1 -1 -1 -1 
375 1779794114 1779794114 0 2651482 2171 8357 1046 8590 1362 8590 686 -1 -1 -1 
853 1779794114 1779794114 0 2657456 2262 8855 3851 8855 4100 9151 6082 9151 6252 -1 
390 1779794114 1779794114 0 2657456 8064 9151 6082 9151 6252 -1 -1 -1 -1 -1 
944 1779794114 1779794114 0 2666338 2022 8572 400 8737 3645 8737 5622 8576 327 8576 
33 1779794114 1779794114 0 2651641 3457 8617 781 8617 7288 -1 -1 -1 -1 -1 
324 1779794114 1779794114 0 2671248 6795 8506 68 8469 3079 9214 506 8532 1130 8532 
502 1779794114 1779794114 0 2657435 3760 8389 218 8437 285 8437 285 8437 -1 -1 
58 1779794114 1779794114 0 2659657 3639 8644 532 8869 3080 8869 1148 8869 -1 -1 
190 1779794114 1779794114 0 2652008 8176 9069 3756 -1 -1 -1 -1 -1 -1 -1 
268 1779794114 1779794114 0 2652165 8159 8411 2073 -1 -1 -1 -1 -1 -1 -1 
396 1779794114 1779794114 0 2652348 2681 8779 2741 8814 541 8257 371 -1 -1 -1 
698 1779794114 1779794114 0 2650567 5626 9129 5632 9129 5626 9176 5632 -1 -1 -1 
911 1779794114 1779794114 0 2650653 3414 8817 400 8765 343 8448 6147 -1 -1 -1 
138 1779794114 1779794114 0 2659067 4829 8347 2878 8479 2878 8347 68 8914 3466 8914 
160 1779794114 1779794114 0 2660068 2278 8622 2848 8758 1101 8758 1101 8758 1381 8758 
38 1779794114 1779794114 0 2650585 5851 8574 508 8574 1024 8718 608 -1 -1 -1 
711 1779794114 1779794114 0 2673335 5059 9089 4633 8734 1136 8734 4096 8734 221 8734 
482 1779794114 1779794114 0 2652881 6177 8547 63 8351 430 8371 7205 8295 476 8249 
839 1779794114 1779794114 0 2650567 3480 8973 2939 8973 608 9176 5626 9176 5632 9176 
604 1779794114 1779794114 0 2650585 7021 8574 7051 8718 602 8718 608 -1 -1 -1 
681 1779794114 1779794114 0 2657453 7172 9049 1607 8367 1666 8367 1666 -1 -1 -1 
131 1779794114 1779794114 0 2651967 8178 8766 8179 -1 -1 -1 -1 -1 -1 -1 
402 1779794114 1779794114 0 2659349 5490 8887 3649 8887 3526 8887 402 8778 5314 -1 
565 1779794114 1779794114 0 2652677 6167 8357 2171 8357 169 8841 476 8476 476 8301 
641 1779794114 1779794114 0 2663507 8260 165 8260 5933 8260 1432 8964 476 8461 335 
277 1779794114 1779794114 0 2659676 1468 8765 400 8765 400 8817 400 8817 616 8817 
662 1779794114 1779794114 0 2672943 8868 1828 8447 571 8447 233 8497 415 8495 415 
490 1779794114 1779794114 0 2656637 1769 8824 3916 8824 3916 8824 3916 8824 -1 -1 
380 1779794114 1779794114 0 2653600 2539 8252 579 8277 7979 8277 249 8652 4786 8652 
31 1779794114 1779794114 0 2652881 944 8249 17 8917 3646 8917 476 8964 476 8249 
359 1779794114 1779794114 0 2650977 4240 8734 1206 8734 1206 9149 499 8883 499 -1 
892 1779794114 1779794114 0 2662690 8457 1622 8616 1652 8616 1652 8616 768 8338 967 
876 1779794114 1779794114 0 2658820 2999 8471 537 8470 1392 9133 2134 -1 -1 -1 
932 1779794114 1779794114 0 2658054 5798 8737 400 8817 400 8817 3624 -1 -1 -1 
222 1779794114 1779794114 0 2659831 4450 8283 935 8883 935 8881 8186 8881 6600 -1 
759 1779794114 1779794114 0 2652631 6511 8265 39 8440 2000 8440 2000 -1 -1 -1 
64 1779794114 1779794114 0 2656294 7876 8881 7721 8881 3965 8881 8186 8881 8186 -1 
0 1779794114 1779794114 0 2659701 3241 8406 1179 8702 1179 8702 1179 8702 1179 -1 
312 1779794114 1779794114 0 2660003 2994 8616 1652 8616 768 8338 768 8440 768 8338 
344 1779794114 1779794114 0 2654893 1691 8816 1818 8816 1818 8816 1818 8816 -1 -1 
996 1779794114 1779794114 0 2666060 2041 8668 -1 -1 -1 -1 -1 -1 -1 -1 
781 1779794114 1779794114 0 2667629 4616 8777 198 8963 1810 8332 -1 -1 -1 -1 
703 1779794114 1779794114 0 2661674 6311 9166 6330 -1 -1 -1 -1 -1 -1 -1 
369 1779794114 1779794114 0 2660280 4320 8736 3208 8736 3208 8736 5083 8736 4736 -1 
936 1779794114 1779794114 0 2660280 4194 8736 4736 -1 -1 -1 -1 -1 -1 -1 
953 1779794114 1779794114 0 2662977 4948 8849 161 8526 8197 -1 -1 -1 -1 -1 
368 1779794114 1779794114 0 2665585 7295 8895 6100 -1 -1 -1 -1 -1 -1 -1 
299 1779794114 1779794114 0 2665585 8635 233 8895 6100 8895 6100 8895 6100 -1 -1 
618 1779794114 1779794114 0 2664189 2175 8879 2175 8879 2175 -1 -1 -1 -1 -1 
194 1779794114 1779794114 0 2667393 5280 8361 3178 8361 611 8283 -1 -1 -1 -1 
966 1779794114 1779794114 0 2661152 6132 8354 443 8834 879 -1 -1 -1 -1 -1 
3 1779794114 1779794114 0 2667542 7707 8628 2209 -1 -1 -1 -1 -1 -1 -1 
153 1779794114 1779794114 0 2667884 7710 8526 4033 -1 -1 -1 -1 -1 -1 -1 
319 1779794114 1779794114 0 2666354 1684 8269 1961 -1 -1 -1 -1 -1 -1 -1 
572 1779794114 1779794114 0 2666354 5343 9102 1684 8269 1961 -1 -1 -1 -1 -1 
975 1779794114 1779794114 0 2663187 1512 8312 1001 8312 144 -1 -1 -1 -1 -1 
668 1779794114 1779794114 0 2665098 940 8457 328 8925 328 8323 328 8323 768 -1 
100 1779794114 1779794114 0 2672812 1952 8491 559 8491 559 8710 559 8710 1131 8697 
647 1779794114 1779794114 0 2665551 1056 8701 3491 8701 3491 8701 3491 -1 -1 -1 
453 1779794114 1779794114 0 2666964 5188 9102 5262 9155 749 8347 3148 8347 -1 -1 
904 1779794114 1779794114 0 2663373 7074 8508 2092 8508 7336 -1 -1 -1 -1 -1 
189 1779794114 1779794114 0 2664189 2175 8879 2175 8879 2175 -1 -1 -1 -1 -1 
120 1779794114 1779794114 0 2669321 6485 8351 68 9149 221 8734 221 8883 -1 -1 
536 1779794114 1779794114 0 2664189 8879 5945 8879 2175 8879 2175 -1 -1 -1 -1 
81 1779794114 1779794114 0 2663373 2818 9096 996 8508 7336 -1 -1 -1 -1 -1 
463 1779794114 1779794114 0 2665141 3815 8582 461 8419 -1 -1 -1 -1 -1 -1 
934 1779794114 1779794114 0 2664170 5399 9104 635 9104 -1 -1 -1 -1 -1 -1 
752 1779794114 1779794114 0 2664170 5399 9104 5399 9104 635 9104 -1 -1 -1 -1 
887 1779794114 1779794114 0 2668901 5595 9215 6953 9215 6953 9215 623 -1 -1 -1 
962 1779794114 1779794114 0 2660504 7186 8953 76 8327 2169 -1 -1 -1 -1 -1 
675 1779794114 1779794114 0 2663690 5153 8295 4941 8390 448 8390 7788 -1 -1 -1 
505 1779794114 1779794114 0 2678000 3232 8599 3644 8599 849 8655 997 8929 17 8676 
747 1779794114 1779794114 0 2666060 4068 8887 2394 8887 119 8329 119 8668 2041 -1 
94 1779794114 1779794114 0 2666223 5260 8244 18 8244 1300 -1 -1 -1 -1 -1 
378 1779794114 1779794114 0 2669436 8084 8402 4455 -1 -1 -1 -1 -1 -1 -1 
865 1779794114 1779794114 0 2664012 4253 9026 900 8398 1865 8975 -1 -1 -1 -1 
309 1779794114 1779794114 0 2666964 1261 8719 483 8545 990 8545 2134 8347 3148 -1 
509 1779794114 1779794114 0 2661410 6199 8249 281 8295 476 8964 5526 -1 -1 -1 
581 1779794114 1779794114 0 2665106 7932 8241 449 8814 449 8814 541 -1 -1 -1 
825 1779794114 1779794114 0 2668476 1419 8339 3148 8937 8211 -1 -1 -1 -1 -1 
682 1779794114 1779794114 0 2660746 5332 8575 1680 8734 1136 -1 -1 -1 -1 -1 
705 1779794114 1779794114 0 2663441 4222 9045 5789 9045 6179 9045 8188 -1 -1 -1 
398 1779794114 1779794114 0 2663525 647 8392 1912 8467 353 8467 971 8467 2517 -1 
862 1779794114 1779794114 0 2660536 6345 8324 114 8324 6345 8324 391 8324 8193 8324 
65 1779794114 1779794114 0 2668968 5494 8963 1810 8963 4764 8963 611 8572 400 -1 
365 1779794114 1779794114 0 2666065 3482 9086 5311 9086 335 8462 575 8462 335 8849 
121 1779794114 1779794114 0 2666965 6759 8250 1802 8250 1680 9148 -1 -1 -1 -1 
274 1779794114 1779794114 0 2667366 526 8328 1283 8328 78 8328 78 8245 -1 -1 
532 1779794114 1779794114 0 2667826 107 8771 1785 8771 1785 8771 965 8411 319 -1 
771 1779794114 1779794114 0 2666965 2706 9048 1680 9148 1680 9148 1680 9148 -1 -1 
264 1779794114 1779794114 0 2666965 6787 8250 1680 9148 1680 9148 1680 9148 -1 -1 
621 1779794114 1779794114 0 2662986 2216 8639 951 8639 3204 -1 -1 -1 -1 -1 
891 1779794114 1779794114 0 2660052 1392 8234 364 8520 1670 9041 1244 -1 -1 -1 
288 1779794114 1779794114 0 2660240 6564 8650 2697 8853 7983 8853 2697 8621 -1 -1 
286 1779794114 1779794114 0 2666541 2226 8504 7538 8504 506 8277 -1 -1 -1 -1 
1 1779794114 1779794114 0 2668731 4437 9045 6179 9045 6179 9045 6179 9045 6179 9045 
144 1779794114 1779794114 0 2665075 571 8772 4085 8594 2892 8602 -1 -1 -1 -1 
748 1779794114 1779794114 0 2664300 2654 8347 1488 8347 829 8347 7994 -1 -1 -1 
952 1779794114 1779794114 0 2663373 8698 1202 8349 1331 8349 823 8508 7336 -1 -1 
895 1779794114 1779794114 0 2668927 2183 8578 2040 8945 1331 8349 220 8508 537 9041 
998 1779794114 1779794114 0 2666914 1666 8367 1607 -1 -1 -1 -1 -1 -1 -1 
732 1779794114 1779794114 0 2665846 991 8615 2876 8652 2876 -1 -1 -1 -1 -1 
582 1779794114 1779794114 0 2668424 447 8794 447 8454 8210 -1 -1 -1 -1 -1 
231 1779794114 1779794114 0 2661741 8508 1139 8349 8030 -1 -1 -1 -1 -1 -1 
955 1779794114 1779794114 0 2670845 870 8990 3325 8990 116 8504 163 8504 442 8504 
528 1779794114 1779794114 0 2666914 4148 9049 4148 9049 1607 9049 1607 8367 1607 -1 
886 1779794114 1779794114 0 2666964 6590 8347 3148 8937 7994 8937 3148 8347 -1 -1 
247 1779794114 1779794114 0 2660566 8074 8487 623 8382 -1 -1 -1 -1 -1 -1 
537 1779794114 1779794114 0 2667345 7140 8628 834 8628 641 8580 1299 8628 7154 8628 
278 1779794114 1779794114 0 2660566 8563 1313 9215 623 8382 -1 -1 -1 -1 -1 
63 1779794114 1779794114 0 2668424 6279 8454 447 8454 8210 -1 -1 -1 -1 -1 
845 1779794114 1779794114 0 2665551 6917 8701 3491 8701 3491 9116 3491 8701 -1 -1 
840 1779794114 1779794114 0 2667345 1356 8628 1299 8628 1299 8628 7154 -1 -1 -1 
73 1779794114 1779794114 0 2665551 8744 1291 8744 1471 9116 3491 9116 3491 8701 3491 
484 1779794114 1779794114 0 2666529 8423 511 8887 2394 8887 119 8887 2394 -1 -1 
454 1779794114 1779794114 0 2666404 7127 8411 2115 8411 1220 8411 8159 8411 5592 -1 
573 1779794114 1779794114 0 2667908 3764 8267 3173 8267 3182 -1 -1 -1 -1 -1 
557 1779794114 1779794114 0 2662986 6860 8639 951 8639 3204 -1 -1 -1 -1 -1 
526 1779794114 1779794114 0 2662690 104 8317 768 8338 967 -1 -1 -1 -1 -1 
467 1779794114 1779794114 0 2666500 4501 8339 3148 9166 6330 9166 6330 9166 6338 -1 
625 1779794114 1779794114 0 2662038 1806 8740 311 8442 311 8876 -1 -1 -1 -1 
520 1779794114 1779794114 0 2663187 5476 8582 506 9214 148 8312 144 -1 -1 -1 
852 1779794114 1779794114 0 2662497 4602 8762 3880 8762 3880 8762 3880 8762 -1 -1 
473 1779794114 1779794114 0 2662986 951 8528 951 8639 3204 -1 -1 -1 -1 -1 
337 1779794114 1779794114 0 2669436 4093 8423 2943 8402 4455 -1 -1 -1 -1 -1 
877 1779794114 1779794114 0 2669436 7243 9062 45 8423 2943 8402 4455 -1 -1 -1 
868 1779794114 1779794114 0 2660169 7990 8704 2194 9028 7995 9028 482 -1 -1 -1 
469 1779794114 1779794114 0 2668901 6492 8704 1303 8489 400 8817 400 8817 623 9215 
776 1779794114 1779794114 0 2660310 7741 8347 68 8914 623 8382 6016 -1 -1 -1 
148 1779794114 1779794114 0 2663467 6289 8851 292 8851 292 8851 68 8656 -1 -1 
199 1779794114 1779794114 0 2660169 7992 9028 7271 9028 7776 9028 482 -1 -1 -1 
580 1779794114 1779794114 0 2660169 3103 8896 482 9028 7271 9028 7995 9028 482 9028 
959 1779794114 1779794114 0 2666223 8578 865 8578 1300 8244 1300 -1 -1 -1 -1 
937 1779794114 1779794114 0 2666529 2342 8887 2394 8887 2394 -1 -1 -1 -1 -1 
525 1779794114 1779794114 0 2666825 559 8312 535 8581 535 8540 1726 8260 2870 8260 
326 1779794114 1779794114 0 2664308 1635 8292 291 8311 335 8463 -1 -1 -1 -1 
14 1779794114 1779794114 0 2664850 6029 8243 17 8665 2068 8665 2068 8665 -1 -1 
250 1779794114 1779794114 0 2666970 649 8314 1911 8314 4033 8526 8208 -1 -1 -1 
289 1779794114 1779794114 0 2666260 9132 1885 9133 1885 8260 17 8333 -1 -1 -1 
793 1779794114 1779794114 0 2661660 8682 980 8682 731 8602 730 8325 16 8325 16 
395 1779794114 1779794114 0 2667908 8267 3173 8267 3173 8267 3182 -1 -1 -1 -1 
373 1779794114 1779794114 0 2669378 5403 8985 1066 9197 1066 8652 -1 -1 -1 -1 
792 1779794114 1779794114 0 2660536 114 8324 391 8324 114 8324 8193 8324 -1 -1 
560 1779794114 1779794114 0 2666960 853 9072 4681 9072 2564 8574 1024 8718 1024 -1 
254 1779794114 1779794114 0 2666223 6905 8864 2434 8244 18 8244 1300 8244 -1 -1 
293 1779794114 1779794114 0 2660536 1576 8287 391 8324 391 8324 8193 8324 -1 -1 
585 1779794114 1779794114 0 2666060 6514 8940 977 8668 119 8668 2041 8668 2041 -1 
466 1779794114 1779794114 0 2660548 8512 417 8481 417 8481 5355 8481 -1 -1 -1 
710 1779794114 1779794114 0 2668968 5502 8914 400 8817 400 8572 -1 -1 -1 -1 
440 1779794114 1779794114 0 2668019 4112 8736 1877 8736 4736 8736 8209 -1 -1 -1 
983 1779794114 1779794114 0 2665117 8239 13 8659 13 8659 13 8659 -1 -1 -1 
817 1779794114 1779794114 0 2664008 3499 8516 476 8461 335 8311 -1 -1 -1 -1 
815 1779794114 1779794114 0 2665098 1622 8936 768 8338 768 8440 768 8323 768 -1 
969 1779794114 1779794114 0 2662690 3370 8532 442 9214 346 9214 346 8615 346 8764 
814 1779794114 1779794114 0 2661152 879 8654 879 8834 879 8834 879 8834 -1 -1 
643 1779794114 1779794114 0 2662690 3079 8458 536 8458 346 8615 346 8764 -1 -1 
479 1779794114 1779794114 0 2662825 4039 9166 6173 9166 1501 9166 6330 9166 25 -1 
411 1779794114 1779794114 0 2663595 7312 9166 6223 9166 6330 9166 6480 -1 -1 -1 
633 1779794114 1779794114 0 2667542 1356 8628 834 8628 1299 8628 7154 8628 2209 -1 
255 1779794114 1779794114 0 2669060 7175 9206 7175 9206 509 8525 509 8525 -1 -1 
563 1779794114 1779794114 0 2662690 8463 351 8355 346 8615 346 8764 -1 -1 -1 
889 1779794114 1779794114 0 2669066 4702 9041 1244 9041 1244 9041 537 9041 -1 -1 
117 1779794114 1779794114 0 2662825 1197 8558 482 9166 6330 9166 6330 9166 25 -1 
229 1779794114 1779794114 0 2670011 4300 8892 327 8451 327 8451 327 8576 636 8576 
986 1779794114 1779794114 0 2668968 889 8487 8074 8487 623 8382 623 8817 400 8572 
652 1779794114 1779794114 0 2668427 3889 8401 68 8914 623 8382 623 8817 623 8716 
192 1779794114 1779794114 0 2676672 2019 9223 -1 -1 -1 -1 -1 -1 -1 -1 
548 1779794114 1779794114 0 2675530 8223 8528 -1 -1 -1 -1 -1 -1 -1 -1 
609 1779794114 1779794114 0 2675530 8223 8528 -1 -1 -1 -1 -1 -1 -1 -1 
570 1779794114 1779794114 0 2670487 1288 8262 1066 -1 -1 -1 -1 -1 -1 -1 
72 1779794114 1779794114 0 2677386 5718 8634 994 8634 -1 -1 -1 -1 -1 -1 
549 1779794114 1779794114 0 2673594 6773 9133 107 -1 -1 -1 -1 -1 -1 -1 
687 1779794114 1779794114 0 2677700 3537 8540 535 8718 1920 -1 -1 -1 -1 -1 
13 1779794114 1779794114 0 2677219 7533 9205 8224 -1 -1 -1 -1 -1 -1 -1 
366 1779794114 1779794114 0 2670290 2890 8940 977 8940 3565 -1 -1 -1 -1 -1 
507 1779794114 1779794114 0 2675481 7784 8555 8222 -1 -1 -1 -1 -1 -1 -1 
693 1779794114 1779794114 0 2670290 1982 8940 3565 8940 3565 -1 -1 -1 -1 -1 
833 1779794114 1779794114 0 2672489 7184 8357 169 8357 -1 -1 -1 -1 -1 -1 
626 1779794114 1779794114 0 2675525 6343 9166 2515 9166 2515 9166 -1 -1 -1 -1 
595 1779794114 1779794114 0 2677574 3323 8355 691 8298 -1 -1 -1 -1 -1 -1 
568 1779794114 1779794114 0 2676273 5128 8708 160 8708 160 8316 -1 -1 -1 -1 
346 1779794114 1779794114 0 2670168 825 8365 180 8365 274 8365 -1 -1 -1 -1 
920 1779794114 1779794114 0 2676457 4237 8588 1277 9028 3535 -1 -1 -1 -1 -1 
460 1779794114 1779794114 0 2673219 8716 1119 8716 1325 8716 -1 -1 -1 -1 -1 
173 1779794114 1779794114 0 2674723 5396 8683 196 8683 3497 -1 -1 -1 -1 -1 
639 1779794114 1779794114 0 2677574 3369 8318 437 9080 319 8298 691 -1 -1 -1 
303 1779794114 1779794114 0 2678030 7967 8612 145 8612 -1 -1 -1 -1 -1 -1 
630 1779794114 1779794114 0 2673164 4749 8553 3720 8553 3720 8553 3016 8553 577 8553 
866 1779794114 1779794114 0 2677700 7218 8718 1920 -1 -1 -1 -1 -1 -1 -1 
316 1779794114 1779794114 0 2674676 3228 8593 261 8593 906 -1 -1 -1 -1 -1 
728 1779794114 1779794114 0 2677506 901 8275 931 8275 931 8275 1205 8275 -1 -1 
841 1779794114 1779794114 0 2675525 7061 9166 51 9166 7540 9166 2515 -1 -1 -1 
290 1779794114 1779794114 0 2672226 9207 512 9207 512 9207 -1 -1 -1 -1 -1 
510 1779794114 1779794114 0 2676174 3622 8872 4248 8937 4607 8937 5552 -1 -1 -1 
988 1779794114 1779794114 0 2677574 4770 8694 2710 8298 465 8298 465 8298 691 -1 
722 1779794114 1779794114 0 2671634 7288 8617 781 8617 -1 -1 -1 -1 -1 -1 
721 1779794114 1779794114 0 2670343 6925 8271 4178 8271 4178 8271 -1 -1 -1 -1 
834 1779794114 1779794114 0 2671402 6078 8526 2219 8526 1906 8526 1906 -1 -1 -1 
389 1779794114 1779794114 0 2672489 6665 8357 1796 8357 528 8357 169 -1 -1 -1 
872 1779794114 1779794114 0 2671274 3370 8532 670 8532 1130 8532 506 8504 442 9214 
25 1779794114 1779794114 0 2673906 6679 9185 6866 9185 221 -1 -1 -1 -1 -1 
248 1779794114 1779794114 0 2674480 1502 8514 659 8290 2198 8565 1562 8565 7750 -1 
567 1779794114 1779794114 0 2675942 6699 9185 6866 9185 1247 -1 -1 -1 -1 -1 
4 1779794114 1779794114 0 2671428 4116 8801 2769 8446 17 8686 3015 8900 934 -1 
345 1779794114 1779794114 0 2672925 1343 9092 1343 8734 4085 8919 -1 -1 -1 -1 
700 1779794114 1779794114 0 2672770 7000 8549 371 8549 1802 8250 8214 -1 -1 -1 
926 1779794114 1779794114 0 2673906 6607 9185 1220 9185 6866 9185 6866 9185 221 -1 
30 1779794114 1779794114 0 2676672 8603 5209 9223 5209 9223 1305 9223 2019 -1 -1 
343 1779794114 1779794114 0 2673757 7627 8590 6113 -1 -1 -1 -1 -1 -1 -1 
828 1779794114 1779794114 0 2674480 7025 8592 7135 8592 1024 8565 7750 -1 -1 -1 
416 1779794114 1779794114 0 2678030 985 8887 3649 8849 17 8612 145 8612 -1 -1 
84 1779794114 1779794114 0 2670969 2812 8939 2812 8939 4085 8552 1206 8852 -1 -1 
352 1779794114 1779794114 0 2677700 2685 8822 1189 8822 608 8718 1920 -1 -1 -1 
410 1779794114 1779794114 0 2671274 3222 8521 346 9198 346 9214 442 -1 -1 -1 
211 1779794114 1779794114 0 2676457 2450 9028 7995 9028 3535 -1 -1 -1 -1 -1 
724 1779794114 1779794114 0 2671634 862 8617 781 8617 7288 8617 781 -1 -1 -1 
716 1779794114 1779794114 0 2672226 4559 8806 1806 8806 717 9207 512 -1 -1 -1 
275 1779794114 1779794114 0 2672226 1448 8540 1543 8618 146 8806 717 9207 512 -1 
43 1779794114 1779794114 0 2672012 8576 934 8900 518 8900 -1 -1 -1 -1 -1 
174 1779794114 1779794114 0 2672299 3207 8791 4534 8849 335 8516 476 8519 476 8462 
985 1779794114 1779794114 0 2670737 3632 8526 130 8591 7536 8591 8213 -1 -1 -1 
167 1779794114 1779794114 0 2674723 7314 8683 7181 8683 7416 8683 3497 -1 -1 -1 
147 1779794114 1779794114 0 2672299 5930 8841 335 8964 476 8461 476 8462 -1 -1 
358 1779794114 1779794114 0 2670276 8207 9224 8212 -1 -1 -1 -1 -1 -1 -1 
742 1779794114 1779794114 0 2674676 4380 8593 906 -1 -1 -1 -1 -1 -1 -1 
947 1779794114 1779794114 0 2671248 1432 8283 506 8532 1130 -1 -1 -1 -1 -1 
713 1779794114 1779794114 0 2670683 2682 8470 364 8470 8 8293 -1 -1 -1 -1 
270 1779794114 1779794114 0 2672299 4708 9069 4766 9069 89 8462 476 -1 -1 -1 
543 1779794114 1779794114 0 2678027 5758 9140 5758 9140 6170 9140 6170 8260 653 -1 
157 1779794114 1779794114 0 2670308 3291 8301 3323 8467 2517 8467 353 -1 -1 -1 
101 1779794114 1779794114 0 2671724 1447 8734 4240 8734 1136 8734 1959 -1 -1 -1 
46 1779794114 1779794114 0 2672534 4448 9045 6179 9045 6179 9045 -1 -1 -1 -1 
159 1779794114 1779794114 0 2674480 7444 8801 7535 8801 7600 8801 557 8565 7750 -1 
371 1779794114 1779794114 0 2673947 4028 8574 1562 8565 1562 8565 557 8570 -1 -1 
470 1779794114 1779794114 0 2672534 3503 9045 6179 9045 6179 9045 6179 9045 -1 -1 
295 1779794114 1779794114 0 2672534 4113 9045 6179 9045 6179 9045 6179 9045 6179 -1 
619 1779794114 1779794114 0 2678148 8189 8607 8189 8607 -1 -1 -1 -1 -1 -1 
253 1779794114 1779794114 0 2670168 5402 8365 180 8365 274 8365 8119 8365 274 -1 
855 1779794114 1779794114 0 2673335 7752 9149 499 8883 499 8883 221 8734 -1 -1 
556 1779794114 1779794114 0 2672935 7584 8817 623 8817 623 8382 623 9215 6953 9215 
301 1779794114 1779794114 0 2677633 904 8537 5519 8537 364 8537 1007 -1 -1 -1 
406 1779794114 1779794114 0 2672954 6553 8361 3178 8361 4390 8526 4033 8526 1366 -1 
197 1779794114 1779794114 0 2670308 2918 8467 353 8467 2517 8467 353 -1 -1 -1 
181 1779794114 1779794114 0 2677738 1559 8227 16 8325 16 8325 16 9109 5299 9109 
527 1779794114 1779794114 0 2675243 373 8714 1202 8698 1971 8698 -1 -1 -1 -1 
331 1779794114 1779794114 0 2677882 4400 8983 267 8697 752 -1 -1 -1 -1 -1 
976 1779794114 1779794114 0 2673947 131 8337 342 8464 342 8570 557 8570 -1 -1 
622 1779794114 1779794114 0 2675207 4663 8371 1071 8549 1071 8549 -1 -1 -1 -1 
23 1779794114 1779794114 0 2672299 227 8849 476 8462 -1 -1 -1 -1 -1 -1 
457 1779794114 1779794114 0 2675942 3164 8734 221 9185 1247 -1 -1 -1 -1 -1 
925 1779794114 1779794114 0 2673581 8919 2527 8919 2528 8919 4085 9061 -1 -1 -1 
683 1779794114 1779794114 0 2678030 5593 8544 17 8301 476 8476 476 8612 145 -1 
610 1779794114 1779794114 0 2677769 5916 8999 3426 8999 233 9137 5320 8499 5320 9137 
6 1779794114 1779794114 0 2674471 8327 76 8327 76 8327 76 8327 76 8327 76 
459 1779794114 1779794114 0 2676399 1960 8710 1131 8710 559 8710 1131 8697 267 8697 
172 1779794114 1779794114 0 2671274 7673 8504 1712 8504 442 9214 -1 -1 -1 -1 
102 1779794114 1779794114 0 2671257 8857 609 8375 609 8375 609 8375 609 -1 -1 
257 1779794114 1779794114 0 2675543 7645 8676 1929 8854 467 8421 467 -1 -1 -1 
617 1779794114 1779794114 0 2678373 3373 8602 731 8719 221 8722 2399 8722 -1 -1 
715 1779794114 1779794114 0 2672954 2927 8526 5154 8526 2219 8526 1906 8526 1366 -1 
497 1779794114 1779794114 0 2677882 4157 8480 267 8697 752 -1 -1 -1 -1 -1 
775 1779794114 1779794114 0 2675207 4583 8549 588 8549 861 8549 1071 8549 -1 -1 
999 1779794114 1779794114 0 2671633 8135 9084 318 9084 4251 -1 -1 -1 -1 -1 
906 1779794114 1779794114 0 2674911 5090 9069 487 9069 1973 9084 277 8318 277 9084 
124 1779794114 1779794114 0 2672847 8181 9118 5467 9118 -1 -1 -1 -1 -1 -1 
49 1779794114 1779794114 0 2672219 7317 8301 335 8841 335 8461 476 8612 476 8519 
659 1779794114 1779794114 0 2676693 4872 9069 2103 9084 277 8318 1820 -1 -1 -1 
844 1779794114 1779794114 0 2673947 2879 8565 557 8570 557 -1 -1 -1 -1 -1 
15 1779794114 1779794114 0 2674471 3516 8729 76 8953 76 8327 76 8327 -1 -1 
228 1779794114 1779794114 0 2672219 4138 8992 17 8849 7113 8849 476 8519 -1 -1 
450 1779794114 1779794114 0 2677882 7203 8491 1131 8710 1131 8697 752 -1 -1 -1 
657 1779794114 1779794114 0 2676399 2411 8710 1806 8710 1131 8710 1131 8697 267 -1 
600 1779794114 1779794114 0 2676808 7963 8814 541 8814 3514 8814 -1 -1 -1 -1 
465 1779794114 1779794114 0 2678030 6542 8636 443 8401 4752 8612 145 8612 145 -1 
130 1779794114 1779794114 0 2672935 1436 8487 8074 8487 623 9215 6953 9215 -1 -1 
420 1779794114 1779794114 0 2678030 8050 8706 4752 8612 145 8612 145 8612 145 -1 
245 1779794114 1779794114 0 2675942 2193 8367 4109 8883 499 8883 221 9185 1247 -1 
205 1779794114 1779794114 0 2672673 4710 8656 4710 8656 68 8591 143 8339 -1 -1 
53 1779794114 1779794114 0 2674865 8218 9222 8218 9222 -1 -1 -1 -1 -1 -1 
188 1779794114 1779794114 0 2678373 1523 8722 2399 8722 2399 -1 -1 -1 -1 -1 
135 1779794114 1779794114 0 2675373 3867 8318 277 9084 277 -1 -1 -1 -1 -1 
628 1779794114 1779794114 0 2673757 5546 8590 6417 8590 6113 -1 -1 -1 -1 -1 
224 1779794114 1779794114 0 2675563 2874 8936 3043 8936 181 8457 328 8457 328 -1 
74 1779794114 1779794114 0 2672924 7555 8883 7583 8250 8214 8250 1023 -1 -1 -1 
22 1779794114 1779794114 0 2677769 5320 8499 5320 9137 5320 9137 5320 -1 -1 -1 
42 1779794114 1779794114 0 2674605 6821 8571 624 8571 2375 8571 2375 -1 -1 -1 
929 1779794114 1779794114 0 2678027 3007 8873 68 8260 653 8260 653 -1 -1 -1 
304 1779794114 1779794114 0 2678027 2885 9168 1813 8260 653 8260 653 -1 -1 -1 
252 1779794114 1779794114 0 2674849 9025 3762 9025 3762 9025 3762 9025 3762 9025 3762 
333 1779794114 1779794114 0 2675373 3251 8872 296 8872 277 9084 318 9084 277 -1 
860 1779794114 1779794114 0 2674471 7186 8953 76 8327 76 8327 76 -1 -1 -1 
942 1779794114 1779794114 0 2672943 8497 415 8496 415 8495 415 8496 415 8495 -1 
677 1779794114 1779794114 0 2677979 8199 8929 3390 8929 3390 -1 -1 -1 -1 -1 
731 1779794114 1779794114 0 2677241 42 8267 3173 8267 68 9084 277 9084 4217 -1 
843 1779794114 1779794114 0 2677219 2819 8463 148 9223 646 9205 6411 9205 8224 -1 
504 1779794114 1779794114 0 2670969 6317 8852 6595 8852 4638 8852 1206 8852 1206 -1 
341 1779794114 1779794114 0 2677241 5514 9089 5725 9089 4251 9084 277 9084 4217 -1 
994 1779794114 1779794114 0 2677882 2205 8535 959 8253 267 8697 267 8697 752 -1 
734 1779794114 1779794114 0 2678030 5545 8612 145 8612 145 8612 145 -1 -1 -1 
784 1779794114 1779794114 0 2678027 319 8318 17 8260 653 8260 653 8260 -1 -1 
506 1779794114 1779794114 0 2675373 1099 8446 17 9205 4251 9084 3114 9084 277 9084 
388 1779794114 1779794114 0 2677241 2800 8872 3574 9084 3114 9084 277 9084 4217 -1 
545 1779794114 1779794114 0 2677241 8151 9084 3114 9084 277 9084 4217 -1 -1 -1 
408 1779794114 1779794114 0 2677241 4234 8347 2134 9084 994 9084 277 9084 4217 -1 
