0 1779794084 1779794084 0 2676399 1819 8514 559 8710 1131 8697 267 8697 267 8697 
1 1779794084 1779794084 0 2625903 8126 9084 8131 -1 -1 -1 -1 -1 -1 -1 
2 1779794084 1779794084 0 2563004 4381 8471 291 8292 291 -1 -1 -1 -1 -1 
3 1779794084 1779794084 0 2662825 62 9166 6359 9166 25 -1 -1 -1 -1 -1 
4 1779794084 1779794084 0 2675563 152 8261 328 8925 611 8323 328 8457 328 -1 
5 1779794084 1779794084 0 2490967 9181 4225 9181 4225 9202 4225 9202 1862 9202 -1 
6 1779794084 1779794084 0 2484011 5239 9079 5363 9079 5363 9079 -1 -1 -1 -1 
7 1779794084 1779794084 0 2672547 3126 8888 3932 9205 6411 9205 6411 -1 -1 -1 
8 1779794084 1779794084 0 1259206 4705 9069 5014 -1 -1 -1 -1 -1 -1 -1 
9 1779794084 1779794084 0 2675435 6589 9166 2908 9166 2515 9166 6338 9166 2515 9166 
10 1779794084 1779794084 0 1011517 1449 8361 4211 -1 -1 -1 -1 -1 -1 -1 
11 1779794084 1779794084 0 2673219 3493 8382 6016 8382 1903 8382 623 8716 1325 -1 
12 1779794084 1779794084 0 2584377 2057 8471 2708 8377 1104 8377 3225 8377 -1 -1 
13 1779794084 1779794084 0 2657456 6065 9151 6252 9151 6252 -1 -1 -1 -1 -1 
14 1779794084 1779794084 0 2129678 5943 8347 7118 -1 -1 -1 -1 -1 -1 -1 
15 1779794084 1779794084 0 2631141 276 8433 2534 8433 -1 -1 -1 -1 -1 -1 
16 1779794084 1779794084 0 2606863 4747 8577 1363 8467 1912 8243 17 8669 -1 -1 
17 1779794084 1779794084 0 2200043 782 8378 204 8378 204 8378 204 8378 204 8378 
18 1779794084 1779794084 0 2622253 7172 9049 4148 9049 8122 -1 -1 -1 -1 -1 
19 1779794084 1779794084 0 2672219 502 8476 476 8849 476 8519 -1 -1 -1 -1 
20 1779794084 1779794084 0 2564565 4591 8806 4344 8806 1806 8806 5327 -1 -1 -1 
21 1779794084 1779794084 0 2628276 1940 8297 7701 8297 7701 8297 8140 -1 -1 -1 
22 1779794084 1779794084 0 2667793 8877 2136 8877 1971 8698 1049 -1 -1 -1 -1 
23 1779794084 1779794084 0 1892379 5806 8333 6586 -1 -1 -1 -1 -1 -1 -1 
24 1779794084 1779794084 0 2590284 2518 8331 1950 8331 1590 8331 123 8331 -1 -1 
25 1779794084 1779794084 0 2656294 552 8623 3965 8615 3965 8881 8186 -1 -1 -1 
26 1779794084 1779794084 0 2596685 1439 8734 1083 9205 142 9078 -1 -1 -1 -1 
27 1779794084 1779794084 0 2463597 964 8680 6438 8680 6438 8680 6438 8680 2960 8680 
28 1779794084 1779794084 0 2677386 5036 9069 1973 9084 8196 9084 994 8634 -1 -1 
29 1779794084 1779794084 0 2675018 7556 8243 4464 8243 887 -1 -1 -1 -1 -1 
30 1779794084 1779794084 0 2502863 7777 8347 7930 -1 -1 -1 -1 -1 -1 -1 
31 1779794084 1779794084 0 2218810 4743 8410 635 8603 7327 -1 -1 -1 -1 -1 
32 1779794084 1779794084 0 2524719 6667 9073 6714 9073 -1 -1 -1 -1 -1 -1 
33 1779794084 1779794084 0 2657435 5461 8437 285 8626 716 8437 285 -1 -1 -1 
34 1779794084 1779794084 0 2067960 1844 8402 500 -1 -1 -1 -1 -1 -1 -1 
35 1779794084 1779794084 0 2216717 6931 8658 1231 8658 -1 -1 -1 -1 -1 -1 
36 1779794084 1779794084 0 2667826 978 8346 819 8346 6684 8346 1314 9080 319 8411 
37 1779794084 1779794084 0 2456197 2164 8346 819 8313 3609 8313 3609 -1 -1 -1 
38 1779794084 1779794084 0 2672935 9215 1325 8716 623 9215 6953 9215 -1 -1 -1 
39 1779794084 1779794084 0 2677979 5395 8260 7536 8591 68 8260 653 8260 8226 -1 
40 1779794084 1779794084 0 2227070 9165 6152 9165 7070 9165 2578 -1 -1 -1 -1 
41 1779794084 1779794084 0 1445858 1612 8498 422 8830 5530 -1 -1 -1 -1 -1 
42 1779794084 1779794084 0 2340254 2618 8471 3067 8588 1277 8975 1916 8975 1916 8975 
43 1779794084 1779794084 0 1621847 5893 9071 5978 -1 -1 -1 -1 -1 -1 -1 
44 1779794084 1779794084 0 2657728 200 8376 1116 8376 2834 8376 919 -1 -1 -1 
45 1779794084 1779794084 0 2368661 3651 8556 586 -1 -1 -1 -1 -1 -1 -1 
46 1779794084 1779794084 0 2622253 4944 8367 1607 9049 4148 9049 8122 -1 -1 -1 
47 1779794084 1779794084 0 2674174 6696 8887 402 8295 17 8577 1975 -1 -1 -1 
48 1779794084 1779794084 0 2666500 7249 9166 6330 9166 2515 9166 6338 9166 6338 9166 
49 1779794084 1779794084 0 2628674 2132 8406 1179 8702 1983 8406 1983 -1 -1 -1 
50 1779794084 1779794084 0 2586502 7491 8665 7498 8665 1921 8585 8080 -1 -1 -1 
51 1779794084 1779794084 0 1271041 1211 8563 5051 -1 -1 -1 -1 -1 -1 -1 
52 1779794084 1779794084 0 2645935 5684 8819 611 8446 8171 -1 -1 -1 -1 -1 
53 1779794084 1779794084 0 2398874 1689 8411 675 9072 2564 8562 1240 -1 -1 -1 
54 1779794084 1779794084 0 2525155 9216 600 9216 600 9216 600 9216 600 9216 -1 
55 1779794084 1779794084 0 2627716 216 8388 402 9071 36 8411 658 8411 675 8411 
56 1779794084 1779794084 0 2678373 1524 8722 2399 8722 2399 8722 -1 -1 -1 -1 
57 1779794084 1779794084 0 2657350 1076 8706 1076 -1 -1 -1 -1 -1 -1 -1 
58 1779794084 1779794084 0 2640354 9179 2361 9179 -1 -1 -1 -1 -1 -1 -1 
59 1779794084 1779794084 0 2676693 5887 8574 601 8995 6673 8995 1820 8318 -1 -1 
60 1779794084 1779794084 0 2656294 7737 8285 3965 8893 3965 8881 8186 -1 -1 -1 
61 1779794084 1779794084 0 1829399 1456 8446 4063 -1 -1 -1 -1 -1 -1 -1 
62 1779794084 1779794084 0 2665098 8850 2000 8850 2000 8850 2000 8440 768 8323 768 
63 1779794084 1779794084 0 2489892 6983 8686 3800 -1 -1 -1 -1 -1 -1 -1 
64 1779794084 1779794084 0 2675525 3838 8500 5561 9166 6330 9166 6330 9166 2515 -1 
65 1779794084 1779794084 0 2583474 1385 8256 81 8256 81 9168 4315 -1 -1 -1 
66 1779794084 1779794084 0 2167528 657 8585 7219 -1 -1 -1 -1 -1 -1 -1 
67 1779794084 1779794084 0 2665087 7868 9051 684 8440 2000 8440 768 8440 768 8323 
68 1779794084 1779794084 0 2660522 7396 8615 346 8469 -1 -1 -1 -1 -1 -1 
69 1779794084 1779794084 0 2290902 345 8465 345 8465 345 -1 -1 -1 -1 -1 
70 1779794084 1779794084 0 2657728 200 8376 919 -1 -1 -1 -1 -1 -1 -1 
71 1779794084 1779794084 0 1765279 3027 8401 5428 -1 -1 -1 -1 -1 -1 -1 
72 1779794084 1779794084 0 2523738 7243 9062 4609 9062 7961 9062 7961 -1 -1 -1 
73 1779794084 1779794084 0 2666541 5107 8881 7361 8504 506 8277 -1 -1 -1 -1 
74 1779794084 1779794084 0 2457475 1990 8640 2803 8640 2151 8640 -1 -1 -1 -1 
75 1779794084 1779794084 0 2673219 3862 8638 3879 8638 842 8638 1325 8716 1325 -1 
76 1779794084 1779794084 0 2671274 2226 8985 494 8623 3965 8504 442 9214 -1 -1 
77 1779794084 1779794084 0 2646356 5758 9140 1185 8988 2846 8988 423 -1 -1 -1 
78 1779794084 1779794084 0 2671248 1234 8582 506 9123 506 8532 1130 -1 -1 -1 
79 1779794084 1779794084 0 2670845 1449 8876 22 8504 442 8504 -1 -1 -1 -1 
80 1779794084 1779794084 0 2624314 8124 8247 -1 -1 -1 -1 -1 -1 -1 -1 
81 1779794084 1779794084 0 2570857 5717 8444 8045 8444 -1 -1 -1 -1 -1 -1 
82 1779794084 1779794084 0 2598519 2218 8509 465 8298 465 8298 465 -1 -1 -1 
83 1779794084 1779794084 0 2649721 9133 1885 -1 -1 -1 -1 -1 -1 -1 -1 
84 1779794084 1779794084 0 2640175 4619 8960 1182 9173 1182 9172 5908 8938 1139 -1 
85 1779794084 1779794084 0 2487196 8506 6261 8506 3200 8506 3200 -1 -1 -1 -1 
86 1779794084 1779794084 0 2534286 2435 8529 1382 8441 656 8553 3720 8553 3720 8553 
87 1779794084 1779794084 0 2621030 8753 2306 8897 2306 8897 2306 8753 -1 -1 -1 
88 1779794084 1779794084 0 2343419 1830 8720 6807 8720 6626 8720 6626 -1 -1 -1 
89 1779794084 1779794084 0 2295329 498 9138 498 9138 498 -1 -1 -1 -1 -1 
90 1779794084 1779794084 0 2604876 6084 8273 1598 8227 7078 -1 -1 -1 -1 -1 
91 1779794084 1779794084 0 2318139 6256 8348 7581 8348 7581 -1 -1 -1 -1 -1 
92 1779794084 1779794084 0 2620742 224 8393 224 8393 224 8393 224 8393 -1 -1 
93 1779794084 1779794084 0 2087908 3769 9134 6783 9134 5680 9134 -1 -1 -1 -1 
94 1779794084 1779794084 0 2332603 7259 8515 625 -1 -1 -1 -1 -1 -1 -1 
95 1779794084 1779794084 0 2666964 7193 8347 6914 8347 829 8347 3148 -1 -1 -1 
96 1779794084 1779794084 0 2631968 9153 1189 9140 1185 8986 3270 8986 3270 8896 277 
97 1779794084 1779794084 0 2165522 6285 8510 5091 -1 -1 -1 -1 -1 -1 -1 
98 1779794084 1779794084 0 2668338 5151 8470 364 8537 364 -1 -1 -1 -1 -1 
99 1779794084 1779794084 0 1812891 3539 8285 4387 8285 5625 8285 6008 -1 -1 -1 
100 1779794084 1779794084 0 2487513 8835 681 8835 7886 8835 547 -1 -1 -1 -1 
101 1779794084 1779794084 0 2644377 4908 9059 267 9168 7215 9168 8168 -1 -1 -1 
102 1779794084 1779794084 0 2434687 763 8488 3297 8488 2946 8488 2946 -1 -1 -1 
103 1779794084 1779794084 0 2671274 8283 1851 8283 1851 8283 506 8504 442 9214 -1 
104 1779794084 1779794084 0 2576070 1222 8645 782 -1 -1 -1 -1 -1 -1 -1 
105 1779794084 1779794084 0 2573333 5645 8603 6447 8603 5319 -1 -1 -1 -1 -1 
106 1779794084 1779794084 0 1981676 3777 8240 14 8240 6793 8240 4019 8240 -1 -1 
107 1779794084 1779794084 0 2651471 5842 9069 339 8766 8178 -1 -1 -1 -1 -1 
108 1779794084 1779794084 0 2675373 2468 8904 2468 8904 2468 9084 277 -1 -1 -1 
109 1779794084 1779794084 0 2537439 2488 8955 2488 8955 -1 -1 -1 -1 -1 -1 
110 1779794084 1779794084 0 2630764 426 8423 595 9069 1442 8507 5591 9069 487 9084 
111 1779794084 1779794084 0 2641670 1719 8662 907 8662 1719 8662 7064 -1 -1 -1 
112 1779794084 1779794084 0 2347423 4063 8504 3669 -1 -1 -1 -1 -1 -1 -1 
113 1779794084 1779794084 0 2409815 7062 8699 5624 8699 1051 8699 7062 8699 1448 8998 
114 1779794084 1779794084 0 2642874 7375 9080 437 9080 2274 9080 8163 9080 -1 -1 
115 1779794084 1779794084 0 2675207 6445 8250 1802 8549 1071 -1 -1 -1 -1 -1 
116 1779794084 1779794084 0 2512389 2310 8637 2985 8637 17 8963 7946 -1 -1 -1 
117 1779794084 1779794084 0 2650246 3967 8677 346 9198 346 8764 2185 8764 346 8355 
118 1779794084 1779794084 0 2672489 4544 8357 169 8357 -1 -1 -1 -1 -1 -1 
119 1779794084 1779794084 0 2557646 6274 8558 482 9028 8012 -1 -1 -1 -1 -1 
120 1779794084 1779794084 0 2650501 4907 8402 233 8705 1068 8705 -1 -1 -1 -1 
121 1779794084 1779794084 0 2648437 5834 9071 644 8411 534 -1 -1 -1 -1 -1 
122 1779794084 1779794084 0 2582214 316 8320 227 8320 316 8320 404 8320 80 8591 
123 1779794084 1779794084 0 2380311 3425 8759 1386 8759 4490 8759 7712 -1 -1 -1 
124 1779794084 1779794084 0 2546632 3369 8318 3871 -1 -1 -1 -1 -1 -1 -1 
125 1779794084 1779794084 0 2283078 8493 412 8493 412 8493 412 8493 412 -1 -1 
126 1779794084 1779794084 0 2490967 2038 9202 4225 9202 1862 9202 -1 -1 -1 -1 
127 1779794084 1779794084 0 2666529 6696 8887 119 8329 119 8887 2394 -1 -1 -1 
128 1779794084 1779794084 0 2384898 631 8389 631 8389 199 -1 -1 -1 -1 -1 
129 1779794084 1779794084 0 2591075 5838 9132 996 9163 466 8546 7929 8546 1682 -1 
130 1779794084 1779794084 0 2598519 465 8298 465 8298 465 8298 465 -1 -1 -1 
131 1779794084 1779794084 0 2593205 7287 8836 764 8911 -1 -1 -1 -1 -1 -1 
132 1779794084 1779794084 0 1688224 2949 8950 3132 8950 4271 -1 -1 -1 -1 -1 
133 1779794084 1779794084 0 2496458 5433 8531 1411 8474 374 -1 -1 -1 -1 -1 
134 1779794084 1779794084 0 2512552 4339 8314 4707 8314 4707 8314 -1 -1 -1 -1 
135 1779794084 1779794084 0 2432227 8736 7814 -1 -1 -1 -1 -1 -1 -1 -1 
136 1779794084 1779794084 0 2536565 5289 9144 3349 9100 3778 9100 3070 8988 2846 8988 
137 1779794084 1779794084 0 2362631 7587 9092 5391 -1 -1 -1 -1 -1 -1 -1 
138 1779794084 1779794084 0 689995 8791 3207 -1 -1 -1 -1 -1 -1 -1 -1 
139 1779794084 1779794084 0 2636761 4532 8828 1972 8370 353 8370 353 8392 -1 -1 
140 1779794084 1779794084 0 2636566 7864 8282 8153 8282 -1 -1 -1 -1 -1 -1 
141 1779794084 1779794084 0 2669614 8913 1087 9192 1087 9192 1087 9220 1087 9220 1087 
142 1779794084 1779794084 0 2537522 3046 8387 3046 8387 3046 8387 969 8670 -1 -1 
143 1779794084 1779794084 0 2562606 7238 8492 895 8492 -1 -1 -1 -1 -1 -1 
144 1779794084 1779794084 0 2656083 4060 8504 116 8504 614 8504 233 8881 8186 8881 
145 1779794084 1779794084 0 2082022 1839 8561 601 8974 6997 -1 -1 -1 -1 -1 
146 1779794084 1779794084 0 2643999 468 8411 319 8318 1820 8995 601 8561 -1 -1 
147 1779794084 1779794084 0 2673220 7523 8686 1549 -1 -1 -1 -1 -1 -1 -1 
148 1779794084 1779794084 0 2583814 3079 8541 3214 -1 -1 -1 -1 -1 -1 -1 
149 1779794084 1779794084 0 2356224 1960 8710 144 8344 4489 8540 7065 -1 -1 -1 
150 1779794084 1779794084 0 2487196 7157 8506 3200 8506 3200 -1 -1 -1 -1 -1 
151 1779794084 1779794084 0 2673416 5247 8528 951 8639 17 8576 -1 -1 -1 -1 
152 1779794084 1779794084 0 2675373 1973 9084 277 9084 277 -1 -1 -1 -1 -1 
153 1779794084 1779794084 0 2657197 1321 8721 4085 8631 1558 8631 3461 -1 -1 -1 
154 1779794084 1779794084 0 2324867 50 9167 50 9167 50 -1 -1 -1 -1 -1 
155 1779794084 1779794084 0 2658712 2191 8881 68 8461 335 8551 8191 -1 -1 -1 
156 1779794084 1779794084 0 2523083 8343 2202 8644 5779 8644 5779 8644 2611 -1 -1 
157 1779794084 1779794084 0 2419306 4453 8873 68 8608 6128 8608 6128 -1 -1 -1 
158 1779794084 1779794084 0 2129992 8545 3855 8545 4515 -1 -1 -1 -1 -1 -1 
159 1779794084 1779794084 0 2657858 3581 9166 2552 9166 6173 9166 1501 9166 6330 9166 
160 1779794084 1779794084 0 2678030 3927 8463 3218 8612 145 8612 -1 -1 -1 -1 
161 1779794084 1779794084 0 2569623 9060 1922 9060 1922 9060 1922 9060 1922 9060 -1 
162 1779794084 1779794084 0 2440672 7120 8397 7494 -1 -1 -1 -1 -1 -1 -1 
163 1779794084 1779794084 0 2388585 1659 8286 562 8286 1800 8447 233 8956 1613 8956 
164 1779794084 1779794084 0 2660280 5083 8736 1877 8736 1877 8736 4736 -1 -1 -1 
165 1779794084 1779794084 0 2667393 333 8283 611 -1 -1 -1 -1 -1 -1 -1 
166 1779794084 1779794084 0 2499524 8638 3879 8638 3879 8638 3879 -1 -1 -1 -1 
167 1779794084 1779794084 0 2531718 8424 259 8424 233 8705 233 8923 -1 -1 -1 
168 1779794084 1779794084 0 2278511 8242 549 8577 1363 8467 7115 8467 7115 -1 -1 
169 1779794084 1779794084 0 2343050 5549 9125 5654 9125 5654 9125 -1 -1 -1 -1 
170 1779794084 1779794084 0 2670606 8987 1087 9220 1087 9220 1087 -1 -1 -1 -1 
171 1779794084 1779794084 0 2644805 3171 8473 2746 9057 2746 9057 2746 -1 -1 -1 
172 1779794084 1779794084 0 2670683 7400 8293 8 -1 -1 -1 -1 -1 -1 -1 
173 1779794084 1779794084 0 2626487 4633 9089 5725 9089 6495 9089 8133 -1 -1 -1 
174 1779794084 1779794084 0 2487999 3667 8949 2930 9168 142 9168 142 9168 3360 8734 
175 1779794084 1779794084 0 2575312 3888 8552 574 8552 2761 -1 -1 -1 -1 -1 
176 1779794084 1779794084 0 2669883 2204 8591 1829 8883 221 8719 -1 -1 -1 -1 
177 1779794084 1779794084 0 2673335 7651 8734 1206 9149 221 8734 -1 -1 -1 -1 
178 1779794084 1779794084 0 2485058 1480 8344 144 8344 7821 8344 1698 -1 -1 -1 
179 1779794084 1779794084 0 2442627 3430 8397 603 8397 1267 -1 -1 -1 -1 -1 
180 1779794084 1779794084 0 2664300 7825 8347 2878 8347 7994 -1 -1 -1 -1 -1 
181 1779794084 1779794084 0 2642874 1293 8582 437 9080 8163 9080 8163 -1 -1 -1 
182 1779794084 1779794084 0 2148424 6886 9163 3863 -1 -1 -1 -1 -1 -1 -1 
183 1779794084 1779794084 0 2662205 3294 8370 22 8370 353 8467 2517 8467 2517 8467 
184 1779794084 1779794084 0 2661117 1476 8555 4215 8555 4215 8540 98 8491 1131 8697 
185 1779794084 1779794084 0 2650283 386 8256 81 9168 646 8546 2132 8546 -1 -1 
186 1779794084 1779794084 0 2072151 2948 8688 2948 8973 233 8321 108 8587 6856 8587 
187 1779794084 1779794084 0 2601243 5863 9059 7768 9059 8102 -1 -1 -1 -1 -1 
188 1779794084 1779794084 0 2500431 56 8279 56 8279 56 8279 56 8279 56 -1 
189 1779794084 1779794084 0 2518100 5162 8406 6045 -1 -1 -1 -1 -1 -1 -1 
190 1779794084 1779794084 0 2673581 4385 8263 221 8734 7633 8734 1343 8734 4085 9061 
191 1779794084 1779794084 0 2308135 292 8739 1607 8739 -1 -1 -1 -1 -1 -1 
192 1779794084 1779794084 0 2644837 8814 2741 8779 2741 8779 2741 8779 1670 9041 1244 
193 1779794084 1779794084 0 2667696 747 8342 1258 8704 6368 -1 -1 -1 -1 -1 
194 1779794084 1779794084 0 1617060 5808 9083 3485 9083 -1 -1 -1 -1 -1 -1 
195 1779794084 1779794084 0 2588443 5613 8292 764 8836 764 8371 2065 -1 -1 -1 
196 1779794084 1779794084 0 2461298 5343 9102 5262 9102 1684 8269 183 8269 44 8269 
197 1779794084 1779794084 0 2309872 6013 9064 4483 9175 4483 9175 4483 9175 4483 9175 
198 1779794084 1779794084 0 1572816 5819 9071 5877 -1 -1 -1 -1 -1 -1 -1 
199 1779794084 1779794084 0 2207514 521 8530 521 -1 -1 -1 -1 -1 -1 -1 
200 1779794084 1779794084 0 2672226 4451 8806 717 9207 512 -1 -1 -1 -1 -1 
201 1779794084 1779794084 0 2657728 5991 8697 919 8376 919 8376 -1 -1 -1 -1 
202 1779794084 1779794084 0 2659701 1832 8319 51 8319 51 8702 1179 8702 1179 -1 
203 1779794084 1779794084 0 2645394 5732 8390 561 8390 645 8390 782 8645 822 8645 
204 1779794084 1779794084 0 2677882 3500 8491 1131 8710 1131 8697 267 8697 752 -1 
205 1779794084 1779794084 0 2672125 2472 8639 5728 8639 17 8612 145 8295 476 8516 
206 1779794084 1779794084 0 2647968 6739 9169 6293 9169 40 9023 4186 -1 -1 -1 
207 1779794084 1779794084 0 2640034 8158 8490 -1 -1 -1 -1 -1 -1 -1 -1 
208 1779794084 1779794084 0 2656468 1076 8706 4752 9084 271 -1 -1 -1 -1 -1 
209 1779794084 1779794084 0 2667884 8208 8526 4033 -1 -1 -1 -1 -1 -1 -1 
210 1779794084 1779794084 0 2489866 7862 8446 2244 -1 -1 -1 -1 -1 -1 -1 
211 1779794084 1779794084 0 2670969 1162 8722 1136 8734 1206 8852 -1 -1 -1 -1 
212 1779794084 1779794084 0 2455310 9191 6768 9191 6768 9191 6768 9191 -1 -1 -1 
213 1779794084 1779794084 0 1011830 8281 71 8835 1260 8835 367 8545 4212 -1 -1 
214 1779794084 1779794084 0 2604521 6842 8312 1001 8418 475 -1 -1 -1 -1 -1 
215 1779794084 1779794084 0 2675525 482 9166 6173 9166 6480 9166 2515 -1 -1 -1 
216 1779794084 1779794084 0 2148424 547 9163 3863 -1 -1 -1 -1 -1 -1 -1 
217 1779794084 1779794084 0 2673594 4587 8888 2134 9205 3323 8347 2134 9133 107 -1 
218 1779794084 1779794084 0 2419306 2313 8888 477 8608 6128 8608 6128 8608 -1 -1 
219 1779794084 1779794084 0 2597869 1743 8609 3969 8609 2402 8609 2864 -1 -1 -1 
220 1779794084 1779794084 0 2669883 9149 1206 8734 4096 8734 221 8719 -1 -1 -1 
221 1779794084 1779794084 0 2574353 4950 8585 721 8585 7931 8585 1921 8612 1104 -1 
222 1779794084 1779794084 0 2652348 3154 8352 374 8257 1376 8257 1376 8257 371 -1 
223 1779794084 1779794084 0 2675734 5971 8446 5976 8347 2878 8347 3148 8937 1176 -1 
224 1779794084 1779794084 0 2675299 8734 221 9086 2933 8358 -1 -1 -1 -1 -1 
225 1779794084 1779794084 0 2620280 799 8231 4 9112 4 9112 4 9070 -1 -1 
226 1779794084 1779794084 0 2668160 4603 9054 4603 9054 4603 9054 1220 8411 2436 9084 
227 1779794084 1779794084 0 2621030 8897 2306 8753 2306 8753 2306 -1 -1 -1 -1 
228 1779794084 1779794084 0 2215503 6199 8249 165 8249 4205 -1 -1 -1 -1 -1 
229 1779794084 1779794084 0 2670343 7622 8271 4178 8271 4178 8271 -1 -1 -1 -1 
230 1779794084 1779794084 0 2666964 8121 8347 3148 -1 -1 -1 -1 -1 -1 -1 
231 1779794084 1779794084 0 2171744 4704 9069 119 8887 4528 -1 -1 -1 -1 -1 
232 1779794084 1779794084 0 2323768 1220 8411 7610 -1 -1 -1 -1 -1 -1 -1 
233 1779794084 1779794084 0 2674676 906 8593 906 -1 -1 -1 -1 -1 -1 -1 
234 1779794084 1779794084 0 2668019 3542 8736 1877 8736 4736 8736 8209 -1 -1 -1 
235 1779794084 1779794084 0 2659701 2132 8381 4545 8381 1179 8702 1179 -1 -1 -1 
236 1779794084 1779794084 0 2644377 4976 9078 142 9168 142 9168 142 9168 8168 -1 
237 1779794084 1779794084 0 2616375 8371 2444 8474 430 8371 1071 8371 63 -1 -1 
238 1779794084 1779794084 0 2670487 8414 713 9197 1066 9197 1066 8262 -1 -1 -1 
239 1779794084 1779794084 0 2677633 9185 492 8470 364 8537 1007 8537 -1 -1 -1 
240 1779794084 1779794084 0 1040333 4174 9048 4330 -1 -1 -1 -1 -1 -1 -1 
241 1779794084 1779794084 0 2666529 365 8962 68 8887 2394 8887 -1 -1 -1 -1 
242 1779794084 1779794084 0 2456197 811 8627 1233 8627 819 8313 3609 8313 -1 -1 
243 1779794084 1779794084 0 2538900 2980 8365 274 8365 7984 -1 -1 -1 -1 -1 
244 1779794084 1779794084 0 2453662 6321 8567 3919 -1 -1 -1 -1 -1 -1 -1 
245 1779794084 1779794084 0 2456144 7396 9214 4281 -1 -1 -1 -1 -1 -1 -1 
246 1779794084 1779794084 0 2650954 6588 8591 1823 8591 7536 8591 1829 8883 499 8883 
247 1779794084 1779794084 0 2573333 5655 8603 5188 8603 6447 8603 5348 8603 5319 -1 
248 1779794084 1779794084 0 2595106 5305 8361 2962 8985 6107 8985 2671 8536 1263 8536 
249 1779794084 1779794084 0 2411262 6174 9102 5262 9102 1684 -1 -1 -1 -1 -1 
250 1779794084 1779794084 0 2587640 6197 9163 2134 8937 4835 -1 -1 -1 -1 -1 
251 1779794084 1779794084 0 2677738 3826 8622 1620 8622 659 9213 7522 9213 -1 -1 
252 1779794084 1779794084 0 2664189 7683 8879 2175 8879 -1 -1 -1 -1 -1 -1 
253 1779794084 1779794084 0 2672226 8806 146 8806 1806 8806 717 9207 512 -1 -1 
254 1779794084 1779794084 0 2018626 3606 9012 2821 8594 2821 -1 -1 -1 -1 -1 
255 1779794084 1779794084 0 2672954 5663 8526 769 8526 1906 8526 1366 -1 -1 -1 
256 1779794084 1779794084 0 2667366 1283 8328 1791 8245 122 8245 4635 8245 78 -1 
257 1779794084 1779794084 0 2674963 7729 8516 143 8591 1342 8260 68 -1 -1 -1 
258 1779794084 1779794084 0 2672226 2577 8710 1131 8710 1806 8806 717 9207 512 -1 
259 1779794084 1779794084 0 2518645 2833 8888 2636 8339 421 8260 4856 8260 7957 -1 
260 1779794084 1779794084 0 2487513 4020 8601 883 8601 3863 9163 547 8835 -1 -1 
261 1779794084 1779794084 0 2670189 2133 8261 2133 -1 -1 -1 -1 -1 -1 -1 
262 1779794084 1779794084 0 2663223 364 8470 8 9168 142 9168 8198 -1 -1 -1 
263 1779794084 1779794084 0 2598283 6382 8609 6609 8609 829 9090 5977 9090 2408 9090 
264 1779794084 1779794084 0 2656468 8139 9084 487 9084 277 9084 271 -1 -1 -1 
265 1779794084 1779794084 0 2678030 6777 8841 6985 8841 8071 8841 476 8612 145 8612 
266 1779794084 1779794084 0 2484953 3051 8896 3981 9080 539 9224 644 -1 -1 -1 
267 1779794084 1779794084 0 2591495 7132 8985 7138 8985 2671 8985 494 8985 2671 -1 
268 1779794084 1779794084 0 2380096 8916 2478 8957 2478 8957 1726 8537 1963 -1 -1 
269 1779794084 1779794084 0 2650487 5867 8261 8177 -1 -1 -1 -1 -1 -1 -1 
270 1779794084 1779794084 0 2598873 6428 8365 7742 8365 68 9160 7486 9160 6253 9160 
271 1779794084 1779794084 0 2670487 4928 8283 333 8677 1066 9197 1066 9197 1066 8262 
272 1779794084 1779794084 0 2667542 1649 8628 2209 8628 -1 -1 -1 -1 -1 -1 
273 1779794084 1779794084 0 2657435 5196 8249 285 8437 285 -1 -1 -1 -1 -1 
274 1779794084 1779794084 0 2319638 8764 7104 8764 7560 -1 -1 -1 -1 -1 -1 
275 1779794084 1779794084 0 2667629 8278 4075 8364 124 8332 124 8332 124 8332 1810 
276 1779794084 1779794084 0 2549562 6551 8801 17 8581 -1 -1 -1 -1 -1 -1 
277 1779794084 1779794084 0 2407793 2093 8442 289 8442 289 8442 289 8442 53 -1 
278 1779794084 1779794084 0 2650653 8577 4752 8448 343 8448 7832 8448 6147 -1 -1 
279 1779794084 1779794084 0 2453544 4960 9087 4960 9087 5294 9108 7844 -1 -1 -1 
280 1779794084 1779794084 0 2563419 3715 8733 3088 8733 2811 -1 -1 -1 -1 -1 
281 1779794084 1779794084 0 2560931 4155 8295 1705 8295 1705 8295 537 9190 6761 9190 
282 1779794084 1779794084 0 2678030 6918 8295 145 8612 145 8295 476 8612 145 8612 
283 1779794084 1779794084 0 2639962 2657 8928 3723 8928 4841 8928 5129 8928 -1 -1 
284 1779794084 1779794084 0 1463994 4811 8544 5598 -1 -1 -1 -1 -1 -1 -1 
285 1779794084 1779794084 0 2627579 8680 8137 -1 -1 -1 -1 -1 -1 -1 -1 
286 1779794084 1779794084 0 2659095 6615 8956 1613 9028 7995 -1 -1 -1 -1 -1 
287 1779794084 1779794084 0 2657209 4361 9084 4361 -1 -1 -1 -1 -1 -1 -1 
288 1779794084 1779794084 0 2507816 3117 8429 264 8429 608 9129 993 -1 -1 -1 
289 1779794084 1779794084 0 2665511 3513 8257 1376 8257 541 8814 8206 -1 -1 -1 
290 1779794084 1779794084 0 2433578 7195 8595 705 8595 705 -1 -1 -1 -1 -1 
291 1779794084 1779794084 0 2465660 2155 8519 4721 8519 3114 8519 7159 8519 7861 8519 
292 1779794084 1779794084 0 2317878 6256 8348 2110 -1 -1 -1 -1 -1 -1 -1 
293 1779794084 1779794084 0 2667542 7707 8628 2209 8628 -1 -1 -1 -1 -1 -1 
294 1779794084 1779794084 0 2637700 9136 4772 8853 2697 8437 218 8436 278 8626 285 
295 1779794084 1779794084 0 2673757 6611 8590 1023 8590 6113 -1 -1 -1 -1 -1 
296 1779794084 1779794084 0 2674723 6053 8683 7416 8683 3497 8683 -1 -1 -1 -1 
297 1779794084 1779794084 0 2589195 79 8268 983 -1 -1 -1 -1 -1 -1 -1 
298 1779794084 1779794084 0 2584099 5555 8609 6609 8609 829 9090 5977 9090 2408 9090 
299 1779794084 1779794084 0 2635954 363 8283 61 8504 116 8504 7538 8504 506 9123 
300 1779794084 1779794084 0 2644113 1118 8311 630 8391 220 8508 823 8508 220 8564 
301 1779794084 1779794084 0 2604316 8857 1997 8857 1997 8857 1997 8857 -1 -1 -1 
302 1779794084 1779794084 0 2672025 72 8335 2042 8612 145 8612 145 8612 476 8849 
303 1779794084 1779794084 0 2475013 4354 8277 5855 9163 547 8835 547 8835 7886 8835 
304 1779794084 1779794084 0 2194732 4871 8963 4871 8963 1760 8618 7275 -1 -1 -1 
305 1779794084 1779794084 0 2577450 48 8272 48 8272 48 -1 -1 -1 -1 -1 
306 1779794084 1779794084 0 2654768 2421 8888 3285 8686 2610 -1 -1 -1 -1 -1 
307 1779794084 1779794084 0 2265139 3431 8655 849 8599 849 8599 849 -1 -1 -1 
308 1779794084 1779794084 0 2668901 2544 8487 8074 8487 623 8382 623 8382 623 9215 
309 1779794084 1779794084 0 2634029 6578 8306 92 8306 233 8347 829 -1 -1 -1 
310 1779794084 1779794084 0 2674480 8095 8565 7750 -1 -1 -1 -1 -1 -1 -1 
311 1779794084 1779794084 0 2653180 2901 8589 2943 8423 -1 -1 -1 -1 -1 -1 
312 1779794084 1779794084 0 2503614 3680 8548 2356 8548 2356 8548 2356 8548 -1 -1 
313 1779794084 1779794084 0 2636832 5800 8827 3275 8827 3275 -1 -1 -1 -1 -1 
314 1779794084 1779794084 0 2559542 6662 8636 443 8401 2367 -1 -1 -1 -1 -1 
315 1779794084 1779794084 0 2479415 4013 8411 539 8411 7895 -1 -1 -1 -1 -1 
316 1779794084 1779794084 0 2141124 4838 9069 3476 9069 7143 -1 -1 -1 -1 -1 
317 1779794084 1779794084 0 2625639 5411 8657 250 8994 250 8994 484 -1 -1 -1 
318 1779794084 1779794084 0 2322121 5117 8514 4764 8963 5622 8828 2978 -1 -1 -1 
319 1779794084 1779794084 0 1799976 1460 8868 -1 -1 -1 -1 -1 -1 -1 -1 
320 1779794084 1779794084 0 1805783 2001 8474 3694 -1 -1 -1 -1 -1 -1 -1 
321 1779794084 1779794084 0 2677738 6085 8325 2526 8325 16 9109 5299 9109 5299 9109 
322 1779794084 1779794084 0 2677574 3467 8298 465 8298 465 8298 691 -1 -1 -1 
323 1779794084 1779794084 0 2517110 2348 8552 3458 8552 1206 8734 7761 8734 221 9149 
324 1779794084 1779794084 0 2606366 8356 1443 8480 382 8480 959 8253 959 -1 -1 
325 1779794084 1779794084 0 2087864 6644 8574 1878 -1 -1 -1 -1 -1 -1 -1 
326 1779794084 1779794084 0 2532710 8319 51 9168 828 8886 828 8886 828 -1 -1 
327 1779794084 1779794084 0 2666529 2965 8887 2394 8887 2394 8887 -1 -1 -1 -1 
328 1779794084 1779794084 0 2546341 6271 8349 6503 8349 4139 8704 633 8704 2194 9028 
329 1779794084 1779794084 0 2660566 3317 8989 3313 8989 3313 8989 6717 8989 623 8382 
330 1779794084 1779794084 0 1408042 4766 9048 5449 -1 -1 -1 -1 -1 -1 -1 
331 1779794084 1779794084 0 2617419 7926 8504 442 8504 3000 -1 -1 -1 -1 -1 
332 1779794084 1779794084 0 2667366 6876 8328 78 8328 979 8328 78 8245 -1 -1 
333 1779794084 1779794084 0 2667826 584 8411 8159 8411 319 -1 -1 -1 -1 -1 
334 1779794084 1779794084 0 2487513 6896 9163 547 8835 7886 8835 547 -1 -1 -1 
335 1779794084 1779794084 0 2443152 8374 3871 8374 195 8346 -1 -1 -1 -1 -1 
336 1779794084 1779794084 0 2145402 2694 8578 1300 8648 866 8648 866 8648 1279 8625 
337 1779794084 1779794084 0 2487196 3200 8506 3200 8506 3200 -1 -1 -1 -1 -1 
338 1779794084 1779794084 0 1560155 3695 8641 4168 8641 4168 8641 849 8655 849 8641 
339 1779794084 1779794084 0 2430081 6441 8479 7810 -1 -1 -1 -1 -1 -1 -1 
340 1779794084 1779794084 0 2100307 7024 8592 7025 8592 7054 -1 -1 -1 -1 -1 
341 1779794084 1779794084 0 2670308 2517 8467 2517 8467 353 -1 -1 -1 -1 -1 
342 1779794084 1779794084 0 2650283 4141 8546 646 8546 2132 8546 -1 -1 -1 -1 
343 1779794084 1779794084 0 2570893 5988 8556 7032 8556 621 -1 -1 -1 -1 -1 
344 1779794084 1779794084 0 2581000 2071 8275 1205 8275 931 8275 931 8275 931 -1 
345 1779794084 1779794084 0 2678027 38 8260 653 8260 653 8260 -1 -1 -1 -1 
346 1779794084 1779794084 0 2671402 1088 8537 983 8526 2219 8526 1906 -1 -1 -1 
347 1779794084 1779794084 0 2636712 5699 8349 6271 8349 1258 8508 823 -1 -1 -1 
348 1779794084 1779794084 0 2514951 405 8278 1376 8257 1376 8502 -1 -1 -1 -1 
349 1779794084 1779794084 0 2434454 5821 8559 741 8251 7815 -1 -1 -1 -1 -1 
350 1779794084 1779794084 0 1821327 751 8601 975 8601 975 -1 -1 -1 -1 -1 
351 1779794084 1779794084 0 2632294 5687 8250 1680 8250 1802 8549 371 8549 1802 8250 
352 1779794084 1779794084 0 2433578 8595 705 8595 705 8595 -1 -1 -1 -1 -1 
353 1779794084 1779794084 0 2243296 8861 6790 8861 6790 8861 6790 8861 -1 -1 -1 
354 1779794084 1779794084 0 2545911 1348 8297 1940 8297 3332 -1 -1 -1 -1 -1 
355 1779794084 1779794084 0 2670969 7651 8734 6113 8734 1187 8734 1206 8852 1206 -1 
356 1779794084 1779794084 0 2672910 7391 8937 462 8411 484 9224 477 9084 3114 9084 
357 1779794084 1779794084 0 2678030 572 8612 145 8612 145 -1 -1 -1 -1 -1 
358 1779794084 1779794084 0 1205961 8744 1291 8744 1291 8744 1291 8744 -1 -1 -1 
359 1779794084 1779794084 0 2664615 3435 8246 17 8836 764 8836 430 8501 8201 -1 
360 1779794084 1779794084 0 1878486 8581 12 8996 12 8996 12 -1 -1 -1 -1 
361 1779794084 1779794084 0 1379901 5209 9102 5386 -1 -1 -1 -1 -1 -1 -1 
362 1779794084 1779794084 0 780186 2363 8888 3508 -1 -1 -1 -1 -1 -1 -1 
363 1779794084 1779794084 0 2378450 4803 8628 7707 -1 -1 -1 -1 -1 -1 -1 
364 1779794084 1779794084 0 2651482 6516 8285 233 8590 1362 8590 686 -1 -1 -1 
365 1779794084 1779794084 0 2660147 5737 8567 400 8489 997 8489 997 8929 8192 8929 
366 1779794084 1779794084 0 2659657 6037 8778 1148 8869 3080 8869 1148 8869 -1 -1 
367 1779794084 1779794084 0 2672534 1390 9045 6179 9045 6179 9045 6179 -1 -1 -1 
368 1779794084 1779794084 0 2672110 2322 8301 476 8841 335 8906 476 8295 145 8612 
369 1779794084 1779794084 0 2655857 5417 9059 4908 9059 4186 9095 5124 9095 5124 9095 
370 1779794084 1779794084 0 2628089 4202 8435 4202 8248 -1 -1 -1 -1 -1 -1 
371 1779794084 1779794084 0 2636701 6872 8430 218 8437 2697 8437 218 8436 278 8626 
372 1779794084 1779794084 0 2593944 7417 8314 1906 8245 4635 -1 -1 -1 -1 -1 
373 1779794084 1779794084 0 2626871 8922 1373 8361 -1 -1 -1 -1 -1 -1 -1 
374 1779794084 1779794084 0 2343050 5654 9125 5549 9125 5654 9125 5654 9125 5654 9125 
375 1779794084 1779794084 0 2152946 3126 8888 3932 8888 4587 8410 45 9141 1244 9041 
376 1779794084 1779794084 0 2586324 5424 8761 1400 8761 -1 -1 -1 -1 -1 -1 
377 1779794084 1779794084 0 2660536 8193 8324 -1 -1 -1 -1 -1 -1 -1 -1 
378 1779794084 1779794084 0 2292638 4868 9117 1158 9117 6117 -1 -1 -1 -1 -1 
379 1779794084 1779794084 0 2471565 1356 8628 1337 8628 834 -1 -1 -1 -1 -1 
380 1779794084 1779794084 0 1694353 8368 6136 -1 -1 -1 -1 -1 -1 -1 -1 
381 1779794084 1779794084 0 2674723 3497 8683 3497 -1 -1 -1 -1 -1 -1 -1 
382 1779794084 1779794084 0 2672125 6305 8964 335 8841 8071 8841 476 8249 476 8516 
383 1779794084 1779794084 0 2655234 3 8230 3 8230 3 8230 3 8230 3 -1 
384 1779794084 1779794084 0 2645728 8773 1478 8774 1478 8773 1478 8773 1199 8773 1478 
385 1779794084 1779794084 0 2622719 5298 8864 417 8481 417 8512 417 8512 417 8481 
386 1779794084 1779794084 0 2668469 165 8694 2650 8454 371 8454 441 -1 -1 -1 
387 1779794084 1779794084 0 2670683 2276 8234 2616 8234 8 8293 7400 8293 8 -1 
388 1779794084 1779794084 0 2667969 6350 8519 476 8841 8071 8841 476 8519 335 8295 
389 1779794084 1779794084 0 2672673 4730 9069 143 8339 -1 -1 -1 -1 -1 -1 
390 1779794084 1779794084 0 2630038 8764 2185 8764 2185 8764 7991 -1 -1 -1 -1 
391 1779794084 1779794084 0 2652955 8180 8471 -1 -1 -1 -1 -1 -1 -1 -1 
392 1779794084 1779794084 0 1022469 4219 8237 4249 -1 -1 -1 -1 -1 -1 -1 
393 1779794084 1779794084 0 2592777 4244 8644 1070 8644 8089 -1 -1 -1 -1 -1 
394 1779794084 1779794084 0 1572330 3761 9024 3761 9024 3761 9024 3761 9024 -1 -1 
395 1779794084 1779794084 0 2664116 4468 8575 1680 8250 1802 8250 7888 8250 1802 8549 
396 1779794084 1779794084 0 2451993 8636 6662 8636 6662 8636 6662 -1 -1 -1 -1 
397 1779794084 1779794084 0 2672337 4632 9072 2564 8574 5413 9118 5467 9118 5467 9118 
398 1779794084 1779794084 0 2523695 5890 9071 644 9224 7965 -1 -1 -1 -1 -1 
399 1779794084 1779794084 0 2613936 8926 1038 9223 22 8343 22 -1 -1 -1 -1 
400 1779794084 1779794084 0 2666935 8628 6344 8628 834 8628 1299 8628 1299 8628 2209 
401 1779794084 1779794084 0 2608437 2715 8637 1183 8798 8110 -1 -1 -1 -1 -1 
402 1779794084 1779794084 0 2657453 8007 8367 1666 -1 -1 -1 -1 -1 -1 -1 
403 1779794084 1779794084 0 2523419 4409 8587 6856 8587 6856 8587 108 8587 7964 -1 
404 1779794084 1779794084 0 2671463 108 8461 476 8295 -1 -1 -1 -1 -1 -1 
405 1779794084 1779794084 0 1357919 8336 1925 8336 2992 -1 -1 -1 -1 -1 -1 
406 1779794084 1779794084 0 2672935 889 8487 1219 8382 1903 8716 623 9215 6953 9215 
407 1779794084 1779794084 0 2646356 5198 8263 1185 8988 423 -1 -1 -1 -1 -1 
408 1779794084 1779794084 0 2660068 7126 8985 935 9223 68 8758 1381 -1 -1 -1 
409 1779794084 1779794084 0 2503614 2695 8548 4692 8548 2356 -1 -1 -1 -1 -1 
410 1779794084 1779794084 0 2517291 3234 8611 759 8611 749 -1 -1 -1 -1 -1 
411 1779794084 1779794084 0 2285052 5296 8575 3318 8575 3318 -1 -1 -1 -1 -1 
412 1779794084 1779794084 0 1909888 8639 3189 8639 6564 -1 -1 -1 -1 -1 -1 
413 1779794084 1779794084 0 2404174 5863 9059 7768 -1 -1 -1 -1 -1 -1 -1 
414 1779794084 1779794084 0 2642927 5764 9107 2579 9107 5291 9107 5291 -1 -1 -1 
415 1779794084 1779794084 0 2489457 2425 8633 517 8528 517 8528 1043 -1 -1 -1 
416 1779794084 1779794084 0 2644472 8329 119 8329 119 8668 977 -1 -1 -1 -1 
417 1779794084 1779794084 0 2587752 5289 9144 3349 9100 3070 9100 3070 8988 1991 8988 
418 1779794084 1779794084 0 1776778 1802 8250 6336 -1 -1 -1 -1 -1 -1 -1 
419 1779794084 1779794084 0 2252255 1777 8361 5280 8361 3178 8361 7429 -1 -1 -1 
420 1779794084 1779794084 0 2655857 9095 5124 9095 5124 9095 5124 9095 -1 -1 -1 
421 1779794084 1779794084 0 2450700 3051 8896 7839 -1 -1 -1 -1 -1 -1 -1 
422 1779794084 1779794084 0 2420336 7497 8801 7548 -1 -1 -1 -1 -1 -1 -1 
423 1779794084 1779794084 0 2147833 1732 8435 795 8435 1189 8274 1189 9140 2179 8629 
424 1779794084 1779794084 0 2542991 341 8265 1600 8265 1600 8265 7987 -1 -1 -1 
425 1779794084 1779794084 0 2584863 2199 8278 1310 8278 1376 8502 1376 8502 1376 8257 
426 1779794084 1779794084 0 2673219 7891 9215 623 8716 1325 -1 -1 -1 -1 -1 
427 1779794084 1779794084 0 2659831 6871 8623 3965 8881 8186 8881 6600 -1 -1 -1 
428 1779794084 1779794084 0 2620742 1249 8393 224 8393 224 8393 224 8393 -1 -1 
429 1779794084 1779794084 0 2569550 4344 8806 1543 8618 146 8806 1806 8806 146 -1 
430 1779794084 1779794084 0 2646357 8698 1202 8349 1331 8349 220 8564 591 -1 -1 
431 1779794084 1779794084 0 2630564 8745 1296 8745 1296 9226 1296 9226 1296 9092 1296 
432 1779794084 1779794084 0 2668901 7881 9215 6953 9215 623 -1 -1 -1 -1 -1 
433 1779794084 1779794084 0 2650540 1384 8264 683 8264 925 8477 925 8264 -1 -1 
434 1779794084 1779794084 0 2332603 6158 8515 7259 8515 625 -1 -1 -1 -1 -1 
435 1779794084 1779794084 0 2675000 492 8520 364 8537 1726 8260 1342 8260 653 8260 
436 1779794084 1779794084 0 2593139 552 8623 6961 8623 7674 8521 148 8623 1263 8536 
437 1779794084 1779794084 0 2675299 3482 9086 5311 9086 2933 8358 -1 -1 -1 -1 
438 1779794084 1779794084 0 1998635 6743 9007 3540 -1 -1 -1 -1 -1 -1 -1 
439 1779794084 1779794084 0 2471899 3467 8509 3467 8509 -1 -1 -1 -1 -1 -1 
440 1779794084 1779794084 0 2642874 7118 8347 3323 9080 8163 9080 -1 -1 -1 -1 
441 1779794084 1779794084 0 2552855 3846 8316 1066 8355 691 8355 351 -1 -1 -1 
442 1779794084 1779794084 0 2645306 2547 8687 3309 8687 68 9090 1301 8308 1301 -1 
443 1779794084 1779794084 0 2309872 6013 9064 4483 9175 4483 9175 4483 9175 4483 9175 
444 1779794084 1779794084 0 770380 1835 8643 851 8643 851 8643 851 8643 851 8643 
445 1779794084 1779794084 0 2624760 8993 6415 8993 7664 8993 -1 -1 -1 -1 -1 
446 1779794084 1779794084 0 2664170 436 8302 2480 8757 635 9104 635 -1 -1 -1 
447 1779794084 1779794084 0 2147421 2505 8339 2110 8777 -1 -1 -1 -1 -1 -1 
448 1779794084 1779794084 0 2665656 3712 8817 400 8817 616 8817 400 8817 -1 -1 
449 1779794084 1779794084 0 2674471 6853 8327 118 8327 76 8327 76 8327 76 -1 
450 1779794084 1779794084 0 2627030 2012 8227 189 8273 3681 9194 6820 9194 6820 9194 
451 1779794084 1779794084 0 2643017 4503 8853 285 8626 -1 -1 -1 -1 -1 -1 
452 1779794084 1779794084 0 2411262 8724 5262 9102 5262 9102 1684 9102 5262 9102 1684 
453 1779794084 1779794084 0 776906 2360 8237 3494 -1 -1 -1 -1 -1 -1 -1 
454 1779794084 1779794084 0 1740120 3969 8526 2628 -1 -1 -1 -1 -1 -1 -1 
455 1779794084 1779794084 0 2667393 363 8283 6251 8283 611 -1 -1 -1 -1 -1 
456 1779794084 1779794084 0 2512471 7007 8623 7713 8623 4371 -1 -1 -1 -1 -1 
457 1779794084 1779794084 0 2221461 369 8252 1734 8252 7252 -1 -1 -1 -1 -1 
458 1779794084 1779794084 0 2562082 8999 3426 8999 3426 8999 233 8993 7664 8637 7664 
459 1779794084 1779794084 0 2631141 464 8289 40 8804 1633 8804 749 8433 2534 -1 
460 1779794084 1779794084 0 2661410 6550 8964 5526 -1 -1 -1 -1 -1 -1 -1 
461 1779794084 1779794084 0 2668968 8190 8382 623 8817 400 8572 -1 -1 -1 -1 
462 1779794084 1779794084 0 2530356 6892 9166 3752 9018 -1 -1 -1 -1 -1 -1 
463 1779794084 1779794084 0 2664012 3997 8623 482 9166 5552 8975 1865 8398 1865 8975 
464 1779794084 1779794084 0 2477677 4963 8264 2079 -1 -1 -1 -1 -1 -1 -1 
465 1779794084 1779794084 0 2639753 6110 9077 6181 9077 68 9196 6862 9196 6862 9196 
466 1779794084 1779794084 0 2672770 5652 8250 1802 8250 8214 -1 -1 -1 -1 -1 
467 1779794084 1779794084 0 2356224 1486 8540 3537 8540 7065 -1 -1 -1 -1 -1 
468 1779794084 1779794084 0 268305 8505 1507 -1 -1 -1 -1 -1 -1 -1 -1 
469 1779794084 1779794084 0 2672226 9207 512 9207 512 9207 512 9207 512 -1 -1 
470 1779794084 1779794084 0 2666825 2210 8848 2222 8848 1268 8651 875 8260 2870 8260 
471 1779794084 1779794084 0 1068276 4078 8341 4422 -1 -1 -1 -1 -1 -1 -1 
472 1779794084 1779794084 0 2485061 4759 9069 4845 8964 1432 -1 -1 -1 -1 -1 
473 1779794084 1779794084 0 2639962 8149 8928 8149 8928 5129 -1 -1 -1 -1 -1 
474 1779794084 1779794084 0 2374935 10 8236 10 8236 659 8385 212 8385 212 8385 
475 1779794084 1779794084 0 2613936 4593 8806 4645 8343 22 8343 -1 -1 -1 -1 
476 1779794084 1779794084 0 2668968 1773 8572 400 8489 997 8817 616 8817 400 8572 
477 1779794084 1779794084 0 2032278 1034 9042 1034 9042 1034 9042 1034 -1 -1 -1 
478 1779794084 1779794084 0 2660952 6016 8382 623 8671 -1 -1 -1 -1 -1 -1 
479 1779794084 1779794084 0 2495505 7554 8479 2878 -1 -1 -1 -1 -1 -1 -1 
480 1779794084 1779794084 0 2574136 778 8466 49 -1 -1 -1 -1 -1 -1 -1 
481 1779794084 1779794084 0 2675422 9127 205 9127 205 8689 205 9127 205 8379 -1 
482 1779794084 1779794084 0 2461134 8359 3882 8359 3882 8359 7856 -1 -1 -1 -1 
483 1779794084 1779794084 0 2659393 3773 9026 5006 8567 400 8914 3466 -1 -1 -1 
484 1779794084 1779794084 0 2638317 4573 8975 6398 9166 3148 8937 1296 9226 -1 -1 
485 1779794084 1779794084 0 2420336 6782 8801 1820 8801 7548 -1 -1 -1 -1 -1 
486 1779794084 1779794084 0 2636832 6182 9166 384 8827 3275 8827 3275 8827 -1 -1 
487 1779794084 1779794084 0 2664165 4761 8666 1060 8666 1060 8666 1060 -1 -1 -1 
488 1779794084 1779794084 0 2604910 195 8384 1233 8627 -1 -1 -1 -1 -1 -1 
489 1779794084 1779794084 0 1581895 4088 8341 198 8777 5897 -1 -1 -1 -1 -1 
490 1779794084 1779794084 0 2672935 3685 8716 1119 9215 318 9215 6953 9215 -1 -1 
491 1779794084 1779794084 0 2630750 2331 8896 3929 8896 7256 8896 3270 -1 -1 -1 
492 1779794084 1779794084 0 1612927 3259 8778 5955 -1 -1 -1 -1 -1 -1 -1 
493 1779794084 1779794084 0 2643017 3316 8637 7567 8902 2697 8437 285 8626 -1 -1 
494 1779794084 1779794084 0 2672954 6356 8526 3422 8526 2219 8526 1906 8526 1366 -1 
495 1779794084 1779794084 0 2574252 7560 8764 2185 -1 -1 -1 -1 -1 -1 -1 
496 1779794084 1779794084 0 2213285 261 8682 3238 8682 7280 8682 3061 8682 -1 -1 
497 1779794084 1779794084 0 2405410 378 8477 925 8264 443 8498 1019 -1 -1 -1 
498 1779794084 1779794084 0 1864359 2376 8903 2376 8903 2376 8903 2376 -1 -1 -1 
499 1779794084 1779794084 0 2524719 9073 6714 9073 6714 -1 -1 -1 -1 -1 -1 
500 1779794084 1779794084 0 2648761 1631 8425 737 8486 737 8425 737 -1 -1 -1 
501 1779794084 1779794084 0 2274042 5451 8248 6314 8248 6314 -1 -1 -1 -1 -1 
502 1779794084 1779794084 0 2675373 7852 9224 477 9084 994 9084 277 9084 277 9084 
503 1779794084 1779794084 0 2665375 3248 8343 5622 8550 6747 8550 6747 8550 6747 -1 
504 1779794084 1779794084 0 2439461 678 9046 66 9172 66 -1 -1 -1 -1 -1 
505 1779794084 1779794084 0 1092110 64 8287 391 8287 64 -1 -1 -1 -1 -1 
506 1779794084 1779794084 0 2587958 7791 9128 5577 9128 5577 -1 -1 -1 -1 -1 
507 1779794084 1779794084 0 2678158 3762 9025 3762 9025 3762 -1 -1 -1 -1 -1 
508 1779794084 1779794084 0 1292645 2798 8633 2425 8633 2103 9069 5134 -1 -1 -1 
509 1779794084 1779794084 0 2066369 8358 6955 -1 -1 -1 -1 -1 -1 -1 -1 
510 1779794084 1779794084 0 2672935 8195 9215 6953 9215 -1 -1 -1 -1 -1 -1 
511 1779794084 1779794084 0 2604316 296 8872 3320 8857 1997 8857 -1 -1 -1 -1 
512 1779794084 1779794084 0 2506004 1811 8411 1702 8235 9 8235 -1 -1 -1 -1 
513 1779794084 1779794084 0 846584 881 8649 1640 8649 1640 8649 873 -1 -1 -1 
514 1779794084 1779794084 0 2612914 9205 2196 8351 4507 8351 1411 8351 63 8351 430 
515 1779794084 1779794084 0 1804387 8737 400 8817 4256 -1 -1 -1 -1 -1 -1 
516 1779794084 1779794084 0 2671633 4149 8260 7536 8591 68 9084 318 9084 4251 -1 
517 1779794084 1779794084 0 2676111 2201 8758 1101 8758 1101 8758 1101 -1 -1 -1 
518 1779794084 1779794084 0 2084614 3543 8312 6848 -1 -1 -1 -1 -1 -1 -1 
519 1779794084 1779794084 0 2670969 6317 8852 2466 8852 2723 8852 1206 8852 1206 -1 
520 1779794084 1779794084 0 1658578 1879 8842 1856 8842 3931 -1 -1 -1 -1 -1 
521 1779794084 1779794084 0 2451713 1630 8387 3046 8387 1348 8636 6662 8636 7399 -1 
522 1779794084 1779794084 0 1993388 3691 9017 3691 9017 3691 -1 -1 -1 -1 -1 
523 1779794084 1779794084 0 2673412 8773 1478 8773 1199 8773 8217 -1 -1 -1 -1 
524 1779794084 1779794084 0 908691 1875 8588 3876 -1 -1 -1 -1 -1 -1 -1 
525 1779794084 1779794084 0 2677979 8260 2349 8260 7665 8260 2870 8260 653 8260 8226 
526 1779794084 1779794084 0 2563419 5319 8575 2078 8733 2811 -1 -1 -1 -1 -1 
527 1779794084 1779794084 0 2665460 6634 8292 256 8421 5318 8421 467 8421 467 8421 
528 1779794084 1779794084 0 2032278 9052 1034 9052 1034 9042 1034 9042 -1 -1 -1 
529 1779794084 1779794084 0 2465674 4780 9144 6316 9144 5865 -1 -1 -1 -1 -1 
530 1779794084 1779794084 0 2626871 8134 8361 1373 -1 -1 -1 -1 -1 -1 -1 
531 1779794084 1779794084 0 2675734 5351 8347 6914 8347 3148 8937 1176 -1 -1 -1 
532 1779794084 1779794084 0 2598711 3358 8448 73 9160 6253 9160 7486 9160 6253 9160 
533 1779794084 1779794084 0 2670487 7919 9197 1066 8262 -1 -1 -1 -1 -1 -1 
534 1779794084 1779794084 0 2665846 776 8260 3514 8814 7963 8814 249 8652 2876 -1 
535 1779794084 1779794084 0 1982391 2884 8420 2554 8420 40 9065 4487 9065 4487 9065 
536 1779794084 1779794084 0 2677386 347 8887 2394 8887 318 9084 994 8634 -1 -1 
537 1779794084 1779794084 0 2671980 2269 8814 17 9084 2468 -1 -1 -1 -1 -1 
538 1779794084 1779794084 0 2575562 1145 8483 6088 8483 7227 8504 2365 8504 1712 8504 
539 1779794084 1779794084 0 2622253 1412 9117 4868 9085 233 9049 4148 9049 8122 -1 
540 1779794084 1779794084 0 1201969 8931 2729 8931 2729 8931 2729 8931 4860 -1 -1 
541 1779794084 1779794084 0 2398874 953 8411 675 9072 1367 9072 2564 8562 1240 -1 
542 1779794084 1779794084 0 2508616 9193 615 9212 615 9212 615 9212 615 9139 -1 
543 1779794084 1779794084 0 2665274 6428 8365 274 8365 8119 -1 -1 -1 -1 -1 
544 1779794084 1779794084 0 2644290 4935 8285 494 8985 935 8985 2671 8985 4085 8552 
545 1779794084 1779794084 0 2481973 4410 8488 5115 8488 2946 8488 7344 8255 -1 -1 
546 1779794084 1779794084 0 2095796 2682 8470 233 8369 -1 -1 -1 -1 -1 -1 
547 1779794084 1779794084 0 2677738 8459 2923 9213 7522 9213 7522 9213 7522 -1 -1 
548 1779794084 1779794084 0 2596637 5341 8575 5358 8603 3203 8603 635 8603 -1 -1 
549 1779794084 1779794084 0 2669075 2038 8883 499 8883 6654 8419 461 8582 -1 -1 
550 1779794084 1779794084 0 2648089 2929 8243 311 8740 411 -1 -1 -1 -1 -1 
551 1779794084 1779794084 0 2379652 2321 8899 233 8526 7710 -1 -1 -1 -1 -1 
552 1779794084 1779794084 0 2675018 6029 8243 4464 8243 887 -1 -1 -1 -1 -1 
553 1779794084 1779794084 0 2674963 3536 8985 1066 9197 1066 9197 3114 9084 68 8260 
554 1779794084 1779794084 0 2584554 4510 8806 4546 8806 146 9059 4186 9095 5124 9095 
555 1779794084 1779794084 0 2641999 327 8892 327 8892 623 8716 4725 8716 1119 8716 
556 1779794084 1779794084 0 2444645 1282 8636 6852 8636 7831 -1 -1 -1 -1 -1 
557 1779794084 1779794084 0 2598153 128 8302 1376 8502 1376 8257 374 8474 1411 8351 
558 1779794084 1779794084 0 2660566 3413 8716 623 8671 623 8382 -1 -1 -1 -1 
559 1779794084 1779794084 0 2588943 416 8268 1296 8268 2353 8268 2353 8268 2353 8268 
560 1779794084 1779794084 0 2551339 6708 8911 359 8474 430 8703 3741 -1 -1 -1 
561 1779794084 1779794084 0 2649627 3133 8807 346 8458 -1 -1 -1 -1 -1 -1 
562 1779794084 1779794084 0 2622253 4411 9049 4148 9049 4148 9049 8122 -1 -1 -1 
563 1779794084 1779794084 0 2670788 856 8273 532 8906 1721 8906 476 8516 143 8591 
564 1779794084 1779794084 0 2572862 1479 9115 6789 9115 2434 8244 18 -1 -1 -1 
565 1779794084 1779794084 0 1343857 2843 8942 4318 -1 -1 -1 -1 -1 -1 -1 
566 1779794084 1779794084 0 2495126 6482 8686 1397 8719 731 -1 -1 -1 -1 -1 
567 1779794084 1779794084 0 2584377 1858 8377 3225 -1 -1 -1 -1 -1 -1 -1 
568 1779794084 1779794084 0 2666960 2081 8781 2111 8781 2111 8781 -1 -1 -1 -1 
569 1779794084 1779794084 0 2562082 4237 8588 1981 9163 547 9163 6213 8637 7664 8637 
570 1779794084 1779794084 0 2666060 1187 9142 68 8668 977 8668 2041 -1 -1 -1 
571 1779794084 1779794084 0 2574136 1007 8274 49 8466 49 -1 -1 -1 -1 -1 
572 1779794084 1779794084 0 2652597 3500 8491 524 8491 -1 -1 -1 -1 -1 -1 
573 1779794084 1779794084 0 2646541 1500 8462 4827 8462 575 8462 2522 -1 -1 -1 
574 1779794084 1779794084 0 2678027 3613 9099 3613 9099 68 8260 653 8260 -1 -1 
575 1779794084 1779794084 0 2647381 5413 8574 783 8853 2697 8853 7453 -1 -1 -1 
576 1779794084 1779794084 0 2582220 3868 8888 3932 9168 3360 8250 8073 -1 -1 -1 
577 1779794084 1779794084 0 2546041 972 8368 443 8741 6450 8741 759 8741 759 8741 
578 1779794084 1779794084 0 2247551 4802 8419 3011 8519 3114 8519 6350 8519 7159 8519 
579 1779794084 1779794084 0 2531692 4013 8411 658 8411 7975 -1 -1 -1 -1 -1 
580 1779794084 1779794084 0 2653440 3204 8639 3302 8639 951 8639 5998 8639 951 8639 
581 1779794084 1779794084 0 2677506 1867 8275 931 8275 931 8275 1205 -1 -1 -1 
582 1779794084 1779794084 0 2565924 4272 8929 997 8684 7412 8684 2825 8684 6701 -1 
583 1779794084 1779794084 0 1319544 4476 8295 5199 -1 -1 -1 -1 -1 -1 -1 
584 1779794084 1779794084 0 2216309 796 8828 5312 8828 625 8609 6787 -1 -1 -1 
585 1779794084 1779794084 0 2226154 8871 2076 8871 2076 8871 2076 8871 -1 -1 -1 
586 1779794084 1779794084 0 2648186 7327 8603 635 8757 6756 8757 1388 -1 -1 -1 
587 1779794084 1779794084 0 2490237 2251 8474 359 -1 -1 -1 -1 -1 -1 -1 
588 1779794084 1779794084 0 2671463 3114 8519 7159 8519 476 8295 -1 -1 -1 -1 
589 1779794084 1779794084 0 2380096 8520 364 8537 5519 8537 1963 8537 1963 -1 -1 
590 1779794084 1779794084 0 2659846 8936 967 8616 3387 8616 1652 8616 768 8440 -1 
591 1779794084 1779794084 0 2666236 7111 9168 142 9205 646 -1 -1 -1 -1 -1 
592 1779794084 1779794084 0 2466453 1642 8581 535 8574 1878 8574 2564 8574 7051 8718 
593 1779794084 1779794084 0 2658875 8998 104 8998 6264 -1 -1 -1 -1 -1 -1 
594 1779794084 1779794084 0 2666965 4909 8250 1802 8250 1802 8250 1680 9148 1680 -1 
595 1779794084 1779794084 0 2626659 3883 8361 8134 -1 -1 -1 -1 -1 -1 -1 
596 1779794084 1779794084 0 2624149 2839 8323 1327 8925 938 8632 938 9051 684 8440 
597 1779794084 1779794084 0 2651863 3881 8998 997 8684 13 8659 13 8659 13 8659 
598 1779794084 1779794084 0 2159558 6125 8347 5534 8347 7193 -1 -1 -1 -1 -1 
599 1779794084 1779794084 0 2666964 386 8937 7994 8347 3148 -1 -1 -1 -1 -1 
600 1779794084 1779794084 0 2642889 1559 8227 6472 8227 4202 8435 4202 8273 -1 -1 
601 1779794084 1779794084 0 2659732 765 8401 5191 8401 5164 8401 1547 8587 -1 -1 
602 1779794084 1779794084 0 2677574 7265 9168 17 8298 465 8298 691 -1 -1 -1 
603 1779794084 1779794084 0 2523083 5779 8644 5779 8644 2611 -1 -1 -1 -1 -1 
604 1779794084 1779794084 0 2675165 7299 8964 476 8476 490 -1 -1 -1 -1 -1 
605 1779794084 1779794084 0 2410075 796 8828 4532 8828 1972 8370 600 9216 600 9216 
606 1779794084 1779794084 0 2662497 4602 8762 3880 8762 3880 -1 -1 -1 -1 -1 
607 1779794084 1779794084 0 2622535 1993 8588 681 8588 1277 8749 6099 8749 -1 -1 
608 1779794084 1779794084 0 2568604 7114 8937 6646 8937 5552 8937 5552 8937 7994 8937 
609 1779794084 1779794084 0 2653102 4823 9069 487 9084 109 8520 -1 -1 -1 -1 
610 1779794084 1779794084 0 2512552 5063 8314 4707 8314 -1 -1 -1 -1 -1 -1 
611 1779794084 1779794084 0 1013627 2865 8888 2234 8888 1584 -1 -1 -1 -1 -1 
612 1779794084 1779794084 0 2569623 288 8441 1647 9210 1647 9060 1922 9060 1922 -1 
613 1779794084 1779794084 0 2633580 3798 8419 6654 -1 -1 -1 -1 -1 -1 -1 
614 1779794084 1779794084 0 2664850 657 8806 17 8665 2068 8665 -1 -1 -1 -1 
615 1779794084 1779794084 0 2676808 3421 8411 1862 9084 4752 8772 541 8814 3514 -1 
616 1779794084 1779794084 0 2573889 6703 8990 116 8990 8055 8990 -1 -1 -1 -1 
617 1779794084 1779794084 0 2668874 8987 1087 8832 1087 9225 1087 9220 1087 9220 1087 
618 1779794084 1779794084 0 2629990 1361 8308 1301 9090 2408 9090 286 9090 286 -1 
619 1779794084 1779794084 0 2216717 1330 8671 623 8658 1231 8658 1231 -1 -1 -1 
620 1779794084 1779794084 0 2427035 6575 8260 4331 -1 -1 -1 -1 -1 -1 -1 
621 1779794084 1779794084 0 2672125 4255 8887 3649 8849 476 8516 -1 -1 -1 -1 
622 1779794084 1779794084 0 2671463 8311 476 8476 502 8476 476 8295 -1 -1 -1 
623 1779794084 1779794084 0 1867700 5924 8778 6531 -1 -1 -1 -1 -1 -1 -1 
624 1779794084 1779794084 0 2649769 1992 8980 2461 8980 -1 -1 -1 -1 -1 -1 
625 1779794084 1779794084 0 2645256 703 8894 2289 8894 2289 8894 2289 -1 -1 -1 
626 1779794084 1779794084 0 2677769 489 9131 233 9137 5320 9137 5320 9137 -1 -1 
627 1779794084 1779794084 0 2631099 2675 8546 646 9223 1305 9223 1305 -1 -1 -1 
628 1779794084 1779794084 0 2676273 8220 8316 160 -1 -1 -1 -1 -1 -1 -1 
629 1779794084 1779794084 0 2503614 2131 8548 2356 8548 -1 -1 -1 -1 -1 -1 
630 1779794084 1779794084 0 2639271 3443 8726 890 9047 -1 -1 -1 -1 -1 -1 
631 1779794084 1779794084 0 2588350 6962 9113 6962 -1 -1 -1 -1 -1 -1 -1 
632 1779794084 1779794084 0 2671980 4880 9069 4845 9069 109 9084 8196 9084 2468 -1 
633 1779794084 1779794084 0 2647827 6303 8841 4494 8636 167 8801 2240 8740 311 8740 
634 1779794084 1779794084 0 2592482 2463 8888 1280 8268 1296 9226 1296 8268 1296 9092 
635 1779794084 1779794084 0 2647968 1189 8809 1189 9023 1082 9023 4186 -1 -1 -1 
636 1779794084 1779794084 0 2655324 2104 8243 7075 8243 311 8740 311 8442 -1 -1 
637 1779794084 1779794084 0 2639887 8293 596 8606 5415 8606 -1 -1 -1 -1 -1 
638 1779794084 1779794084 0 2490967 5097 8733 4225 9181 4225 9181 4225 9202 1862 9202 
639 1779794084 1779794084 0 2659349 5189 8295 4957 8295 171 8295 402 8778 5314 -1 
640 1779794084 1779794084 0 2649500 6745 8699 4085 9196 6862 9196 6862 -1 -1 -1 
641 1779794084 1779794084 0 2636701 1585 8796 285 8796 285 8436 218 8626 278 -1 
642 1779794084 1779794084 0 2672954 6591 8510 1906 8526 1366 -1 -1 -1 -1 -1 
643 1779794084 1779794084 0 1878486 8238 12 8996 12 -1 -1 -1 -1 -1 -1 
644 1779794084 1779794084 0 1819779 3072 8950 4293 -1 -1 -1 -1 -1 -1 -1 
645 1779794084 1779794084 0 2668476 7334 8347 6956 8937 3148 8937 8211 -1 -1 -1 
646 1779794084 1779794084 0 2656211 9040 3981 9040 1752 8896 277 9084 8161 -1 -1 
647 1779794084 1779794084 0 2664116 2084 8549 371 8549 861 8549 1802 -1 -1 -1 
648 1779794084 1779794084 0 2677241 8017 8411 1932 8411 981 8411 2436 9084 4217 -1 
649 1779794084 1779794084 0 2481343 7667 8411 658 -1 -1 -1 -1 -1 -1 -1 
650 1779794084 1779794084 0 1349879 3656 8578 5269 -1 -1 -1 -1 -1 -1 -1 
651 1779794084 1779794084 0 2677386 8145 9084 277 9084 994 8634 -1 -1 -1 -1 
652 1779794084 1779794084 0 2427826 3717 8473 2746 9057 2746 9057 2746 9057 2746 9057 
653 1779794084 1779794084 0 2653102 1151 8588 1392 8470 1392 8470 109 8520 -1 -1 
654 1779794084 1779794084 0 2243296 4001 8861 6790 8861 6790 8861 -1 -1 -1 -1 
655 1779794084 1779794084 0 2273378 4081 8341 608 8935 671 8935 671 8935 -1 -1 
656 1779794084 1779794084 0 2562248 8538 6491 8538 6491 -1 -1 -1 -1 -1 -1 
657 1779794084 1779794084 0 2341600 7113 8849 7652 -1 -1 -1 -1 -1 -1 -1 
658 1779794084 1779794084 0 2672299 3062 8588 3896 9034 4144 9034 17 8612 476 8462 
659 1779794084 1779794084 0 2642889 703 8435 4202 8273 -1 -1 -1 -1 -1 -1 
660 1779794084 1779794084 0 2581056 5213 8539 1424 8539 1424 -1 -1 -1 -1 -1 
661 1779794084 1779794084 0 2523695 7846 9224 7965 -1 -1 -1 -1 -1 -1 -1 
662 1779794084 1779794084 0 2672534 2158 9045 5869 9045 6179 9045 6179 9045 6179 9045 
663 1779794084 1779794084 0 2641765 8337 5354 8337 5354 8337 342 8464 342 8464 -1 
664 1779794084 1779794084 0 2302349 8441 1647 9210 1647 9210 1647 9210 -1 -1 -1 
665 1779794084 1779794084 0 2655234 8230 3 8230 3 8230 3 8230 -1 -1 -1 
666 1779794084 1779794084 0 2443152 2888 8936 39 8374 195 8346 -1 -1 -1 -1 
667 1779794084 1779794084 0 2672125 7326 8491 559 8491 5622 8516 335 8295 476 8516 
668 1779794084 1779794084 0 2678000 5797 8963 5622 8576 636 8576 17 8676 -1 -1 
669 1779794084 1779794084 0 2556153 2884 8420 2554 8420 233 8683 1033 8683 196 8683 
670 1779794084 1779794084 0 2209288 4308 8631 3461 8631 3461 8631 1696 -1 -1 -1 
671 1779794084 1779794084 0 2545310 7974 9004 3029 9004 7842 -1 -1 -1 -1 -1 
672 1779794084 1779794084 0 2419888 8957 2478 8957 2478 8916 -1 -1 -1 -1 -1 
673 1779794084 1779794084 0 2659732 8587 1547 -1 -1 -1 -1 -1 -1 -1 -1 
674 1779794084 1779794084 0 2658024 7069 8642 850 8642 596 8259 -1 -1 -1 -1 
675 1779794084 1779794084 0 2529872 7912 8347 1488 -1 -1 -1 -1 -1 -1 -1 
676 1779794084 1779794084 0 2424663 2734 8933 2734 8933 2734 8933 -1 -1 -1 -1 
677 1779794084 1779794084 0 2633385 2039 8855 5912 8855 4100 8927 2648 -1 -1 -1 
678 1779794084 1779794084 0 2643416 6878 8636 6662 8636 8165 -1 -1 -1 -1 -1 
679 1779794084 1779794084 0 2028656 9098 1031 9098 1031 9098 1031 9098 1031 9098 1031 
680 1779794084 1779794084 0 2675243 4011 8698 1971 8698 1971 -1 -1 -1 -1 -1 
681 1779794084 1779794084 0 2672226 717 8806 7368 8806 1806 8806 717 9207 512 -1 
682 1779794084 1779794084 0 2559434 2303 8556 4635 8245 78 8328 1791 8328 4076 -1 
683 1779794084 1779794084 0 2129992 7119 8545 4515 -1 -1 -1 -1 -1 -1 -1 
684 1779794084 1779794084 0 2633158 8148 8408 -1 -1 -1 -1 -1 -1 -1 -1 
685 1779794084 1779794084 0 2606628 3220 8370 353 8547 353 8547 8105 8419 8105 8547 
686 1779794084 1779794084 0 1765768 10 8236 10 8236 10 8236 5182 -1 -1 -1 
687 1779794084 1779794084 0 2673335 7794 8734 1136 8734 221 8734 -1 -1 -1 -1 
688 1779794084 1779794084 0 2011666 8932 2733 8932 2733 8932 233 8257 1376 8502 1376 
689 1779794084 1779794084 0 2328709 908 8515 546 8515 2456 8515 2456 -1 -1 -1 
690 1779794084 1779794084 0 1827846 8648 5029 8648 5029 -1 -1 -1 -1 -1 -1 
691 1779794084 1779794084 0 2666970 7224 8526 8208 -1 -1 -1 -1 -1 -1 -1 
692 1779794084 1779794084 0 2636166 3415 8827 3275 8827 384 8827 1656 8827 3275 8827 
693 1779794084 1779794084 0 2627879 129 8336 4672 8937 2390 8401 4752 8772 3352 -1 
694 1779794084 1779794084 0 2652147 8010 8734 7914 -1 -1 -1 -1 -1 -1 -1 
695 1779794084 1779794084 0 2662038 6486 8740 411 8740 411 8740 311 8876 -1 -1 
696 1779794084 1779794084 0 2613260 291 8292 4875 8292 764 8836 430 8351 430 8371 
697 1779794084 1779794084 0 2602652 43 8250 2591 8282 7864 -1 -1 -1 -1 -1 
698 1779794084 1779794084 0 2677506 2077 8275 1205 8275 931 8275 1205 -1 -1 -1 
699 1779794084 1779794084 0 844970 3541 8910 2432 -1 -1 -1 -1 -1 -1 -1 
700 1779794084 1779794084 0 2671402 7330 8526 2219 8526 4033 8526 1906 -1 -1 -1 
701 1779794084 1779794084 0 2667629 1810 8332 124 8332 124 8332 124 8332 1810 8332 
702 1779794084 1779794084 0 2629749 5254 8575 4697 9071 36 9071 36 8411 584 8411 
703 1779794084 1779794084 0 1590593 1165 8392 1912 8392 5913 -1 -1 -1 -1 -1 
704 1779794084 1779794084 0 2566845 2183 8578 865 8578 865 8578 865 -1 -1 -1 
705 1779794084 1779794084 0 2676111 2201 8758 1101 8758 5869 8758 1381 8758 1101 -1 
706 1779794084 1779794084 0 2208458 5593 8544 4586 8544 1570 9205 7301 -1 -1 -1 
707 1779794084 1779794084 0 2237642 7330 8526 7398 -1 -1 -1 -1 -1 -1 -1 
708 1779794084 1779794084 0 2615523 8080 8585 3891 -1 -1 -1 -1 -1 -1 -1 
709 1779794084 1779794084 0 2674174 1946 8371 2251 8371 1975 8577 1975 -1 -1 -1 
710 1779794084 1779794084 0 2645935 6493 8962 3404 8962 611 8446 8171 -1 -1 -1 
711 1779794084 1779794084 0 2569987 1307 8747 1307 8747 1616 8747 -1 -1 -1 -1 
712 1779794084 1779794084 0 1205655 4871 8963 4082 -1 -1 -1 -1 -1 -1 -1 
713 1779794084 1779794084 0 2571082 868 8277 6378 8277 1406 -1 -1 -1 -1 -1 
714 1779794084 1779794084 0 2597061 1857 8792 1568 8792 1568 8792 1568 -1 -1 -1 
715 1779794084 1779794084 0 2355813 1170 8273 423 8384 912 8588 885 8588 -1 -1 
716 1779794084 1779794084 0 2677664 7589 8347 5552 8937 8225 -1 -1 -1 -1 -1 
717 1779794084 1779794084 0 2642529 202 8384 104 8998 104 8384 104 -1 -1 -1 
718 1779794084 1779794084 0 2570857 8045 8444 8045 -1 -1 -1 -1 -1 -1 -1 
719 1779794084 1779794084 0 2402508 7026 8879 5945 -1 -1 -1 -1 -1 -1 -1 
720 1779794084 1779794084 0 848614 1227 8649 1640 8649 1640 8649 1198 8649 3693 -1 
721 1779794084 1779794084 0 2289724 5627 8402 5622 8737 -1 -1 -1 -1 -1 -1 
722 1779794084 1779794084 0 2608918 4495 8588 2388 8540 1448 8229 2 8229 -1 -1 
723 1779794084 1779794084 0 2207541 913 8667 1608 8667 1608 8667 1608 8667 1608 -1 
724 1779794084 1779794084 0 2672547 7247 8260 1959 8734 1343 8734 1343 9205 6411 9205 
725 1779794084 1779794084 0 2676457 7995 9028 482 9028 3535 -1 -1 -1 -1 -1 
726 1779794084 1779794084 0 2324772 471 8719 1572 8719 2045 8719 68 9144 4780 9144 
727 1779794084 1779794084 0 2328184 166 8354 266 8354 777 8354 1274 8354 443 8636 
728 1779794084 1779794084 0 2659323 4217 8432 270 8432 270 8432 270 -1 -1 -1 
729 1779794084 1779794084 0 2280940 2174 8274 1189 9113 1189 9153 1189 9153 1189 9153 
730 1779794084 1779794084 0 2464519 5125 8587 108 8461 108 8461 108 -1 -1 -1 
731 1779794084 1779794084 0 2659349 2362 8510 161 8510 402 8778 5314 -1 -1 -1 
732 1779794084 1779794084 0 2465674 6316 9144 6316 9144 1599 9144 5865 -1 -1 -1 
733 1779794084 1779794084 0 2636424 372 8436 285 8436 278 8436 -1 -1 -1 -1 
734 1779794084 1779794084 0 2600509 4013 8411 1762 8411 36 8411 8101 -1 -1 -1 
735 1779794084 1779794084 0 2629990 689 8591 2196 8577 1975 8741 1471 9090 286 9090 
736 1779794084 1779794084 0 2496986 3816 8855 4123 8855 233 8801 2769 8446 2595 -1 
737 1779794084 1779794084 0 2629878 5940 8986 3270 8986 3270 8986 -1 -1 -1 -1 
738 1779794084 1779794084 0 1799976 2279 8868 2925 8868 1460 -1 -1 -1 -1 -1 
739 1779794084 1779794084 0 2603262 6888 8328 78 8328 -1 -1 -1 -1 -1 -1 
740 1779794084 1779794084 0 2516952 8672 5876 8672 17 8876 22 8876 2776 -1 -1 
741 1779794084 1779794084 0 2498915 8817 3351 8817 3712 -1 -1 -1 -1 -1 -1 
742 1779794084 1779794084 0 2674426 1241 8522 2788 8522 2788 8522 2788 8522 2788 -1 
743 1779794084 1779794084 0 2678373 1574 8722 2399 8722 2399 8722 -1 -1 -1 -1 
744 1779794084 1779794084 0 2672910 7194 8558 1197 8558 482 8896 277 9084 3114 -1 
745 1779794084 1779794084 0 2557985 5644 8511 68 8881 5107 8881 935 9223 8013 -1 
746 1779794084 1779794084 0 2218888 5225 8950 3072 -1 -1 -1 -1 -1 -1 -1 
747 1779794084 1779794084 0 2239630 5462 8848 1041 -1 -1 -1 -1 -1 -1 -1 
748 1779794084 1779794084 0 2678030 7697 8772 4752 8612 145 8612 145 8612 -1 -1 
749 1779794084 1779794084 0 2570777 6736 9189 6736 9189 6736 9189 -1 -1 -1 -1 
750 1779794084 1779794084 0 2574476 1562 8565 1591 8565 1591 8570 1591 8565 5711 -1 
751 1779794084 1779794084 0 2672299 6260 8242 171 8295 476 8519 476 8462 -1 -1 
752 1779794084 1779794084 0 2657453 1410 8269 1684 8367 1666 8367 1666 -1 -1 -1 
753 1779794084 1779794084 0 2672534 3158 8888 40 9045 6179 9045 6179 9045 6179 -1 
754 1779794084 1779794084 0 2366011 5740 8446 2769 8637 7685 -1 -1 -1 -1 -1 
755 1779794084 1779794084 0 2074919 3785 8540 535 8344 6978 -1 -1 -1 -1 -1 
756 1779794084 1779794084 0 2553116 4484 8343 2840 8343 8004 -1 -1 -1 -1 -1 
757 1779794084 1779794084 0 2318139 5290 8368 349 8348 7581 8348 7581 -1 -1 -1 
758 1779794084 1779794084 0 2500858 7505 8314 2277 8314 5480 -1 -1 -1 -1 -1 
759 1779794084 1779794084 0 2673852 4592 9022 3749 9022 3749 9022 -1 -1 -1 -1 
760 1779794084 1779794084 0 2674585 7265 8347 3148 8937 5552 8937 8219 -1 -1 -1 
761 1779794084 1779794084 0 2669883 4385 8263 221 8734 4096 8734 221 8719 -1 -1 
762 1779794084 1779794084 0 2667908 3173 8267 3173 8267 3182 -1 -1 -1 -1 -1 
763 1779794084 1779794084 0 2623229 8865 285 8865 285 8389 -1 -1 -1 -1 -1 
764 1779794084 1779794084 0 1892866 3936 8237 4634 8591 6588 -1 -1 -1 -1 -1 
765 1779794084 1779794084 0 2675355 5927 8851 1058 8680 8221 8680 -1 -1 -1 -1 
766 1779794084 1779794084 0 2602622 4432 8670 3046 8387 443 8282 7864 8282 7864 8282 
767 1779794084 1779794084 0 2487513 3054 8588 1981 9163 1981 9163 547 9163 547 8835 
768 1779794084 1779794084 0 2442237 2069 8346 819 8346 819 8346 7700 -1 -1 -1 
769 1779794084 1779794084 0 2631087 1258 8508 823 8508 639 8349 373 -1 -1 -1 
770 1779794084 1779794084 0 2676808 5868 8814 7963 8814 3514 -1 -1 -1 -1 -1 
771 1779794084 1779794084 0 2285487 5988 8556 7509 -1 -1 -1 -1 -1 -1 -1 
772 1779794084 1779794084 0 1986049 4457 8343 6216 -1 -1 -1 -1 -1 -1 -1 
773 1779794084 1779794084 0 2226391 4026 8726 1779 -1 -1 -1 -1 -1 -1 -1 
774 1779794084 1779794084 0 2676111 1381 8247 1381 8758 1101 8758 1381 8758 1101 -1 
775 1779794084 1779794084 0 2008220 5297 8806 4343 -1 -1 -1 -1 -1 -1 -1 
776 1779794084 1779794084 0 2664165 6686 8666 1060 8666 1060 -1 -1 -1 -1 -1 
777 1779794084 1779794084 0 2636832 3666 8827 3275 8827 3275 8827 3275 8827 -1 -1 
778 1779794084 1779794084 0 2662986 3189 8639 846 8639 951 8639 951 8639 3204 -1 
779 1779794084 1779794084 0 2425917 3517 8763 1599 9144 4137 -1 -1 -1 -1 -1 
780 1779794084 1779794084 0 2323411 5368 8972 615 9193 615 9212 615 9212 615 9212 
781 1779794084 1779794084 0 2522636 8404 144 8344 2548 8581 2548 8555 4215 8555 5630 
782 1779794084 1779794084 0 2537522 4036 8670 3046 8670 969 -1 -1 -1 -1 -1 
783 1779794084 1779794084 0 2573755 240 8410 322 8622 356 8550 6747 8550 6747 8550 
784 1779794084 1779794084 0 2626659 1373 8922 1373 8361 7429 8361 8134 -1 -1 -1 
785 1779794084 1779794084 0 2645808 8008 8463 6245 -1 -1 -1 -1 -1 -1 -1 
786 1779794084 1779794084 0 2496458 764 8474 374 -1 -1 -1 -1 -1 -1 -1 
787 1779794084 1779794084 0 2630038 6400 8764 7560 8764 2185 8764 7991 -1 -1 -1 
788 1779794084 1779794084 0 2507475 8256 81 8256 2769 9168 2011 8250 1661 -1 -1 
789 1779794084 1779794084 0 2462551 2415 8637 210 8902 210 8902 7567 8902 7859 8902 
790 1779794084 1779794084 0 2642175 7275 8618 284 8447 -1 -1 -1 -1 -1 -1 
791 1779794084 1779794084 0 2670011 3410 8576 327 8451 327 8451 327 8576 636 8576 
792 1779794084 1779794084 0 2666529 523 8423 437 9071 402 8887 119 8887 2394 8887 
793 1779794084 1779794084 0 2678373 1707 8722 2399 8722 -1 -1 -1 -1 -1 -1 
794 1779794084 1779794084 0 2611781 4057 8501 1040 8371 430 8703 764 -1 -1 -1 
795 1779794084 1779794084 0 2486294 8506 6562 8506 6261 8506 7909 -1 -1 -1 -1 
796 1779794084 1779794084 0 2648578 4060 8504 442 9214 7899 8252 -1 -1 -1 -1 
797 1779794084 1779794084 0 2545310 3029 9155 3029 9004 7842 -1 -1 -1 -1 -1 
798 1779794084 1779794084 0 2521744 5503 8685 4052 8574 7012 8574 3532 9168 3360 8250 
799 1779794084 1779794084 0 1177840 4714 9069 4746 -1 -1 -1 -1 -1 -1 -1 
800 1779794084 1779794084 0 2522919 6888 8328 78 8328 7035 -1 -1 -1 -1 -1 
801 1779794084 1779794084 0 2428630 3561 8237 4634 8591 954 9053 -1 -1 -1 -1 
802 1779794084 1779794084 0 2411262 9102 5262 9102 1684 -1 -1 -1 -1 -1 -1 
803 1779794084 1779794084 0 2641765 5061 8952 7156 8952 7156 8952 40 8464 342 8464 
804 1779794084 1779794084 0 2649015 4980 9086 5311 9086 4751 8577 4751 -1 -1 -1 
805 1779794084 1779794084 0 2154757 1467 8768 1467 8768 1467 8768 -1 -1 -1 -1 
806 1779794084 1779794084 0 2674174 4239 8577 549 8577 4751 8577 1975 -1 -1 -1 
807 1779794084 1779794084 0 1666835 5881 9071 36 8411 1918 -1 -1 -1 -1 -1 
808 1779794084 1779794084 0 2658875 2874 8936 967 8998 1448 8998 6264 -1 -1 -1 
809 1779794084 1779794084 0 2617312 1051 8699 4085 9203 7083 9203 7083 -1 -1 -1 
810 1779794084 1779794084 0 2662118 390 8484 21 8852 2466 8852 2723 8852 4638 8852 
811 1779794084 1779794084 0 2662118 5741 8852 4638 8852 4638 -1 -1 -1 -1 -1 
812 1779794084 1779794084 0 2677022 1988 8355 3323 8676 1856 -1 -1 -1 -1 -1 
813 1779794084 1779794084 0 2643836 1227 8649 3729 8817 616 8817 623 8817 400 8765 
814 1779794084 1779794084 0 2672025 6954 8295 171 8295 145 8612 476 8849 -1 -1 
815 1779794084 1779794084 0 2677386 8318 277 9084 994 8634 -1 -1 -1 -1 -1 
816 1779794084 1779794084 0 2223551 7176 9202 7345 -1 -1 -1 -1 -1 -1 -1 
817 1779794084 1779794084 0 2650501 8705 1068 8705 1068 8705 -1 -1 -1 -1 -1 
818 1779794084 1779794084 0 2647745 1799 8479 2878 8479 2878 8438 1828 8447 284 8781 
819 1779794084 1779794084 0 2672547 1983 9078 5176 9168 142 9205 6411 9205 6411 9205 
820 1779794084 1779794084 0 2675481 7568 8555 1474 8555 8222 -1 -1 -1 -1 -1 
821 1779794084 1779794084 0 2674585 5813 8778 761 9224 68 8937 3148 8937 8219 -1 
822 1779794084 1779794084 0 1798977 5515 8963 4764 -1 -1 -1 -1 -1 -1 -1 
823 1779794084 1779794084 0 2677979 7571 8686 3800 8686 17 8929 997 8929 3390 8929 
824 1779794084 1779794084 0 2652147 7530 8734 1206 8734 7914 -1 -1 -1 -1 -1 
825 1779794084 1779794084 0 2678030 8040 8612 145 8612 -1 -1 -1 -1 -1 -1 
826 1779794084 1779794084 0 2677241 482 8896 277 9084 4217 -1 -1 -1 -1 -1 
827 1779794084 1779794084 0 2526887 5287 8260 7969 -1 -1 -1 -1 -1 -1 -1 
828 1779794084 1779794084 0 1226626 4779 9078 4943 -1 -1 -1 -1 -1 -1 -1 
829 1779794084 1779794084 0 2664012 447 8794 912 8975 1916 8975 8143 8975 1865 -1 
830 1779794084 1779794084 0 2477389 5732 8390 2441 -1 -1 -1 -1 -1 -1 -1 
831 1779794084 1779794084 0 2675942 7959 8734 221 9185 1247 -1 -1 -1 -1 -1 
832 1779794084 1779794084 0 2649500 9196 6862 9196 6862 9196 -1 -1 -1 -1 -1 
833 1779794084 1779794084 0 2302657 7534 8602 7541 -1 -1 -1 -1 -1 -1 -1 
834 1779794084 1779794084 0 1581895 4616 8777 5897 -1 -1 -1 -1 -1 -1 -1 
835 1779794084 1779794084 0 2674605 624 8571 624 8571 2375 8571 2375 -1 -1 -1 
836 1779794084 1779794084 0 2210977 2336 8637 1178 -1 -1 -1 -1 -1 -1 -1 
837 1779794084 1779794084 0 2676440 5143 9097 6752 9097 6752 9097 -1 -1 -1 -1 
838 1779794084 1779794084 0 2673757 6487 8590 6113 -1 -1 -1 -1 -1 -1 -1 
839 1779794084 1779794084 0 2600893 2116 8846 1885 8846 826 9164 -1 -1 -1 -1 
840 1779794084 1779794084 0 2622535 6099 8749 -1 -1 -1 -1 -1 -1 -1 -1 
841 1779794084 1779794084 0 2599473 5199 8295 476 8516 476 8295 171 8295 145 8612 
842 1779794084 1779794084 0 2596791 3487 8501 764 8292 256 8421 596 8642 -1 -1 
843 1779794084 1779794084 0 2664648 4658 9072 8202 -1 -1 -1 -1 -1 -1 -1 
844 1779794084 1779794084 0 2672935 5862 8956 318 9215 8087 9215 6953 9215 -1 -1 
845 1779794084 1779794084 0 2468191 2711 8406 5178 9168 828 8886 828 8886 7711 -1 
846 1779794084 1779794084 0 2525155 3294 8370 600 9216 600 9216 600 9216 -1 -1 
847 1779794084 1779794084 0 2645588 1155 8645 223 8645 822 8645 -1 -1 -1 -1 
848 1779794084 1779794084 0 2673679 2258 8265 39 8850 1726 8260 1342 -1 -1 -1 
849 1779794084 1779794084 0 2589020 4954 8431 666 8431 -1 -1 -1 -1 -1 -1 
850 1779794084 1779794084 0 2434274 3884 8574 2564 8574 6945 -1 -1 -1 -1 -1 
851 1779794084 1779794084 0 2589195 6819 8356 79 8268 2353 8268 983 -1 -1 -1 
852 1779794084 1779794084 0 2672299 169 8357 335 8516 476 8462 -1 -1 -1 -1 
853 1779794084 1779794084 0 2336013 37 8264 2430 8264 925 8477 925 8477 2545 8477 
854 1779794084 1779794084 0 2484719 2744 8404 2514 8404 144 8344 7821 8344 7821 -1 
855 1779794084 1779794084 0 2642828 5890 9071 5926 8778 36 8372 1404 8411 1338 -1 
856 1779794084 1779794084 0 2569550 4215 8618 1698 8618 5327 8806 146 -1 -1 -1 
857 1779794084 1779794084 0 2570857 8045 8444 -1 -1 -1 -1 -1 -1 -1 -1 
858 1779794084 1779794084 0 2563979 2888 8936 768 8440 1525 -1 -1 -1 -1 -1 
859 1779794084 1779794084 0 2674676 5629 8593 261 8593 906 8593 -1 -1 -1 -1 
860 1779794084 1779794084 0 2661410 4040 8301 335 8964 5526 8964 -1 -1 -1 -1 
861 1779794084 1779794084 0 2508116 7815 8251 1402 -1 -1 -1 -1 -1 -1 -1 
862 1779794084 1779794084 0 2668901 2023 8649 2750 8658 623 8382 623 9215 623 -1 
863 1779794084 1779794084 0 2632504 7874 8292 291 8474 8147 8474 -1 -1 -1 -1 
864 1779794084 1779794084 0 2652941 7271 9028 7271 -1 -1 -1 -1 -1 -1 -1 
865 1779794084 1779794084 0 2675563 2401 8261 328 8925 328 8323 328 8457 328 8457 
866 1779794084 1779794084 0 2672125 6161 8295 171 8295 190 8612 476 8516 -1 -1 
867 1779794084 1779794084 0 2670969 7559 8260 1959 8734 1206 8852 1206 -1 -1 -1 
868 1779794084 1779794084 0 2407921 164 8783 164 8395 1324 8395 7778 -1 -1 -1 
869 1779794084 1779794084 0 2672226 4402 8806 717 9207 512 -1 -1 -1 -1 -1 
870 1779794084 1779794084 0 2664300 6165 9166 3148 8937 7994 8347 7994 -1 -1 -1 
871 1779794084 1779794084 0 2668019 8209 8736 -1 -1 -1 -1 -1 -1 -1 -1 
872 1779794084 1779794084 0 2655234 8230 3 8230 3 -1 -1 -1 -1 -1 -1 
873 1779794084 1779794084 0 2018319 9065 4487 9065 4487 9065 4487 9065 -1 -1 -1 
874 1779794084 1779794084 0 2669060 6093 9197 1066 9197 509 8525 509 8525 -1 -1 
875 1779794084 1779794084 0 2675373 1507 8505 1044 8318 277 9084 277 -1 -1 -1 
876 1779794084 1779794084 0 2572928 19 8260 5669 8598 5669 8356 5669 8683 1033 8683 
877 1779794084 1779794084 0 2609617 2192 8882 2366 8882 2192 8882 2192 -1 -1 -1 
878 1779794084 1779794084 0 2677700 7537 8380 1920 8718 -1 -1 -1 -1 -1 -1 
879 1779794084 1779794084 0 2624314 2333 8247 6685 8247 3407 8247 4479 8247 8124 -1 
880 1779794084 1779794084 0 1295944 1462 8726 4581 -1 -1 -1 -1 -1 -1 -1 
881 1779794084 1779794084 0 1082878 4294 8644 4456 -1 -1 -1 -1 -1 -1 -1 
882 1779794084 1779794084 0 2644377 6411 9205 7798 9168 8168 -1 -1 -1 -1 -1 
883 1779794084 1779794084 0 2617312 7083 9203 7083 9203 -1 -1 -1 -1 -1 -1 
884 1779794084 1779794084 0 1439038 4449 9059 5283 -1 -1 -1 -1 -1 -1 -1 
885 1779794084 1779794084 0 2674174 3781 8311 335 8462 89 8577 1975 -1 -1 -1 
886 1779794084 1779794084 0 2571082 5232 8418 552 9214 506 8277 1406 -1 -1 -1 
887 1779794084 1779794084 0 1821327 4945 8601 883 8601 975 -1 -1 -1 -1 -1 
888 1779794084 1779794084 0 2675525 3673 8339 3148 9166 2515 9166 -1 -1 -1 -1 
889 1779794084 1779794084 0 2675942 1888 8722 221 8791 499 9149 221 9185 1247 -1 
890 1779794084 1779794084 0 2665098 1352 8616 1652 8616 768 8440 768 8323 -1 -1 
891 1779794084 1779794084 0 2495946 6331 8266 41 8266 1697 8747 1788 -1 -1 -1 
892 1779794084 1779794084 0 2648186 7754 8757 1388 -1 -1 -1 -1 -1 -1 -1 
893 1779794084 1779794084 0 2510068 8286 3088 8733 3088 8733 1014 -1 -1 -1 -1 
894 1779794084 1779794084 0 2604818 2592 8331 422 9222 422 8434 2089 -1 -1 -1 
895 1779794084 1779794084 0 2674480 4311 8561 557 8565 7750 -1 -1 -1 -1 -1 
896 1779794084 1779794084 0 2673594 6157 9163 2134 9133 107 9133 -1 -1 -1 -1 
897 1779794084 1779794084 0 2460035 7127 8411 242 -1 -1 -1 -1 -1 -1 -1 
898 1779794084 1779794084 0 950135 8947 2917 8947 2917 -1 -1 -1 -1 -1 -1 
899 1779794084 1779794084 0 2677219 5395 8260 7295 9205 6411 9205 8224 -1 -1 -1 
900 1779794084 1779794084 0 2323508 615 8972 615 9212 615 9212 615 9212 615 9212 
901 1779794084 1779794084 0 2456656 3969 8609 2402 -1 -1 -1 -1 -1 -1 -1 
902 1779794084 1779794084 0 2660068 4093 8423 437 9080 68 8758 1101 8758 1381 -1 
903 1779794084 1779794084 0 2635750 8706 1991 8988 6623 8988 2846 8988 2846 -1 -1 
904 1779794084 1779794084 0 2665656 1468 8765 400 8817 400 8817 -1 -1 -1 -1 
905 1779794084 1779794084 0 2677738 4743 8410 2923 9213 7522 9213 7522 -1 -1 -1 
906 1779794084 1779794084 0 2317878 4236 9048 2119 8348 7581 8348 2110 -1 -1 -1 
907 1779794084 1779794084 0 2678141 1181 8711 1181 8711 1181 -1 -1 -1 -1 -1 
908 1779794084 1779794084 0 2672110 1515 8547 3766 8547 1912 8249 476 8612 145 8612 
909 1779794084 1779794084 0 2596079 3971 8604 871 8604 871 -1 -1 -1 -1 -1 
910 1779794084 1779794084 0 2274590 2458 8358 7482 -1 -1 -1 -1 -1 -1 -1 
911 1779794084 1779794084 0 2466324 7827 9205 7827 -1 -1 -1 -1 -1 -1 -1 
912 1779794084 1779794084 0 2514368 4405 8806 657 8806 4753 8806 717 8806 1806 -1 
913 1779794084 1779794084 0 2663690 6389 8390 1686 8390 1686 8390 7788 -1 -1 -1 
914 1779794084 1779794084 0 2674480 5711 8565 7750 -1 -1 -1 -1 -1 -1 -1 
915 1779794084 1779794084 0 2647165 1144 8622 284 8260 7977 8971 4186 8735 -1 -1 
916 1779794084 1779794084 0 2606077 5244 8575 5347 8575 1754 8423 5168 -1 -1 -1 
917 1779794084 1779794084 0 2218810 5358 8603 5645 8603 7327 -1 -1 -1 -1 -1 
918 1779794084 1779794084 0 2675543 7894 8421 467 8421 467 8421 467 -1 -1 -1 
919 1779794084 1779794084 0 2650977 7688 9149 221 8883 499 8883 499 -1 -1 -1 
920 1779794084 1779794084 0 2670276 8200 9224 8212 -1 -1 -1 -1 -1 -1 -1 
921 1779794084 1779794084 0 2621898 2855 8959 2855 8959 3070 8988 6623 8988 2846 8988 
922 1779794084 1779794084 0 2642106 5121 9069 487 9084 8156 -1 -1 -1 -1 -1 
923 1779794084 1779794084 0 2669431 3282 8536 1066 9197 1066 9197 -1 -1 -1 -1 
924 1779794084 1779794084 0 2667651 970 8658 2190 8528 951 8639 951 8639 951 8639 
925 1779794084 1779794084 0 2677700 5887 8574 7180 8574 1024 8718 1920 -1 -1 -1 
926 1779794084 1779794084 0 2144580 1430 8710 535 8574 1878 8574 752 8574 1149 -1 
927 1779794084 1779794084 0 2663595 6410 9166 6330 9166 6330 9166 25 9166 6480 -1 
928 1779794084 1779794084 0 2666825 6196 8260 2870 -1 -1 -1 -1 -1 -1 -1 
929 1779794084 1779794084 0 2652348 135 8278 1310 8278 1376 8502 1376 8257 371 -1 
930 1779794084 1779794084 0 2642165 1042 8638 1325 8716 1119 8716 1119 -1 -1 -1 
931 1779794084 1779794084 0 2652165 534 8411 319 8411 493 8411 2073 -1 -1 -1 
932 1779794084 1779794084 0 2624149 3519 8440 684 -1 -1 -1 -1 -1 -1 -1 
933 1779794084 1779794084 0 2572862 2014 8244 18 8244 18 -1 -1 -1 -1 -1 
934 1779794084 1779794084 0 1916730 5042 8447 6651 -1 -1 -1 -1 -1 -1 -1 
935 1779794084 1779794084 0 562977 2187 8622 968 -1 -1 -1 -1 -1 -1 -1 
936 1779794084 1779794084 0 2678027 8996 12 8238 6530 8260 653 8260 653 -1 -1 
937 1779794084 1779794084 0 2593972 2616 8234 990 8545 1552 9223 8091 -1 -1 -1 
938 1779794084 1779794084 0 2624760 3111 8887 996 9163 6213 8637 7664 8993 -1 -1 
939 1779794084 1779794084 0 2674963 8075 8260 2870 8260 68 -1 -1 -1 -1 -1 
940 1779794084 1779794084 0 2334474 3239 8981 3239 8981 3239 8981 5279 9022 3749 9022 
941 1779794084 1779794084 0 2537950 5211 9072 3495 9151 6065 8275 40 8780 1671 8780 
942 1779794084 1779794084 0 2633580 4734 8577 4747 8577 4751 9086 221 8883 6654 8419 
943 1779794084 1779794084 0 2671257 197 8375 197 8375 197 8375 609 8375 -1 -1 
944 1779794084 1779794084 0 2433175 8322 1290 8322 6536 8322 6536 8322 -1 -1 -1 
945 1779794084 1779794084 0 2663373 4966 8635 220 8508 7336 -1 -1 -1 -1 -1 
946 1779794084 1779794084 0 2465674 4780 9144 7795 9144 6316 9144 5865 -1 -1 -1 
947 1779794084 1779794084 0 2508484 8247 4650 8247 4479 8247 7940 -1 -1 -1 -1 
948 1779794084 1779794084 0 2656495 2158 8559 2615 8672 5876 8672 7205 8371 7205 8426 
949 1779794084 1779794084 0 671354 8854 2097 8854 2097 -1 -1 -1 -1 -1 -1 
950 1779794084 1779794084 0 2577450 842 8638 842 8638 842 8638 1325 8272 48 8272 
951 1779794084 1779794084 0 2385962 1243 8346 1185 8402 1014 8602 5216 -1 -1 -1 
952 1779794084 1779794084 0 2418856 1642 8581 6530 8238 4085 8699 1448 8998 1448 8284 
953 1779794084 1779794084 0 250156 1398 8622 1431 -1 -1 -1 -1 -1 -1 -1 
954 1779794084 1779794084 0 2317302 735 8604 871 8604 7577 -1 -1 -1 -1 -1 
955 1779794084 1779794084 0 2633329 7432 8361 17 9028 7999 9008 3659 -1 -1 -1 
956 1779794084 1779794084 0 2548306 1024 8565 557 8565 7134 8561 601 8801 601 8561 
957 1779794084 1779794084 0 2584377 2705 8377 5264 8377 3225 8377 -1 -1 -1 -1 
958 1779794084 1779794084 0 2668968 3883 8361 5622 8487 8074 8487 623 8817 400 8572 
959 1779794084 1779794084 0 1285780 8278 1310 8278 405 -1 -1 -1 -1 -1 -1 
960 1779794084 1779794084 0 2677882 4451 8806 267 8697 752 -1 -1 -1 -1 -1 
961 1779794084 1779794084 0 2668019 4695 9069 4736 8736 4736 8736 8209 -1 -1 -1 
962 1779794084 1779794084 0 2265476 2124 8735 1257 8735 1257 8958 1257 9037 1257 8735 
963 1779794084 1779794084 0 2671257 2906 8688 2948 8688 609 8375 197 8375 609 8375 
964 1779794084 1779794084 0 2656962 7495 8293 95 8293 1392 -1 -1 -1 -1 -1 
965 1779794084 1779794084 0 2676111 5829 9071 2257 9071 68 8758 1101 8758 1101 -1 
966 1779794084 1779794084 0 2624314 7948 8247 8124 -1 -1 -1 -1 -1 -1 -1 
967 1779794084 1779794084 0 2653626 7066 8652 4786 -1 -1 -1 -1 -1 -1 -1 
968 1779794084 1779794084 0 2474272 5051 8563 3591 9202 4225 9202 4225 9202 761 -1 
969 1779794084 1779794084 0 2036496 4287 8446 1905 8446 6879 -1 -1 -1 -1 -1 
970 1779794084 1779794084 0 2504778 6639 8246 387 8583 96 -1 -1 -1 -1 -1 
971 1779794084 1779794084 0 2643087 2394 8887 2394 8887 2394 8887 2394 8887 119 8887 
972 1779794084 1779794084 0 2676457 5520 9089 5725 9166 482 9028 3535 -1 -1 -1 
973 1779794084 1779794084 0 2624314 1391 8622 322 8247 7306 8247 4479 8247 8124 -1 
974 1779794084 1779794084 0 2556940 2365 9020 2365 9020 2365 9020 2365 9020 2365 8504 
975 1779794084 1779794084 0 2444645 1282 8636 6775 8636 6878 8636 7831 -1 -1 -1 
976 1779794084 1779794084 0 2643533 3829 8411 675 8411 981 8411 981 8411 8159 -1 
977 1779794084 1779794084 0 2650757 8477 7939 8477 448 8477 -1 -1 -1 -1 -1 
978 1779794084 1779794084 0 2663854 6431 8841 335 8476 335 8917 -1 -1 -1 -1 
979 1779794084 1779794084 0 2661674 3561 8237 6741 9166 2515 9166 1501 9166 6330 9166 
980 1779794084 1779794084 0 2672125 4990 8419 3011 8519 476 8849 476 8516 -1 -1 
981 1779794084 1779794084 0 2652327 1769 8824 3916 8824 3916 8824 3916 8824 3916 8824 
982 1779794084 1779794084 0 2578410 2981 8734 7761 8734 7794 8734 935 8985 7067 -1 
983 1779794084 1779794084 0 2635390 3874 8873 68 9054 4603 9054 1220 8411 867 9084 
984 1779794084 1779794084 0 2672299 6890 8357 335 8849 3649 8849 476 8462 -1 -1 
985 1779794084 1779794084 0 2581162 7970 8703 1506 -1 -1 -1 -1 -1 -1 -1 
986 1779794084 1779794084 0 2537726 757 8902 210 8902 7567 8902 7567 8902 2697 8437 
987 1779794084 1779794084 0 2677080 3476 9069 6689 9069 875 8260 2870 8260 653 8260 
988 1779794084 1779794084 0 2677219 6612 9163 646 8546 646 8546 646 9205 8224 -1 
989 1779794084 1779794084 0 2530435 6611 8590 5669 8734 7452 8734 1813 8545 1552 9223 
990 1779794084 1779794084 0 2579216 4433 8889 4433 -1 -1 -1 -1 -1 -1 -1 
991 1779794084 1779794084 0 2606077 1605 8622 1754 8423 5168 -1 -1 -1 -1 -1 
992 1779794084 1779794084 0 2532667 8254 27 8254 27 8254 27 8254 27 8254 27 
993 1779794084 1779794084 0 2676168 4299 8535 959 8253 959 8253 267 8697 267 8697 
994 1779794084 1779794084 0 2665125 9170 1042 9170 1042 9170 1042 -1 -1 -1 -1 
995 1779794084 1779794084 0 2673852 3749 9022 3749 9022 3749 -1 -1 -1 -1 -1 
996 1779794084 1779794084 0 2530631 6792 8325 331 9202 7176 9202 233 9157 233 9090 
997 1779794084 1779794084 0 2652348 8302 1376 8257 371 -1 -1 -1 -1 -1 -1 
998 1779794084 1779794084 0 2665098 2958 8936 768 8440 768 8323 -1 -1 -1 -1 
999 1779794084 1779794084 0 2659614 2893 8257 116 9106 640 9106 640 9106 640 9106 
