72 1779794092 1779794092 0 2663223 8198 9168 -1 -1 -1 -1 -1 -1 -1 -1 
85 1779794092 1779794092 0 2536890 7981 9103 -1 -1 -1 -1 -1 -1 -1 -1 
134 1779794092 1779794092 0 2405579 8686 3734 -1 -1 -1 -1 -1 -1 -1 -1 
254 1779794092 1779794092 0 1574317 8565 612 -1 -1 -1 -1 -1 -1 -1 -1 
262 1779794092 1779794092 0 2667696 6368 8704 -1 -1 -1 -1 -1 -1 -1 -1 
265 1779794092 1779794092 0 2668424 8454 8210 -1 -1 -1 -1 -1 -1 -1 -1 
350 1779794092 1779794092 0 147572 8302 937 -1 -1 -1 -1 -1 -1 -1 -1 
512 1779794092 1779794092 0 1987954 8275 2008 -1 -1 -1 -1 -1 -1 -1 -1 
547 1779794092 1779794092 0 2666371 572 8413 -1 -1 -1 -1 -1 -1 -1 -1 
585 1779794092 1779794092 0 2658091 8187 8302 -1 -1 -1 -1 -1 -1 -1 -1 
609 1779794092 1779794092 0 2569613 1438 8505 -1 -1 -1 -1 -1 -1 -1 -1 
644 1779794092 1779794092 0 2666371 572 8413 -1 -1 -1 -1 -1 -1 -1 -1 
656 1779794092 1779794092 0 1612007 8325 5950 -1 -1 -1 -1 -1 -1 -1 -1 
727 1779794092 1779794092 0 2325338 8356 7614 -1 -1 -1 -1 -1 -1 -1 -1 
742 1779794092 1779794092 0 2494129 8403 7921 -1 -1 -1 -1 -1 -1 -1 -1 
809 1779794092 1779794092 0 2664615 8201 8501 -1 -1 -1 -1 -1 -1 -1 -1 
875 1779794092 1779794092 0 2202360 8836 7287 -1 -1 -1 -1 -1 -1 -1 -1 
35 1779794092 1779794092 0 2522919 979 8328 7035 -1 -1 -1 -1 -1 -1 -1 
36 1779794092 1779794092 0 2672954 8208 8526 1366 -1 -1 -1 -1 -1 -1 -1 
43 1779794092 1779794092 0 1259206 5007 9069 5014 -1 -1 -1 -1 -1 -1 -1 
44 1779794092 1779794092 0 2665195 8172 8504 7654 -1 -1 -1 -1 -1 -1 -1 
51 1779794092 1779794092 0 2029750 5185 8623 6871 -1 -1 -1 -1 -1 -1 -1 
52 1779794092 1779794092 0 2264912 3048 8985 7456 -1 -1 -1 -1 -1 -1 -1 
53 1779794092 1779794092 0 1870206 5305 8361 5280 -1 -1 -1 -1 -1 -1 -1 
55 1779794092 1779794092 0 2319266 7423 8413 5098 -1 -1 -1 -1 -1 -1 -1 
56 1779794092 1779794092 0 2595707 6757 8467 1363 -1 -1 -1 -1 -1 -1 -1 
79 1779794092 1779794092 0 2425280 6598 8582 3815 -1 -1 -1 -1 -1 -1 -1 
80 1779794092 1779794092 0 615429 2586 8593 2942 -1 -1 -1 -1 -1 -1 -1 
86 1779794092 1779794092 0 1762741 4508 8477 6308 -1 -1 -1 -1 -1 -1 -1 
96 1779794092 1779794092 0 934411 3954 8446 3954 -1 -1 -1 -1 -1 -1 -1 
105 1779794092 1779794092 0 2298763 5794 8548 2131 -1 -1 -1 -1 -1 -1 -1 
109 1779794092 1779794092 0 1372810 4692 8694 5359 -1 -1 -1 -1 -1 -1 -1 
113 1779794092 1779794092 0 1952239 2036 8722 2755 -1 -1 -1 -1 -1 -1 -1 
116 1779794092 1779794092 0 2232596 1823 8872 7381 -1 -1 -1 -1 -1 -1 -1 
120 1779794092 1779794092 0 2633834 8144 8349 1331 -1 -1 -1 -1 -1 -1 -1 
126 1779794092 1779794092 0 53339 357 8302 380 -1 -1 -1 -1 -1 -1 -1 
129 1779794092 1779794092 0 2490239 918 8411 2584 -1 -1 -1 -1 -1 -1 -1 
145 1779794092 1779794092 0 2641129 7927 8411 493 -1 -1 -1 -1 -1 -1 -1 
155 1779794092 1779794092 0 2542272 1154 8377 7245 -1 -1 -1 -1 -1 -1 -1 
157 1779794092 1779794092 0 1097983 4473 8588 4495 -1 -1 -1 -1 -1 -1 -1 
159 1779794092 1779794092 0 2223241 6243 8541 7343 -1 -1 -1 -1 -1 -1 -1 
165 1779794092 1779794092 0 2606015 5567 8676 125 -1 -1 -1 -1 -1 -1 -1 
172 1779794092 1779794092 0 2666028 6977 8260 6170 -1 -1 -1 -1 -1 -1 -1 
179 1779794092 1779794092 0 2485058 7821 8344 1698 -1 -1 -1 -1 -1 -1 -1 
184 1779794092 1779794092 0 1384425 1947 8835 5405 -1 -1 -1 -1 -1 -1 -1 
194 1779794092 1779794092 0 2642889 7837 8273 4202 -1 -1 -1 -1 -1 -1 -1 
196 1779794092 1779794092 0 1267329 3983 8339 1419 -1 -1 -1 -1 -1 -1 -1 
200 1779794092 1779794092 0 2385962 4266 8602 5216 -1 -1 -1 -1 -1 -1 -1 
204 1779794092 1779794092 0 2584377 8025 8377 3225 -1 -1 -1 -1 -1 -1 -1 
209 1779794092 1779794092 0 2652008 89 9069 3756 -1 -1 -1 -1 -1 -1 -1 
235 1779794092 1779794092 0 947203 3807 8885 3807 -1 -1 -1 -1 -1 -1 -1 
236 1779794092 1779794092 0 2617702 482 9028 2194 -1 -1 -1 -1 -1 -1 -1 
249 1779794092 1779794092 0 1993257 6567 8575 6817 -1 -1 -1 -1 -1 -1 -1 
260 1779794092 1779794092 0 2390114 7629 8306 92 -1 -1 -1 -1 -1 -1 -1 
266 1779794092 1779794092 0 2562129 7813 9223 8020 -1 -1 -1 -1 -1 -1 -1 
279 1779794092 1779794092 0 2564667 8010 8734 2210 -1 -1 -1 -1 -1 -1 -1 
287 1779794092 1779794092 0 617081 2698 8397 2952 -1 -1 -1 -1 -1 -1 -1 
290 1779794092 1779794092 0 1023212 1422 8278 3295 -1 -1 -1 -1 -1 -1 -1 
292 1779794092 1779794092 0 2215049 6286 8645 6513 -1 -1 -1 -1 -1 -1 -1 
296 1779794092 1779794092 0 2667542 7922 8628 2209 -1 -1 -1 -1 -1 -1 -1 
299 1779794092 1779794092 0 1609625 5629 8593 3464 -1 -1 -1 -1 -1 -1 -1 
305 1779794092 1779794092 0 2562170 7725 8260 8021 -1 -1 -1 -1 -1 -1 -1 
320 1779794092 1779794092 0 2665274 8119 8365 8119 -1 -1 -1 -1 -1 -1 -1 
322 1779794092 1779794092 0 1429247 5477 8575 5468 -1 -1 -1 -1 -1 -1 -1 
329 1779794092 1779794092 0 2074423 6783 9134 6783 -1 -1 -1 -1 -1 -1 -1 
335 1779794092 1779794092 0 1710723 5924 8778 6185 -1 -1 -1 -1 -1 -1 -1 
352 1779794092 1779794092 0 2246747 5753 8467 7415 -1 -1 -1 -1 -1 -1 -1 
370 1779794092 1779794092 0 885898 2618 8471 3818 -1 -1 -1 -1 -1 -1 -1 
373 1779794092 1779794092 0 2631099 8046 9223 1305 -1 -1 -1 -1 -1 -1 -1 
374 1779794092 1779794092 0 2668968 8100 8572 400 -1 -1 -1 -1 -1 -1 -1 
382 1779794092 1779794092 0 2125990 4143 8628 4143 -1 -1 -1 -1 -1 -1 -1 
386 1779794092 1779794092 0 2100307 6077 8592 7054 -1 -1 -1 -1 -1 -1 -1 
390 1779794092 1779794092 0 2213187 7199 8260 7044 -1 -1 -1 -1 -1 -1 -1 
391 1779794092 1779794092 0 2504060 7932 8241 4401 -1 -1 -1 -1 -1 -1 -1 
393 1779794092 1779794092 0 2419793 3199 8639 7557 -1 -1 -1 -1 -1 -1 -1 
397 1779794092 1779794092 0 2475266 3832 8835 7886 -1 -1 -1 -1 -1 -1 -1 
399 1779794092 1779794092 0 2666616 1098 8532 506 -1 -1 -1 -1 -1 -1 -1 
400 1779794092 1779794092 0 1408042 5172 9048 5449 -1 -1 -1 -1 -1 -1 -1 
412 1779794092 1779794092 0 2517594 4762 8752 3533 -1 -1 -1 -1 -1 -1 -1 
425 1779794092 1779794092 0 2202834 7286 9081 7286 -1 -1 -1 -1 -1 -1 -1 
427 1779794092 1779794092 0 2312941 6116 8687 7307 -1 -1 -1 -1 -1 -1 -1 
430 1779794092 1779794092 0 2022647 6778 8650 6864 -1 -1 -1 -1 -1 -1 -1 
436 1779794092 1779794092 0 2258897 856 8273 7449 -1 -1 -1 -1 -1 -1 -1 
444 1779794092 1779794092 0 2356478 7672 8435 7672 -1 -1 -1 -1 -1 -1 -1 
453 1779794092 1779794092 0 2641129 5875 8411 493 -1 -1 -1 -1 -1 -1 -1 
456 1779794092 1779794092 0 1530337 4122 8477 5768 -1 -1 -1 -1 -1 -1 -1 
457 1779794092 1779794092 0 2646158 2663 8454 447 -1 -1 -1 -1 -1 -1 -1 
458 1779794092 1779794092 0 2442853 7780 8687 7015 -1 -1 -1 -1 -1 -1 -1 
462 1779794092 1779794092 0 2536602 6378 8277 7979 -1 -1 -1 -1 -1 -1 -1 
463 1779794092 1779794092 0 2572050 2563 8593 8052 -1 -1 -1 -1 -1 -1 -1 
475 1779794092 1779794092 0 1897404 4807 8852 6595 -1 -1 -1 -1 -1 -1 -1 
476 1779794092 1779794092 0 2302744 2548 8555 7542 -1 -1 -1 -1 -1 -1 -1 
480 1779794092 1779794092 0 2495505 7554 8479 2878 -1 -1 -1 -1 -1 -1 -1 
484 1779794092 1779794092 0 1879147 5514 9089 6495 -1 -1 -1 -1 -1 -1 -1 
488 1779794092 1779794092 0 2074743 6118 8260 6977 -1 -1 -1 -1 -1 -1 -1 
494 1779794092 1779794092 0 2501601 7724 8734 5528 -1 -1 -1 -1 -1 -1 -1 
499 1779794092 1779794092 0 1688224 5102 8950 4271 -1 -1 -1 -1 -1 -1 -1 
516 1779794092 1779794092 0 2490967 7708 9202 1862 -1 -1 -1 -1 -1 -1 -1 
517 1779794092 1779794092 0 2487513 3832 8835 547 -1 -1 -1 -1 -1 -1 -1 
519 1779794092 1779794092 0 2675481 5630 8555 8222 -1 -1 -1 -1 -1 -1 -1 
532 1779794092 1779794092 0 952002 3847 8301 1735 -1 -1 -1 -1 -1 -1 -1 
537 1779794092 1779794092 0 2356174 765 8401 6881 -1 -1 -1 -1 -1 -1 -1 
543 1779794092 1779794092 0 2216717 1231 8658 1231 -1 -1 -1 -1 -1 -1 -1 
569 1779794092 1779794092 0 1886213 6512 8575 6567 -1 -1 -1 -1 -1 -1 -1 
580 1779794092 1779794092 0 1552790 4611 8529 1079 -1 -1 -1 -1 -1 -1 -1 
581 1779794092 1779794092 0 2546098 1975 8741 759 -1 -1 -1 -1 -1 -1 -1 
614 1779794092 1779794092 0 1872382 6524 8648 6541 -1 -1 -1 -1 -1 -1 -1 
616 1779794092 1779794092 0 710394 2895 8887 2968 -1 -1 -1 -1 -1 -1 -1 
622 1779794092 1779794092 0 1519572 1863 8756 5742 -1 -1 -1 -1 -1 -1 -1 
635 1779794092 1779794092 0 2616479 3682 9077 33 -1 -1 -1 -1 -1 -1 -1 
636 1779794092 1779794092 0 2557200 7625 8504 2365 -1 -1 -1 -1 -1 -1 -1 
637 1779794092 1779794092 0 2628276 5044 8297 8140 -1 -1 -1 -1 -1 -1 -1 
642 1779794092 1779794092 0 2665018 3574 9084 8204 -1 -1 -1 -1 -1 -1 -1 
643 1779794092 1779794092 0 1215075 1749 8653 878 -1 -1 -1 -1 -1 -1 -1 
654 1779794092 1779794092 0 581471 2337 8593 1332 -1 -1 -1 -1 -1 -1 -1 
671 1779794092 1779794092 0 2518283 7622 8271 7955 -1 -1 -1 -1 -1 -1 -1 
675 1779794092 1779794092 0 2460504 6135 8603 7855 -1 -1 -1 -1 -1 -1 -1 
685 1779794092 1779794092 0 2508155 6064 8477 7939 -1 -1 -1 -1 -1 -1 -1 
694 1779794092 1779794092 0 1550953 5818 9071 4964 -1 -1 -1 -1 -1 -1 -1 
719 1779794092 1779794092 0 1091573 3266 8752 3266 -1 -1 -1 -1 -1 -1 -1 
722 1779794092 1779794092 0 1183802 4692 8694 4770 -1 -1 -1 -1 -1 -1 -1 
728 1779794092 1779794092 0 1954014 5763 8658 6728 -1 -1 -1 -1 -1 -1 -1 
750 1779794092 1779794092 0 2633598 7882 8411 981 -1 -1 -1 -1 -1 -1 -1 
751 1779794092 1779794092 0 926854 3107 8365 3926 -1 -1 -1 -1 -1 -1 -1 
757 1779794092 1779794092 0 2398541 4186 9059 1738 -1 -1 -1 -1 -1 -1 -1 
768 1779794092 1779794092 0 2434516 110 8314 235 -1 -1 -1 -1 -1 -1 -1 
769 1779794092 1779794092 0 2671402 8208 8526 1906 -1 -1 -1 -1 -1 -1 -1 
773 1779794092 1779794092 0 2448138 6201 9151 7836 -1 -1 -1 -1 -1 -1 -1 
779 1779794092 1779794092 0 2569844 6584 9166 6223 -1 -1 -1 -1 -1 -1 -1 
788 1779794092 1779794092 0 1264648 3629 8285 2290 -1 -1 -1 -1 -1 -1 -1 
793 1779794092 1779794092 0 578402 2681 8779 2681 -1 -1 -1 -1 -1 -1 -1 
802 1779794092 1779794092 0 1135232 2875 8777 4616 -1 -1 -1 -1 -1 -1 -1 
803 1779794092 1779794092 0 2397952 6560 8849 3169 -1 -1 -1 -1 -1 -1 -1 
805 1779794092 1779794092 0 2634294 7837 8273 189 -1 -1 -1 -1 -1 -1 -1 
807 1779794092 1779794092 0 1766561 2290 8285 6228 -1 -1 -1 -1 -1 -1 -1 
812 1779794092 1779794092 0 828177 1840 8520 3627 -1 -1 -1 -1 -1 -1 -1 
815 1779794092 1779794092 0 2627879 571 8772 3352 -1 -1 -1 -1 -1 -1 -1 
818 1779794092 1779794092 0 2252904 3254 8983 7368 -1 -1 -1 -1 -1 -1 -1 
822 1779794092 1779794092 0 2564667 1959 8734 2210 -1 -1 -1 -1 -1 -1 -1 
824 1779794092 1779794092 0 2676808 3514 8814 3514 -1 -1 -1 -1 -1 -1 -1 
829 1779794092 1779794092 0 2629749 6270 8411 584 -1 -1 -1 -1 -1 -1 -1 
830 1779794092 1779794092 0 2079191 6941 8367 6990 -1 -1 -1 -1 -1 -1 -1 
837 1779794092 1779794092 0 2223628 6393 8835 71 -1 -1 -1 -1 -1 -1 -1 
842 1779794092 1779794092 0 2643115 6060 8454 6276 -1 -1 -1 -1 -1 -1 -1 
847 1779794092 1779794092 0 1790707 4696 9069 1493 -1 -1 -1 -1 -1 -1 -1 
852 1779794092 1779794092 0 1534176 4617 8237 5773 -1 -1 -1 -1 -1 -1 -1 
853 1779794092 1779794092 0 2490270 4427 8638 4390 -1 -1 -1 -1 -1 -1 -1 
854 1779794092 1779794092 0 453025 689 8591 2255 -1 -1 -1 -1 -1 -1 -1 
857 1779794092 1779794092 0 2383436 753 8585 1857 -1 -1 -1 -1 -1 -1 -1 
861 1779794092 1779794092 0 2674676 4380 8593 906 -1 -1 -1 -1 -1 -1 -1 
868 1779794092 1779794092 0 1917309 4307 8387 1135 -1 -1 -1 -1 -1 -1 -1 
885 1779794092 1779794092 0 2602540 3839 8411 1932 -1 -1 -1 -1 -1 -1 -1 
908 1779794092 1779794092 0 2211872 1636 8805 2128 -1 -1 -1 -1 -1 -1 -1 
909 1779794092 1779794092 0 2672954 7705 8526 1366 -1 -1 -1 -1 -1 -1 -1 
911 1779794092 1779794092 0 2670683 7400 8293 8 -1 -1 -1 -1 -1 -1 -1 
917 1779794092 1779794092 0 2129992 3706 8545 4515 -1 -1 -1 -1 -1 -1 -1 
920 1779794092 1779794092 0 2594111 3921 9197 8093 -1 -1 -1 -1 -1 -1 -1 
924 1779794092 1779794092 0 2232791 6325 8991 3960 -1 -1 -1 -1 -1 -1 -1 
925 1779794092 1779794092 0 2589463 7333 9205 8083 -1 -1 -1 -1 -1 -1 -1 
945 1779794092 1779794092 0 2504270 4614 8446 6107 -1 -1 -1 -1 -1 -1 -1 
948 1779794092 1779794092 0 456626 450 8855 2262 -1 -1 -1 -1 -1 -1 -1 
952 1779794092 1779794092 0 2657728 3701 8376 919 -1 -1 -1 -1 -1 -1 -1 
958 1779794092 1779794092 0 2486807 5690 8684 7234 -1 -1 -1 -1 -1 -1 -1 
961 1779794092 1779794092 0 1942761 4325 9010 4517 -1 -1 -1 -1 -1 -1 -1 
962 1779794092 1779794092 0 1504560 1302 8746 4982 -1 -1 -1 -1 -1 -1 -1 
965 1779794092 1779794092 0 2537439 3329 8955 2488 -1 -1 -1 -1 -1 -1 -1 
977 1779794092 1779794092 0 2244441 7382 9080 7410 -1 -1 -1 -1 -1 -1 -1 
990 1779794092 1779794092 0 2472869 6945 8574 2062 -1 -1 -1 -1 -1 -1 -1 
14 1779794092 1779794092 0 2221634 8845 1881 8845 1881 -1 -1 -1 -1 -1 -1 
32 1779794092 1779794092 0 2649627 1716 8521 346 8458 -1 -1 -1 -1 -1 -1 
42 1779794092 1779794092 0 2343050 5549 9125 5654 9125 -1 -1 -1 -1 -1 -1 
58 1779794092 1779794092 0 2677506 8275 931 8275 1205 -1 -1 -1 -1 -1 -1 
71 1779794092 1779794092 0 2664444 1803 8434 422 8498 -1 -1 -1 -1 -1 -1 
108 1779794092 1779794092 0 2625667 7268 8288 86 8284 -1 -1 -1 -1 -1 -1 
110 1779794092 1779794092 0 2521531 7423 8413 762 8352 -1 -1 -1 -1 -1 -1 
111 1779794092 1779794092 0 2669431 1712 8504 1066 9197 -1 -1 -1 -1 -1 -1 
144 1779794092 1779794092 0 2580322 2416 8381 1724 8381 -1 -1 -1 -1 -1 -1 
152 1779794092 1779794092 0 2520683 4937 8708 160 8708 -1 -1 -1 -1 -1 -1 
164 1779794092 1779794092 0 2671463 7023 8612 476 8295 -1 -1 -1 -1 -1 -1 
191 1779794092 1779794092 0 2674174 759 8741 1975 8577 -1 -1 -1 -1 -1 -1 
215 1779794092 1779794092 0 2508590 157 8291 157 8291 -1 -1 -1 -1 -1 -1 
239 1779794092 1779794092 0 2667393 8100 8572 611 8283 -1 -1 -1 -1 -1 -1 
243 1779794092 1779794092 0 2640175 3395 8349 1139 8938 -1 -1 -1 -1 -1 -1 
251 1779794092 1779794092 0 2642136 2569 8299 2443 8299 -1 -1 -1 -1 -1 -1 
286 1779794092 1779794092 0 2674057 2717 8411 36 8411 -1 -1 -1 -1 -1 -1 
295 1779794092 1779794092 0 2674723 2291 8411 3497 8683 -1 -1 -1 -1 -1 -1 
323 1779794092 1779794092 0 2401748 9111 1321 8721 7762 -1 -1 -1 -1 -1 -1 
324 1779794092 1779794092 0 2636566 3619 8282 8153 8282 -1 -1 -1 -1 -1 -1 
336 1779794092 1779794092 0 2670845 7819 8504 442 8504 -1 -1 -1 -1 -1 -1 
341 1779794092 1779794092 0 2629283 8481 417 8481 2479 -1 -1 -1 -1 -1 -1 
344 1779794092 1779794092 0 2671463 7803 8249 476 8295 -1 -1 -1 -1 -1 -1 
345 1779794092 1779794092 0 2621890 7073 8388 555 8388 -1 -1 -1 -1 -1 -1 
438 1779794092 1779794092 0 2670343 6322 8271 4178 8271 -1 -1 -1 -1 -1 -1 
459 1779794092 1779794092 0 2613146 7630 8536 1263 8536 -1 -1 -1 -1 -1 -1 
464 1779794092 1779794092 0 2672847 5467 9118 5467 9118 -1 -1 -1 -1 -1 -1 
466 1779794092 1779794092 0 2654893 3280 8816 1818 8816 -1 -1 -1 -1 -1 -1 
530 1779794092 1779794092 0 997118 8622 968 8622 1620 -1 -1 -1 -1 -1 -1 
535 1779794092 1779794092 0 2355813 2505 8588 885 8588 -1 -1 -1 -1 -1 -1 
539 1779794092 1779794092 0 2678000 2384 9205 17 8676 -1 -1 -1 -1 -1 -1 
558 1779794092 1779794092 0 2480108 2176 8749 1321 9111 -1 -1 -1 -1 -1 -1 
571 1779794092 1779794092 0 2119839 8827 3275 8827 3666 -1 -1 -1 -1 -1 -1 
572 1779794092 1779794092 0 2652722 3958 8476 476 8301 -1 -1 -1 -1 -1 -1 
577 1779794092 1779794092 0 2351291 8435 1189 9113 7670 -1 -1 -1 -1 -1 -1 
638 1779794092 1779794092 0 2663467 670 8536 68 8656 -1 -1 -1 -1 -1 -1 
698 1779794092 1779794092 0 2645306 8308 1301 8308 1301 -1 -1 -1 -1 -1 -1 
717 1779794092 1779794092 0 2600825 3019 8486 39 8265 -1 -1 -1 -1 -1 -1 
759 1779794092 1779794092 0 2621890 3165 8547 555 8388 -1 -1 -1 -1 -1 -1 
764 1779794092 1779794092 0 2628674 4738 8406 1983 8406 -1 -1 -1 -1 -1 -1 
792 1779794092 1779794092 0 2656243 6900 8580 641 8580 -1 -1 -1 -1 -1 -1 
846 1779794092 1779794092 0 2652348 313 8454 371 8257 -1 -1 -1 -1 -1 -1 
859 1779794092 1779794092 0 2201287 8500 2535 8500 7285 -1 -1 -1 -1 -1 -1 
870 1779794092 1779794092 0 2566845 4002 8578 865 8578 -1 -1 -1 -1 -1 -1 
900 1779794092 1779794092 0 2670969 6784 8852 1206 8852 -1 -1 -1 -1 -1 -1 
904 1779794092 1779794092 0 1323257 5045 8614 771 8614 -1 -1 -1 -1 -1 -1 
905 1779794092 1779794092 0 2512552 7925 8314 4707 8314 -1 -1 -1 -1 -1 -1 
931 1779794092 1779794092 0 2582770 8984 214 8386 214 -1 -1 -1 -1 -1 -1 
934 1779794092 1779794092 0 2419888 8916 2478 8916 2478 -1 -1 -1 -1 -1 -1 
969 1779794092 1779794092 0 2676693 7226 8801 1820 8318 -1 -1 -1 -1 -1 -1 
973 1779794092 1779794092 0 2668469 2663 8454 441 8454 -1 -1 -1 -1 -1 -1 
974 1779794092 1779794092 0 2669883 1343 8734 221 8719 -1 -1 -1 -1 -1 -1 
975 1779794092 1779794092 0 2648578 2189 8541 7899 8252 -1 -1 -1 -1 -1 -1 
988 1779794092 1779794092 0 770598 1057 8468 1643 8468 -1 -1 -1 -1 -1 -1 
4 1779794092 1779794092 0 1765768 10 8236 10 8236 5182 -1 -1 -1 -1 -1 
6 1779794092 1779794092 0 2230701 715 8598 5669 8590 7372 -1 -1 -1 -1 -1 
7 1779794092 1779794092 0 2670487 6620 8262 1288 8262 1066 -1 -1 -1 -1 -1 
12 1779794092 1779794092 0 2254364 3217 8977 3217 8977 3217 -1 -1 -1 -1 -1 
18 1779794092 1779794092 0 2266665 6627 9172 1182 9173 7467 -1 -1 -1 -1 -1 
28 1779794092 1779794092 0 2665075 3823 8361 730 8602 2892 -1 -1 -1 -1 -1 
30 1779794092 1779794092 0 2613146 6873 8536 1263 8536 1263 -1 -1 -1 -1 -1 
31 1779794092 1779794092 0 2286306 5445 8540 535 8540 3537 -1 -1 -1 -1 -1 
39 1779794092 1779794092 0 2506004 5660 8235 6191 8235 9 -1 -1 -1 -1 -1 
40 1779794092 1779794092 0 2561361 1374 8463 291 8292 8019 -1 -1 -1 -1 -1 
45 1779794092 1779794092 0 2667793 7077 8956 7186 8698 1049 -1 -1 -1 -1 -1 
47 1779794092 1779794092 0 2499321 4797 8549 1710 8565 2879 -1 -1 -1 -1 -1 
60 1779794092 1779794092 0 2672808 2291 8411 675 8411 55 -1 -1 -1 -1 -1 
61 1779794092 1779794092 0 2585074 6972 8304 1506 8304 3085 -1 -1 -1 -1 -1 
62 1779794092 1779794092 0 2603666 7569 9080 644 9080 2274 -1 -1 -1 -1 -1 
64 1779794092 1779794092 0 2643533 3486 8411 319 8411 8159 -1 -1 -1 -1 -1 
65 1779794092 1779794092 0 2563040 149 8283 1066 9197 7918 -1 -1 -1 -1 -1 
69 1779794092 1779794092 0 1093171 3892 9036 3892 9036 3892 -1 -1 -1 -1 -1 
76 1779794092 1779794092 0 2434301 4240 8734 1369 8734 7633 -1 -1 -1 -1 -1 
83 1779794092 1779794092 0 2164607 6121 8609 6609 8609 7210 -1 -1 -1 -1 -1 
93 1779794092 1779794092 0 2610872 9068 4550 9068 3004 9068 -1 -1 -1 -1 -1 
97 1779794092 1779794092 0 2665075 7212 8602 730 8602 2892 -1 -1 -1 -1 -1 
99 1779794092 1779794092 0 2183884 4430 8893 346 8262 2287 -1 -1 -1 -1 -1 
106 1779794092 1779794092 0 2133651 1252 8629 1252 8629 6083 -1 -1 -1 -1 -1 
114 1779794092 1779794092 0 2640358 7486 8734 1206 8734 4096 -1 -1 -1 -1 -1 
115 1779794092 1779794092 0 2667884 510 8526 769 8526 4033 -1 -1 -1 -1 -1 
125 1779794092 1779794092 0 2677595 5321 8909 5321 8909 5321 -1 -1 -1 -1 -1 
135 1779794092 1779794092 0 2567285 7724 8734 935 8881 1039 -1 -1 -1 -1 -1 
139 1779794092 1779794092 0 2664615 7287 8836 430 8501 8201 -1 -1 -1 -1 -1 
140 1779794092 1779794092 0 2378450 6900 8580 641 8628 7707 -1 -1 -1 -1 -1 
167 1779794092 1779794092 0 2602013 7042 8592 1024 8565 7180 -1 -1 -1 -1 -1 
168 1779794092 1779794092 0 2596896 7800 9224 22 8485 950 -1 -1 -1 -1 -1 
169 1779794092 1779794092 0 2662690 7437 8361 346 8764 346 -1 -1 -1 -1 -1 
180 1779794092 1779794092 0 2663690 6389 8390 1686 8390 7788 -1 -1 -1 -1 -1 
185 1779794092 1779794092 0 2677633 6658 8470 364 8537 1007 -1 -1 -1 -1 -1 
193 1779794092 1779794092 0 2431353 7464 8307 7464 8307 3178 -1 -1 -1 -1 -1 
205 1779794092 1779794092 0 2121985 7024 8592 7025 8592 7105 -1 -1 -1 -1 -1 
206 1779794092 1779794092 0 1971711 3927 8463 773 8463 1374 -1 -1 -1 -1 -1 
208 1779794092 1779794092 0 2581973 7346 8638 3879 8638 8072 -1 -1 -1 -1 -1 
210 1779794092 1779794092 0 2672673 3176 8339 3148 8339 143 -1 -1 -1 -1 -1 
214 1779794092 1779794092 0 2564667 7566 8734 4096 8734 2210 -1 -1 -1 -1 -1 
216 1779794092 1779794092 0 2663187 3543 8312 1001 8312 144 -1 -1 -1 -1 -1 
218 1779794092 1779794092 0 2615720 4051 8357 169 8357 528 -1 -1 -1 -1 -1 
220 1779794092 1779794092 0 2670969 6386 8852 4638 8852 1206 -1 -1 -1 -1 -1 
225 1779794092 1779794092 0 2518252 5217 8477 7939 8477 1797 -1 -1 -1 -1 -1 
230 1779794092 1779794092 0 2577001 2323 8480 1443 8480 1443 -1 -1 -1 -1 -1 
232 1779794092 1779794092 0 1925167 4849 8593 2153 8414 5679 -1 -1 -1 -1 -1 
237 1779794092 1779794092 0 2662036 6247 9035 1089 8709 1089 -1 -1 -1 -1 -1 
241 1779794092 1779794092 0 2675373 3729 8649 3735 9084 277 -1 -1 -1 -1 -1 
257 1779794092 1779794092 0 2595707 5333 8370 353 8467 1363 -1 -1 -1 -1 -1 
263 1779794092 1779794092 0 2442627 3430 8397 1267 8397 1267 -1 -1 -1 -1 -1 
276 1779794092 1779794092 0 2641307 2291 8411 429 8411 675 -1 -1 -1 -1 -1 
278 1779794092 1779794092 0 2652682 6940 8874 244 8333 244 -1 -1 -1 -1 -1 
281 1779794092 1779794092 0 2645808 7690 8504 5538 8463 6245 -1 -1 -1 -1 -1 
285 1779794092 1779794092 0 1764220 2423 8855 1596 8855 6313 -1 -1 -1 -1 -1 
291 1779794092 1779794092 0 2577624 5989 9151 6082 9151 8064 -1 -1 -1 -1 -1 
302 1779794092 1779794092 0 2640726 934 8576 327 8451 308 -1 -1 -1 -1 -1 
303 1779794092 1779794092 0 2652284 8756 1863 8756 1863 8756 -1 -1 -1 -1 -1 
309 1779794092 1779794092 0 2190345 3105 8869 1148 8778 7272 -1 -1 -1 -1 -1 
313 1779794092 1779794092 0 2662690 7183 8505 440 8764 346 -1 -1 -1 -1 -1 
319 1779794092 1779794092 0 1737684 194 8242 434 8242 6260 -1 -1 -1 -1 -1 
326 1779794092 1779794092 0 2659831 8186 8881 8186 8881 6600 -1 -1 -1 -1 -1 
331 1779794092 1779794092 0 2543192 4326 8940 3161 8940 3920 -1 -1 -1 -1 -1 
334 1779794092 1779794092 0 2601867 6125 8347 6914 8347 4410 -1 -1 -1 -1 -1 
340 1779794092 1779794092 0 2569886 9091 4446 9091 5853 9091 -1 -1 -1 -1 -1 
357 1779794092 1779794092 0 2264035 6981 8618 2196 9205 7318 -1 -1 -1 -1 -1 
361 1779794092 1779794092 0 2084550 3859 8623 2602 8623 7007 -1 -1 -1 -1 -1 
367 1779794092 1779794092 0 2545911 3570 8297 7701 8297 3332 -1 -1 -1 -1 -1 
369 1779794092 1779794092 0 2653538 961 8677 346 8511 1090 -1 -1 -1 -1 -1 
375 1779794092 1779794092 0 2586826 449 8814 449 8814 449 -1 -1 -1 -1 -1 
387 1779794092 1779794092 0 2677219 7360 9168 6411 9205 8224 -1 -1 -1 -1 -1 
388 1779794092 1779794092 0 2677386 2650 8548 371 8634 994 -1 -1 -1 -1 -1 
395 1779794092 1779794092 0 2602873 839 8587 6856 8587 5023 -1 -1 -1 -1 -1 
396 1779794092 1779794092 0 2327696 5018 8536 7439 8536 7619 -1 -1 -1 -1 -1 
398 1779794092 1779794092 0 2243985 3897 8888 3932 9205 7409 -1 -1 -1 -1 -1 
402 1779794092 1779794092 0 2625423 1740 8438 1828 8438 1828 -1 -1 -1 -1 -1 
404 1779794092 1779794092 0 2613146 6873 8536 1263 8536 1263 -1 -1 -1 -1 -1 
405 1779794092 1779794092 0 2411262 885 9102 5262 9102 1684 -1 -1 -1 -1 -1 
406 1779794092 1779794092 0 2368755 5258 8603 5534 8937 7693 -1 -1 -1 -1 -1 
410 1779794092 1779794092 0 2666965 6920 8286 68 9148 1680 -1 -1 -1 -1 -1 
411 1779794092 1779794092 0 2675563 7833 8457 328 8457 328 -1 -1 -1 -1 -1 
414 1779794092 1779794092 0 1490272 4818 9069 1442 9069 5591 -1 -1 -1 -1 -1 
416 1779794092 1779794092 0 2657456 6414 9151 6252 9151 6252 -1 -1 -1 -1 -1 
417 1779794092 1779794092 0 2211115 2753 8400 2742 8400 7302 -1 -1 -1 -1 -1 
420 1779794092 1779794092 0 1897283 3717 8276 4027 8477 378 -1 -1 -1 -1 -1 
429 1779794092 1779794092 0 2067960 5181 8402 5273 8402 500 -1 -1 -1 -1 -1 
431 1779794092 1779794092 0 2616837 7828 9224 484 8994 250 -1 -1 -1 -1 -1 
433 1779794092 1779794092 0 2659831 8186 8881 8186 8881 6600 -1 -1 -1 -1 -1 
441 1779794092 1779794092 0 2456121 5067 8297 1012 8368 349 -1 -1 -1 -1 -1 
447 1779794092 1779794092 0 2570456 5880 8301 17 8361 4065 -1 -1 -1 -1 -1 
450 1779794092 1779794092 0 2642874 5596 8544 1314 9080 8163 -1 -1 -1 -1 -1 
454 1779794092 1779794092 0 2619260 1473 8771 1785 8771 8118 -1 -1 -1 -1 -1 
455 1779794092 1779794092 0 2494758 1987 8628 2209 8628 7922 -1 -1 -1 -1 -1 
471 1779794092 1779794092 0 2568472 3624 8244 485 8517 485 -1 -1 -1 -1 -1 
474 1779794092 1779794092 0 2411262 7523 9102 5262 9102 1684 -1 -1 -1 -1 -1 
485 1779794092 1779794092 0 1628282 3786 8547 3790 8547 6000 -1 -1 -1 -1 -1 
486 1779794092 1779794092 0 2464299 1864 8297 1012 8297 1940 -1 -1 -1 -1 -1 
493 1779794092 1779794092 0 2573038 6116 8687 2153 8866 2153 -1 -1 -1 -1 -1 
503 1779794092 1779794092 0 2623060 1980 8574 1562 8565 1562 -1 -1 -1 -1 -1 
505 1779794092 1779794092 0 2642874 7771 9080 437 9080 8163 -1 -1 -1 -1 -1 
507 1779794092 1779794092 0 2645588 1274 8354 443 8645 822 -1 -1 -1 -1 -1 
508 1779794092 1779794092 0 2570893 2303 8556 7032 8556 621 -1 -1 -1 -1 -1 
509 1779794092 1779794092 0 2643017 8437 285 8626 285 8626 -1 -1 -1 -1 -1 
513 1779794092 1779794092 0 2043847 3349 9144 3349 9100 3349 -1 -1 -1 -1 -1 
518 1779794092 1779794092 0 2563197 6772 8645 1610 8645 8026 -1 -1 -1 -1 -1 
520 1779794092 1779794092 0 2590939 4911 8806 1921 8585 721 -1 -1 -1 -1 -1 
521 1779794092 1779794092 0 2577738 6516 8285 4935 8285 4935 -1 -1 -1 -1 -1 
522 1779794092 1779794092 0 2651314 2120 8556 621 8556 7032 -1 -1 -1 -1 -1 
526 1779794092 1779794092 0 2663187 8404 722 8404 144 8312 -1 -1 -1 -1 -1 
531 1779794092 1779794092 0 2638911 866 8648 866 8625 866 -1 -1 -1 -1 -1 
540 1779794092 1779794092 0 2404829 8720 6807 8720 6807 8720 -1 -1 -1 -1 -1 
545 1779794092 1779794092 0 2463691 5701 8347 2468 8904 2396 -1 -1 -1 -1 -1 
546 1779794092 1779794092 0 2675525 6406 9166 6330 9166 2515 -1 -1 -1 -1 -1 
553 1779794092 1779794092 0 2677979 38 8260 653 8260 8226 -1 -1 -1 -1 -1 
555 1779794092 1779794092 0 2667629 5797 8963 1810 8332 1810 -1 -1 -1 -1 -1 
556 1779794092 1779794092 0 2644472 1740 8887 119 8668 977 -1 -1 -1 -1 -1 
563 1779794092 1779794092 0 2640175 7519 8938 5908 8938 1139 -1 -1 -1 -1 -1 
564 1779794092 1779794092 0 2558196 3763 8467 1363 8418 1001 -1 -1 -1 -1 -1 
568 1779794092 1779794092 0 2643490 1164 8549 1103 8466 5720 -1 -1 -1 -1 -1 
589 1779794092 1779794092 0 2672847 5413 9118 5467 9118 5467 -1 -1 -1 -1 -1 
598 1779794092 1779794092 0 2297506 6655 8574 535 8540 4215 -1 -1 -1 -1 -1 
600 1779794092 1779794092 0 2439171 4241 8452 1680 8250 7826 -1 -1 -1 -1 -1 
602 1779794092 1779794092 0 2420336 1820 8801 1820 8801 7548 -1 -1 -1 -1 -1 
605 1779794092 1779794092 0 2674057 3968 8411 675 8411 36 -1 -1 -1 -1 -1 
610 1779794092 1779794092 0 2158842 5444 8883 499 8883 7190 -1 -1 -1 -1 -1 
619 1779794092 1779794092 0 2351543 4874 8806 3755 8699 3755 -1 -1 -1 -1 -1 
620 1779794092 1779794092 0 2594111 7919 9197 1066 9197 8093 -1 -1 -1 -1 -1 
623 1779794092 1779794092 0 2673757 8113 8590 6417 8590 6113 -1 -1 -1 -1 -1 
625 1779794092 1779794092 0 2271318 5912 8855 5912 8855 5912 -1 -1 -1 -1 -1 
627 1779794092 1779794092 0 2490325 947 8302 2480 8302 4248 -1 -1 -1 -1 -1 
633 1779794092 1779794092 0 2531686 3099 8519 7159 8519 3011 -1 -1 -1 -1 -1 
634 1779794092 1779794092 0 2627879 571 8772 2640 8772 3352 -1 -1 -1 -1 -1 
647 1779794092 1779794092 0 2626521 3720 8553 3016 8553 3016 -1 -1 -1 -1 -1 
651 1779794092 1779794092 0 2110690 3262 9177 3262 9177 3262 -1 -1 -1 -1 -1 
657 1779794092 1779794092 0 2572041 5838 9166 6330 9166 3819 -1 -1 -1 -1 -1 
658 1779794092 1779794092 0 2675525 2515 9166 25 9166 2515 -1 -1 -1 -1 -1 
660 1779794092 1779794092 0 2625639 7028 8994 250 8994 484 -1 -1 -1 -1 -1 
664 1779794092 1779794092 0 2648437 5752 8794 319 8411 534 -1 -1 -1 -1 -1 
669 1779794092 1779794092 0 2670168 7934 8365 274 8365 274 -1 -1 -1 -1 -1 
673 1779794092 1779794092 0 2333874 3287 8414 708 8414 7635 -1 -1 -1 -1 -1 
674 1779794092 1779794092 0 2674174 527 9086 4751 8577 1975 -1 -1 -1 -1 -1 
676 1779794092 1779794092 0 2482880 4902 8358 4027 8358 4027 -1 -1 -1 -1 -1 
684 1779794092 1779794092 0 2287334 3421 8411 1702 8235 7513 -1 -1 -1 -1 -1 
686 1779794092 1779794092 0 2379551 484 9202 4225 9202 7708 -1 -1 -1 -1 -1 
689 1779794092 1779794092 0 2630445 2408 9090 920 9124 1221 -1 -1 -1 -1 -1 
692 1779794092 1779794092 0 2666965 5888 9148 1680 9148 1680 -1 -1 -1 -1 -1 
697 1779794092 1779794092 0 2499760 4573 8975 1916 8975 1916 -1 -1 -1 -1 -1 
702 1779794092 1779794092 0 2569418 7072 8801 2240 8801 8043 -1 -1 -1 -1 -1 
706 1779794092 1779794092 0 2576070 7269 8645 1610 8645 782 -1 -1 -1 -1 -1 
709 1779794092 1779794092 0 2666914 279 8367 292 8367 1607 -1 -1 -1 -1 -1 
712 1779794092 1779794092 0 2537684 1525 8374 195 8374 1564 -1 -1 -1 -1 -1 
713 1779794092 1779794092 0 1680413 1985 8589 6048 8589 6048 -1 -1 -1 -1 -1 
715 1779794092 1779794092 0 2518965 5385 9059 5528 8734 1187 -1 -1 -1 -1 -1 
723 1779794092 1779794092 0 2242913 2809 8633 43 9202 4225 -1 -1 -1 -1 -1 
729 1779794092 1779794092 0 1872382 5275 8648 866 8648 6541 -1 -1 -1 -1 -1 
730 1779794092 1779794092 0 2597331 7959 8734 1343 8734 4554 -1 -1 -1 -1 -1 
738 1779794092 1779794092 0 1427076 4188 8549 4583 8549 5482 -1 -1 -1 -1 -1 
748 1779794092 1779794092 0 2506004 6191 8235 1702 8235 9 -1 -1 -1 -1 -1 
754 1779794092 1779794092 0 2650487 6419 8411 429 8261 8177 -1 -1 -1 -1 -1 
762 1779794092 1779794092 0 2215461 4739 8577 4665 8603 5348 -1 -1 -1 -1 -1 
763 1779794092 1779794092 0 2451727 5290 8368 305 8368 7841 -1 -1 -1 -1 -1 
765 1779794092 1779794092 0 2669060 7459 8719 509 8525 509 -1 -1 -1 -1 -1 
774 1779794092 1779794092 0 2675243 4407 8564 1971 8698 1971 -1 -1 -1 -1 -1 
776 1779794092 1779794092 0 2669431 8652 249 8652 1066 9197 -1 -1 -1 -1 -1 
783 1779794092 1779794092 0 1474093 3321 8507 1442 8507 1442 -1 -1 -1 -1 -1 
784 1779794092 1779794092 0 2506361 6710 8827 3275 8827 6602 -1 -1 -1 -1 -1 
787 1779794092 1779794092 0 2674687 8982 3252 8982 3252 8982 -1 -1 -1 -1 -1 
789 1779794092 1779794092 0 2603941 8535 1214 8535 959 8535 -1 -1 -1 -1 -1 
794 1779794092 1779794092 0 2604818 1803 8434 2518 8434 2089 -1 -1 -1 -1 -1 
811 1779794092 1779794092 0 2664779 8683 5669 8356 744 9072 -1 -1 -1 -1 -1 
816 1779794092 1779794092 0 2176255 2179 8629 2179 8629 3557 -1 -1 -1 -1 -1 
835 1779794092 1779794092 0 2604521 3500 8312 1001 8418 475 -1 -1 -1 -1 -1 
844 1779794092 1779794092 0 2656506 8870 433 8870 974 8870 -1 -1 -1 -1 -1 
848 1779794092 1779794092 0 2675075 6162 8316 2943 8316 8220 -1 -1 -1 -1 -1 
849 1779794092 1779794092 0 1438744 3754 8622 322 8622 1063 -1 -1 -1 -1 -1 
850 1779794092 1779794092 0 2663525 2035 8418 1363 8467 2517 -1 -1 -1 -1 -1 
851 1779794092 1779794092 0 1976833 4370 8964 5352 8964 6305 -1 -1 -1 -1 -1 
855 1779794092 1779794092 0 2645935 305 8368 611 8446 8171 -1 -1 -1 -1 -1 
858 1779794092 1779794092 0 2577738 5625 8285 231 8285 4935 -1 -1 -1 -1 -1 
862 1779794092 1779794092 0 1379181 4334 8502 3966 8548 5384 -1 -1 -1 -1 -1 
864 1779794092 1779794092 0 2506004 5692 8235 6191 8235 9 -1 -1 -1 -1 -1 
867 1779794092 1779794092 0 2647381 7504 8853 6103 8853 7453 -1 -1 -1 -1 -1 
878 1779794092 1779794092 0 2231544 7021 8574 535 8718 535 -1 -1 -1 -1 -1 
879 1779794092 1779794092 0 2645576 8307 93 8307 93 8307 -1 -1 -1 -1 -1 
887 1779794092 1779794092 0 2524857 5071 8686 3039 8686 6983 -1 -1 -1 -1 -1 
888 1779794092 1779794092 0 2515147 4918 8247 4479 8247 7948 -1 -1 -1 -1 -1 
889 1779794092 1779794092 0 2615739 8334 3102 8334 127 8334 -1 -1 -1 -1 -1 
892 1779794092 1779794092 0 2421750 3757 8734 935 8734 7794 -1 -1 -1 -1 -1 
894 1779794092 1779794092 0 2650669 2386 8888 2390 8937 2654 -1 -1 -1 -1 -1 
902 1779794092 1779794092 0 2592215 9101 5179 9200 5179 9200 -1 -1 -1 -1 -1 
912 1779794092 1779794092 0 2677633 8234 364 8537 1007 8537 -1 -1 -1 -1 -1 
915 1779794092 1779794092 0 1864561 4105 8648 866 8648 6524 -1 -1 -1 -1 -1 
927 1779794092 1779794092 0 2651471 4136 8766 3974 8766 8178 -1 -1 -1 -1 -1 
928 1779794092 1779794092 0 2602584 4645 8983 4645 8983 826 -1 -1 -1 -1 -1 
929 1779794092 1779794092 0 2645588 942 8645 822 8645 822 -1 -1 -1 -1 -1 
930 1779794092 1779794092 0 2643214 7687 9205 6411 9205 1343 -1 -1 -1 -1 -1 
947 1779794092 1779794092 0 2483932 4345 8343 2840 8343 4480 -1 -1 -1 -1 -1 
951 1779794092 1779794092 0 1975901 3767 8848 367 8262 6779 -1 -1 -1 -1 -1 
953 1779794092 1779794092 0 2472869 2647 8574 783 8574 2062 -1 -1 -1 -1 -1 
955 1779794092 1779794092 0 2678141 1146 8711 1181 8711 1181 -1 -1 -1 -1 -1 
959 1779794092 1779794092 0 2364374 6096 9165 6096 9165 6096 -1 -1 -1 -1 -1 
963 1779794092 1779794092 0 2666964 8129 8347 7994 8347 3148 -1 -1 -1 -1 -1 
968 1779794092 1779794092 0 2267849 6134 8563 739 8563 739 -1 -1 -1 -1 -1 
971 1779794092 1779794092 0 2253091 168 8408 6335 8408 6335 -1 -1 -1 -1 -1 
976 1779794092 1779794092 0 2657197 7824 8347 2134 8631 3461 -1 -1 -1 -1 -1 
983 1779794092 1779794092 0 2517705 1149 8574 2777 8453 628 -1 -1 -1 -1 -1 
987 1779794092 1779794092 0 1452999 559 8540 3532 8540 5554 -1 -1 -1 -1 -1 
989 1779794092 1779794092 0 2648761 8486 39 8425 737 8425 -1 -1 -1 -1 -1 
992 1779794092 1779794092 0 1821327 4951 8601 5578 8601 975 -1 -1 -1 -1 -1 
993 1779794092 1779794092 0 2650283 7843 8546 646 8546 2132 -1 -1 -1 -1 -1 
996 1779794092 1779794092 0 1626867 2163 8482 2484 8482 516 -1 -1 -1 -1 -1 
997 1779794092 1779794092 0 2600509 4519 8411 658 8411 8101 -1 -1 -1 -1 -1 
999 1779794092 1779794092 0 2434687 8488 2946 8488 2946 8488 -1 -1 -1 -1 -1 
0 1779794092 1779794092 0 2323005 1204 8246 383 9153 1189 9153 -1 -1 -1 -1 
2 1779794092 1779794092 0 2648089 6858 8243 311 8740 411 8740 -1 -1 -1 -1 
5 1779794092 1779794092 0 2674057 2117 8593 1338 8411 36 8411 -1 -1 -1 -1 
13 1779794092 1779794092 0 2664141 4721 8519 7159 8519 335 8242 -1 -1 -1 -1 
21 1779794092 1779794092 0 2589805 8775 164 8353 164 8783 3670 -1 -1 -1 -1 
48 1779794092 1779794092 0 2524342 8844 1870 8844 1870 8844 1870 -1 -1 -1 -1 
68 1779794092 1779794092 0 2658710 948 8673 948 8673 948 8673 -1 -1 -1 -1 
70 1779794092 1779794092 0 2670487 8022 9197 1066 9197 1066 8262 -1 -1 -1 -1 
77 1779794092 1779794092 0 1997831 1826 8833 1826 8833 1826 8833 -1 -1 -1 -1 
84 1779794092 1779794092 0 2648538 4503 8853 7504 8853 175 8853 -1 -1 -1 -1 
90 1779794092 1779794092 0 2514664 5184 8674 2525 8674 2525 8674 -1 -1 -1 -1 
94 1779794092 1779794092 0 2672673 1785 8771 1885 8591 143 8339 -1 -1 -1 -1 
104 1779794092 1779794092 0 2661410 5879 9071 4845 8964 5526 8964 -1 -1 -1 -1 
131 1779794092 1779794092 0 2620742 6973 8393 224 8393 224 8393 -1 -1 -1 -1 
142 1779794092 1779794092 0 2631141 8423 749 8433 2534 8433 2534 -1 -1 -1 -1 
149 1779794092 1779794092 0 2670487 5230 8355 1066 9197 1066 8262 -1 -1 -1 -1 
158 1779794092 1779794092 0 2669060 8432 7019 9206 509 8525 509 -1 -1 -1 -1 
182 1779794092 1779794092 0 2669883 1470 8734 4240 8734 221 8719 -1 -1 -1 -1 
207 1779794092 1779794092 0 2617312 4387 8285 4085 9203 7083 9203 -1 -1 -1 -1 
221 1779794092 1779794092 0 2661731 6465 8836 68 8469 346 8677 -1 -1 -1 -1 
222 1779794092 1779794092 0 2672125 6431 8841 476 8849 476 8516 -1 -1 -1 -1 
223 1779794092 1779794092 0 2664181 5982 8380 471 8917 335 8551 -1 -1 -1 -1 
246 1779794092 1779794092 0 2527014 2836 8941 2836 9209 2836 8941 -1 -1 -1 -1 
267 1779794092 1779794092 0 2483972 9136 4772 9136 4772 9136 7907 -1 -1 -1 -1 
272 1779794092 1779794092 0 2663373 8960 1182 8508 239 8508 7336 -1 -1 -1 -1 
282 1779794092 1779794092 0 2669883 1582 8734 4534 8734 221 8719 -1 -1 -1 -1 
298 1779794092 1779794092 0 2666964 7691 8937 7994 8937 3148 8347 -1 -1 -1 -1 
316 1779794092 1779794092 0 2657409 759 8741 1975 8577 1975 8741 -1 -1 -1 -1 
330 1779794092 1779794092 0 2464299 8444 1537 8444 1940 8297 1940 -1 -1 -1 -1 
354 1779794092 1779794092 0 2666965 7889 8241 68 9148 1680 9148 -1 -1 -1 -1 
371 1779794092 1779794092 0 2678030 1153 8301 476 8612 145 8612 -1 -1 -1 -1 
380 1779794092 1779794092 0 2664300 8356 5669 8590 68 8347 7994 -1 -1 -1 -1 
381 1779794092 1779794092 0 2672025 8046 9223 22 8964 476 8849 -1 -1 -1 -1 
383 1779794092 1779794092 0 2666260 5191 8401 5164 8401 17 8333 -1 -1 -1 -1 
385 1779794092 1779794092 0 2655324 3825 8876 311 8442 311 8442 -1 -1 -1 -1 
408 1779794092 1779794092 0 2672125 7545 8295 145 8295 476 8516 -1 -1 -1 -1 
423 1779794092 1779794092 0 2492657 51 8319 51 8319 1885 8319 -1 -1 -1 -1 
424 1779794092 1779794092 0 2570252 8618 6180 8618 1698 8618 1044 -1 -1 -1 -1 
439 1779794092 1779794092 0 2633537 343 8448 2557 8924 2557 8924 -1 -1 -1 -1 
440 1779794092 1779794092 0 2626627 7617 8985 6107 8985 68 8438 -1 -1 -1 -1 
449 1779794092 1779794092 0 2636456 3440 8842 1856 8842 1856 8842 -1 -1 -1 -1 
451 1779794092 1779794092 0 2670343 1386 8759 1386 8271 4178 8271 -1 -1 -1 -1 
452 1779794092 1779794092 0 2646357 1742 8572 400 8817 591 8564 -1 -1 -1 -1 
490 1779794092 1779794092 0 2606066 8475 375 8475 375 8475 171 -1 -1 -1 -1 
501 1779794092 1779794092 0 2570252 1507 8505 440 8505 1044 8618 -1 -1 -1 -1 
506 1779794092 1779794092 0 2673581 6428 8365 7702 8734 4085 9061 -1 -1 -1 -1 
511 1779794092 1779794092 0 2569987 1697 8747 1697 8747 1616 8747 -1 -1 -1 -1 
524 1779794092 1779794092 0 2669066 3615 8318 537 9190 537 9041 -1 -1 -1 -1 
549 1779794092 1779794092 0 2673220 9049 3285 8686 6332 8686 1549 -1 -1 -1 -1 
562 1779794092 1779794092 0 2524719 6667 9073 6714 9073 6714 9073 -1 -1 -1 -1 
576 1779794092 1779794092 0 2642874 7662 8411 539 9080 8163 9080 -1 -1 -1 -1 
593 1779794092 1779794092 0 2636988 7866 8956 1613 8956 1613 8956 -1 -1 -1 -1 
608 1779794092 1779794092 0 2677738 4431 8227 16 9109 5299 9109 -1 -1 -1 -1 
611 1779794092 1779794092 0 770598 358 8468 1643 8468 1643 8468 -1 -1 -1 -1 
613 1779794092 1779794092 0 2636142 3754 8622 659 9123 506 9123 -1 -1 -1 -1 
640 1779794092 1779794092 0 2571553 6054 8511 68 8286 388 8482 -1 -1 -1 -1 
650 1779794092 1779794092 0 2670606 660 8921 1087 8913 1087 9220 -1 -1 -1 -1 
659 1779794092 1779794092 0 2268498 3853 9031 5245 9031 233 9131 -1 -1 -1 -1 
670 1779794092 1779794092 0 2666541 7918 8504 506 9123 506 8277 -1 -1 -1 -1 
683 1779794092 1779794092 0 2671463 7205 8295 476 8516 476 8295 -1 -1 -1 -1 
688 1779794092 1779794092 0 950135 2917 8947 2917 8947 2917 8947 -1 -1 -1 -1 
696 1779794092 1779794092 0 2670487 6961 8623 494 8652 1066 8262 -1 -1 -1 -1 
707 1779794092 1779794092 0 2676693 6915 9168 2769 8801 1820 8318 -1 -1 -1 -1 
726 1779794092 1779794092 0 2664189 5945 8879 2175 8879 2175 8879 -1 -1 -1 -1 
747 1779794092 1779794092 0 2512559 4891 8347 6914 8347 68 8415 -1 -1 -1 -1 
758 1779794092 1779794092 0 2657456 7217 9151 6082 9151 6252 9151 -1 -1 -1 -1 
761 1779794092 1779794092 0 2638317 6960 8268 1296 9226 1296 9226 -1 -1 -1 -1 
808 1779794092 1779794092 0 1572330 3761 9024 3761 9024 3761 9024 -1 -1 -1 -1 
819 1779794092 1779794092 0 2672219 6305 8964 476 8841 476 8519 -1 -1 -1 -1 
820 1779794092 1779794092 0 2678027 6380 8260 2365 8260 653 8260 -1 -1 -1 -1 
839 1779794092 1779794092 0 2661741 5550 8704 1258 8704 8030 8349 -1 -1 -1 -1 
840 1779794092 1779794092 0 2382053 9174 6367 9174 6367 9174 6367 -1 -1 -1 -1 
866 1779794092 1779794092 0 2671634 3457 8617 781 8617 781 8617 -1 -1 -1 -1 
869 1779794092 1779794092 0 2209278 909 8423 437 8423 383 8750 -1 -1 -1 -1 
880 1779794092 1779794092 0 2260092 6127 8732 3942 8732 628 8559 -1 -1 -1 -1 
891 1779794092 1779794092 0 2663467 2428 8908 3812 8260 68 8656 -1 -1 -1 -1 
896 1779794092 1779794092 0 2604521 6842 8312 1001 8418 475 8418 -1 -1 -1 -1 
916 1779794092 1779794092 0 2650283 5586 9163 646 8546 2132 8546 -1 -1 -1 -1 
926 1779794092 1779794092 0 2664141 719 8462 2522 8462 335 8242 -1 -1 -1 -1 
939 1779794092 1779794092 0 2562902 9078 17 8639 3302 8639 8024 -1 -1 -1 -1 
940 1779794092 1779794092 0 2677633 1840 8520 364 8537 1007 8537 -1 -1 -1 -1 
942 1779794092 1779794092 0 2666529 3151 8339 68 8887 2394 8887 -1 -1 -1 -1 
950 1779794092 1779794092 0 2636832 6373 8252 384 8827 3275 8827 -1 -1 -1 -1 
979 1779794092 1779794092 0 2624760 7664 8637 7664 8637 7664 8993 -1 -1 -1 -1 
3 1779794092 1779794092 0 2461134 3911 8359 3882 8359 3882 8359 7856 -1 -1 -1 
8 1779794092 1779794092 0 2669075 5678 8582 461 8582 461 8582 461 -1 -1 -1 
9 1779794092 1779794092 0 2189291 486 8518 486 8518 486 8952 7156 -1 -1 -1 
11 1779794092 1779794092 0 2568472 485 8517 485 8517 485 8517 485 -1 -1 -1 
16 1779794092 1779794092 0 2675942 4850 8263 221 8734 221 9185 1247 -1 -1 -1 
17 1779794092 1779794092 0 2219459 2940 8438 1212 8438 2878 9092 7321 -1 -1 -1 
22 1779794092 1779794092 0 2665098 1100 8338 774 8338 768 8323 768 -1 -1 -1 
27 1779794092 1779794092 0 2646421 1296 9061 1296 9226 1296 9092 7587 -1 -1 -1 
33 1779794092 1779794092 0 2673757 5546 8590 686 8590 6417 8590 6113 -1 -1 -1 
34 1779794092 1779794092 0 2577149 601 8295 402 8510 8041 8510 7337 -1 -1 -1 
37 1779794092 1779794092 0 2663627 1475 8411 658 8411 319 8411 581 -1 -1 -1 
38 1779794092 1779794092 0 2673219 8014 8382 6016 8382 1903 8716 1325 -1 -1 -1 
41 1779794092 1779794092 0 2671248 3705 8582 506 9123 506 8532 1130 -1 -1 -1 
49 1779794092 1779794092 0 2425411 1234 8582 3953 8582 506 8277 356 -1 -1 -1 
57 1779794092 1779794092 0 2660280 4575 8736 1877 8736 4736 8736 4736 -1 -1 -1 
66 1779794092 1779794092 0 2675481 4949 8873 627 8446 17 8555 8222 -1 -1 -1 
73 1779794092 1779794092 0 2049833 5357 9100 3349 9100 3349 9100 1333 -1 -1 -1 
74 1779794092 1779794092 0 2669060 7290 8374 509 9206 509 8525 509 -1 -1 -1 
89 1779794092 1779794092 0 2643533 4603 9054 1220 8411 493 8411 8159 -1 -1 -1 
91 1779794092 1779794092 0 2631448 6292 8349 1202 8349 1331 8349 8144 -1 -1 -1 
95 1779794092 1779794092 0 2622253 6578 8306 233 9049 4148 9049 8122 -1 -1 -1 
100 1779794092 1779794092 0 2654893 2944 8816 1818 8816 1818 8816 1818 -1 -1 -1 
117 1779794092 1779794092 0 2338162 3791 8849 161 8849 161 8510 3757 -1 -1 -1 
119 1779794092 1779794092 0 2567157 9145 5788 9145 40 8244 2434 8864 -1 -1 -1 
121 1779794092 1779794092 0 2623894 344 8460 344 8460 344 8460 337 -1 -1 -1 
128 1779794092 1779794092 0 2668160 4339 8314 6569 9028 1973 9084 2436 -1 -1 -1 
143 1779794092 1779794092 0 2475266 1836 8835 547 9163 547 8835 7886 -1 -1 -1 
146 1779794092 1779794092 0 2667888 1762 8411 981 8411 584 8411 2144 -1 -1 -1 
150 1779794092 1779794092 0 2671373 1549 8688 233 8545 2134 9084 318 -1 -1 -1 
176 1779794092 1779794092 0 2620280 9070 4 9070 4 8725 4 9070 -1 -1 -1 
178 1779794092 1779794092 0 2672808 4701 8411 2252 8411 2144 8411 55 -1 -1 -1 
183 1779794092 1779794092 0 2334838 2337 8593 2941 8593 2153 8414 7640 -1 -1 -1 
188 1779794092 1779794092 0 2675018 2976 8613 2976 9088 1276 8243 887 -1 -1 -1 
189 1779794092 1779794092 0 2536890 3463 8562 3612 9103 3612 9103 7981 -1 -1 -1 
195 1779794092 1779794092 0 2600580 7486 9160 7486 9160 6253 9160 7486 -1 -1 -1 
199 1779794092 1779794092 0 2650757 2764 8264 683 8264 1797 8477 448 -1 -1 -1 
203 1779794092 1779794092 0 2100703 3082 8549 371 8502 371 8257 7055 -1 -1 -1 
212 1779794092 1779794092 0 2558196 5997 8312 1001 8312 1001 8418 1001 -1 -1 -1 
229 1779794092 1779794092 0 2590284 1803 8434 6654 8331 1590 8331 123 -1 -1 -1 
247 1779794092 1779794092 0 2673757 9031 3238 8544 4586 8734 6113 8590 -1 -1 -1 
248 1779794092 1779794092 0 2594009 5178 9168 142 9168 7377 9168 8092 -1 -1 -1 
261 1779794092 1779794092 0 2666529 3111 8887 2394 8887 2394 8887 2394 -1 -1 -1 
271 1779794092 1779794092 0 2645588 3310 8563 782 8645 1610 8645 822 -1 -1 -1 
274 1779794092 1779794092 0 2537684 6395 8374 195 8374 195 8374 1564 -1 -1 -1 
277 1779794092 1779794092 0 2402692 1169 8724 5262 8724 5262 9102 5262 -1 -1 -1 
284 1779794092 1779794092 0 2527423 6648 8723 2790 8723 3813 8723 3813 -1 -1 -1 
288 1779794092 1779794092 0 2532710 7438 9153 828 8886 828 8886 828 -1 -1 -1 
294 1779794092 1779794092 0 2650757 648 8477 378 8477 925 8477 448 -1 -1 -1 
297 1779794092 1779794092 0 2638317 9226 1296 8268 1296 9092 1296 9226 -1 -1 -1 
307 1779794092 1779794092 0 2570884 6182 9166 6933 9166 6338 9166 7540 -1 -1 -1 
308 1779794092 1779794092 0 2672793 147 8345 340 8345 340 8345 340 -1 -1 -1 
311 1779794092 1779794092 0 2549801 9188 6701 9188 6701 9188 6701 9188 -1 -1 -1 
318 1779794092 1779794092 0 2570857 2597 8444 2730 8444 1940 8444 8045 -1 -1 -1 
327 1779794092 1779794092 0 2558196 2514 8404 144 8312 1001 8418 1001 -1 -1 -1 
328 1779794092 1779794092 0 2419306 6128 8608 6128 8608 6128 8608 6128 -1 -1 -1 
332 1779794092 1779794092 0 2471450 2044 8734 221 8734 221 8734 7879 -1 -1 -1 
333 1779794092 1779794092 0 2671274 8579 640 9106 640 9106 640 9106 -1 -1 -1 
337 1779794092 1779794092 0 2615720 2322 8301 5205 8301 335 8357 528 -1 -1 -1 
351 1779794092 1779794092 0 2535475 2841 8823 1766 8823 2841 8652 3049 -1 -1 -1 
363 1779794092 1779794092 0 2677241 8161 9084 994 9084 277 9084 4217 -1 -1 -1 
365 1779794092 1779794092 0 2275196 2177 8880 2177 8880 2177 8880 2177 -1 -1 -1 
372 1779794092 1779794092 0 2600825 768 8936 39 8440 39 8265 39 -1 -1 -1 
389 1779794092 1779794092 0 2665511 1406 8277 249 8814 541 8814 8206 -1 -1 -1 
401 1779794092 1779794092 0 2652597 7051 8574 752 8514 524 8491 524 -1 -1 -1 
409 1779794092 1779794092 0 2651641 5771 8506 6795 8506 1549 8617 7288 -1 -1 -1 
413 1779794092 1779794092 0 2647968 2910 8627 1233 8313 40 9023 4186 -1 -1 -1 
421 1779794092 1779794092 0 2584282 6402 8519 6350 8519 7159 8519 7159 -1 -1 -1 
448 1779794092 1779794092 0 2546537 6576 8574 451 8801 744 9214 7926 -1 -1 -1 
460 1779794092 1779794092 0 2626659 7537 8380 1920 8380 4065 8361 8134 -1 -1 -1 
461 1779794092 1779794092 0 2652044 5506 8942 578 8942 1058 8851 292 -1 -1 -1 
467 1779794092 1779794092 0 2545911 6671 8297 7701 8297 7701 8297 3332 -1 -1 -1 
482 1779794092 1779794092 0 2602438 1943 8703 291 8471 233 9054 4603 -1 -1 -1 
483 1779794092 1779794092 0 2604521 475 8483 7227 8483 475 8418 475 -1 -1 -1 
491 1779794092 1779794092 0 2638317 5466 9092 1296 9092 1296 9226 1296 -1 -1 -1 
492 1779794092 1779794092 0 2595604 7444 8801 2879 8565 5711 8565 8095 -1 -1 -1 
498 1779794092 1779794092 0 2249014 2395 8401 3096 8401 532 8418 7420 -1 -1 -1 
500 1779794092 1779794092 0 2670308 3909 8418 1363 8467 2517 8467 353 -1 -1 -1 
502 1779794092 1779794092 0 2553116 141 8343 6216 8343 2840 8343 8004 -1 -1 -1 
510 1779794092 1779794092 0 2661152 1834 8834 879 8834 879 8834 879 -1 -1 -1 
515 1779794092 1779794092 0 2616779 5606 8411 7131 8411 36 8411 965 -1 -1 -1 
538 1779794092 1779794092 0 2612694 4162 9072 2564 8562 2565 8584 2565 -1 -1 -1 
542 1779794092 1779794092 0 2624149 3668 8425 4502 8425 39 8440 684 -1 -1 -1 
548 1779794092 1779794092 0 2627281 1473 8771 1785 8771 1785 8771 1785 -1 -1 -1 
552 1779794092 1779794092 0 2085451 1721 8906 5651 8906 1046 8311 269 -1 -1 -1 
557 1779794092 1779794092 0 2643490 1588 8273 5486 8273 7837 8466 5720 -1 -1 -1 
567 1779794092 1779794092 0 2670173 3847 8301 2836 9209 2836 9209 890 -1 -1 -1 
573 1779794092 1779794092 0 2493968 1495 8603 3890 8603 6447 8603 7920 -1 -1 -1 
575 1779794092 1779794092 0 2645588 5306 8645 1610 8645 822 8645 822 -1 -1 -1 
582 1779794092 1779794092 0 2636712 6492 8508 220 8508 823 8508 823 -1 -1 -1 
583 1779794092 1779794092 0 2677664 6806 8479 2878 8347 5552 8937 8225 -1 -1 -1 
590 1779794092 1779794092 0 2633385 1567 8273 68 8855 4100 8927 2648 -1 -1 -1 
596 1779794092 1779794092 0 2674471 76 8327 76 8327 76 8327 76 -1 -1 -1 
599 1779794092 1779794092 0 2633598 584 8411 2115 8411 584 8411 981 -1 -1 -1 
618 1779794092 1779794092 0 2173885 850 8642 850 8642 850 8642 850 -1 -1 -1 
628 1779794092 1779794092 0 2667888 4499 8411 36 8665 36 8411 2144 -1 -1 -1 
629 1779794092 1779794092 0 2564447 1571 8529 775 8529 1571 8529 775 -1 -1 -1 
666 1779794092 1779794092 0 2639962 7801 8928 8149 8928 8149 8928 5129 -1 -1 -1 
679 1779794092 1779794092 0 2568472 545 8517 485 8517 485 8517 485 -1 -1 -1 
681 1779794092 1779794092 0 2581000 1867 8275 703 8275 931 8275 931 -1 -1 -1 
687 1779794092 1779794092 0 2232596 2800 8872 296 8872 6230 8872 7381 -1 -1 -1 
700 1779794092 1779794092 0 2672808 4292 9054 4603 9054 1220 8411 55 -1 -1 -1 
701 1779794092 1779794092 0 2645256 7216 8894 2289 8894 2289 8894 2289 -1 -1 -1 
705 1779794092 1779794092 0 2673679 7883 9071 875 8260 2870 8260 1342 -1 -1 -1 
708 1779794092 1779794092 0 2645525 6466 9166 2242 9176 5619 9176 5626 -1 -1 -1 
721 1779794092 1779794092 0 2649500 6862 9196 6862 9196 6862 9196 6862 -1 -1 -1 
725 1779794092 1779794092 0 2257842 1587 8276 533 8526 4491 8526 5146 -1 -1 -1 
731 1779794092 1779794092 0 2588350 1947 8835 547 8868 2925 9113 6962 -1 -1 -1 
733 1779794092 1779794092 0 2629865 6812 8964 3146 8975 1916 8975 8143 -1 -1 -1 
736 1779794092 1779794092 0 2672226 5636 8618 146 8806 717 9207 512 -1 -1 -1 
741 1779794092 1779794092 0 2666494 2920 8593 5629 8593 261 8593 4380 -1 -1 -1 
746 1779794092 1779794092 0 2319664 361 8431 666 8431 666 8431 7593 -1 -1 -1 
749 1779794092 1779794092 0 2672793 147 8345 340 8345 340 8345 340 -1 -1 -1 
775 1779794092 1779794092 0 2594009 7111 9168 142 9168 142 9168 8092 -1 -1 -1 
790 1779794092 1779794092 0 2608586 6084 8273 7977 8971 7977 8971 6828 -1 -1 -1 
791 1779794092 1779794092 0 1865961 4616 8777 17 8544 4586 8368 305 -1 -1 -1 
796 1779794092 1779794092 0 2615523 1200 8585 721 8585 7931 8585 3891 -1 -1 -1 
821 1779794092 1779794092 0 2567285 1288 8262 7941 8262 552 8881 1039 -1 -1 -1 
823 1779794092 1779794092 0 2377535 5105 9002 3450 9002 3450 9002 3450 -1 -1 -1 
825 1779794092 1779794092 0 2032278 9052 1034 9042 1034 9042 1034 9042 -1 -1 -1 
827 1779794092 1779794092 0 1796701 5130 8613 5130 8613 2976 9088 4055 -1 -1 -1 
832 1779794092 1779794092 0 2537522 1992 8980 1992 8387 3046 8670 969 -1 -1 -1 
834 1779794092 1779794092 0 2187588 2106 8588 17 9086 1519 9142 4648 -1 -1 -1 
838 1779794092 1779794092 0 2418513 6293 9169 6293 9169 6293 9169 6293 -1 -1 -1 
843 1779794092 1779794092 0 2672189 8453 4091 8333 244 8333 17 8639 -1 -1 -1 
856 1779794092 1779794092 0 2665161 67 8333 1505 8862 5894 8862 5894 -1 -1 -1 
863 1779794092 1779794092 0 2672847 8181 9118 5467 9118 5467 9118 5467 -1 -1 -1 
871 1779794092 1779794092 0 2663690 2532 8390 561 8390 1686 8390 7788 -1 -1 -1 
882 1779794092 1779794092 0 1993388 9017 3691 9017 3691 9017 3691 9017 -1 -1 -1 
883 1779794092 1779794092 0 2333874 2603 8414 5679 8414 708 8414 7635 -1 -1 -1 
886 1779794092 1779794092 0 2677882 2269 8814 68 8983 267 8697 752 -1 -1 -1 
897 1779794092 1779794092 0 2672808 5508 8411 570 8411 319 8411 55 -1 -1 -1 
899 1779794092 1779794092 0 2504060 2996 8241 488 8241 5019 8241 4401 -1 -1 -1 
901 1779794092 1779794092 0 2645935 3443 8726 2595 8446 1905 8446 8171 -1 -1 -1 
903 1779794092 1779794092 0 2570777 7395 9166 6330 9166 68 9189 6736 -1 -1 -1 
910 1779794092 1779794092 0 2612628 6533 9151 6082 9151 6082 9151 6082 -1 -1 -1 
914 1779794092 1779794092 0 2670969 1083 8734 221 8734 1206 8852 1206 -1 -1 -1 
919 1779794092 1779794092 0 2672935 2363 8888 2899 8817 623 9215 6953 -1 -1 -1 
921 1779794092 1779794092 0 2677984 5580 8576 327 8892 327 8451 327 -1 -1 -1 
933 1779794092 1779794092 0 2527423 3813 8723 2790 8723 7897 8723 3813 -1 -1 -1 
936 1779794092 1779794092 0 2144910 2713 9011 3596 8737 3645 8737 3645 -1 -1 -1 
937 1779794092 1779794092 0 2670484 3133 8807 4800 8807 2369 8900 2369 -1 -1 -1 
943 1779794092 1779794092 0 2670606 8840 1087 9186 1087 9220 1087 9220 -1 -1 -1 
944 1779794092 1779794092 0 2672924 6944 8549 1802 8250 8214 8250 1023 -1 -1 -1 
946 1779794092 1779794092 0 2636566 6444 8250 2591 8282 8153 8282 8153 -1 -1 -1 
949 1779794092 1779794092 0 2677219 7153 9205 7409 9205 6411 9205 8224 -1 -1 -1 
954 1779794092 1779794092 0 2573351 3003 8695 3442 8695 3442 8695 8056 -1 -1 -1 
957 1779794092 1779794092 0 2667908 3182 8267 3173 8267 3173 8267 3182 -1 -1 -1 
966 1779794092 1779794092 0 1951121 230 8396 230 8396 4447 8396 1350 -1 -1 -1 
970 1779794092 1779794092 0 2676808 7703 8687 1376 8257 541 8814 3514 -1 -1 -1 
972 1779794092 1779794092 0 2672534 4222 9045 4599 9045 6179 9045 6179 -1 -1 -1 
981 1779794092 1779794092 0 2265733 4385 8263 5198 8263 221 8734 2608 -1 -1 -1 
986 1779794092 1779794092 0 2648089 2587 8243 311 8740 411 8740 411 -1 -1 -1 
23 1779794092 1779794092 0 2662690 7660 9198 346 9198 346 8677 346 8764 -1 -1 
98 1779794092 1779794092 0 2678373 1161 8722 2608 8722 2399 8722 2399 8722 -1 -1 
102 1779794092 1779794092 0 2675525 6705 9166 6330 9166 6330 9166 2515 9166 -1 -1 
107 1779794092 1779794092 0 2644608 1235 9072 2564 8562 2565 8584 5858 8584 -1 -1 
127 1779794092 1779794092 0 2670487 7949 9197 1066 9197 1066 9197 1066 8262 -1 -1 
133 1779794092 1779794092 0 2670969 2723 8852 6595 8852 2466 8852 1206 8852 -1 -1 
137 1779794092 1779794092 0 2670845 1734 8252 2756 8252 552 8504 442 8504 -1 -1 
138 1779794092 1779794092 0 2641765 832 8574 342 8337 342 8464 342 8464 -1 -1 
154 1779794092 1779794092 0 2629283 9076 417 8481 5355 8481 417 8481 2479 -1 -1 
160 1779794092 1779794092 0 2590604 5757 8917 627 8536 1263 8536 1263 8623 -1 -1 
198 1779794092 1779794092 0 2600825 5473 8440 2000 8850 2000 8850 39 8265 -1 -1 
228 1779794092 1779794092 0 2677386 2938 8633 994 8633 994 8634 994 8634 -1 -1 
250 1779794092 1779794092 0 2549087 8724 5262 9102 5262 9102 1684 8269 44 -1 -1 
264 1779794092 1779794092 0 2661802 4990 8419 461 8582 2567 9214 346 8511 -1 -1 
269 1779794092 1779794092 0 2669883 7532 8819 6654 8883 499 8883 221 8719 -1 -1 
275 1779794092 1779794092 0 2655324 3378 8442 53 8442 289 8442 311 8442 -1 -1 
289 1779794092 1779794092 0 2672125 3496 8295 1705 8295 171 8249 476 8516 -1 -1 
325 1779794092 1779794092 0 2674057 6425 9006 1082 9023 4085 8411 36 8411 -1 -1 
343 1779794092 1779794092 0 2570777 7363 9189 6736 9189 6736 9189 6736 9189 -1 -1 
346 1779794092 1779794092 0 2630063 7257 8426 233 9054 4603 9054 1220 9054 -1 -1 
348 1779794092 1779794092 0 2577355 2941 8593 1397 9086 5311 9086 2933 9086 -1 -1 
358 1779794092 1779794092 0 2654893 8997 3383 8997 233 8816 1818 8816 1818 -1 -1 
407 1779794092 1779794092 0 2659701 4738 8406 1179 8702 1179 8702 1179 8702 -1 -1 
418 1779794092 1779794092 0 2571961 7412 8684 2825 8684 2825 8684 3507 8684 -1 -1 
428 1779794092 1779794092 0 2667629 2953 8364 124 8332 124 8332 1810 8332 -1 -1 
434 1779794092 1779794092 0 2571553 5042 8447 1800 8286 7845 8286 388 8482 -1 -1 
435 1779794092 1779794092 0 2649019 1178 8637 7567 8902 2697 8902 303 9034 -1 -1 
442 1779794092 1779794092 0 2442237 8313 819 8313 3609 8346 819 8346 7700 -1 -1 
443 1779794092 1779794092 0 2657197 4167 8631 1235 8631 1558 8631 3461 8631 -1 -1 
479 1779794092 1779794092 0 2170299 8485 1973 9069 6689 9069 7143 9069 7228 -1 -1 
481 1779794092 1779794092 0 2675525 7839 8896 482 9166 1501 9166 2515 9166 -1 -1 
496 1779794092 1779794092 0 2670285 8562 4804 8453 312 8453 2777 8866 6529 -1 -1 
514 1779794092 1779794092 0 2678027 1584 8260 653 8260 653 8260 653 8260 -1 -1 
533 1779794092 1779794092 0 2676111 985 8622 2848 8758 1101 8758 1101 8758 -1 -1 
544 1779794092 1779794092 0 2623458 967 8632 1629 9051 938 8632 684 9051 -1 -1 
551 1779794092 1779794092 0 2627030 6820 9194 6820 9194 6820 9194 6820 9194 -1 -1 
565 1779794092 1779794092 0 2675355 292 8851 1058 8680 8137 8680 8221 8680 -1 -1 
570 1779794092 1779794092 0 2665161 5894 8862 5894 8862 5894 8862 5894 8862 -1 -1 
578 1779794092 1779794092 0 2673335 5308 8361 3178 8883 221 9149 221 8734 -1 -1 
595 1779794092 1779794092 0 2642874 3121 8887 318 9080 119 9080 8163 9080 -1 -1 
601 1779794092 1779794092 0 2665098 4372 8936 3043 8440 2000 8440 768 8323 -1 -1 
603 1779794092 1779794092 0 2587044 366 8472 366 8472 366 8472 366 8472 -1 -1 
606 1779794092 1779794092 0 2675422 5043 9086 7782 8689 205 9127 205 8379 -1 -1 
607 1779794092 1779794092 0 2666964 4925 8591 772 8347 6646 8937 3148 8347 -1 -1 
624 1779794092 1779794092 0 2677241 8634 837 8634 994 9084 277 9084 4217 -1 -1 
630 1779794092 1779794092 0 2639887 961 8579 4588 8579 233 8606 5415 8606 -1 -1 
641 1779794092 1779794092 0 2638972 5568 8241 5083 9080 319 8411 835 8456 -1 -1 
645 1779794092 1779794092 0 2674057 1977 8696 1042 9170 1042 8411 36 8411 -1 -1 
649 1779794092 1779794092 0 2613146 7208 9166 482 8536 1263 8536 1263 8536 -1 -1 
652 1779794092 1779794092 0 2586324 1004 8761 3315 8761 1400 8761 1400 8761 -1 -1 
653 1779794092 1779794092 0 2670189 1974 8794 319 8411 2252 8411 2133 8261 -1 -1 
661 1779794092 1779794092 0 2678027 2996 8241 483 8591 7786 8260 653 8260 -1 -1 
690 1779794092 1779794092 0 2662038 7189 8740 411 8740 311 8442 311 8876 -1 -1 
695 1779794092 1779794092 0 2677979 3469 8867 849 8599 997 8929 3390 8929 -1 -1 
699 1779794092 1779794092 0 2638317 8369 1876 8369 233 9092 1296 9226 1296 -1 -1 
704 1779794092 1779794092 0 2671274 1561 8579 640 9106 8081 9106 640 9106 -1 -1 
711 1779794092 1779794092 0 2647165 4090 8273 7837 8273 7977 8971 4186 8735 -1 -1 
734 1779794092 1779794092 0 2265139 3023 8599 849 8641 4168 8641 849 8599 -1 -1 
740 1779794092 1779794092 0 2670343 1017 8648 4178 8271 4178 8271 4178 8271 -1 -1 
753 1779794092 1779794092 0 2666529 3520 8940 977 8668 119 8887 2394 8887 -1 -1 
755 1779794092 1779794092 0 2666964 7797 8347 7903 8937 5552 8937 3148 8347 -1 -1 
767 1779794092 1779794092 0 2646542 2237 8263 221 8734 221 8734 1206 8552 -1 -1 
772 1779794092 1779794092 0 2652284 2082 8541 68 8756 1863 8756 1863 8756 -1 -1 
785 1779794092 1779794092 0 2273378 8356 608 8935 671 8935 671 8935 671 -1 -1 
786 1779794092 1779794092 0 2517705 8874 2783 8874 3979 8874 2777 8453 628 -1 -1 
795 1779794092 1779794092 0 2669075 3455 8883 499 8883 6654 8419 461 8582 -1 -1 
799 1779794092 1779794092 0 2676111 1381 8758 1101 8758 1381 8758 1101 8758 -1 -1 
814 1779794092 1779794092 0 2657409 3828 8577 1363 8577 7081 8577 1975 8741 -1 -1 
828 1779794092 1779794092 0 2623894 8460 344 8460 344 8460 344 8460 337 -1 -1 
831 1779794092 1779794092 0 2626487 4519 8411 36 8778 4633 9089 8133 9089 -1 -1 
841 1779794092 1779794092 0 2677738 9213 7522 9213 7522 9213 7522 9213 7522 -1 -1 
845 1779794092 1779794092 0 2642889 1036 8273 49 8274 1189 8435 4202 8273 -1 -1 
874 1779794092 1779794092 0 2631141 2213 8433 2534 8433 2534 8433 2534 8433 -1 -1 
893 1779794092 1779794092 0 2674057 493 8411 918 8411 2144 8411 36 8411 -1 -1 
898 1779794092 1779794092 0 2600893 167 8636 443 8645 7783 8645 826 9164 -1 -1 
907 1779794092 1779794092 0 2661731 6365 8469 1066 9214 3690 8469 346 8677 -1 -1 
932 1779794092 1779794092 0 2665117 3899 8684 2825 8684 13 8659 13 8659 -1 -1 
991 1779794092 1779794092 0 2667366 5087 8328 1283 8328 78 8328 78 8245 -1 -1 
1 1779794092 1779794092 0 2670487 3959 8262 2523 8262 1288 8262 1288 8262 1066 -1 
10 1779794092 1779794092 0 2643002 4755 8592 3795 8592 7025 8592 2242 9063 870 9063 
15 1779794092 1779794092 0 2624734 6676 8481 417 8864 417 8481 417 8481 8127 -1 
19 1779794092 1779794092 0 2673219 8074 8487 8074 8487 623 8382 623 8716 1325 -1 
20 1779794092 1779794092 0 2675435 3677 9003 3462 9003 3677 9166 6338 9166 2515 9166 
24 1779794092 1779794092 0 2501460 3828 8623 346 9198 346 8355 346 8504 442 8504 
25 1779794092 1779794092 0 2647218 8701 3491 8701 3491 9116 3491 9116 3491 9116 3491 
26 1779794092 1779794092 0 2558196 523 8423 165 8694 371 8694 4319 8418 1001 -1 
29 1779794092 1779794092 0 2565924 6701 9188 6701 9188 6701 9188 6701 9188 6701 8684 
46 1779794092 1779794092 0 2630445 2683 8719 483 8791 4096 8791 1187 8734 1221 9124 
50 1779794092 1779794092 0 2356415 4651 8470 6256 8348 7581 8348 3180 8943 73 9053 
54 1779794092 1779794092 0 2475266 4640 8983 146 8806 71 8835 7886 8835 7886 -1 
59 1779794092 1779794092 0 2577077 2435 8529 3168 8415 248 8652 248 8415 68 9223 
63 1779794092 1779794092 0 2633278 3590 8250 1802 8250 1802 8250 1802 8250 1802 8250 
67 1779794092 1779794092 0 2651925 2649 8519 5563 8519 7159 8519 476 8461 476 8551 
75 1779794092 1779794092 0 2677664 7265 8347 6956 8937 3148 8937 5552 8937 8225 -1 
78 1779794092 1779794092 0 2530110 3047 8559 4302 8559 68 8895 6100 8895 233 9054 
81 1779794092 1779794092 0 2580613 24 8251 830 8251 1402 8251 1402 8251 174 8251 
82 1779794092 1779794092 0 2391418 2783 8874 2783 8874 3979 8874 1884 8801 2240 8740 
87 1779794092 1779794092 0 2663467 3099 8887 750 8887 2394 8887 119 8887 68 8656 
88 1779794092 1779794092 0 2572988 4340 8806 4581 8726 655 8562 2564 8574 2777 8866 
92 1779794092 1779794092 0 2670358 8921 1087 8832 1087 9225 1087 9220 1087 9220 1087 
101 1779794092 1779794092 0 2530435 996 9132 996 9096 221 8734 1813 8545 1552 9223 
103 1779794092 1779794092 0 2278492 2097 8854 2097 8854 2097 8854 2097 8854 799 9023 
112 1779794092 1779794092 0 2578742 3885 8893 346 9198 346 9198 346 8458 8067 -1 
118 1779794092 1779794092 0 2570542 3021 8695 3442 8695 3442 8695 3442 8695 3442 8695 
122 1779794092 1779794092 0 2670394 3905 8849 476 8311 269 8311 335 8462 89 8577 
123 1779794092 1779794092 0 2329528 2496 8687 1314 8544 4065 8361 3178 8361 6107 8801 
124 1779794092 1779794092 0 2658778 4251 9166 1197 9166 6330 9166 1501 9166 6338 9166 
130 1779794092 1779794092 0 2576070 4162 8873 3861 8645 1610 8645 822 8645 782 -1 
132 1779794092 1779794092 0 2394838 1386 8759 4176 8759 3348 8759 4490 8759 3348 -1 
136 1779794092 1779794092 0 2654239 10 8236 10 8236 1397 8593 5629 8593 8184 -1 
141 1779794092 1779794092 0 2363236 238 8968 3134 8968 3134 8968 3134 8968 4085 8285 
147 1779794092 1779794092 0 2641129 3827 8411 981 8411 2907 8411 2115 8411 493 8411 
148 1779794092 1779794092 0 2660952 2694 8578 4002 8578 1069 8382 1903 8382 623 8671 
151 1779794092 1779794092 0 2635513 2616 8234 8 9096 996 9132 996 8508 220 8564 
153 1779794092 1779794092 0 2444645 5067 8297 1348 8636 6662 8636 6852 8636 7831 -1 
156 1779794092 1779794092 0 2666964 2247 8575 17 8347 2878 8347 829 8347 3148 -1 
161 1779794092 1779794092 0 2291348 4619 8960 1182 9044 2092 9044 2092 8704 1139 8508 
162 1779794092 1779794092 0 2596685 5040 9078 142 9168 5138 9168 142 9078 142 -1 
163 1779794092 1779794092 0 2670358 7597 8956 1331 8349 823 8508 537 9220 1087 9220 
166 1779794092 1779794092 0 2678030 6242 8964 335 8612 145 8295 476 8612 145 8612 
170 1779794092 1779794092 0 2491483 5284 8332 124 8332 124 8332 124 8332 124 8332 
171 1779794092 1779794092 0 2669378 5644 8511 7200 8511 1066 9197 1066 9197 1066 8652 
173 1779794092 1779794092 0 2666792 5709 8540 98 8491 17 9224 6396 9224 8207 -1 
174 1779794092 1779794092 0 2632531 7119 8545 233 8731 1250 8731 1250 8731 1250 8731 
175 1779794092 1779794092 0 2498014 590 9096 996 9096 3085 8292 4209 8304 645 -1 
177 1779794092 1779794092 0 2655792 826 8596 40 9095 5124 9095 5124 9095 5124 9095 
181 1779794092 1779794092 0 2593215 5844 8586 5846 8586 5846 9071 36 8665 36 8411 
186 1779794092 1779794092 0 2270745 3035 8548 3524 8548 3566 8548 2356 8548 7473 -1 
187 1779794092 1779794092 0 2624951 4637 9072 675 8411 658 8411 36 8411 2541 9084 
190 1779794092 1779794092 0 2675018 1924 8333 2240 8333 2240 8333 17 8243 887 -1 
192 1779794092 1779794092 0 2642734 8432 270 8432 270 8432 7019 8432 270 8432 270 
197 1779794092 1779794092 0 2439690 5873 8440 938 8998 104 8998 1448 8998 1448 8998 
201 1779794092 1779794092 0 2675942 2604 8593 1338 8593 1397 8719 221 9185 1247 -1 
202 1779794092 1779794092 0 2677241 8126 9084 277 9084 277 9084 277 9084 4217 -1 
211 1779794092 1779794092 0 2499524 4696 9069 1831 8572 1492 8992 1492 8638 3879 8638 
213 1779794092 1779794092 0 2327487 5069 8983 267 9168 3932 9168 828 9168 142 9168 
217 1779794092 1779794092 0 2659644 2414 9086 5175 8304 2781 8304 1506 8703 4647 8703 
219 1779794092 1779794092 0 2583570 6189 9140 6170 9140 935 8985 494 8985 2671 8985 
224 1779794092 1779794092 0 2672226 4884 8710 535 8710 1806 8806 717 9207 512 -1 
226 1779794092 1779794092 0 2675563 4431 8227 16 8227 7 8457 328 8457 328 -1 
227 1779794092 1779794092 0 2654271 8407 205 9127 205 8689 205 9127 205 8689 205 
231 1779794092 1779794092 0 2673906 7761 8734 7761 8734 221 8734 1343 8734 221 9185 
233 1779794092 1779794092 0 2644402 8888 2234 9072 2564 8562 2565 8584 2565 8584 5858 
234 1779794092 1779794092 0 1720582 1841 8777 2093 8777 3108 8819 5389 8819 6212 -1 
238 1779794092 1779794092 0 2662690 360 8265 1600 8265 39 8338 768 8338 967 -1 
240 1779794092 1779794092 0 2666060 9126 1322 9126 1322 8676 3323 9080 119 8668 2041 
242 1779794092 1779794092 0 2676808 3730 8257 1376 8257 1376 8257 541 8814 3514 8814 
244 1779794092 1779794092 0 2517441 826 8596 40 8349 1331 8956 1613 8956 3036 8956 
245 1779794092 1779794092 0 2647678 3113 8801 557 8718 535 8718 2062 8718 602 8718 
252 1779794092 1779794092 0 2672025 3999 8295 476 8612 145 8612 145 8295 476 8849 
253 1779794092 1779794092 0 2465606 7173 9168 828 9168 828 8886 828 8886 828 8886 
255 1779794092 1779794092 0 2389586 8414 2153 8414 695 9080 1951 9080 5083 9080 7736 
256 1779794092 1779794092 0 2636832 4193 8252 384 8827 5800 8827 3275 8827 3275 -1 
258 1779794092 1779794092 0 2457139 538 8542 538 8542 538 8542 538 8542 3483 -1 
259 1779794092 1779794092 0 2636712 7686 8508 1139 8508 1139 8508 1258 8508 823 -1 
268 1779794092 1779794092 0 2613146 5912 8855 125 8985 2671 8536 1263 8536 1263 8536 
270 1779794092 1779794092 0 2652147 4751 8577 2157 9086 221 8734 4096 8734 7914 8734 
273 1779794092 1779794092 0 2646542 8227 731 8682 17 8985 2671 8985 4085 8552 1206 
280 1779794092 1779794092 0 2674811 7309 8992 17 9034 730 8325 16 9109 5299 9109 
283 1779794092 1779794092 0 2675942 3138 9149 499 8883 499 8883 221 9185 1247 -1 
293 1779794092 1779794092 0 2666825 24 8251 174 8251 1402 8251 1726 8260 2870 8260 
300 1779794092 1779794092 0 2650670 7231 9172 1182 9172 1139 8508 823 8635 7271 8635 
301 1779794092 1779794092 0 2672299 3392 8887 3210 8887 3526 8887 3649 8849 476 8462 
304 1779794092 1779794092 0 2678027 3394 8295 145 8612 17 8260 2870 8260 653 -1 
306 1779794092 1779794092 0 2643087 4326 8940 977 8940 977 8668 119 8887 119 -1 
310 1779794092 1779794092 0 2564667 5142 8356 5669 8734 7761 8734 221 8734 2210 -1 
312 1779794092 1779794092 0 2571802 1805 8827 3275 8827 17 9205 5442 9205 3507 8684 
314 1779794092 1779794092 0 2496893 1722 8802 1722 8802 1722 8802 1624 8802 1624 8802 
315 1779794092 1779794092 0 2632941 493 8411 981 8411 36 8665 36 8665 2068 9084 
317 1779794092 1779794092 0 2642874 4880 9069 4845 9071 437 9080 2274 9080 8163 9080 
321 1779794092 1779794092 0 2606366 4418 8535 3231 8535 3231 8535 959 8253 959 -1 
338 1779794092 1779794092 0 2571553 3937 8482 388 8482 393 8482 388 8482 388 -1 
339 1779794092 1779794092 0 2678000 7207 8347 660 8937 2134 8576 636 8576 17 8676 
342 1779794092 1779794092 0 2670669 5715 8519 476 8841 335 8612 145 8612 145 8612 
347 1779794092 1779794092 0 2324867 439 8299 50 9167 50 9167 50 9167 50 -1 
349 1779794092 1779794092 0 2671274 1712 8504 442 8504 1712 8504 442 8504 442 9214 
353 1779794092 1779794092 0 2596685 4785 8406 1925 8406 142 9168 142 9078 142 -1 
355 1779794092 1779794092 0 1721739 610 8520 1840 8520 492 9096 996 9163 6080 9163 
356 1779794092 1779794092 0 2145026 2229 8311 2566 9016 2566 9016 2566 9016 2566 9016 
359 1779794092 1779794092 0 2626290 450 8339 3148 9166 3144 9166 482 9028 1973 9084 
360 1779794092 1779794092 0 2672226 5574 8618 7004 8618 5327 8806 717 9207 512 -1 
362 1779794092 1779794092 0 2671962 4167 8631 2182 8631 2134 8937 2486 8937 5552 8937 
364 1779794092 1779794092 0 2666825 3952 8266 339 8747 339 9069 875 8260 2870 -1 
366 1779794092 1779794092 0 2675942 5027 8734 7503 8734 1187 8734 221 9185 1247 -1 
368 1779794092 1779794092 0 2665511 4109 8257 3082 8257 1376 8257 541 8814 8206 -1 
376 1779794092 1779794092 0 2508797 6895 9168 142 9168 142 9168 3360 8734 1206 8734 
377 1779794092 1779794092 0 2677640 7136 8260 2349 8260 2870 8260 653 8260 653 8260 
378 1779794092 1779794092 0 2594038 321 8632 938 8440 2000 8850 2000 8850 39 8440 
379 1779794092 1779794092 0 2484953 1711 8820 1711 8820 1711 8820 1711 9069 644 9224 
384 1779794092 1779794092 0 2601243 4612 8806 267 9059 7086 9059 7768 9059 8102 -1 
392 1779794092 1779794092 0 2528707 4855 8402 36 8411 7610 8411 2115 8411 36 8665 
394 1779794092 1779794092 0 2678027 7867 8440 2000 8850 1726 8260 653 8260 653 -1 
403 1779794092 1779794092 0 2639887 5415 8606 5415 8606 1277 8606 5415 8606 5415 -1 
415 1779794092 1779794092 0 2273378 608 8884 608 8935 671 8935 671 8935 671 8935 
419 1779794092 1779794092 0 2061179 352 8274 1189 9113 1189 9113 1189 9140 6007 8587 
422 1779794092 1779794092 0 2563697 8356 1443 8590 79 8268 1296 9061 1296 9226 1296 
426 1779794092 1779794092 0 2675373 909 8423 3871 8374 3871 8318 277 9084 277 9084 
432 1779794092 1779794092 0 2629102 3209 8887 3209 8594 2821 8594 4085 8411 36 8411 
437 1779794092 1779794092 0 2665137 2163 8482 388 8528 517 9084 3574 9084 8205 -1 
445 1779794092 1779794092 0 2569618 4142 8401 765 8401 7531 8645 1610 8645 7783 -1 
446 1779794092 1779794092 0 2655731 4218 8992 5336 8992 233 9073 233 8491 5622 8516 
465 1779794092 1779794092 0 2501126 2428 8908 3812 8971 3812 8908 3812 8510 1994 8510 
468 1779794092 1779794092 0 2574136 4204 8273 189 8273 7837 8466 6500 8466 49 -1 
469 1779794092 1779794092 0 2656037 1527 9072 935 8881 7721 8881 3965 8881 8186 8881 
470 1779794092 1779794092 0 2636712 7231 9172 1182 9173 639 8508 1258 8508 823 8508 
472 1779794092 1779794092 0 2667629 6176 8332 124 8332 124 8332 124 8332 1810 8332 
473 1779794092 1779794092 0 2671724 6550 8964 3236 8964 335 8917 476 8301 476 8612 
477 1779794092 1779794092 0 2666529 3546 8887 3312 8887 2394 8887 2394 8887 2394 8887 
478 1779794092 1779794092 0 2657586 1744 8422 257 8422 257 9028 6622 9028 7776 -1 
487 1779794092 1779794092 0 2671248 1561 8262 6779 8262 506 9123 506 8532 1130 -1 
489 1779794092 1779794092 0 2666753 1483 8234 8 8234 1392 8470 1392 8293 7400 -1 
495 1779794092 1779794092 0 2406101 4713 8577 4747 8577 1975 8577 1363 8467 2517 8467 
497 1779794092 1779794092 0 2672025 2820 8806 4964 9071 402 8295 171 8295 476 8849 
504 1779794092 1779794092 0 2677219 7675 9205 7827 9205 6411 9205 6411 9205 8224 -1 
523 1779794092 1779794092 0 2668731 4151 9045 6179 9045 1390 9045 6179 9045 6179 9045 
525 1779794092 1779794092 0 2505245 1673 8284 535 8555 535 8574 557 8565 2198 8565 
527 1779794092 1779794092 0 2643533 4500 8438 870 8411 2252 8411 493 8411 8159 -1 
528 1779794092 1779794092 0 2387069 4935 8285 231 8285 494 8985 6107 8985 7538 8504 
529 1779794092 1779794092 0 2648089 2776 8876 311 8740 411 8740 165 8740 411 8740 
534 1779794092 1779794092 0 2604675 2329 8864 2434 8864 5298 8864 417 8512 417 8481 
536 1779794092 1779794092 0 2538846 45 8843 1861 8843 1861 8843 233 8853 7983 8853 
541 1779794092 1779794092 0 2522636 5630 8581 2548 8555 4215 8555 4215 8555 5630 8555 
550 1779794092 1779794092 0 2658401 5632 9129 5632 9129 5626 9129 608 8350 159 8350 
554 1779794092 1779794092 0 2660566 2006 8572 400 8817 3712 8817 623 8382 623 8382 
559 1779794092 1779794092 0 2633834 6292 8349 1611 8349 1331 8349 8144 8349 1331 -1 
560 1779794092 1779794092 0 2662825 3939 8339 3148 9166 6173 9166 2515 9166 25 -1 
561 1779794092 1779794092 0 2542906 2435 8529 775 8529 718 8529 1571 8529 1571 -1 
566 1779794092 1779794092 0 2654138 1860 9165 7070 9165 2578 9205 1343 9205 7295 -1 
574 1779794092 1779794092 0 2273378 2558 8255 608 8935 671 8935 671 8935 671 -1 
579 1779794092 1779794092 0 2673679 321 8632 938 8440 2000 8850 1726 8260 1342 -1 
584 1779794092 1779794092 0 2640127 2040 9046 1139 8938 823 8508 1139 8508 1139 8349 
586 1779794092 1779794092 0 2216414 3583 8858 268 8431 268 8431 268 9202 484 9202 
587 1779794092 1779794092 0 2676693 8995 6673 8995 6673 8995 6673 8995 1820 8318 -1 
588 1779794092 1779794092 0 2387258 8789 1555 8789 1555 8789 1555 8789 1555 8789 -1 
591 1779794092 1779794092 0 2648848 5106 8785 400 8817 400 8765 400 8817 924 8914 
592 1779794092 1779794092 0 2665098 104 8384 1803 8374 1525 8440 2000 8440 768 8323 
594 1779794092 1779794092 0 2606366 4418 8535 959 8253 959 8253 959 8253 959 -1 
597 1779794092 1779794092 0 2651013 6764 8629 1252 8629 68 8476 1474 8476 476 8461 
604 1779794092 1779794092 0 2435469 6307 8408 6335 8408 168 8408 56 8279 56 8279 
612 1779794092 1779794092 0 2568516 3781 8311 476 8841 335 8461 145 8612 8040 -1 
615 1779794092 1779794092 0 2638065 5477 8575 5683 8575 4739 8575 499 9185 6866 9185 
617 1779794092 1779794092 0 2343419 1986 8720 1466 8720 1312 8720 6626 8720 6626 8720 
621 1779794092 1779794092 0 2672110 1883 8295 145 8295 7545 8295 476 8612 145 8612 
626 1779794092 1779794092 0 2497013 3018 8297 3587 8297 443 8645 782 8636 443 -1 
631 1779794092 1779794092 0 2639887 787 8620 787 8620 611 8606 5415 8606 5415 8606 
632 1779794092 1779794092 0 2343050 9125 5654 9125 5654 9125 5654 9125 5654 9125 -1 
639 1779794092 1779794092 0 2661832 3030 8852 418 8954 379 8954 379 8954 379 -1 
646 1779794092 1779794092 0 2666753 6850 9168 51 8319 107 9133 1392 8293 7400 -1 
648 1779794092 1779794092 0 2660273 3547 8339 3148 9166 51 9166 2515 9166 6330 9166 
655 1779794092 1779794092 0 2497649 2066 8732 2719 8732 1468 8765 400 8737 400 8817 
662 1779794092 1779794092 0 2673906 4120 8339 3130 8734 221 9149 221 8734 221 9185 
663 1779794092 1779794092 0 2652516 4388 8295 4957 8295 17 9088 1276 9084 109 8470 
665 1779794092 1779794092 0 2650977 4977 9086 5311 9086 221 8734 499 8883 499 -1 
667 1779794092 1779794092 0 2577624 4325 9010 4325 9010 4325 9010 4325 9151 8064 -1 
668 1779794092 1779794092 0 2606628 1132 8370 4466 8370 3379 8370 353 8547 8105 8547 
672 1779794092 1779794092 0 2579388 5295 8638 3879 8638 842 8638 1325 9215 318 8887 
677 1779794092 1779794092 0 2591435 7662 8411 870 8985 2671 8985 2671 8985 2671 8985 
678 1779794092 1779794092 0 2664116 1764 8515 483 8250 1802 8250 1802 8250 1802 8549 
680 1779794092 1779794092 0 2672219 6656 8351 63 8351 430 8371 7205 8295 476 8519 
682 1779794092 1779794092 0 2537522 3234 8611 2731 8387 1992 8387 3046 8387 969 8670 
691 1779794092 1779794092 0 2445734 8828 1972 8828 4497 8828 5622 8665 611 8875 233 
693 1779794092 1779794092 0 2672014 2318 8776 1485 8249 171 8242 335 8841 476 8849 
703 1779794092 1779794092 0 2644608 8619 785 8619 233 8562 2565 8584 5858 8584 5858 
710 1779794092 1779794092 0 2647865 6883 8243 311 8740 411 8740 411 8740 311 8740 
714 1779794092 1779794092 0 2580613 3128 8559 741 8251 174 8251 174 8251 174 8251 
716 1779794092 1779794092 0 2662205 8392 353 8467 7115 8467 7115 8467 2517 8467 2517 
718 1779794092 1779794092 0 2668901 327 8576 1219 8382 623 8382 623 8716 623 9215 
720 1779794092 1779794092 0 2672534 5909 9169 6293 9169 6293 9169 40 9045 6179 9045 
724 1779794092 1779794092 0 2398416 1107 8257 4050 8257 1376 8257 68 8452 1677 -1 
732 1779794092 1779794092 0 2672808 4294 8644 5779 8644 4825 8411 319 8411 55 -1 
735 1779794092 1779794092 0 2585987 6306 9205 142 9168 142 9168 142 9168 5836 -1 
737 1779794092 1779794092 0 2411237 8755 1718 8755 6221 8755 233 8617 781 8617 781 
739 1779794092 1779794092 0 2656637 3916 8824 3916 8824 3916 8824 3916 8824 3916 -1 
743 1779794092 1779794092 0 2674963 2842 8438 2162 8438 2878 8438 1828 8438 68 8260 
744 1779794092 1779794092 0 2481646 4522 8469 346 9198 346 8985 494 8985 935 8985 
745 1779794092 1779794092 0 2678030 2683 8242 335 8249 171 8295 145 8612 145 -1 
752 1779794092 1779794092 0 2666753 7119 8545 990 8234 8 8293 1392 8293 7400 8293 
756 1779794092 1779794092 0 2678141 5559 8711 1181 8711 1181 8711 1181 8711 1181 -1 
760 1779794092 1779794092 0 2667366 1404 8510 526 8328 1791 8328 78 8328 78 8245 
766 1779794092 1779794092 0 2671177 3421 8411 429 8411 429 8411 2436 9084 318 9084 
770 1779794092 1779794092 0 2665087 6666 8338 774 8338 39 8338 774 8338 768 8323 
771 1779794092 1779794092 0 2521531 1182 8960 73 8539 762 8352 762 8352 762 -1 
777 1779794092 1779794092 0 2657549 4983 8317 768 8317 181 8317 768 8317 768 8338 
778 1779794092 1779794092 0 2664226 8953 76 8327 118 8327 76 8327 76 8327 76 
780 1779794092 1779794092 0 2665119 5231 9092 2878 8347 3148 8937 2134 9084 3574 9084 
781 1779794092 1779794092 0 2666236 2670 8888 3932 9205 6411 9205 1343 9205 646 -1 
782 1779794092 1779794092 0 2642889 1588 8227 6472 8227 4202 8248 4202 8435 4202 8273 
797 1779794092 1779794092 0 2668019 4846 8736 3208 8736 1877 8736 4736 8736 8209 -1 
798 1779794092 1779794092 0 2323005 6189 9140 445 9140 1189 9153 1189 9153 1189 -1 
800 1779794092 1779794092 0 2446920 3975 8524 1268 8559 741 8251 3613 9099 68 9047 
801 1779794092 1779794092 0 2651565 3834 8893 346 9198 346 8458 8067 8458 346 9214 
804 1779794092 1779794092 0 2529872 1928 8347 6914 8347 7440 8347 5396 8347 1488 -1 
806 1779794092 1779794092 0 2564565 4637 9072 2564 9072 233 8447 284 8618 5327 8806 
810 1779794092 1779794092 0 2618123 853 9163 547 9163 646 8546 646 9223 8116 9223 
813 1779794092 1779794092 0 2677700 2726 8574 7051 8718 602 8718 1024 8718 1920 -1 
817 1779794092 1779794092 0 2649434 5591 9069 4845 9069 3476 9069 7143 9069 8176 -1 
826 1779794092 1779794092 0 2661401 42 8267 3173 8267 3173 8267 3173 8267 3173 -1 
833 1779794092 1779794092 0 2621898 8816 3224 8955 1284 8988 2846 8988 6623 8988 2846 
836 1779794092 1779794092 0 2629774 1361 8308 286 9090 94 9090 94 9090 286 9090 
860 1779794092 1779794092 0 2609999 6504 9166 73 8734 1136 8734 221 8539 508 8539 
865 1779794092 1779794092 0 2677979 6086 8489 400 8489 997 8929 3390 8929 3390 -1 
872 1779794092 1779794092 0 1857006 379 8478 379 8799 379 8478 379 8478 379 8799 
873 1779794092 1779794092 0 2629990 1186 8591 421 9166 5552 9090 94 9090 286 9090 
876 1779794092 1779794092 0 2671177 1706 8517 485 8517 2020 8517 623 9215 318 9084 
877 1779794092 1779794092 0 2666371 2708 8413 6630 8413 6922 8413 6922 8413 572 -1 
881 1779794092 1779794092 0 2637545 315 8427 280 8427 7056 8427 315 9151 6252 9151 
884 1779794092 1779794092 0 2667888 4945 8367 73 8298 465 8298 319 8411 2144 -1 
890 1779794092 1779794092 0 2634209 4883 8963 1760 8963 4764 8963 17 9088 1276 9084 
895 1779794092 1779794092 0 2671705 1393 8245 1906 8510 233 8476 476 8295 476 8612 
906 1779794092 1779794092 0 2477548 1113 8524 3638 8524 1268 9154 5946 9154 5946 -1 
913 1779794092 1779794092 0 2608526 2096 8479 2172 9092 1343 8937 2654 9223 8097 9223 
918 1779794092 1779794092 0 2671118 1141 8622 2055 8888 3932 9205 6411 9205 4251 9084 
922 1779794092 1779794092 0 2667345 4419 8628 834 8628 641 8580 1299 8628 7154 -1 
923 1779794092 1779794092 0 2664116 7406 8549 1802 8250 1802 8250 1802 8250 1802 8549 
935 1779794092 1779794092 0 2666914 945 8269 1684 8367 1607 8367 1666 8367 1607 -1 
938 1779794092 1779794092 0 2596419 6840 9168 3360 9168 4779 9168 2930 9168 142 9078 
941 1779794092 1779794092 0 2675734 5192 8806 1806 8806 68 8937 5552 8937 1176 -1 
956 1779794092 1779794092 0 2342328 1830 8720 1466 8720 6626 8720 6626 8720 6626 8720 
960 1779794092 1779794092 0 2608553 3632 8526 769 8526 1889 8526 2219 8526 1906 8526 
964 1779794092 1779794092 0 2653102 315 8427 315 8427 7056 8427 109 8470 109 8520 
967 1779794092 1779794092 0 1939384 3212 8507 3212 8507 1493 9069 3476 9069 6689 9069 
978 1779794092 1779794092 0 2674471 7047 8953 76 8327 76 8327 76 8327 76 -1 
980 1779794092 1779794092 0 2677738 6328 8778 2114 8602 730 8325 16 9109 5299 9109 
982 1779794092 1779794092 0 2636566 3242 8371 6429 8371 5731 8282 7864 8282 8153 8282 
984 1779794092 1779794092 0 2589698 7576 9217 7576 9217 7576 9217 7576 9217 7576 9217 
985 1779794092 1779794092 0 2663373 5908 8704 1202 8938 239 8508 1258 8508 7336 -1 
994 1779794092 1779794092 0 2649434 4138 8992 4218 8266 41 8266 339 9069 8176 -1 
995 1779794092 1779794092 0 2028932 5465 9094 5465 9094 5465 9094 5465 9094 5465 9094 
998 1779794092 1779794092 0 2625667 8317 104 8998 1448 8998 1448 8284 86 8284 -1 
