0 1779792495 1779792495 0 2397801 7747 8480 7401 
1 1779792495 1779792495 0 2278595 6001 8247 7306 
2 1779792495 1779792495 0 1687464 2449 8687 6116 
3 1779792495 1779792495 0 2542344 7304 8411 429 
4 1779792495 1779792495 0 2374945 121 8297 7701 
5 1779792495 1779792495 0 1729797 8618 5532 8734 
6 1779792495 1779792495 0 1444845 4805 8577 1975 
7 1779792495 1779792495 0 1649564 257 8635 591 
8 1779792495 1779792495 0 838356 8873 3657 -1 
9 1779792495 1779792495 0 1966599 3113 8801 601 
10 1779792495 1779792495 0 1356817 4274 8532 1130 
11 1779792495 1779792495 0 2667629 1810 8332 1810 
12 1779792495 1779792495 0 1967202 6491 8538 6491 
13 1779792495 1779792495 0 2587443 6376 8740 165 
14 1779792495 1779792495 0 1719002 5518 9143 5518 
15 1779792495 1779792495 0 2428836 6332 8686 6983 
16 1779792495 1779792495 0 2421469 8680 6438 8680 
17 1779792495 1779792495 0 1368128 3142 8339 3148 
18 1779792495 1779792495 0 2664300 7994 8347 7994 
19 1779792495 1779792495 0 1695986 4536 8414 2153 
20 1779792495 1779792495 0 1409905 4674 8971 3812 
21 1779792495 1779792495 0 1184604 2688 8687 4774 
22 1779792495 1779792495 0 2482020 7214 9208 7214 
23 1779792495 1779792495 0 1654434 5976 8446 6067 
24 1779792495 1779792495 0 2649019 9034 303 -1 
25 1779792495 1779792495 0 1650208 5207 8685 717 
26 1779792495 1779792495 0 959548 1437 8278 4045 
27 1779792495 1779792495 0 2061686 9115 6570 9115 
28 1779792495 1779792495 0 2576977 6791 8634 8063 
29 1779792495 1779792495 0 2214628 6750 9166 732 
30 1779792495 1779792495 0 2212912 1702 8235 1702 
31 1779792495 1779792495 0 2115055 1441 8540 535 
32 1779792495 1779792495 0 1329098 2493 8759 1386 
33 1779792495 1779792495 0 596089 8732 2719 8732 
34 1779792495 1779792495 0 2481993 6595 8852 1206 
35 1779792495 1779792495 0 2390493 8428 306 8428 
36 1779792495 1779792495 0 2040439 1068 8705 1068 
37 1779792495 1779792495 0 2653102 1670 8520 109 
38 1779792495 1779792495 0 2074863 6783 9134 5680 
39 1779792495 1779792495 0 313191 1452 8320 404 
40 1779792495 1779792495 0 2176028 1121 8246 387 
41 1779792495 1779792495 0 1266849 9088 4055 9088 
42 1779792495 1779792495 0 2246685 3488 8519 7159 
43 1779792495 1779792495 0 2242305 1149 8574 1920 
44 1779792495 1779792495 0 1695696 5065 8390 1686 
45 1779792495 1779792495 0 1206647 3964 9039 3964 
46 1779792495 1779792495 0 1118586 3722 8257 3966 
47 1779792495 1779792495 0 763735 2718 8302 1552 
48 1779792495 1779792495 0 2434482 2926 8474 63 
49 1779792495 1779792495 0 2604770 6824 8547 8105 
50 1779792495 1779792495 0 582224 2106 8588 681 
51 1779792495 1779792495 0 2213366 207 8429 1240 
52 1779792495 1779792495 0 1269674 3228 8593 3402 
53 1779792495 1779792495 0 2193347 741 8251 741 
54 1779792495 1779792495 0 1351405 1614 8798 5263 
55 1779792495 1779792495 0 2416212 7559 8260 653 
56 1779792495 1779792495 0 2316538 5176 9168 7586 
57 1779792495 1779792495 0 1006793 4170 9048 4016 
58 1779792495 1779792495 0 1620267 2657 8928 2864 
59 1779792495 1779792495 0 2266359 9199 3708 9199 
60 1779792495 1779792495 0 2139562 5493 8733 994 
61 1779792495 1779792495 0 1428042 1972 8828 5312 
62 1779792495 1779792495 0 1448172 5191 8401 537 
63 1779792495 1779792495 0 1488245 8695 3442 8695 
64 1779792495 1779792495 0 2006707 6348 8486 737 
65 1779792495 1779792495 0 2399245 4260 8545 3265 
66 1779792495 1779792495 0 498144 2140 8803 849 
67 1779792495 1779792495 0 2421834 688 8591 2947 
68 1779792495 1779792495 0 488497 8902 210 8902 
69 1779792495 1779792495 0 2254364 5443 8977 3217 
70 1779792495 1779792495 0 1771705 1420 8368 305 
71 1779792495 1779792495 0 360850 1901 8397 156 
72 1779792495 1779792495 0 2592012 1436 8647 863 
73 1779792495 1779792495 0 1357780 4629 8470 492 
74 1779792495 1779792495 0 1873753 4596 8435 3664 
75 1779792495 1779792495 0 2080823 5972 8849 2429 
76 1779792495 1779792495 0 1255312 9069 487 8991 
77 1779792495 1779792495 0 2405579 4644 8686 3734 
78 1779792495 1779792495 0 2579476 7762 8721 3317 
79 1779792495 1779792495 0 718237 880 8271 40 
80 1779792495 1779792495 0 2176028 6639 8246 387 
81 1779792495 1779792495 0 1356820 2877 8872 4248 
82 1779792495 1779792495 0 2659694 9170 1042 9170 
83 1779792495 1779792495 0 1929477 1634 8227 1598 
84 1779792495 1779792495 0 2650395 6303 8841 476 
85 1779792495 1779792495 0 2086753 5182 8250 1802 
86 1779792495 1779792495 0 2579311 7109 8261 84 
87 1779792495 1779792495 0 1978356 6522 8648 1017 
88 1779792495 1779792495 0 555098 560 8377 2656 
89 1779792495 1779792495 0 2053965 2 8229 2 
90 1779792495 1779792495 0 2072082 2889 8581 535 
91 1779792495 1779792495 0 2476919 7859 8902 2697 
92 1779792495 1779792495 0 2057911 6387 8467 2517 
93 1779792495 1779792495 0 1805070 5966 8778 437 
94 1779792495 1779792495 0 2385442 7178 9205 6411 
95 1779792495 1779792495 0 2493968 6447 8603 7920 
96 1779792495 1779792495 0 2169757 924 8945 1202 
97 1779792495 1779792495 0 2630410 170 8260 2870 
98 1779792495 1779792495 0 1952439 4416 8535 870 
99 1779792495 1779792495 0 2675165 490 8476 -1 
100 1779792495 1779792495 0 1379029 5281 9096 996 
101 1779792495 1779792495 0 926892 2815 8936 938 
102 1779792495 1779792495 0 1133732 3702 8531 2571 
103 1779792495 1779792495 0 1852006 1934 8559 1934 
104 1779792495 1779792495 0 2324544 2182 8631 1558 
105 1779792495 1779792495 0 1993290 8336 51 8319 
106 1779792495 1779792495 0 2295938 2975 8797 2975 
107 1779792495 1779792495 0 2437423 4295 8617 1549 
108 1779792495 1779792495 0 2419074 3161 8940 7792 
109 1779792495 1779792495 0 1410276 2033 8261 562 
110 1779792495 1779792495 0 2287492 8683 6053 8683 
111 1779792495 1779792495 0 1313603 3086 8828 2978 
112 1779792495 1779792495 0 1052896 3281 8828 1972 
113 1779792495 1779792495 0 1635703 2572 9071 4845 
114 1779792495 1779792495 0 2602933 7507 8347 68 
115 1779792495 1779792495 0 2480208 2720 8532 506 
116 1779792495 1779792495 0 1013604 4040 8301 2836 
117 1779792495 1779792495 0 1961944 6694 8380 1240 
118 1779792495 1779792495 0 2313130 8479 1813 8687 
119 1779792495 1779792495 0 2675540 7112 8260 653 
120 1779792495 1779792495 0 1722410 6162 8316 143 
121 1779792495 1779792495 0 1544678 5025 8554 3237 
122 1779792495 1779792495 0 1219229 1720 8241 732 
123 1779792495 1779792495 0 1364333 4057 8501 3501 
124 1779792495 1779792495 0 1885622 8502 1376 8257 
125 1779792495 1779792495 0 2640471 2663 8454 447 
126 1779792495 1779792495 0 2060539 1449 8785 1813 
127 1779792495 1779792495 0 2541030 7104 8764 6171 
128 1779792495 1779792495 0 1873884 2789 8520 109 
129 1779792495 1779792495 0 1880887 5184 9102 1684 
130 1779792495 1779792495 0 1912223 2038 8734 6632 
131 1779792495 1779792495 0 2465574 236 8404 722 
132 1779792495 1779792495 0 2272511 7454 9062 3483 
133 1779792495 1779792495 0 2555981 4521 8683 196 
134 1779792495 1779792495 0 2059890 1513 8251 174 
135 1779792495 1779792495 0 2474684 7828 9224 68 
136 1779792495 1779792495 0 2339445 6482 8686 3015 
137 1779792495 1779792495 0 1308630 416 8268 2353 
138 1779792495 1779792495 0 1050851 763 8488 2946 
139 1779792495 1779792495 0 1974291 4457 8343 2512 
140 1779792495 1779792495 0 684482 3131 8593 912 
141 1779792495 1779792495 0 2521533 62 9166 6173 
142 1779792495 1779792495 0 1646396 4461 8532 1130 
143 1779792495 1779792495 0 2386652 4165 8401 7726 
144 1779792495 1779792495 0 962812 409 8414 708 
145 1779792495 1779792495 0 277359 1230 8622 1545 
146 1779792495 1779792495 0 2175303 1025 8677 1066 
147 1779792495 1779792495 0 1789930 2314 8238 12 
148 1779792495 1779792495 0 1354378 9031 4055 9031 
149 1779792495 1779792495 0 2433117 5363 9079 5363 
150 1779792495 1779792495 0 2119579 5709 8540 919 
151 1779792495 1779792495 0 1149364 2102 8335 4646 
152 1779792495 1779792495 0 2462551 7859 8902 7859 
153 1779792495 1779792495 0 2513500 7811 8307 93 
154 1779792495 1779792495 0 1941464 5673 8611 759 
155 1779792495 1779792495 0 1981782 8598 5669 8356 
156 1779792495 1779792495 0 2669436 4958 8402 4455 
157 1779792495 1779792495 0 1206926 3527 8423 437 
158 1779792495 1779792495 0 803817 1417 8260 570 
159 1779792495 1779792495 0 1654087 2465 8371 1040 
160 1779792495 1779792495 0 2243827 3923 8511 1066 
161 1779792495 1779792495 0 2323711 7497 8801 601 
162 1779792495 1779792495 0 1905958 9035 1089 9152 
163 1779792495 1779792495 0 2426103 8869 2174 9064 
164 1779792495 1779792495 0 2118962 6018 8483 6088 
165 1779792495 1779792495 0 777935 102 8306 1505 
166 1779792495 1779792495 0 876519 8426 966 8426 
167 1779792495 1779792495 0 1283046 5100 8873 5100 
168 1779792495 1779792495 0 2429460 5484 8461 335 
169 1779792495 1779792495 0 553591 2187 8622 2652 
170 1779792495 1779792495 0 1678261 394 8325 2526 
171 1779792495 1779792495 0 2509489 2137 8780 1671 
172 1779792495 1779792495 0 935769 675 8411 2866 
173 1779792495 1779792495 0 2163590 7151 8592 1920 
174 1779792495 1779792495 0 1099355 1686 8390 2079 
175 1779792495 1779792495 0 1232834 1200 8585 233 
176 1779792495 1779792495 0 2047529 6323 8249 476 
177 1779792495 1779792495 0 2462622 8886 828 8886 
178 1779792495 1779792495 0 1268846 489 8614 5045 
179 1779792495 1779792495 0 604918 2257 8888 421 
180 1779792495 1779792495 0 2397046 7137 9168 7215 
181 1779792495 1779792495 0 1918228 9020 2365 9020 
182 1779792495 1779792495 0 397465 1760 8777 1760 
183 1779792495 1779792495 0 1846830 818 8384 1233 
184 1779792495 1779792495 0 2049611 1109 8356 79 
185 1779792495 1779792495 0 2652008 8176 9069 3756 
186 1779792495 1779792495 0 947472 3986 8893 4010 
187 1779792495 1779792495 0 1673761 4466 8370 1187 
188 1779792495 1779792495 0 1310001 2402 8942 578 
189 1779792495 1779792495 0 2183788 634 8592 233 
190 1779792495 1779792495 0 1565948 1589 8318 522 
191 1779792495 1779792495 0 2574248 7667 8411 319 
192 1779792495 1779792495 0 1441961 8798 1183 8798 
193 1779792495 1779792495 0 1797900 4157 8683 5669 
194 1779792495 1779792495 0 2047816 225 8394 225 
195 1779792495 1779792495 0 878525 3797 8726 17 
196 1779792495 1779792495 0 2235347 6706 9182 6579 
197 1779792495 1779792495 0 2064174 1223 8735 1257 
198 1779792495 1779792495 0 1627628 8315 998 8315 
199 1779792495 1779792495 0 1736314 104 8998 104 
