923 1779794106 1779794106 0 179342 622 8370 1122 -1 -1 -1 -1 -1 -1 -1 
257 1779794106 1779794106 0 238691 522 8423 595 8423 1358 -1 -1 -1 -1 -1 
545 1779794106 1779794106 0 361492 936 8266 1919 -1 -1 -1 -1 -1 -1 -1 
931 1779794106 1779794106 0 536224 1338 8593 2604 -1 -1 -1 -1 -1 -1 -1 
672 1779794106 1779794106 0 569966 1186 8591 2703 -1 -1 -1 -1 -1 -1 -1 
954 1779794106 1779794106 0 614044 2749 8622 2937 -1 -1 -1 -1 -1 -1 -1 
236 1779794106 1779794106 0 689780 407 8341 2931 -1 -1 -1 -1 -1 -1 -1 
953 1779794106 1779794106 0 650553 2644 8896 3051 -1 -1 -1 -1 -1 -1 -1 
483 1779794106 1779794106 0 757784 1121 8246 3435 -1 -1 -1 -1 -1 -1 -1 
31 1779794106 1779794106 0 839150 2229 8311 3509 -1 -1 -1 -1 -1 -1 -1 
691 1779794106 1779794106 0 820598 3110 8965 3601 -1 -1 -1 -1 -1 -1 -1 
811 1779794106 1779794106 0 888188 322 8410 3824 -1 -1 -1 -1 -1 -1 -1 
459 1779794106 1779794106 0 934651 494 8623 3961 -1 -1 -1 -1 -1 -1 -1 
308 1779794106 1779794106 0 933901 3742 8295 3956 -1 -1 -1 -1 -1 -1 -1 
876 1779794106 1779794106 0 969140 3653 8246 4072 -1 -1 -1 -1 -1 -1 -1 
362 1779794106 1779794106 0 997118 2937 8622 322 8622 1620 -1 -1 -1 -1 -1 
94 1779794106 1779794106 0 959813 1437 8278 3139 8278 4046 -1 -1 -1 -1 -1 
352 1779794106 1779794106 0 1043648 3148 8339 3840 -1 -1 -1 -1 -1 -1 -1 
118 1779794106 1779794106 0 1009089 8597 714 8597 714 8597 714 -1 -1 -1 -1 
224 1779794106 1779794106 0 1068276 3556 8341 4087 8341 4422 -1 -1 -1 -1 -1 
670 1779794106 1779794106 0 1137509 4444 8733 1872 -1 -1 -1 -1 -1 -1 -1 
152 1779794106 1779794106 0 1161498 3234 8611 4667 -1 -1 -1 -1 -1 -1 -1 
648 1779794106 1779794106 0 1166310 1752 9040 1752 9040 4679 -1 -1 -1 -1 -1 
642 1779794106 1779794106 0 1190945 8959 2855 8959 2855 8959 2855 8959 2855 -1 -1 
985 1779794106 1779794106 0 1186116 4453 8873 4463 8873 4782 -1 -1 -1 -1 -1 
683 1779794106 1779794106 0 1421975 1 8228 1 8228 1 8228 1 8228 1 8228 
785 1779794106 1779794106 0 1205961 8744 1291 -1 -1 -1 -1 -1 -1 -1 -1 
150 1779794106 1779794106 0 1231017 1383 8354 1274 -1 -1 -1 -1 -1 -1 -1 
479 1779794106 1779794106 0 1279651 1093 8601 4945 -1 -1 -1 -1 -1 -1 -1 
741 1779794106 1779794106 0 1283046 4179 8873 5100 -1 -1 -1 -1 -1 -1 -1 
886 1779794106 1779794106 0 2573971 8930 2712 8930 2712 8930 2712 8930 2708 8466 6500 
68 1779794106 1779794106 0 1262559 8863 2016 8863 2016 8863 2016 8863 2016 8863 2016 
813 1779794106 1779794106 0 1314558 264 8429 3375 8429 264 8429 264 8429 207 -1 
651 1779794106 1779794106 0 1307356 2981 8887 2848 9048 5172 -1 -1 -1 -1 -1 
582 1779794106 1779794106 0 1333669 626 8423 4520 8423 5220 -1 -1 -1 -1 -1 
425 1779794106 1779794106 0 1367020 170 8260 3210 -1 -1 -1 -1 -1 -1 -1 
304 1779794106 1779794106 0 1647757 8610 755 8610 755 8610 755 8610 4085 8812 1662 
699 1779794106 1779794106 0 1371395 4374 8343 5350 -1 -1 -1 -1 -1 -1 -1 
990 1779794106 1779794106 0 1411609 9096 1527 -1 -1 -1 -1 -1 -1 -1 -1 
675 1779794106 1779794106 0 1443649 4554 8694 2248 -1 -1 -1 -1 -1 -1 -1 
276 1779794106 1779794106 0 1442856 5080 8503 5517 -1 -1 -1 -1 -1 -1 -1 
432 1779794106 1779794106 0 1474027 8843 1861 8843 1861 8843 1861 8843 1861 -1 -1 
637 1779794106 1779794106 0 1490272 5000 9069 5591 -1 -1 -1 -1 -1 -1 -1 
463 1779794106 1779794106 0 1534176 4273 8237 5773 -1 -1 -1 -1 -1 -1 -1 
305 1779794106 1779794106 0 2424873 3671 9015 3671 9015 3671 9015 4633 9089 4633 8734 
695 1779794106 1779794106 0 1526249 4292 9092 5466 -1 -1 -1 -1 -1 -1 -1 
238 1779794106 1779794106 0 1587713 857 8467 5910 -1 -1 -1 -1 -1 -1 -1 
392 1779794106 1779794106 0 1562240 8842 1879 8842 1879 -1 -1 -1 -1 -1 -1 
546 1779794106 1779794106 0 1581895 3731 8777 5897 -1 -1 -1 -1 -1 -1 -1 
139 1779794106 1779794106 0 1590872 3112 8254 367 8675 -1 -1 -1 -1 -1 -1 
503 1779794106 1779794106 0 1638088 637 8577 6034 -1 -1 -1 -1 -1 -1 -1 
733 1779794106 1779794106 0 1632634 1816 8829 1816 8829 1816 8829 1816 -1 -1 -1 
696 1779794106 1779794106 0 1639535 5517 8503 6039 -1 -1 -1 -1 -1 -1 -1 
395 1779794106 1779794106 0 1646661 5767 8828 6057 -1 -1 -1 -1 -1 -1 -1 
37 1779794106 1779794106 0 1617060 3485 9083 3485 9083 3485 -1 -1 -1 -1 -1 
842 1779794106 1779794106 0 1627838 4246 8787 4246 -1 -1 -1 -1 -1 -1 -1 
805 1779794106 1779794106 0 1639356 10 8236 10 8236 10 8236 10 -1 -1 -1 
854 1779794106 1779794106 0 1617060 9083 3485 9083 3485 9083 3485 -1 -1 -1 -1 
925 1779794106 1779794106 0 1617060 5686 9083 3485 9083 3485 -1 -1 -1 -1 -1 
440 1779794106 1779794106 0 1696311 3028 8837 3028 -1 -1 -1 -1 -1 -1 -1 
119 1779794106 1779794106 0 1695903 5079 8670 6142 -1 -1 -1 -1 -1 -1 -1 
129 1779794106 1779794106 0 1675320 2012 9096 6041 -1 -1 -1 -1 -1 -1 -1 
550 1779794106 1779794106 0 1662901 4978 9086 5311 9086 527 -1 -1 -1 -1 -1 
870 1779794106 1779794106 0 2059644 2260 8888 404 8888 2234 8888 2271 8888 2134 8937 
174 1779794106 1779794106 0 1702610 1124 8300 5237 8300 413 -1 -1 -1 -1 -1 
851 1779794106 1779794106 0 1995270 5059 9089 421 9089 5725 9089 2659 9117 4868 9085 
510 1779794106 1779794106 0 2335504 8300 413 8300 5237 8300 413 8300 5237 8300 73 
724 1779794106 1779794106 0 1790747 3943 8285 6374 -1 -1 -1 -1 -1 -1 -1 
345 1779794106 1779794106 0 2013889 1627 8622 1549 8688 5523 8688 5523 8688 233 8801 
250 1779794106 1779794106 0 1791784 8690 1029 8690 1029 8690 1029 -1 -1 -1 -1 
274 1779794106 1779794106 0 1821327 5430 8601 975 -1 -1 -1 -1 -1 -1 -1 
646 1779794106 1779794106 0 1821327 5578 8601 975 -1 -1 -1 -1 -1 -1 -1 
587 1779794106 1779794106 0 1823261 4964 9071 6455 -1 -1 -1 -1 -1 -1 -1 
539 1779794106 1779794106 0 1828014 4578 9033 3865 9033 3865 9033 3865 -1 -1 -1 
984 1779794106 1779794106 0 1837839 3056 8888 3932 8888 40 8534 -1 -1 -1 -1 
577 1779794106 1779794106 0 1828014 9033 3865 9033 3865 9033 3865 9033 3865 -1 -1 
765 1779794106 1779794106 0 1864561 940 8648 6524 -1 -1 -1 -1 -1 -1 -1 
58 1779794106 1779794106 0 1897953 5099 8582 6598 -1 -1 -1 -1 -1 -1 -1 
312 1779794106 1779794106 0 1861648 5190 8736 3208 8736 4194 -1 -1 -1 -1 -1 
989 1779794106 1779794106 0 1897283 5768 8477 378 -1 -1 -1 -1 -1 -1 -1 
572 1779794106 1779794106 0 1879151 673 8361 1373 8922 1373 8361 6553 -1 -1 -1 
554 1779794106 1779794106 0 1877366 85 8301 2149 8964 6550 -1 -1 -1 -1 -1 
855 1779794106 1779794106 0 1899087 6601 9162 6601 -1 -1 -1 -1 -1 -1 -1 
649 1779794106 1779794106 0 1931473 714 8597 714 8597 714 8597 714 8597 1594 8323 
13 1779794106 1779794106 0 1941559 5097 8733 620 -1 -1 -1 -1 -1 -1 -1 
470 1779794106 1779794106 0 1922643 6494 8841 6663 -1 -1 -1 -1 -1 -1 -1 
812 1779794106 1779794106 0 1987954 8275 2008 -1 -1 -1 -1 -1 -1 -1 -1 
14 1779794106 1779794106 0 1955307 2073 8411 2217 -1 -1 -1 -1 -1 -1 -1 
509 1779794106 1779794106 0 1975901 2372 8262 6779 -1 -1 -1 -1 -1 -1 -1 
878 1779794106 1779794106 0 1995342 3878 8928 3723 -1 -1 -1 -1 -1 -1 -1 
840 1779794106 1779794106 0 1993257 5296 8575 6817 -1 -1 -1 -1 -1 -1 -1 
694 1779794106 1779794106 0 2041652 2596 8888 2636 8888 547 9096 996 9163 547 9163 
513 1779794106 1779794106 0 1962485 6485 8474 2001 -1 -1 -1 -1 -1 -1 -1 
656 1779794106 1779794106 0 1958953 2520 8237 2520 8237 6741 8237 -1 -1 -1 -1 
593 1779794106 1779794106 0 1976585 9029 3845 9029 3845 9029 3845 9029 3845 -1 -1 
591 1779794106 1779794106 0 2010622 6520 9132 -1 -1 -1 -1 -1 -1 -1 -1 
674 1779794106 1779794106 0 2015493 8369 185 -1 -1 -1 -1 -1 -1 -1 -1 
889 1779794106 1779794106 0 2041559 4202 8466 778 -1 -1 -1 -1 -1 -1 -1 
517 1779794106 1779794106 0 2009366 4882 8806 4340 -1 -1 -1 -1 -1 -1 -1 
757 1779794106 1779794106 0 2004351 6297 8593 5629 -1 -1 -1 -1 -1 -1 -1 
824 1779794106 1779794106 0 2018319 9065 4487 9065 -1 -1 -1 -1 -1 -1 -1 
893 1779794106 1779794106 0 2424667 75 8296 151 8296 151 8296 2923 9181 4112 8816 
761 1779794106 1779794106 0 2002357 6833 8855 6838 -1 -1 -1 -1 -1 -1 -1 
645 1779794106 1779794106 0 2215924 375 8475 375 8475 375 8475 375 9100 1647 9210 
737 1779794106 1779794106 0 2018319 4487 9065 4487 9065 4487 9065 -1 -1 -1 -1 
215 1779794106 1779794106 0 2073078 430 8335 1506 8335 6746 -1 -1 -1 -1 -1 
172 1779794106 1779794106 0 2094526 1920 8574 1403 -1 -1 -1 -1 -1 -1 -1 
625 1779794106 1779794106 0 2055180 1646 8372 429 8411 6803 -1 -1 -1 -1 -1 
258 1779794106 1779794106 0 2053314 5012 8262 5793 -1 -1 -1 -1 -1 -1 -1 
803 1779794106 1779794106 0 2067960 5031 8402 500 -1 -1 -1 -1 -1 -1 -1 
376 1779794106 1779794106 0 2090928 5207 8685 7031 -1 -1 -1 -1 -1 -1 -1 
511 1779794106 1779794106 0 2085859 6348 8486 5255 -1 -1 -1 -1 -1 -1 -1 
91 1779794106 1779794106 0 2078928 6430 9166 6989 -1 -1 -1 -1 -1 -1 -1 
499 1779794106 1779794106 0 2067344 5257 8964 6305 8964 6958 -1 -1 -1 -1 -1 
320 1779794106 1779794106 0 2085040 8594 2821 8594 4056 -1 -1 -1 -1 -1 -1 
858 1779794106 1779794106 0 2125433 1891 8574 1024 8574 2553 8574 7012 8574 7051 8592 
915 1779794106 1779794106 0 2115116 2336 8637 7088 -1 -1 -1 -1 -1 -1 -1 
284 1779794106 1779794106 0 2105519 8748 1316 8748 1316 8748 -1 -1 -1 -1 -1 
157 1779794106 1779794106 0 2145442 546 8515 233 8438 1740 -1 -1 -1 -1 -1 
447 1779794106 1779794106 0 2101363 1262 8247 4479 8247 5751 -1 -1 -1 -1 -1 
993 1779794106 1779794106 0 2148657 667 8559 741 8251 7076 -1 -1 -1 -1 -1 
360 1779794106 1779794106 0 2120078 6689 9069 7100 -1 -1 -1 -1 -1 -1 -1 
202 1779794106 1779794106 0 2117910 3795 8592 7096 -1 -1 -1 -1 -1 -1 -1 
464 1779794106 1779794106 0 2144910 6508 8737 3645 -1 -1 -1 -1 -1 -1 -1 
856 1779794106 1779794106 0 2108091 8589 68 9099 5167 9099 3613 9099 68 8427 7056 
153 1779794106 1779794106 0 2112892 4285 8874 3979 8874 244 8574 2726 -1 -1 -1 
748 1779794106 1779794106 0 2286109 1077 8430 199 8389 631 8389 218 8389 199 8430 
875 1779794106 1779794106 0 2134592 7129 8584 7129 -1 -1 -1 -1 -1 -1 -1 
417 1779794106 1779794106 0 2139192 3531 8985 935 8985 3048 -1 -1 -1 -1 -1 
297 1779794106 1779794106 0 2149565 1927 8822 1189 9140 6170 9140 6170 9140 -1 -1 
779 1779794106 1779794106 0 2123394 1544 8710 535 8555 535 8540 919 8540 98 8540 
289 1779794106 1779794106 0 2156751 3058 8412 7182 -1 -1 -1 -1 -1 -1 -1 
373 1779794106 1779794106 0 2198233 3137 8411 7282 -1 -1 -1 -1 -1 -1 -1 
82 1779794106 1779794106 0 2165016 3359 8602 7212 -1 -1 -1 -1 -1 -1 -1 
384 1779794106 1779794106 0 2170299 5090 9069 7228 -1 -1 -1 -1 -1 -1 -1 
745 1779794106 1779794106 0 2176221 3579 8798 5263 8798 7241 -1 -1 -1 -1 -1 
958 1779794106 1779794106 0 2598153 3501 8501 4057 8501 1040 8501 764 8836 1411 8351 
680 1779794106 1779794106 0 2150118 6062 9162 6062 9162 6062 -1 -1 -1 -1 -1 
428 1779794106 1779794106 0 2199653 6931 8658 7284 -1 -1 -1 -1 -1 -1 -1 
884 1779794106 1779794106 0 2178066 776 8260 2870 8260 7247 -1 -1 -1 -1 -1 
156 1779794106 1779794106 0 2183708 92 8306 3244 -1 -1 -1 -1 -1 -1 -1 
115 1779794106 1779794106 0 2187588 2962 8623 482 9166 68 9142 4648 -1 -1 -1 
371 1779794106 1779794106 0 2179156 7178 9205 7250 -1 -1 -1 -1 -1 -1 -1 
617 1779794106 1779794106 0 2176255 1990 8640 2151 8640 1429 8629 2179 8629 3557 -1 
504 1779794106 1779794106 0 2220755 3488 8519 7264 -1 -1 -1 -1 -1 -1 -1 
506 1779794106 1779794106 0 2205942 8494 414 8494 414 -1 -1 -1 -1 -1 -1 
802 1779794106 1779794106 0 2231167 166 8354 266 8354 1383 8354 6132 8354 443 8354 
979 1779794106 1779794106 0 2211330 8335 3633 8335 -1 -1 -1 -1 -1 -1 -1 
738 1779794106 1779794106 0 2246592 6590 8347 7414 -1 -1 -1 -1 -1 -1 -1 
538 1779794106 1779794106 0 2208493 6647 9168 7137 -1 -1 -1 -1 -1 -1 -1 
101 1779794106 1779794106 0 2227417 610 8520 1840 8520 492 9096 996 9133 107 9133 
547 1779794106 1779794106 0 2215461 5276 8575 5373 8603 5348 -1 -1 -1 -1 -1 
829 1779794106 1779794106 0 2217881 1329 8669 1329 8669 1329 8669 1329 8669 456 8669 
770 1779794106 1779794106 0 2224065 2342 8887 2394 8887 5020 8243 7347 -1 -1 -1 
33 1779794106 1779794106 0 2216717 7284 8658 1231 -1 -1 -1 -1 -1 -1 -1 
557 1779794106 1779794106 0 2245086 5874 8575 6528 8575 6464 9163 6886 -1 -1 -1 
52 1779794106 1779794106 0 2232645 7381 8872 7383 -1 -1 -1 -1 -1 -1 -1 
378 1779794106 1779794106 0 2228338 6609 8609 3969 -1 -1 -1 -1 -1 -1 -1 
567 1779794106 1779794106 0 2216980 31 8258 5092 8258 -1 -1 -1 -1 -1 -1 
460 1779794106 1779794106 0 2226109 2809 8633 994 8633 -1 -1 -1 -1 -1 -1 
598 1779794106 1779794106 0 2202834 5952 9081 7286 9081 -1 -1 -1 -1 -1 -1 
740 1779794106 1779794106 0 2213285 7280 8682 7280 8682 3061 8682 -1 -1 -1 -1 
495 1779794106 1779794106 0 2210334 2952 8397 620 8733 3715 8733 3715 -1 -1 -1 
971 1779794106 1779794106 0 2288421 8791 6091 -1 -1 -1 -1 -1 -1 -1 -1 
383 1779794106 1779794106 0 2278585 791 8623 7492 -1 -1 -1 -1 -1 -1 -1 
583 1779794106 1779794106 0 2291657 1110 8628 4803 -1 -1 -1 -1 -1 -1 -1 
652 1779794106 1779794106 0 2286348 8808 1650 8808 -1 -1 -1 -1 -1 -1 -1 
774 1779794106 1779794106 0 2273573 374 8352 162 -1 -1 -1 -1 -1 -1 -1 
170 1779794106 1779794106 0 2405857 3892 9036 3892 9036 3892 9036 3892 9036 1268 8441 
983 1779794106 1779794106 0 2251774 5308 8361 5408 -1 -1 -1 -1 -1 -1 -1 
972 1779794106 1779794106 0 2285052 5477 8575 3318 -1 -1 -1 -1 -1 -1 -1 
186 1779794106 1779794106 0 2265139 2140 8803 849 8599 849 -1 -1 -1 -1 -1 
731 1779794106 1779794106 0 2265139 2796 8867 3469 8655 849 8599 849 -1 -1 -1 
421 1779794106 1779794106 0 2299466 1319 8544 4586 8544 4586 8545 5735 8545 990 8545 
180 1779794106 1779794106 0 2277094 2270 8888 404 8320 316 8320 7487 -1 -1 -1 
147 1779794106 1779794106 0 2267849 4365 8563 739 -1 -1 -1 -1 -1 -1 -1 
103 1779794106 1779794106 0 2271318 4518 8855 5912 8855 5912 -1 -1 -1 -1 -1 
818 1779794106 1779794106 0 2289836 5025 8554 3237 8554 3237 8554 7518 -1 -1 -1 
808 1779794106 1779794106 0 2398583 5488 9096 547 9163 547 9163 6886 9163 547 8835 
457 1779794106 1779794106 0 2289724 3310 8563 5622 8737 -1 -1 -1 -1 -1 -1 
294 1779794106 1779794106 0 2267350 3345 8873 3613 8251 741 -1 -1 -1 -1 -1 
822 1779794106 1779794106 0 2297506 3701 8376 919 8540 4215 -1 -1 -1 -1 -1 
402 1779794106 1779794106 0 2292588 1082 9023 4085 9122 -1 -1 -1 -1 -1 -1 
826 1779794106 1779794106 0 2269363 4205 8249 7469 -1 -1 -1 -1 -1 -1 -1 
662 1779794106 1779794106 0 2273384 1866 8318 437 8318 277 8872 7478 -1 -1 -1 
423 1779794106 1779794106 0 2300984 579 8277 3935 8623 1140 8285 231 8285 935 8734 
6 1779794106 1779794106 0 2269195 1111 8450 1547 9182 6579 9182 4789 -1 -1 -1 
96 1779794106 1779794106 0 2253091 6335 8408 6335 8408 6335 -1 -1 -1 -1 -1 
594 1779794106 1779794106 0 2328851 1931 8260 5669 8598 5669 8356 5669 8734 492 8470 
965 1779794106 1779794106 0 2271318 4660 8855 3851 8855 4100 8855 5912 8855 5912 8855 
442 1779794106 1779794106 0 2340976 3388 8975 5971 -1 -1 -1 -1 -1 -1 -1 
456 1779794106 1779794106 0 2328221 8788 1551 8788 1551 8788 1551 8788 -1 -1 -1 
162 1779794106 1779794106 0 2323531 3728 8414 708 8414 7608 -1 -1 -1 -1 -1 
555 1779794106 1779794106 0 2316371 4276 8687 7585 -1 -1 -1 -1 -1 -1 -1 
353 1779794106 1779794106 0 2345182 4593 8806 7659 -1 -1 -1 -1 -1 -1 -1 
183 1779794106 1779794106 0 2321391 5988 8556 2404 -1 -1 -1 -1 -1 -1 -1 
659 1779794106 1779794106 0 2303235 2221 8687 1376 8502 350 -1 -1 -1 -1 -1 
924 1779794106 1779794106 0 2343419 3898 8720 6626 8720 6626 -1 -1 -1 -1 -1 
831 1779794106 1779794106 0 2324867 50 9167 50 9167 50 9167 50 -1 -1 -1 
130 1779794106 1779794106 0 2328709 7221 8515 2456 -1 -1 -1 -1 -1 -1 -1 
788 1779794106 1779794106 0 2312759 7176 8706 2438 -1 -1 -1 -1 -1 -1 -1 
227 1779794106 1779794106 0 2324867 663 8299 50 9167 50 8299 50 9167 -1 -1 
892 1779794106 1779794106 0 2323005 9113 1189 9153 1189 9153 1189 9153 -1 -1 -1 
996 1779794106 1779794106 0 2323005 5631 9113 1189 9153 1189 9153 1189 9153 -1 -1 
945 1779794106 1779794106 0 2323005 329 8822 1189 9153 1189 9153 1189 9153 -1 -1 
271 1779794106 1779794106 0 2321041 2456 8515 7259 -1 -1 -1 -1 -1 -1 -1 
552 1779794106 1779794106 0 2326404 7466 8734 7616 -1 -1 -1 -1 -1 -1 -1 
641 1779794106 1779794106 0 2346600 7660 9198 7660 -1 -1 -1 -1 -1 -1 -1 
490 1779794106 1779794106 0 2324199 4808 8943 3180 8943 3180 -1 -1 -1 -1 -1 
164 1779794106 1779794106 0 2343419 1708 8720 6626 8720 6626 8720 6626 -1 -1 -1 
773 1779794106 1779794106 0 2318139 6256 8348 7581 8348 7581 -1 -1 -1 -1 -1 
160 1779794106 1779794106 0 2343419 1986 8720 6626 8720 1312 8720 6626 8720 6626 -1 
742 1779794106 1779794106 0 2355813 3412 8588 885 -1 -1 -1 -1 -1 -1 -1 
369 1779794106 1779794106 0 2368661 3651 8556 586 -1 -1 -1 -1 -1 -1 -1 
494 1779794106 1779794106 0 2376242 5448 8636 7704 -1 -1 -1 -1 -1 -1 -1 
260 1779794106 1779794106 0 2398466 583 8285 231 8285 7753 -1 -1 -1 -1 -1 
27 1779794106 1779794106 0 2399744 3838 8500 2660 8500 7757 -1 -1 -1 -1 -1 
974 1779794106 1779794106 0 2387254 3032 8847 3032 8847 4987 8847 7276 -1 -1 -1 
46 1779794106 1779794106 0 2392073 9121 5527 9121 5527 9121 5527 9121 -1 -1 -1 
437 1779794106 1779794106 0 2375922 8434 6654 8819 -1 -1 -1 -1 -1 -1 -1 
48 1779794106 1779794106 0 2384898 631 8389 199 -1 -1 -1 -1 -1 -1 -1 
350 1779794106 1779794106 0 2398874 2394 8887 2265 9072 2564 8562 1240 -1 -1 -1 
845 1779794106 1779794106 0 2536432 5658 8853 4503 8728 4503 8728 4503 8853 2697 8626 
710 1779794106 1779794106 0 2366212 5769 8885 2225 8885 2225 8885 2225 -1 -1 -1 
896 1779794106 1779794106 0 2388303 3477 9001 3436 9001 3436 9001 -1 -1 -1 -1 
841 1779794106 1779794106 0 2388402 4038 8644 17 8491 7730 -1 -1 -1 -1 -1 
364 1779794106 1779794106 0 2388303 3436 9001 3436 9001 3436 9001 3436 -1 -1 -1 
108 1779794106 1779794106 0 2398551 5312 8828 2978 8828 1972 -1 -1 -1 -1 -1 
176 1779794106 1779794106 0 2398416 5780 8452 309 8452 1677 -1 -1 -1 -1 -1 
793 1779794106 1779794106 0 2419084 5778 8290 89 8290 2198 8491 1184 8491 559 8710 
614 1779794106 1779794106 0 2386652 5164 8401 7726 -1 -1 -1 -1 -1 -1 -1 
708 1779794106 1779794106 0 2394838 3425 8759 3348 8759 1386 8759 3348 -1 -1 -1 
746 1779794106 1779794106 0 2396950 5724 8945 1139 8945 1139 8938 1139 8704 1067 -1 
721 1779794106 1779794106 0 2551432 950 8485 703 8661 894 8661 1005 8661 894 8661 
714 1779794106 1779794106 0 2398482 8310 96 8310 1713 8310 -1 -1 -1 -1 -1 
154 1779794106 1779794106 0 2388539 3911 8359 3882 8359 3882 8359 3882 -1 -1 -1 
222 1779794106 1779794106 0 2404125 886 8545 3265 -1 -1 -1 -1 -1 -1 -1 
212 1779794106 1779794106 0 2434516 2212 8314 235 -1 -1 -1 -1 -1 -1 -1 
570 1779794106 1779794106 0 2415617 3788 8736 3208 8736 5083 -1 -1 -1 -1 -1 
814 1779794106 1779794106 0 2584825 1786 8856 1968 8856 1968 8856 1968 8856 2841 8823 
938 1779794106 1779794106 0 2427847 8651 875 8651 5766 -1 -1 -1 -1 -1 -1 
804 1779794106 1779794106 0 2411262 5262 9102 1684 -1 -1 -1 -1 -1 -1 -1 
125 1779794106 1779794106 0 2484604 4345 8806 4516 8806 4344 8806 146 8806 146 8806 
960 1779794106 1779794106 0 2401472 8411 2252 8411 7667 -1 -1 -1 -1 -1 -1 
565 1779794106 1779794106 0 2427035 4846 8736 196 8260 4331 -1 -1 -1 -1 -1 
252 1779794106 1779794106 0 2428326 8676 1505 8333 954 8832 -1 -1 -1 -1 -1 
602 1779794106 1779794106 0 2442237 7277 8346 7700 -1 -1 -1 -1 -1 -1 -1 
155 1779794106 1779794106 0 2411262 5123 8269 1684 9102 -1 -1 -1 -1 -1 -1 
918 1779794106 1779794106 0 2443100 3547 8339 3148 8339 68 8374 3871 8374 195 8374 
526 1779794106 1779794106 0 2434274 6576 8574 1878 8574 2564 8574 6945 -1 -1 -1 
348 1779794106 1779794106 0 2416953 219 8390 1686 8390 1890 -1 -1 -1 -1 -1 
515 1779794106 1779794106 0 2415053 7558 8315 578 -1 -1 -1 -1 -1 -1 -1 
70 1779794106 1779794106 0 2430229 3766 8547 4507 8351 172 -1 -1 -1 -1 -1 
234 1779794106 1779794106 0 2429540 1517 8622 322 8410 4780 9144 6316 -1 -1 -1 
99 1779794106 1779794106 0 2410252 8503 250 8657 250 8657 -1 -1 -1 -1 -1 
962 1779794106 1779794106 0 2432227 4320 8736 1877 8736 1877 8736 7814 -1 -1 -1 
558 1779794106 1779794106 0 2417513 3197 8506 7142 8506 6734 9077 1036 -1 -1 -1 
451 1779794106 1779794106 0 2407500 4844 9159 4844 9159 4844 9159 4844 9159 -1 -1 
976 1779794106 1779794106 0 2415244 8726 1152 8726 17 8568 7789 -1 -1 -1 -1 
528 1779794106 1779794106 0 2404829 6874 8720 1312 8720 6626 8720 6807 -1 -1 -1 
711 1779794106 1779794106 0 2433578 705 8595 705 8595 705 8595 -1 -1 -1 -1 
329 1779794106 1779794106 0 2429112 7734 8347 6753 -1 -1 -1 -1 -1 -1 -1 
429 1779794106 1779794106 0 2421827 7681 8347 4234 -1 -1 -1 -1 -1 -1 -1 
120 1779794106 1779794106 0 2405857 5462 8848 1268 8441 1268 -1 -1 -1 -1 -1 
354 1779794106 1779794106 0 2416818 8344 144 8312 1435 -1 -1 -1 -1 -1 -1 
59 1779794106 1779794106 0 2440672 3115 8397 7494 8397 7494 -1 -1 -1 -1 -1 
790 1779794106 1779794106 0 2430319 2208 8346 6684 8346 7254 8346 1657 8346 1657 -1 
681 1779794106 1779794106 0 2478537 3997 8623 6961 8623 494 8623 7713 8623 3965 8881 
994 1779794106 1779794106 0 2423860 1884 8918 1884 9009 1884 9009 1884 8918 1884 -1 
242 1779794106 1779794106 0 2434963 4933 9079 5363 9079 7818 -1 -1 -1 -1 -1 
146 1779794106 1779794106 0 2406409 333 8283 935 8881 7774 -1 -1 -1 -1 -1 
775 1779794106 1779794106 0 2424663 8933 2734 8933 2734 8933 -1 -1 -1 -1 -1 
853 1779794106 1779794106 0 2614665 276 8433 276 8433 2534 8433 2534 8433 2534 8433 
926 1779794106 1779794106 0 2434098 5685 8838 6346 8838 1984 8838 7251 -1 -1 -1 
275 1779794106 1779794106 0 2443152 99 8313 819 8346 3609 8346 1657 8346 195 -1 
92 1779794106 1779794106 0 2522325 8870 433 8870 1284 8955 3329 8955 3329 8955 6623 
514 1779794106 1779794106 0 2483972 7907 9136 -1 -1 -1 -1 -1 -1 -1 -1 
885 1779794106 1779794106 0 2483972 7907 9136 -1 -1 -1 -1 -1 -1 -1 -1 
816 1779794106 1779794106 0 2493300 937 8302 2480 -1 -1 -1 -1 -1 -1 -1 
382 1779794106 1779794106 0 2462440 5250 8964 7858 -1 -1 -1 -1 -1 -1 -1 
589 1779794106 1779794106 0 2456121 305 8368 349 8368 349 8368 -1 -1 -1 -1 
251 1779794106 1779794106 0 2456121 5290 8368 305 8368 349 -1 -1 -1 -1 -1 
911 1779794106 1779794106 0 2456121 305 8368 355 8368 305 8368 349 8368 -1 -1 
739 1779794106 1779794106 0 2469689 8908 3812 8971 3812 8971 3812 8971 7870 -1 -1 
28 1779794106 1779794106 0 2496753 1477 8801 7600 -1 -1 -1 -1 -1 -1 -1 
93 1779794106 1779794106 0 2452716 7024 8592 1980 -1 -1 -1 -1 -1 -1 -1 
399 1779794106 1779794106 0 2474272 8858 268 8431 361 8431 268 9202 761 -1 -1 
686 1779794106 1779794106 0 2496753 6193 9059 17 8801 7600 -1 -1 -1 -1 -1 
549 1779794106 1779794106 0 2497013 6854 8636 6852 8636 443 -1 -1 -1 -1 -1 
933 1779794106 1779794106 0 2451131 7440 8347 3278 -1 -1 -1 -1 -1 -1 -1 
381 1779794106 1779794106 0 2624853 298 8283 1851 8283 2365 8532 1130 8532 506 8532 
286 1779794106 1779794106 0 2468740 7061 9166 51 9166 2908 -1 -1 -1 -1 -1 
677 1779794106 1779794106 0 2472869 5887 8574 3532 8574 7180 8574 2564 8574 2062 -1 
127 1779794106 1779794106 0 2487196 7405 9080 68 8506 3200 -1 -1 -1 -1 -1 
610 1779794106 1779794106 0 2550792 2611 8644 17 8237 2520 8237 423 9166 6173 9166 
505 1779794106 1779794106 0 2517945 8451 327 8892 5017 8390 5620 8390 2079 8264 1797 
446 1779794106 1779794106 0 2452716 7096 8592 1259 8592 1980 -1 -1 -1 -1 -1 
412 1779794106 1779794106 0 2648073 3881 8998 997 8817 780 8817 2491 8817 400 8817 
245 1779794106 1779794106 0 2486294 2239 8806 68 8506 6261 8506 7909 -1 -1 -1 
934 1779794106 1779794106 0 2473245 8636 6854 8636 6881 8401 7884 -1 -1 -1 -1 
122 1779794106 1779794106 0 2474816 2508 8231 890 8847 7276 8847 1490 -1 -1 -1 
66 1779794106 1779794106 0 2486294 5771 8506 3200 8506 7909 -1 -1 -1 -1 -1 
873 1779794106 1779794106 0 2461134 6163 8359 3882 8359 7856 -1 -1 -1 -1 -1 
676 1779794106 1779794106 0 2484953 7820 9224 644 -1 -1 -1 -1 -1 -1 -1 
121 1779794106 1779794106 0 2487914 2539 8252 233 8944 5841 8944 40 9157 5962 -1 
484 1779794106 1779794106 0 2475266 2932 8588 1981 9163 547 9163 547 8835 7886 -1 
492 1779794106 1779794106 0 2474816 4601 8631 6738 8350 6738 8350 4085 8847 1490 -1 
844 1779794106 1779794106 0 2521050 4483 9175 4483 9175 4483 9175 233 8993 7664 8993 
416 1779794106 1779794106 0 2470270 1891 8574 2553 8574 451 8801 601 8561 5570 -1 
261 1779794106 1779794106 0 2470349 4999 9069 644 8411 2252 8411 7667 8411 7875 -1 
849 1779794106 1779794106 0 2487513 3707 8835 547 8835 -1 -1 -1 -1 -1 -1 
173 1779794106 1779794106 0 2521747 5468 8575 6572 8575 6464 9163 646 8546 646 8546 
828 1779794106 1779794106 0 2487513 7886 8835 547 -1 -1 -1 -1 -1 -1 -1 
852 1779794106 1779794106 0 2490237 2444 8474 359 -1 -1 -1 -1 -1 -1 -1 
346 1779794106 1779794106 0 2484953 5282 8402 5273 9224 644 -1 -1 -1 -1 -1 
961 1779794106 1779794106 0 2468027 4820 8749 1321 8749 1321 9111 1364 -1 -1 -1 
631 1779794106 1779794106 0 2463281 284 8247 6685 8247 3407 8715 1114 8946 1114 -1 
951 1779794106 1779794106 0 2478162 2683 8719 22 8491 3436 8491 2708 8993 7664 8993 
997 1779794106 1779794106 0 2495776 1811 8411 539 9224 6396 -1 -1 -1 -1 -1 
112 1779794106 1779794106 0 2588145 6281 8442 289 8442 289 8442 289 8442 311 8740 
862 1779794106 1779794106 0 2483249 7258 8919 2528 8919 7258 -1 -1 -1 -1 -1 
608 1779794106 1779794106 0 2490239 2291 8411 36 8411 658 8411 2584 -1 -1 -1 
333 1779794106 1779794106 0 2477548 9154 5946 9154 5946 9154 5946 9154 5946 -1 -1 
71 1779794106 1779794106 0 2502863 155 8347 7930 -1 -1 -1 -1 -1 -1 -1 
922 1779794106 1779794106 0 2670932 8459 334 8459 334 8459 334 8459 40 9137 5320 
929 1779794106 1779794106 0 2627053 285 9019 4813 9019 3726 9019 4813 9019 480 9084 
937 1779794106 1779794106 0 2516952 6880 8876 2776 -1 -1 -1 -1 -1 -1 -1 
559 1779794106 1779794106 0 2515820 8505 440 8505 7950 -1 -1 -1 -1 -1 -1 
111 1779794106 1779794106 0 2501843 6958 8964 3236 -1 -1 -1 -1 -1 -1 -1 
839 1779794106 1779794106 0 2514951 3730 8257 1376 8502 -1 -1 -1 -1 -1 -1 
39 1779794106 1779794106 0 2514951 4538 8257 1376 8502 -1 -1 -1 -1 -1 -1 
318 1779794106 1779794106 0 2506004 6191 8235 9 8235 9 8235 -1 -1 -1 -1 
107 1779794106 1779794106 0 2529872 7193 8347 1488 -1 -1 -1 -1 -1 -1 -1 
239 1779794106 1779794106 0 2546014 5487 8577 5487 8577 1975 8577 1975 8741 759 8741 
720 1779794106 1779794106 0 2537522 6416 8387 3046 8670 969 -1 -1 -1 -1 -1 
370 1779794106 1779794106 0 2503614 1407 8548 2356 8548 2356 -1 -1 -1 -1 -1 
193 1779794106 1779794106 0 2508484 4675 8247 7306 8247 7940 -1 -1 -1 -1 -1 
419 1779794106 1779794106 0 2523738 6855 9062 7034 9062 7961 -1 -1 -1 -1 -1 
897 1779794106 1779794106 0 2512471 6924 8623 7713 8623 4371 -1 -1 -1 -1 -1 
87 1779794106 1779794106 0 2505580 6565 8612 1921 -1 -1 -1 -1 -1 -1 -1 
882 1779794106 1779794106 0 2537439 3329 8955 3329 8955 2488 -1 -1 -1 -1 -1 
184 1779794106 1779794106 0 2546372 6123 8990 517 8528 7996 -1 -1 -1 -1 -1 
967 1779794106 1779794106 0 2505245 1891 8574 1878 8574 1878 8574 1562 8565 2198 8565 
368 1779794106 1779794106 0 2508116 5821 8559 741 8251 1402 8251 1402 -1 -1 -1 
372 1779794106 1779794106 0 2654116 8432 270 8432 270 8432 270 8432 7019 9206 509 
255 1779794106 1779794106 0 2537522 4036 8670 3046 8670 969 -1 -1 -1 -1 -1 
300 1779794106 1779794106 0 2640127 930 8422 1744 8422 1164 8508 2304 8508 1139 8349 
188 1779794106 1779794106 0 2537522 6416 8387 3046 8670 969 -1 -1 -1 -1 -1 
2 1779794106 1779794106 0 2500985 6803 8411 2252 8411 7927 -1 -1 -1 -1 -1 
732 1779794106 1779794106 0 2504899 5117 8331 1590 8331 272 -1 -1 -1 -1 -1 
390 1779794106 1779794106 0 2649095 1373 8361 1373 8922 1373 8361 4390 8489 400 8817 
643 1779794106 1779794106 0 2505430 6620 8262 6779 8262 7091 9214 506 8504 7918 9197 
600 1779794106 1779794106 0 2510068 8533 271 8733 3088 8733 1014 -1 -1 -1 -1 
54 1779794106 1779794106 0 2522046 3427 8250 1680 8250 1802 8250 3360 -1 -1 -1 
1 1779794106 1779794106 0 2624045 2347 8828 1972 8828 233 8605 736 8605 736 8605 
22 1779794106 1779794106 0 2508590 157 8291 157 8291 157 8291 -1 -1 -1 -1 
182 1779794106 1779794106 0 2510068 1264 8634 994 8733 7201 8733 3088 8733 1014 -1 
612 1779794106 1779794106 0 2521022 3617 9013 3617 9013 233 8993 7664 8993 7664 8993 
302 1779794106 1779794106 0 2534039 6418 8558 1197 8558 482 9166 6330 9166 6705 9166 
439 1779794106 1779794106 0 2527369 4803 8628 834 8628 7922 8628 1335 -1 -1 -1 
136 1779794106 1779794106 0 2537439 6810 9168 828 8886 828 8886 2488 8955 -1 -1 
323 1779794106 1779794106 0 2504752 7931 8585 7931 -1 -1 -1 -1 -1 -1 -1 
19 1779794106 1779794106 0 2532894 660 8254 27 8254 -1 -1 -1 -1 -1 -1 
563 1779794106 1779794106 0 2531252 4371 8243 4371 8623 1594 -1 -1 -1 -1 -1 
806 1779794106 1779794106 0 2523738 7454 9062 7961 9062 -1 -1 -1 -1 -1 -1 
205 1779794106 1779794106 0 2503614 4481 8548 2356 8548 -1 -1 -1 -1 -1 -1 
445 1779794106 1779794106 0 2531718 8893 3965 8881 233 8923 -1 -1 -1 -1 -1 
621 1779794106 1779794106 0 2521531 762 8352 762 8352 762 -1 -1 -1 -1 -1 
56 1779794106 1779794106 0 2515638 1310 8278 4045 8278 4263 9166 2515 9166 2552 -1 
900 1779794106 1779794106 0 2531718 5802 8623 3965 8881 233 8923 -1 -1 -1 -1 
595 1779794106 1779794106 0 2515638 6750 9166 6330 9166 2515 9166 2552 -1 -1 -1 
771 1779794106 1779794106 0 2508590 4035 8837 4124 8837 954 8291 157 8291 157 -1 
520 1779794106 1779794106 0 2512552 7543 8314 4707 8314 4707 8314 4707 -1 -1 -1 
752 1779794106 1779794106 0 2549801 9188 6701 9188 6701 9188 -1 -1 -1 -1 -1 
228 1779794106 1779794106 0 2605399 4463 8873 627 8781 772 8253 959 8253 959 8480 
359 1779794106 1779794106 0 2524342 1870 8844 1870 8844 1870 8844 -1 -1 -1 -1 
719 1779794106 1779794106 0 2631071 5583 8477 925 8391 220 8508 823 8508 3395 8349 
265 1779794106 1779794106 0 2527423 1168 8723 820 8723 3813 8723 3813 8723 3813 -1 
273 1779794106 1779794106 0 2599181 3193 8572 8100 -1 -1 -1 -1 -1 -1 -1 
501 1779794106 1779794106 0 2596428 2135 8257 3513 8257 1376 -1 -1 -1 -1 -1 
166 1779794106 1779794106 0 2570004 3844 8624 797 -1 -1 -1 -1 -1 -1 -1 
169 1779794106 1779794106 0 2579216 2259 8889 4433 -1 -1 -1 -1 -1 -1 -1 
861 1779794106 1779794106 0 2550962 831 8402 2485 -1 -1 -1 -1 -1 -1 -1 
158 1779794106 1779794106 0 2596682 3481 8490 403 -1 -1 -1 -1 -1 -1 -1 
548 1779794106 1779794106 0 2571954 5342 8603 5393 8603 8051 -1 -1 -1 -1 -1 
946 1779794106 1779794106 0 2590173 3018 8297 1012 8368 349 8248 8085 -1 -1 -1 
218 1779794106 1779794106 0 2576121 6966 8282 8058 -1 -1 -1 -1 -1 -1 -1 
753 1779794106 1779794106 0 2563148 5046 9072 3495 9151 4325 -1 -1 -1 -1 -1 
4 1779794106 1779794106 0 2585330 1766 8823 2841 8823 -1 -1 -1 -1 -1 -1 
941 1779794106 1779794106 0 2580632 6013 9064 4483 9175 4483 9175 -1 -1 -1 -1 
144 1779794106 1779794106 0 2596705 2609 8822 1189 8822 608 8256 -1 -1 -1 -1 
44 1779794106 1779794106 0 2563197 4199 8873 3861 8471 365 8645 4801 8645 8026 -1 
791 1779794106 1779794106 0 2571553 3411 8528 388 8482 388 -1 -1 -1 -1 -1 
626 1779794106 1779794106 0 2593872 7410 9080 437 -1 -1 -1 -1 -1 -1 -1 
309 1779794106 1779794106 0 2579476 5264 8377 3317 8721 -1 -1 -1 -1 -1 -1 
29 1779794106 1779794106 0 2587518 6639 8246 387 8908 -1 -1 -1 -1 -1 -1 
629 1779794106 1779794106 0 2583952 5176 9168 142 9168 4779 -1 -1 -1 -1 -1 
928 1779794106 1779794106 0 2589020 3583 8858 268 8431 666 8431 666 8431 666 -1 
747 1779794106 1779794106 0 2589020 56 8279 56 8431 666 8431 -1 -1 -1 -1 
654 1779794106 1779794106 0 2583952 4449 9059 267 9168 828 9168 142 9168 4779 -1 
431 1779794106 1779794106 0 2574476 1024 8574 557 8565 5711 -1 -1 -1 -1 -1 
604 1779794106 1779794106 0 2570884 8319 51 8319 51 9166 7540 -1 -1 -1 -1 
590 1779794106 1779794106 0 2570456 5640 8544 4065 8361 3178 8361 7429 8361 4065 -1 
973 1779794106 1779794106 0 2596079 735 8604 871 8604 -1 -1 -1 -1 -1 -1 
195 1779794106 1779794106 0 2587202 1851 8283 506 8283 2943 8586 4075 -1 -1 -1 
244 1779794106 1779794106 0 2564447 4220 8529 718 8529 775 -1 -1 -1 -1 -1 
259 1779794106 1779794106 0 2676440 2047 8426 966 8426 233 9097 6752 9097 6752 9097 
531 1779794106 1779794106 0 2569418 6551 8801 6107 8801 8043 -1 -1 -1 -1 -1 
97 1779794106 1779794106 0 2588350 7670 9113 6962 -1 -1 -1 -1 -1 -1 -1 
868 1779794106 1779794106 0 2551432 7434 8661 894 -1 -1 -1 -1 -1 -1 -1 
780 1779794106 1779794106 0 2565080 3513 8257 374 8474 430 8911 8028 -1 -1 -1 
837 1779794106 1779794106 0 2556867 9008 3060 9008 3060 -1 -1 -1 -1 -1 -1 
42 1779794106 1779794106 0 2551432 1566 8661 1005 8661 1005 8661 1005 8661 894 -1 
100 1779794106 1779794106 0 2596094 6095 8704 220 8508 1139 8508 239 -1 -1 -1 
518 1779794106 1779794106 0 2573241 3422 8526 2138 -1 -1 -1 -1 -1 -1 -1 
998 1779794106 1779794106 0 2575493 8395 226 8395 226 8395 -1 -1 -1 -1 -1 
36 1779794106 1779794106 0 2557287 3891 8585 721 8585 5556 -1 -1 -1 -1 -1 
5 1779794106 1779794106 0 2563068 5650 9113 1189 9153 1189 9023 1082 9006 -1 -1 
693 1779794106 1779794106 0 2556784 2654 9166 1739 9223 1305 9223 8011 -1 -1 -1 
606 1779794106 1779794106 0 2573222 5303 8284 233 8545 1552 8545 916 -1 -1 -1 
141 1779794106 1779794106 0 2570893 7849 8556 621 -1 -1 -1 -1 -1 -1 -1 
500 1779794106 1779794106 0 2579609 7890 9080 539 -1 -1 -1 -1 -1 -1 -1 
668 1779794106 1779794106 0 2571954 7920 8603 8051 -1 -1 -1 -1 -1 -1 -1 
999 1779794106 1779794106 0 2555288 7876 8881 7721 -1 -1 -1 -1 -1 -1 -1 
194 1779794106 1779794106 0 2580033 3502 8266 339 8266 3452 -1 -1 -1 -1 -1 
777 1779794106 1779794106 0 2571954 5468 8575 3203 8603 6447 8603 3890 8603 8051 -1 
905 1779794106 1779794106 0 2568166 6702 8474 430 8836 -1 -1 -1 -1 -1 -1 
817 1779794106 1779794106 0 2594341 5612 9115 5412 9115 6789 9115 5412 9115 1479 -1 
909 1779794106 1779794106 0 2569613 1507 8505 440 8505 440 8505 1438 -1 -1 -1 
393 1779794106 1779794106 0 2581973 3862 8638 842 8638 3879 8638 8072 -1 -1 -1 
833 1779794106 1779794106 0 2551598 7263 8469 3965 8881 7091 -1 -1 -1 -1 -1 
904 1779794106 1779794106 0 2583814 4012 8483 249 9214 7899 8541 3214 -1 -1 -1 
584 1779794106 1779794106 0 2623031 2997 8728 285 8437 285 8436 278 8436 285 8436 
465 1779794106 1779794106 0 2581973 4427 8638 3879 8638 8072 -1 -1 -1 -1 -1 
561 1779794106 1779794106 0 2566763 7919 9197 7919 9197 8033 -1 -1 -1 -1 -1 
50 1779794106 1779794106 0 2563279 3614 8814 449 8241 5063 -1 -1 -1 -1 -1 
450 1779794106 1779794106 0 2582770 214 8386 214 8386 214 8386 214 -1 -1 -1 
843 1779794106 1779794106 0 2579789 4543 8806 267 9168 81 9168 142 9168 1134 -1 
756 1779794106 1779794106 0 2584377 7532 8819 7245 8377 3225 -1 -1 -1 -1 -1 
749 1779794106 1779794106 0 2569961 6217 8545 1552 9223 8046 -1 -1 -1 -1 -1 
521 1779794106 1779794106 0 2564447 8477 2458 8358 718 8529 1571 8529 775 -1 -1 
241 1779794106 1779794106 0 2562006 5541 8295 281 8295 2196 8993 7664 8993 7664 8637 
197 1779794106 1779794106 0 2597519 7928 8561 601 8974 -1 -1 -1 -1 -1 -1 
542 1779794106 1779794106 0 2583479 1966 8264 1797 8477 598 -1 -1 -1 -1 -1 
411 1779794106 1779794106 0 2558453 7633 8734 1206 8734 8010 -1 -1 -1 -1 -1 
175 1779794106 1779794106 0 2574476 4132 8561 4261 8801 2879 8565 2198 8565 5711 8565 
104 1779794106 1779794106 0 2561404 5830 8325 331 8411 462 8411 2115 -1 -1 -1 
891 1779794106 1779794106 0 2557382 2115 8752 3029 9004 3029 9004 6748 -1 -1 -1 
471 1779794106 1779794106 0 2557382 6748 9004 3029 9004 3029 9004 6748 9004 -1 -1 
295 1779794106 1779794106 0 2583474 8076 9168 4315 -1 -1 -1 -1 -1 -1 -1 
321 1779794106 1779794106 0 2573333 8051 8603 5319 -1 -1 -1 -1 -1 -1 -1 
722 1779794106 1779794106 0 2593155 114 8324 391 -1 -1 -1 -1 -1 -1 -1 
823 1779794106 1779794106 0 2597331 8010 8734 4554 -1 -1 -1 -1 -1 -1 -1 
280 1779794106 1779794106 0 2578601 2031 8737 400 8489 8066 -1 -1 -1 -1 -1 
760 1779794106 1779794106 0 2566845 5269 8578 865 8578 865 8578 865 -1 -1 -1 
375 1779794106 1779794106 0 2570857 2730 8444 8045 8444 -1 -1 -1 -1 -1 -1 
703 1779794106 1779794106 0 2579484 2576 8907 2576 8907 2426 8907 2426 9215 318 8887 
991 1779794106 1779794106 0 2571553 3937 8482 393 8482 388 8482 -1 -1 -1 -1 
131 1779794106 1779794106 0 2583932 1052 8700 1052 8700 1052 8700 -1 -1 -1 -1 
57 1779794106 1779794106 0 2575080 4985 9086 5311 9086 5311 9086 5311 -1 -1 -1 
970 1779794106 1779794106 0 2589550 5282 8402 2485 8402 8084 -1 -1 -1 -1 -1 
26 1779794106 1779794106 0 2569623 1152 8726 1779 8963 198 9060 1922 9060 1922 9060 
385 1779794106 1779794106 0 2562606 5499 8492 895 8492 895 8492 895 -1 -1 -1 
657 1779794106 1779794106 0 2585330 2841 8823 2841 8823 2841 8823 -1 -1 -1 -1 
209 1779794106 1779794106 0 2565802 592 8400 2753 8400 2742 8400 2753 8400 -1 -1 
201 1779794106 1779794106 0 2596685 9168 142 9168 142 9078 -1 -1 -1 -1 -1 
877 1779794106 1779794106 0 2591495 7485 8985 2671 8985 2671 -1 -1 -1 -1 -1 
142 1779794106 1779794106 0 2570542 1929 8695 3442 8695 3442 -1 -1 -1 -1 -1 
713 1779794106 1779794106 0 2574136 1632 8784 1632 8466 49 8466 49 -1 -1 -1 
443 1779794106 1779794106 0 2573829 6594 9166 6173 9166 6173 -1 -1 -1 -1 -1 
358 1779794106 1779794106 0 2571553 7845 8286 388 8482 -1 -1 -1 -1 -1 -1 
846 1779794106 1779794106 0 2567285 7737 8285 3965 8881 1039 -1 -1 -1 -1 -1 
49 1779794106 1779794106 0 2597519 4311 8561 601 8974 601 8974 -1 -1 -1 -1 
898 1779794106 1779794106 0 2567285 3268 8985 935 8881 3965 8881 1039 -1 -1 -1 
217 1779794106 1779794106 0 2630868 7249 9166 7813 9223 5209 9223 1305 9223 1305 9223 
400 1779794106 1779794106 0 2574476 2160 8801 557 8565 1591 8565 5711 -1 -1 -1 
216 1779794106 1779794106 0 2593889 3440 8411 8017 8411 2252 -1 -1 -1 -1 -1 
140 1779794106 1779794106 0 2579622 405 8278 4045 8278 1552 8545 916 8545 2797 9133 
301 1779794106 1779794106 0 2594030 6374 8285 231 8285 4935 8285 231 -1 -1 -1 
995 1779794106 1779794106 0 2574252 6171 8764 2185 8764 2185 -1 -1 -1 -1 -1 
138 1779794106 1779794106 0 2571961 7412 8684 2863 8684 3507 8684 -1 -1 -1 -1 
586 1779794106 1779794106 0 2590939 4950 8585 7931 8585 5556 8585 721 -1 -1 -1 
181 1779794106 1779794106 0 2638317 2187 8622 3748 8268 1296 9226 1296 9226 1296 9226 
787 1779794106 1779794106 0 2593646 1917 8463 1076 8988 2846 8988 1991 8988 6623 -1 
700 1779794106 1779794106 0 2594226 1096 8712 1096 8712 1096 8712 1096 -1 -1 -1 
3 1779794106 1779794106 0 2594009 8002 9028 318 9215 1134 9168 8092 -1 -1 -1 
65 1779794106 1779794106 0 2600081 7525 8609 -1 -1 -1 -1 -1 -1 -1 -1 
418 1779794106 1779794106 0 2643416 8165 8636 -1 -1 -1 -1 -1 -1 -1 -1 
725 1779794106 1779794106 0 2623842 2792 8900 3015 -1 -1 -1 -1 -1 -1 -1 
427 1779794106 1779794106 0 2632337 1799 8262 1288 -1 -1 -1 -1 -1 -1 -1 
601 1779794106 1779794106 0 2602584 1658 8588 1367 9072 826 8983 -1 -1 -1 -1 
200 1779794106 1779794106 0 2649769 1992 8980 1992 8980 2461 -1 -1 -1 -1 -1 
975 1779794106 1779794106 0 2600893 2985 8637 826 9164 -1 -1 -1 -1 -1 -1 
105 1779794106 1779794106 0 2624679 217 8288 86 8288 -1 -1 -1 -1 -1 -1 
935 1779794106 1779794106 0 2623229 8796 285 8389 -1 -1 -1 -1 -1 -1 -1 
316 1779794106 1779794106 0 2645491 8779 2741 8779 2741 8779 -1 -1 -1 -1 -1 
867 1779794106 1779794106 0 2631641 6666 8338 774 -1 -1 -1 -1 -1 -1 -1 
850 1779794106 1779794106 0 2618445 5237 8390 561 8390 1686 -1 -1 -1 -1 -1 
977 1779794106 1779794106 0 2624090 5706 8405 237 8405 8123 -1 -1 -1 -1 -1 
73 1779794106 1779794106 0 2626441 5778 8290 5210 8290 8132 -1 -1 -1 -1 -1 
408 1779794106 1779794106 0 2604367 808 8461 808 8587 108 8587 3718 -1 -1 -1 
90 1779794106 1779794106 0 2648761 1579 8425 737 8425 737 -1 -1 -1 -1 -1 
783 1779794106 1779794106 0 2614167 1313 8576 327 8576 1706 -1 -1 -1 -1 -1 
899 1779794106 1779794106 0 2645491 2741 8779 2741 8779 2741 8779 2741 8779 -1 -1 
865 1779794106 1779794106 0 2626175 3345 8873 3861 8471 291 8463 1625 -1 -1 -1 
80 1779794106 1779794106 0 2604316 8857 1997 8857 1997 8857 -1 -1 -1 -1 -1 
43 1779794106 1779794106 0 2604876 7 8227 7078 -1 -1 -1 -1 -1 -1 -1 
367 1779794106 1779794106 0 2602438 4578 9033 659 9054 4603 -1 -1 -1 -1 -1 
704 1779794106 1779794106 0 2622240 5173 8361 1373 8922 -1 -1 -1 -1 -1 -1 
133 1779794106 1779794106 0 2649019 7308 9034 303 -1 -1 -1 -1 -1 -1 -1 
204 1779794106 1779794106 0 2637720 2657 8928 3878 8928 8149 -1 -1 -1 -1 -1 
231 1779794106 1779794106 0 2604521 6088 8483 475 8418 475 -1 -1 -1 -1 -1 
880 1779794106 1779794106 0 2609617 2192 8882 2192 8882 2192 -1 -1 -1 -1 -1 
270 1779794106 1779794106 0 2647968 6425 9006 1082 9023 1082 9023 1082 9023 4186 -1 
306 1779794106 1779794106 0 2629039 5895 8778 36 8372 675 8411 7304 8411 2866 -1 
67 1779794106 1779794106 0 2626871 7426 8361 1373 -1 -1 -1 -1 -1 -1 -1 
623 1779794106 1779794106 0 2604657 1092 8299 6804 8299 8104 -1 -1 -1 -1 -1 
794 1779794106 1779794106 0 2643044 4462 8257 233 8625 4085 8985 -1 -1 -1 -1 
116 1779794106 1779794106 0 2609579 2136 8877 2136 -1 -1 -1 -1 -1 -1 -1 
564 1779794106 1779794106 0 2603666 7404 9080 2274 -1 -1 -1 -1 -1 -1 -1 
553 1779794106 1779794106 0 2610057 9089 421 8510 80 -1 -1 -1 -1 -1 -1 
767 1779794106 1779794106 0 2633101 504 8524 504 8524 1268 8441 8090 -1 -1 -1 
836 1779794106 1779794106 0 2648437 7282 8411 36 8411 534 -1 -1 -1 -1 -1 
449 1779794106 1779794106 0 2647865 7040 8592 7051 8574 2240 8801 2240 8740 311 8740 
968 1779794106 1779794106 0 2644805 2542 8803 370 8473 2746 9057 2746 9057 -1 -1 
815 1779794106 1779794106 0 2633385 2648 8927 1058 8927 2648 8927 -1 -1 -1 -1 
712 1779794106 1779794106 0 2626676 5928 8396 4447 8396 230 8396 4447 -1 -1 -1 
588 1779794106 1779794106 0 2618166 6955 8358 356 8277 54 -1 -1 -1 -1 -1 
63 1779794106 1779794106 0 2617791 3909 8418 1047 8418 1066 8677 1025 -1 -1 -1 
179 1779794106 1779794106 0 2610623 5244 8575 6572 8575 499 8883 1305 9223 8112 -1 
908 1779794106 1779794106 0 2643999 5976 8446 2769 8801 601 8561 601 -1 -1 -1 
336 1779794106 1779794106 0 2638911 813 8625 1279 8625 866 8625 866 -1 -1 -1 
778 1779794106 1779794106 0 2648578 2018 8284 17 8541 7899 8252 -1 -1 -1 -1 
340 1779794106 1779794106 0 2601478 8821 1717 8821 1717 8821 1717 -1 -1 -1 -1 
636 1779794106 1779794106 0 2645834 4789 8949 4789 9182 4186 8971 -1 -1 -1 -1 
88 1779794106 1779794106 0 2613146 3292 8536 1263 8536 1263 -1 -1 -1 -1 -1 
386 1779794106 1779794106 0 2676083 4672 8336 1925 8535 3231 8535 959 8480 267 8697 
690 1779794106 1779794106 0 2614694 553 8335 4209 8304 291 8703 1635 -1 -1 -1 
707 1779794106 1779794106 0 2614694 4787 8471 291 8304 291 8703 1635 -1 -1 -1 
992 1779794106 1779794106 0 2618869 2447 9069 4845 9069 4085 8741 1975 8577 190 -1 
913 1779794106 1779794106 0 2645935 8446 1905 8446 2595 8446 8171 -1 -1 -1 -1 
30 1779794106 1779794106 0 2600825 8440 39 8265 1600 8265 39 -1 -1 -1 -1 
299 1779794106 1779794106 0 2642581 4287 8446 7898 8446 1905 -1 -1 -1 -1 -1 
498 1779794106 1779794106 0 2631448 4619 8960 1139 8508 5702 8508 639 8349 8144 8349 
497 1779794106 1779794106 0 2604521 1021 8483 6088 8483 389 8483 475 8418 -1 -1 
987 1779794106 1779794106 0 2648578 2065 8415 248 8415 248 8541 7899 8252 -1 -1 
64 1779794106 1779794106 0 2647968 3806 8888 40 9023 4186 -1 -1 -1 -1 -1 
377 1779794106 1779794106 0 2645256 8928 703 8894 2289 8894 -1 -1 -1 -1 -1 
556 1779794106 1779794106 0 2606366 2323 8480 959 8253 959 -1 -1 -1 -1 -1 
493 1779794106 1779794106 0 2643999 6104 8561 601 8561 601 -1 -1 -1 -1 -1 
502 1779794106 1779794106 0 2645588 3818 8471 2057 8471 6513 8645 223 8645 822 8645 
168 1779794106 1779794106 0 2603354 3307 8985 1066 8504 442 9214 389 -1 -1 -1 
253 1779794106 1779794106 0 2636634 1382 8260 1382 8441 1382 9224 484 8372 815 -1 
544 1779794106 1779794106 0 2640506 4251 9166 2515 9166 6330 9166 2515 9166 1501 -1 
389 1779794106 1779794106 0 2602584 3465 8623 826 9108 826 8983 -1 -1 -1 -1 
435 1779794106 1779794106 0 2647968 87 8951 87 8951 233 9077 40 9023 4186 -1 
330 1779794106 1779794106 0 2643999 7740 8561 601 8974 601 8561 601 -1 -1 -1 
673 1779794106 1779794106 0 2618211 8091 9223 8116 -1 -1 -1 -1 -1 -1 -1 
932 1779794106 1779794106 0 2643490 6500 8466 5720 -1 -1 -1 -1 -1 -1 -1 
730 1779794106 1779794106 0 2625423 4517 8868 1828 8438 1828 -1 -1 -1 -1 -1 
341 1779794106 1779794106 0 2613692 5281 9096 3085 8304 8114 -1 -1 -1 -1 -1 
347 1779794106 1779794106 0 2604876 4202 8435 4202 8227 7078 -1 -1 -1 -1 -1 
482 1779794106 1779794106 0 2632504 6333 8292 291 8474 8147 -1 -1 -1 -1 -1 
969 1779794106 1779794106 0 2625639 179 8439 179 8994 484 8994 -1 -1 -1 -1 
611 1779794106 1779794106 0 2615739 4494 8334 127 8334 127 -1 -1 -1 -1 -1 
647 1779794106 1779794106 0 2642776 7240 8974 601 8995 -1 -1 -1 -1 -1 -1 
895 1779794106 1779794106 0 2648089 4776 8551 1046 8249 171 8249 165 8740 411 8740 
307 1779794106 1779794106 0 2626659 5305 8361 4065 8361 8134 -1 -1 -1 -1 -1 
475 1779794106 1779794106 0 2643490 8466 49 8466 5720 -1 -1 -1 -1 -1 -1 
210 1779794106 1779794106 0 2625399 5183 8347 68 8609 829 8347 8129 -1 -1 -1 
230 1779794106 1779794106 0 2639887 558 9071 1277 8606 5415 -1 -1 -1 -1 -1 
622 1779794106 1779794106 0 2603001 8458 335 8612 476 8849 8103 -1 -1 -1 -1 
669 1779794106 1779794106 0 2633395 2470 8688 3480 8688 2948 8688 609 8375 197 -1 
906 1779794106 1779794106 0 2646541 6542 8636 782 8462 2522 -1 -1 -1 -1 -1 
916 1779794106 1779794106 0 2626871 7537 8380 4065 8361 1373 -1 -1 -1 -1 -1 
404 1779794106 1779794106 0 2638965 5978 9071 402 8510 526 8510 -1 -1 -1 -1 
507 1779794106 1779794106 0 2617848 6836 9172 66 8508 639 8508 823 8564 3273 8564 
326 1779794106 1779794106 0 2645588 7783 8645 1610 8645 822 -1 -1 -1 -1 -1 
658 1779794106 1779794106 0 2613146 3185 8752 482 9166 482 8536 1263 -1 -1 -1 
319 1779794106 1779794106 0 2618932 6326 9171 6326 9171 8099 9171 -1 -1 -1 -1 
159 1779794106 1779794106 0 2616423 3147 8411 981 8411 5273 9224 484 8994 250 8994 
240 1779794106 1779794106 0 2660240 803 8389 285 8621 285 8437 2697 8853 2697 8621 
592 1779794106 1779794106 0 2604308 7561 8526 570 8261 702 -1 -1 -1 -1 -1 
576 1779794106 1779794106 0 2609474 7573 8883 7127 8883 1305 9223 5209 -1 -1 -1 
706 1779794106 1779794106 0 2618166 7674 8521 148 8277 54 -1 -1 -1 -1 -1 
496 1779794106 1779794106 0 2633329 1611 8422 257 9028 7999 9008 3659 -1 -1 -1 
578 1779794106 1779794106 0 2649019 1576 8287 391 8287 391 8324 303 9034 -1 -1 
12 1779794106 1779794106 0 2640506 1792 9166 51 9166 2515 9166 6338 9166 1501 -1 
902 1779794106 1779794106 0 2648661 6954 8295 2196 9214 7538 8504 1712 8504 163 -1 
474 1779794106 1779794106 0 2665551 5163 8592 233 8701 3491 8701 3491 9116 3491 8701 
269 1779794106 1779794106 0 2618211 7943 9223 5209 9223 8116 -1 -1 -1 -1 -1 
243 1779794106 1779794106 0 2665106 3309 8687 1376 8502 1376 8502 1376 8257 541 8814 
562 1779794106 1779794106 0 2600081 6382 8609 829 8609 2864 8609 7525 -1 -1 -1 
317 1779794106 1779794106 0 2655324 6456 8243 53 8243 311 8740 165 8740 311 8442 
734 1779794106 1779794106 0 2623060 5858 8574 1024 8565 1562 -1 -1 -1 -1 -1 
574 1779794106 1779794106 0 2611324 77 8285 935 8881 7091 8881 7923 -1 -1 -1 
134 1779794106 1779794106 0 2642620 5121 9069 4845 9071 644 9080 437 9080 8163 9080 
667 1779794106 1779794106 0 2606513 5876 8672 5876 8672 4067 8672 -1 -1 -1 -1 
79 1779794106 1779794106 0 2600027 1800 8447 571 8447 1828 8438 5705 8438 5705 -1 
387 1779794106 1779794106 0 2617419 7650 8504 442 8504 442 8504 3000 -1 -1 -1 
477 1779794106 1779794106 0 2606513 4067 8672 5876 8672 4067 -1 -1 -1 -1 -1 
401 1779794106 1779794106 0 2608918 2354 8229 2 8229 2 8229 2 -1 -1 -1 
441 1779794106 1779794106 0 2644290 2459 8262 6779 8262 2671 8985 2671 8985 4085 8552 
292 1779794106 1779794106 0 2666402 7758 8504 2365 9214 442 8504 442 8504 506 8532 
605 1779794106 1779794106 0 2662690 7424 8511 346 8764 2185 8764 2185 8764 346 8764 
632 1779794106 1779794106 0 2647395 7308 9084 477 -1 -1 -1 -1 -1 -1 -1 
859 1779794106 1779794106 0 2621890 8038 8388 555 -1 -1 -1 -1 -1 -1 -1 
988 1779794106 1779794106 0 2643017 4382 8626 285 8626 -1 -1 -1 -1 -1 -1 
684 1779794106 1779794106 0 2648348 4083 8358 291 8292 4647 8703 2414 -1 -1 -1 
819 1779794106 1779794106 0 2635890 8360 6103 8853 8152 -1 -1 -1 -1 -1 -1 
912 1779794106 1779794106 0 2622535 8749 1321 8749 1321 8749 6099 8749 -1 -1 -1 
635 1779794106 1779794106 0 2610872 9187 6636 9187 4085 9068 4550 9068 3004 9068 3004 
332 1779794106 1779794106 0 2649627 5066 8893 346 9198 346 8458 -1 -1 -1 -1 
640 1779794106 1779794106 0 2639887 2487 8606 5415 8606 5415 8606 5415 8606 -1 -1 
247 1779794106 1779794106 0 2642874 7382 9080 8163 9080 -1 -1 -1 -1 -1 -1 
772 1779794106 1779794106 0 2642889 5459 8248 6314 8248 6314 8248 4202 8273 -1 -1 
537 1779794106 1779794106 0 2646235 7297 9210 1647 9210 1647 9210 1647 8757 6756 -1 
834 1779794106 1779794106 0 2647745 4266 8781 2111 8781 284 -1 -1 -1 -1 -1 
835 1779794106 1779794106 0 2649500 6862 9196 6862 9196 6862 -1 -1 -1 -1 -1 
573 1779794106 1779794106 0 2631448 6241 8260 552 8956 1613 8956 1331 8349 8144 8349 
342 1779794106 1779794106 0 2640358 2178 8587 6856 8587 6856 8587 4085 8734 4096 8734 
18 1779794106 1779794106 0 2619559 6976 9185 1247 9185 6866 9185 6967 -1 -1 -1 
287 1779794106 1779794106 0 2648348 63 8836 764 8836 764 8703 2414 -1 -1 -1 
796 1779794106 1779794106 0 2627905 7102 8786 7102 8786 7102 -1 -1 -1 -1 -1 
863 1779794106 1779794106 0 2648761 3387 8486 737 8486 3387 8486 737 8425 737 -1 
980 1779794106 1779794106 0 2663161 3769 9026 5006 8567 400 8489 997 8489 997 8929 
533 1779794106 1779794106 0 2639315 210 8902 210 8902 7567 8902 2697 8853 285 8626 
627 1779794106 1779794106 0 2649015 5153 8295 4957 8295 190 8577 4751 -1 -1 -1 
229 1779794106 1779794106 0 2634130 633 8704 1202 8704 1139 8508 3395 8349 823 8508 
123 1779794106 1779794106 0 2645082 8066 8489 997 8489 -1 -1 -1 -1 -1 -1 
709 1779794106 1779794106 0 2642874 2274 9080 8163 9080 -1 -1 -1 -1 -1 -1 
964 1779794106 1779794106 0 2629749 4058 8995 601 8411 36 8411 584 -1 -1 -1 
16 1779794106 1779794106 0 2642198 7491 8665 2068 9084 1973 -1 -1 -1 -1 -1 
363 1779794106 1779794106 0 2608918 3569 8726 1152 8726 1448 8229 2 8229 2 -1 
660 1779794106 1779794106 0 2625667 217 8288 86 8288 86 8284 -1 -1 -1 -1 
508 1779794106 1779794106 0 2638965 3728 8414 2153 8414 695 8591 80 8510 526 -1 
8 1779794106 1779794106 0 2613146 1090 8511 1066 8536 1263 8536 1263 -1 -1 -1 
638 1779794106 1779794106 0 2641765 5354 8337 342 8337 342 8464 342 -1 -1 -1 
726 1779794106 1779794106 0 2669618 5445 8540 3537 8540 98 8491 5622 8576 636 8576 
51 1779794106 1779794106 0 2644418 1221 8734 5429 8734 4096 8734 1680 9148 68 8914 
919 1779794106 1779794106 0 2613260 6955 8358 172 8351 1411 8351 1411 8351 430 8371 
167 1779794106 1779794106 0 2651859 536 8541 4786 8541 3214 8541 1066 9197 1066 9197 
249 1779794106 1779794106 0 2632654 8731 1250 8731 1250 8731 1250 8731 1250 -1 -1 
727 1779794106 1779794106 0 2619508 682 8414 3709 8560 3709 8560 -1 -1 -1 -1 
486 1779794106 1779794106 0 2619285 5187 8753 2306 8753 2306 8753 2306 8753 2306 8753 
246 1779794106 1779794106 0 2640209 3137 8411 242 8411 2866 8411 981 8411 8159 8411 
633 1779794106 1779794106 0 2623894 6408 8474 337 8460 344 8460 337 -1 -1 -1 
278 1779794106 1779794106 0 2648661 7562 9214 442 8504 506 8504 163 -1 -1 -1 
792 1779794106 1779794106 0 2612931 5171 8806 3146 8351 1411 8351 430 8351 -1 -1 
698 1779794106 1779794106 0 2607305 1283 8328 2991 8535 959 8253 959 8480 7747 -1 
199 1779794106 1779794106 0 2676072 470 8480 7401 8480 959 8253 959 8253 267 8697 
978 1779794106 1779794106 0 2627030 9194 6820 9194 6820 9194 6820 -1 -1 -1 -1 
145 1779794106 1779794106 0 2649434 8372 36 8778 875 9069 8176 -1 -1 -1 -1 
927 1779794106 1779794106 0 2613146 7092 8536 1263 8536 1263 8536 1263 -1 -1 -1 
198 1779794106 1779794106 0 2638317 1817 8937 4607 8937 1296 9226 1296 -1 -1 -1 
106 1779794106 1779794106 0 2641765 6845 8337 342 8337 342 8464 342 8464 -1 -1 
597 1779794106 1779794106 0 2636566 6603 8282 7864 8282 8153 8282 -1 -1 -1 -1 
491 1779794106 1779794106 0 2629990 829 8609 829 9090 5977 9090 286 9090 -1 -1 
467 1779794106 1779794106 0 2643087 2041 8668 119 8668 119 8887 119 -1 -1 -1 
800 1779794106 1779794106 0 2616837 250 8657 250 8994 250 8994 250 -1 -1 -1 
355 1779794106 1779794106 0 2636712 4393 8391 220 8391 220 8508 823 8508 823 -1 
848 1779794106 1779794106 0 2645256 8894 2289 8894 2289 8894 2289 8894 -1 -1 -1 
609 1779794106 1779794106 0 2648089 6486 8740 411 8740 411 8740 311 8740 411 -1 
226 1779794106 1779794106 0 2627030 6820 9194 6820 9194 6820 9194 6820 -1 -1 -1 
98 1779794106 1779794106 0 2642874 4760 9069 644 9080 2274 9080 8163 9080 8163 -1 
810 1779794106 1779794106 0 2656495 7793 8351 1411 8351 1411 8351 430 8371 7205 8426 
163 1779794106 1779794106 0 2654421 4481 8474 1411 8351 1411 8351 430 8371 7205 8426 
69 1779794106 1779794106 0 2636424 7504 8853 285 8437 218 8436 278 8436 -1 -1 
211 1779794106 1779794106 0 2643017 175 8853 2697 8853 285 8626 285 8626 -1 -1 
47 1779794106 1779794106 0 2674723 3497 8683 -1 -1 -1 -1 -1 -1 -1 -1 
206 1779794106 1779794106 0 2677664 8225 8937 -1 -1 -1 -1 -1 -1 -1 -1 
365 1779794106 1779794106 0 2674676 906 8593 -1 -1 -1 -1 -1 -1 -1 -1 
630 1779794106 1779794106 0 2673412 8217 8773 -1 -1 -1 -1 -1 -1 -1 -1 
679 1779794106 1779794106 0 2662497 8762 3880 -1 -1 -1 -1 -1 -1 -1 -1 
723 1779794106 1779794106 0 2659732 1547 8587 -1 -1 -1 -1 -1 -1 -1 -1 
797 1779794106 1779794106 0 2673412 8217 8773 -1 -1 -1 -1 -1 -1 -1 -1 
920 1779794106 1779794106 0 2667908 3182 8267 -1 -1 -1 -1 -1 -1 -1 -1 
398 1779794106 1779794106 0 2651967 8766 1472 8766 8179 -1 -1 -1 -1 -1 -1 
277 1779794106 1779794106 0 2668968 8572 1277 8572 400 -1 -1 -1 -1 -1 -1 
453 1779794106 1779794106 0 2657418 1293 8582 1013 8875 -1 -1 -1 -1 -1 -1 
473 1779794106 1779794106 0 2673220 1020 8688 1549 8686 -1 -1 -1 -1 -1 -1 
283 1779794106 1779794106 0 2666494 2492 8593 3177 8593 4380 -1 -1 -1 -1 -1 
409 1779794106 1779794106 0 2654239 3399 8593 8184 -1 -1 -1 -1 -1 -1 -1 
468 1779794106 1779794106 0 2672673 4032 8339 143 -1 -1 -1 -1 -1 -1 -1 
310 1779794106 1779794106 0 2666964 3174 8339 3148 8347 -1 -1 -1 -1 -1 -1 
374 1779794106 1779794106 0 2673452 5521 8590 6417 -1 -1 -1 -1 -1 -1 -1 
77 1779794106 1779794106 0 2651967 5792 8766 8179 -1 -1 -1 -1 -1 -1 -1 
963 1779794106 1779794106 0 2671402 6047 8526 1906 -1 -1 -1 -1 -1 -1 -1 
38 1779794106 1779794106 0 2653634 1285 8676 5991 8676 3592 -1 -1 -1 -1 -1 
24 1779794106 1779794106 0 2658875 2403 8998 6264 8998 -1 -1 -1 -1 -1 -1 
349 1779794106 1779794106 0 2663627 3305 8411 581 -1 -1 -1 -1 -1 -1 -1 
78 1779794106 1779794106 0 2674057 5812 8778 36 8411 36 -1 -1 -1 -1 -1 
303 1779794106 1779794106 0 2662986 5722 8639 5728 8639 3204 -1 -1 -1 -1 -1 
827 1779794106 1779794106 0 2666371 3408 8413 6630 8413 572 -1 -1 -1 -1 -1 
53 1779794106 1779794106 0 2662977 3871 8423 4492 8402 3238 8526 8197 -1 -1 -1 
655 1779794106 1779794106 0 2652348 7055 8257 371 -1 -1 -1 -1 -1 -1 -1 
759 1779794106 1779794106 0 2673416 819 8346 2089 8346 819 8346 17 8576 -1 -1 
214 1779794106 1779794106 0 2657728 5445 8540 3537 8540 919 8376 -1 -1 -1 -1 
458 1779794106 1779794106 0 2673180 9153 1189 9140 6170 9140 6170 9140 6170 8260 653 
10 1779794106 1779794106 0 2674174 6433 8577 7081 8577 1975 -1 -1 -1 -1 -1 
666 1779794106 1779794106 0 2666960 5268 8718 1024 -1 -1 -1 -1 -1 -1 -1 
267 1779794106 1779794106 0 2656243 641 8580 641 8580 -1 -1 -1 -1 -1 -1 
235 1779794106 1779794106 0 2669075 902 8283 2365 9020 461 8582 -1 -1 -1 -1 
325 1779794106 1779794106 0 2666616 6423 8532 1130 8532 506 -1 -1 -1 -1 -1 
315 1779794106 1779794106 0 2675525 6933 9166 2515 9166 -1 -1 -1 -1 -1 -1 
232 1779794106 1779794106 0 2658875 6264 8998 104 8998 6264 -1 -1 -1 -1 -1 
313 1779794106 1779794106 0 2671724 5987 9096 221 9185 221 8734 1959 -1 -1 -1 
192 1779794106 1779794106 0 2653438 693 8592 1259 8592 7025 8592 2242 9063 1124 -1 
581 1779794106 1779794106 0 2670343 6150 8271 4178 8271 4178 -1 -1 -1 -1 -1 
424 1779794106 1779794106 0 2652597 4764 8806 2239 8491 524 8514 524 8491 -1 -1 
948 1779794106 1779794106 0 2675734 7691 8937 1176 -1 -1 -1 -1 -1 -1 -1 
847 1779794106 1779794106 0 2677595 4946 8909 5321 -1 -1 -1 -1 -1 -1 -1 
575 1779794106 1779794106 0 2669431 4383 8677 1066 9197 -1 -1 -1 -1 -1 -1 
950 1779794106 1779794106 0 2667393 2128 8875 2129 8875 611 8283 -1 -1 -1 -1 
413 1779794106 1779794106 0 2652999 5356 9135 1036 9077 745 -1 -1 -1 -1 -1 
405 1779794106 1779794106 0 2673581 7006 8618 4085 9061 -1 -1 -1 -1 -1 -1 
444 1779794106 1779794106 0 2664012 7506 8975 1865 8975 -1 -1 -1 -1 -1 -1 
55 1779794106 1779794106 0 2669075 893 8471 365 8962 461 8419 3850 8419 461 8582 
671 1779794106 1779794106 0 2663187 1435 8810 1435 8312 1001 8312 144 -1 -1 -1 
414 1779794106 1779794106 0 2654768 7917 8686 2610 -1 -1 -1 -1 -1 -1 -1 
751 1779794106 1779794106 0 2667542 7922 8628 2209 -1 -1 -1 -1 -1 -1 -1 
830 1779794106 1779794106 0 2651314 7849 8556 7032 -1 -1 -1 -1 -1 -1 -1 
766 1779794106 1779794106 0 2665075 3175 8650 782 8650 730 8602 2892 -1 -1 -1 
512 1779794106 1779794106 0 2663441 4074 9045 6179 9045 6179 9045 8188 -1 -1 -1 
110 1779794106 1779794106 0 2671772 907 8662 1719 8662 896 8662 -1 -1 -1 -1 
560 1779794106 1779794106 0 2670343 251 8384 104 8648 4178 8271 4178 -1 -1 -1 
678 1779794106 1779794106 0 2677219 2786 9168 6411 9205 8224 -1 -1 -1 -1 -1 
86 1779794106 1779794106 0 2662038 876 8243 311 8876 311 8740 311 8442 311 8876 
361 1779794106 1779794106 0 2657858 6507 9166 6338 9166 25 9166 2515 9166 6330 9166 
84 1779794106 1779794106 0 2670394 4834 8577 1975 8577 89 -1 -1 -1 -1 -1 
781 1779794106 1779794106 0 2673220 6509 8466 887 8686 3800 8686 1549 -1 -1 -1 
185 1779794106 1779794106 0 2672025 5598 8544 125 8917 335 8519 7861 8519 476 8849 
397 1779794106 1779794106 0 2673581 7510 8467 2528 8919 2528 8919 7258 8919 4085 9061 
221 1779794106 1779794106 0 2650757 7939 8477 448 -1 -1 -1 -1 -1 -1 -1 
452 1779794106 1779794106 0 2660746 7959 8734 1136 -1 -1 -1 -1 -1 -1 -1 
148 1779794106 1779794106 0 2665274 8365 274 8365 8119 -1 -1 -1 -1 -1 -1 
391 1779794106 1779794106 0 2669905 3008 8537 364 8234 8 8470 -1 -1 -1 -1 
11 1779794106 1779794106 0 2653626 5112 8252 3049 8652 4786 -1 -1 -1 -1 -1 
789 1779794106 1779794106 0 2675525 6518 9166 2515 9166 -1 -1 -1 -1 -1 -1 
762 1779794106 1779794106 0 2656637 3916 8824 3916 8824 -1 -1 -1 -1 -1 -1 
541 1779794106 1779794106 0 2664615 6799 8356 79 8268 68 8501 8201 -1 -1 -1 
825 1779794106 1779794106 0 2666500 332 8319 51 8319 51 9166 2552 9166 6338 9166 
403 1779794106 1779794106 0 2664444 2592 8331 422 8498 422 9222 422 8498 -1 -1 
943 1779794106 1779794106 0 2674158 1139 8938 1139 8508 1049 8953 1049 8953 76 8327 
290 1779794106 1779794106 0 2670343 1386 8759 1386 8271 4178 8271 -1 -1 -1 -1 
0 1779794106 1779794106 0 2664444 8545 73 8331 1590 8331 422 8498 -1 -1 -1 
624 1779794106 1779794106 0 2676273 4937 8708 160 8708 160 8316 -1 -1 -1 -1 
15 1779794106 1779794106 0 2671402 6356 8526 2219 8526 1906 -1 -1 -1 -1 -1 
487 1779794106 1779794106 0 2672770 4909 8250 1802 8250 1802 8250 3360 8250 8214 8250 
917 1779794106 1779794106 0 2672812 7147 8812 420 8812 2246 8491 1131 8710 1131 8697 
388 1779794106 1779794106 0 2665195 4477 8504 1712 8504 614 8504 7654 -1 -1 -1 
705 1779794106 1779794106 0 2664189 5708 8879 5945 8879 2175 8879 2175 8879 -1 -1 
322 1779794106 1779794106 0 2669075 2567 8582 461 -1 -1 -1 -1 -1 -1 -1 
535 1779794106 1779794106 0 2667696 8030 8704 6368 -1 -1 -1 -1 -1 -1 -1 
165 1779794106 1779794106 0 2660240 8392 1912 8295 285 8621 2697 -1 -1 -1 -1 
798 1779794106 1779794106 0 2659644 5175 9086 423 8292 3741 8703 4647 -1 -1 -1 
40 1779794106 1779794106 0 2657586 5923 8956 1613 9028 7776 -1 -1 -1 -1 -1 
607 1779794106 1779794106 0 2672808 6897 8778 36 8411 55 -1 -1 -1 -1 -1 
254 1779794106 1779794106 0 2665511 8814 449 8814 8206 -1 -1 -1 -1 -1 -1 
337 1779794106 1779794106 0 2666028 4554 9205 7295 8260 6170 -1 -1 -1 -1 -1 
324 1779794106 1779794106 0 2664012 900 8398 1865 8975 -1 -1 -1 -1 -1 -1 
571 1779794106 1779794106 0 2674174 4239 8577 4716 8577 1975 8741 1975 8741 1975 8577 
628 1779794106 1779794106 0 2652941 331 9071 2257 9071 1277 9028 7271 -1 -1 -1 
795 1779794106 1779794106 0 2657065 5263 8798 1183 8798 1183 8798 2590 -1 -1 -1 
380 1779794106 1779794106 0 2652008 6468 8937 143 9069 3756 -1 -1 -1 -1 -1 
102 1779794106 1779794106 0 2651739 46 8270 46 8270 46 -1 -1 -1 -1 -1 
466 1779794106 1779794106 0 2677574 4432 8298 465 8298 691 -1 -1 -1 -1 -1 
881 1779794106 1779794106 0 2651739 413 8300 5237 8300 73 8270 46 8270 46 -1 
45 1779794106 1779794106 0 2660430 4032 8339 3148 9166 6330 9166 6173 9166 6330 9166 
407 1779794106 1779794106 0 2650935 3038 8734 5669 8356 5669 8883 499 8883 499 8883 
17 1779794106 1779794106 0 2665125 4516 8806 4368 8963 5622 8665 36 8411 1042 9170 
219 1779794106 1779794106 0 2665511 1756 8415 248 8652 248 8415 449 8814 8206 -1 
343 1779794106 1779794106 0 2677574 7394 9080 7759 9080 319 8298 691 -1 -1 -1 
488 1779794106 1779794106 0 2663627 6865 8411 429 8411 2252 8411 2115 8411 581 -1 
35 1779794106 1779794106 0 2669883 2206 8539 2206 8539 5213 8539 221 8719 -1 -1 
551 1779794106 1779794106 0 2651739 4682 9072 4632 9072 68 8270 46 8270 46 -1 
860 1779794106 1779794106 0 2675299 1854 8276 2933 9086 2933 8358 -1 -1 -1 -1 
532 1779794106 1779794106 0 2677633 4804 8453 312 8453 2777 8866 1007 8537 -1 -1 
634 1779794106 1779794106 0 2670189 338 8372 429 8411 1762 8411 570 8261 2133 -1 
85 1779794106 1779794106 0 2668476 6483 9166 3148 8937 7994 8937 8211 -1 -1 -1 
872 1779794106 1779794106 0 2670453 8877 2136 8877 2136 8877 1611 8877 2092 -1 -1 
743 1779794106 1779794106 0 2675422 4171 8379 205 8689 205 9127 205 8379 -1 -1 
177 1779794106 1779794106 0 2658854 8647 863 8647 863 8647 1271 -1 -1 -1 -1 
281 1779794106 1779794106 0 2650487 8150 8261 8177 -1 -1 -1 -1 -1 -1 -1 
298 1779794106 1779794106 0 2652008 8176 9069 3756 -1 -1 -1 -1 -1 -1 -1 
596 1779794106 1779794106 0 2658875 8331 938 8998 6264 -1 -1 -1 -1 -1 -1 
485 1779794106 1779794106 0 2673416 3853 9031 2128 9088 17 8576 -1 -1 -1 -1 
903 1779794106 1779794106 0 2657197 159 8350 1696 8350 1558 8631 3461 -1 -1 -1 
143 1779794106 1779794106 0 2657456 6063 9151 6252 9151 -1 -1 -1 -1 -1 -1 
769 1779794106 1779794106 0 2670394 906 8593 22 8370 4752 9086 4751 8577 89 -1 
196 1779794106 1779794106 0 2660746 5046 9072 2564 9072 68 9183 4085 8734 1136 -1 
109 1779794106 1779794106 0 2653438 9063 4482 9063 4482 9063 4482 9063 1124 9063 -1 
190 1779794106 1779794106 0 2666529 1367 9072 2564 9072 233 8887 2394 8887 2394 8887 
665 1779794106 1779794106 0 2666529 2378 8411 119 8887 2394 8887 2394 8887 2394 8887 
76 1779794106 1779794106 0 2652955 969 8387 1348 8636 6852 8636 1348 8471 8180 -1 
949 1779794106 1779794106 0 2657456 6238 9151 1007 9151 6082 9151 6252 -1 -1 -1 
534 1779794106 1779794106 0 2662038 6637 8876 311 8243 311 8876 -1 -1 -1 -1 
208 1779794106 1779794106 0 2659393 5693 8929 997 9075 400 8914 3466 -1 -1 -1 
293 1779794106 1779794106 0 2657350 1806 8777 1760 8963 1760 8618 17 8706 1076 8706 
687 1779794106 1779794106 0 2654138 7137 9168 6411 9205 7295 -1 -1 -1 -1 -1 
124 1779794106 1779794106 0 2675018 1462 8726 1806 8740 311 8243 887 -1 -1 -1 
942 1779794106 1779794106 0 2657197 3407 8631 1558 8631 3461 8631 3461 -1 -1 -1 
461 1779794106 1779794106 0 2675942 1247 9185 6866 9185 1247 -1 -1 -1 -1 -1 
213 1779794106 1779794106 0 2675942 6866 9185 6866 9185 1247 -1 -1 -1 -1 -1 
569 1779794106 1779794106 0 2659186 1876 8369 233 8762 3880 8762 3880 8762 3880 8762 
890 1779794106 1779794106 0 2656211 8607 2696 8607 1973 9084 8161 -1 -1 -1 -1 
729 1779794106 1779794106 0 2652999 7155 8347 33 9077 745 -1 -1 -1 -1 -1 
930 1779794106 1779794106 0 2658710 8673 948 8673 948 8673 948 -1 -1 -1 -1 
9 1779794106 1779794106 0 2673947 2772 8866 2240 8801 601 8801 557 8570 -1 -1 
344 1779794106 1779794106 0 2664119 2291 8411 429 8261 84 -1 -1 -1 -1 -1 
809 1779794106 1779794106 0 2660746 1342 8591 1959 8734 4096 8734 1136 -1 -1 -1 
689 1779794106 1779794106 0 2661741 8564 1202 8714 3395 8508 1139 8349 8030 -1 -1 
448 1779794106 1779794106 0 2670343 6322 8271 4178 8271 7955 8271 4178 8271 4178 -1 
357 1779794106 1779794106 0 2673947 8043 8801 557 8570 -1 -1 -1 -1 -1 -1 
801 1779794106 1779794106 0 2657456 8064 9151 6252 9151 -1 -1 -1 -1 -1 -1 
171 1779794106 1779794106 0 2659657 3105 8869 3080 8869 1148 8869 -1 -1 -1 -1 
524 1779794106 1779794106 0 2659657 5856 8778 1148 8869 3080 8869 1148 8869 -1 -1 
866 1779794106 1779794106 0 2666060 2115 9080 5083 9080 119 8668 2041 -1 -1 -1 
113 1779794106 1779794106 0 2664116 3779 8549 861 8549 1802 -1 -1 -1 -1 -1 
472 1779794106 1779794106 0 2665503 893 8471 17 8618 2374 8446 875 8778 1529 -1 
225 1779794106 1779794106 0 2672625 4749 8553 3720 8553 3720 8553 3016 8553 577 8553 
536 1779794106 1779794106 0 2670969 8552 5539 8552 8035 8552 1206 8852 -1 -1 -1 
256 1779794106 1779794106 0 2657456 6557 9151 8064 9151 6252 9151 -1 -1 -1 -1 
420 1779794106 1779794106 0 2673581 7565 8985 2671 8985 4085 9061 -1 -1 -1 -1 
907 1779794106 1779794106 0 2673581 7387 8801 68 8985 2671 8985 4085 9061 -1 -1 
74 1779794106 1779794106 0 2678333 164 8783 3670 8783 164 9147 7479 -1 -1 -1 
620 1779794106 1779794106 0 2666914 1666 8367 1666 8367 1607 -1 -1 -1 -1 -1 
262 1779794106 1779794106 0 2660240 8437 4965 8437 2697 8621 -1 -1 -1 -1 -1 
489 1779794106 1779794106 0 2675355 2960 8680 8137 8680 8221 -1 -1 -1 -1 -1 
291 1779794106 1779794106 0 2668424 5235 8454 6060 8454 6276 8454 8210 -1 -1 -1 
406 1779794106 1779794106 0 2671772 4967 8406 233 8662 7064 8662 896 -1 -1 -1 
522 1779794106 1779794106 0 2675207 588 8549 861 8549 1071 -1 -1 -1 -1 -1 
282 1779794106 1779794106 0 2669431 3155 8283 5662 8283 2943 8652 494 8652 1066 9197 
132 1779794106 1779794106 0 2662038 2058 8740 411 8740 311 8876 -1 -1 -1 -1 
716 1779794106 1779794106 0 2666529 2342 8887 2394 8887 2394 8887 2394 8887 -1 -1 
311 1779794106 1779794106 0 2667826 6263 8411 429 8411 981 8411 319 -1 -1 -1 
869 1779794106 1779794106 0 2666960 7079 8592 7135 8592 7051 8718 602 8718 1024 8718 
936 1779794106 1779794106 0 2672012 5936 8686 3039 8686 3015 8900 518 -1 -1 -1 
986 1779794106 1779794106 0 2652165 2601 8411 462 8411 36 8411 2073 -1 -1 -1 
718 1779794106 1779794106 0 2657435 303 9136 4772 8853 2697 8437 716 8437 285 -1 
956 1779794106 1779794106 0 2667510 8043 8801 557 8565 3467 -1 -1 -1 -1 -1 
650 1779794106 1779794106 0 2652147 885 8734 1680 8734 4096 8734 7914 -1 -1 -1 
434 1779794106 1779794106 0 2652165 3137 8411 429 8411 2252 8411 1220 8411 2073 -1 
874 1779794106 1779794106 0 2670737 8479 2878 8438 5705 8438 1828 8438 68 8591 8213 
957 1779794106 1779794106 0 2656468 8155 9084 477 9084 271 -1 -1 -1 -1 -1 
151 1779794106 1779794106 0 2652165 4919 8261 2133 8411 493 8411 2073 -1 -1 -1 
32 1779794106 1779794106 0 2658710 8673 948 8673 948 8673 948 8673 -1 -1 -1 
263 1779794106 1779794106 0 2662690 7141 8469 346 9198 346 8764 346 -1 -1 -1 
530 1779794106 1779794106 0 2653438 4150 8989 870 9063 870 9063 1124 -1 -1 -1 
114 1779794106 1779794106 0 2671634 6935 8591 1549 8617 781 8617 781 8617 781 -1 
879 1779794106 1779794106 0 2672023 6448 8694 2454 8694 63 8371 7205 8295 145 8612 
717 1779794106 1779794106 0 2676672 6368 9223 5209 9223 1305 9223 2019 -1 -1 -1 
264 1779794106 1779794106 0 2665125 817 8411 2252 8411 965 8411 493 8411 1042 9170 
83 1779794106 1779794106 0 2662690 552 8504 6704 8469 346 8764 346 -1 -1 -1 
663 1779794106 1779794106 0 2673412 7677 8773 1478 8773 1199 8773 8217 -1 -1 -1 
952 1779794106 1779794106 0 2669066 1899 8391 220 8508 1258 8508 823 8508 537 9041 
41 1779794106 1779794106 0 2674676 8184 8593 906 -1 -1 -1 -1 -1 -1 -1 
117 1779794106 1779794106 0 2672954 8208 8526 1366 -1 -1 -1 -1 -1 -1 -1 
455 1779794106 1779794106 0 2677022 4507 8547 5659 8676 1856 -1 -1 -1 -1 -1 
436 1779794106 1779794106 0 2652722 3663 8519 476 8301 -1 -1 -1 -1 -1 -1 
21 1779794106 1779794106 0 2652722 2530 8249 476 8516 476 8301 -1 -1 -1 -1 
394 1779794106 1779794106 0 2673416 7112 8260 17 8576 -1 -1 -1 -1 -1 -1 
478 1779794106 1779794106 0 2656637 1769 8824 3916 8824 3916 8824 -1 -1 -1 -1 
23 1779794106 1779794106 0 2677022 8842 1879 8842 1856 8842 1856 8676 1856 -1 -1 
266 1779794106 1779794106 0 2673335 7573 8883 221 8734 -1 -1 -1 -1 -1 -1 
203 1779794106 1779794106 0 2657728 3492 8376 3701 8376 919 8376 -1 -1 -1 -1 
910 1779794106 1779794106 0 2673947 4794 8561 557 8570 557 -1 -1 -1 -1 -1 
410 1779794106 1779794106 0 2659970 58 8280 58 8280 58 -1 -1 -1 -1 -1 
34 1779794106 1779794106 0 2665098 2026 8323 1327 8925 328 8323 768 8323 -1 -1 
618 1779794106 1779794106 0 2677022 3914 8888 2134 8937 2230 8676 1856 -1 -1 -1 
351 1779794106 1779794106 0 2665098 328 8925 328 8925 328 8323 768 8323 -1 -1 
585 1779794106 1779794106 0 2655076 8607 6979 8607 4590 8607 4590 -1 -1 -1 -1 
955 1779794106 1779794106 0 2677769 5443 8977 5320 9137 5320 9137 -1 -1 -1 -1 
25 1779794106 1779794106 0 2662825 6330 9166 6330 9166 25 -1 -1 -1 -1 -1 
519 1779794106 1779794106 0 2677664 7912 8347 5552 8937 8225 -1 -1 -1 -1 -1 
426 1779794106 1779794106 0 2661660 5776 8602 7829 8602 730 8325 16 8325 -1 -1 
339 1779794106 1779794106 0 2676399 4889 8963 1810 8963 1810 8710 1131 8697 267 8697 
268 1779794106 1779794106 0 2671248 1406 8277 54 8277 506 8532 1130 -1 -1 -1 
279 1779794106 1779794106 0 2673906 6020 8591 1343 8734 7633 8734 221 8734 221 9185 
894 1779794106 1779794106 0 2668848 5156 8806 1806 8710 1131 8697 5872 -1 -1 -1 
178 1779794106 1779794106 0 2675525 594 8558 6330 9166 2515 9166 2515 -1 -1 -1 
758 1779794106 1779794106 0 2675525 2639 9166 482 9166 1501 9166 2515 9166 2515 -1 
128 1779794106 1779794106 0 2673594 2992 8336 95 8293 1392 9133 107 -1 -1 -1 
566 1779794106 1779794106 0 2673335 4182 9048 1680 8734 221 8734 -1 -1 -1 -1 
529 1779794106 1779794106 0 2662986 2216 8639 3302 8639 3302 8639 951 8639 3204 -1 
939 1779794106 1779794106 0 2673852 9022 3749 9022 3749 9022 -1 -1 -1 -1 -1 
135 1779794106 1779794106 0 2670189 120 8261 2133 8261 84 8261 84 8261 2133 -1 
682 1779794106 1779794106 0 2663854 4792 9069 4845 9069 4845 8964 476 8841 335 8917 
702 1779794106 1779794106 0 2672110 6240 8587 839 8587 108 8461 335 8295 145 8612 
331 1779794106 1779794106 0 2672219 782 8849 6719 8849 227 8849 3649 8849 476 8519 
744 1779794106 1779794106 0 2657065 6271 8349 1183 8798 1183 8798 2590 8798 -1 -1 
786 1779794106 1779794106 0 2678027 3360 9168 142 9168 1813 8260 653 8260 -1 -1 
237 1779794106 1779794106 0 2664141 782 8461 335 8516 335 8242 -1 -1 -1 -1 
433 1779794106 1779794106 0 2665119 4843 8461 335 8242 171 8295 17 9084 3574 9084 
272 1779794106 1779794106 0 2656243 4425 8628 834 8628 834 8628 641 8580 641 -1 
820 1779794106 1779794106 0 2670290 3121 8940 977 8940 3565 8940 -1 -1 -1 -1 
619 1779794106 1779794106 0 2659701 1724 8381 4545 8381 1724 8702 1179 8702 1179 8702 
328 1779794106 1779794106 0 2650796 8027 8890 2268 8890 2268 8890 2268 -1 -1 -1 
966 1779794106 1779794106 0 2675355 8137 8680 8221 8680 -1 -1 -1 -1 -1 -1 
982 1779794106 1779794106 0 2666960 2081 8781 2111 8781 2111 8781 -1 -1 -1 -1 
525 1779794106 1779794106 0 2666529 5469 8887 2394 8887 2394 8887 -1 -1 -1 -1 
914 1779794106 1779794106 0 2677219 4758 9168 142 9205 6411 9205 8224 -1 -1 -1 
296 1779794106 1779794106 0 2673594 2486 8937 2134 9133 107 -1 -1 -1 -1 -1 
688 1779794106 1779794106 0 2666964 3580 8339 3148 8937 7994 8347 3148 -1 -1 -1 
314 1779794106 1779794106 0 2672793 8345 340 8345 340 8345 340 8345 340 -1 -1 
940 1779794106 1779794106 0 2670487 8015 9197 1066 9197 1066 8262 -1 -1 -1 -1 
887 1779794106 1779794106 0 2659393 889 8487 8074 8487 623 8914 3466 -1 -1 -1 
20 1779794106 1779794106 0 2653102 1151 8588 109 8470 1392 8470 109 8520 -1 -1 
62 1779794106 1779794106 0 2677080 5823 8438 3187 8438 1828 8438 68 8260 653 8260 
883 1779794106 1779794106 0 2672910 4252 8887 2394 8887 68 9084 3114 -1 -1 -1 
161 1779794106 1779794106 0 2674057 2541 8411 1220 8411 36 8411 36 -1 -1 -1 
864 1779794106 1779794106 0 2671428 140 8341 2230 8355 3015 8900 934 8679 934 8900 
615 1779794106 1779794106 0 2670969 7149 8791 499 8734 1343 8734 1206 8852 1206 8852 
285 1779794106 1779794106 0 2660504 4435 8327 76 8327 118 8327 76 8327 2169 -1 
784 1779794106 1779794106 0 2676808 3372 8401 4752 8772 541 8814 3514 -1 -1 -1 
715 1779794106 1779794106 0 2674057 1910 8411 462 8411 1932 8411 36 8411 36 -1 
248 1779794106 1779794106 0 2678027 653 8260 653 8260 -1 -1 -1 -1 -1 -1 
579 1779794106 1779794106 0 2674174 4713 8577 719 8462 89 8577 1975 -1 -1 -1 
187 1779794106 1779794106 0 2677979 6289 8851 68 8260 8226 -1 -1 -1 -1 -1 
72 1779794106 1779794106 0 2662118 6595 8852 4638 8852 4638 -1 -1 -1 -1 -1 
888 1779794106 1779794106 0 2678373 167 8722 2399 8722 2399 8722 2399 -1 -1 -1 
755 1779794106 1779794106 0 2676457 1703 8961 1258 9028 482 9028 3535 -1 -1 -1 
334 1779794106 1779794106 0 2661410 6837 8295 476 8964 5526 8964 -1 -1 -1 -1 
921 1779794106 1779794106 0 2668434 3765 8964 291 8311 335 8849 7113 -1 -1 -1 
616 1779794106 1779794106 0 2662690 3724 8469 346 8615 346 8764 -1 -1 -1 -1 
480 1779794106 1779794106 0 2678000 2126 8528 388 8528 951 8639 951 8639 17 8676 
697 1779794106 1779794106 0 2650977 7555 8883 499 8883 499 -1 -1 -1 -1 -1 
701 1779794106 1779794106 0 2678000 6138 8676 7645 8676 1856 8676 17 -1 -1 -1 
396 1779794106 1779794106 0 2669883 5142 8356 5669 8883 7127 8883 499 8883 221 8719 
832 1779794106 1779794106 0 2673679 1186 8591 7559 8260 2870 8260 1342 -1 -1 -1 
692 1779794106 1779794106 0 2676773 3218 8463 3509 8311 1432 8260 8203 8260 653 8260 
661 1779794106 1779794106 0 2678027 2349 8260 653 8260 653 8260 -1 -1 -1 -1 
75 1779794106 1779794106 0 2678030 2649 8519 476 8516 335 8461 476 8612 145 -1 
476 1779794106 1779794106 0 2656962 3647 8444 233 9133 1392 8293 1392 -1 -1 -1 
981 1779794106 1779794106 0 2670606 8663 1087 8913 1087 9225 1087 9220 1087 9220 -1 
137 1779794106 1779794106 0 2670308 3776 8551 971 8467 2517 8467 353 -1 -1 -1 
568 1779794106 1779794106 0 2672014 3120 8887 3649 8849 7113 8849 335 8295 476 8849 
223 1779794106 1779794106 0 2675525 4485 8339 3148 9166 6330 9166 2515 9166 -1 -1 
95 1779794106 1779794106 0 2665125 6372 9074 1042 9170 1042 9170 1042 -1 -1 -1 
763 1779794106 1779794106 0 2658054 1468 8765 3083 8765 400 8817 400 8817 3624 -1 
664 1779794106 1779794106 0 2662690 768 8338 39 8338 768 8338 967 -1 -1 -1 
523 1779794106 1779794106 0 2656294 3116 8881 3965 8893 3965 8881 8186 8881 8186 8881 
639 1779794106 1779794106 0 2676628 7611 9137 5320 9137 5320 9137 5320 8499 5320 9137 
527 1779794106 1779794106 0 2675942 7959 8734 221 9185 1247 -1 -1 -1 -1 -1 
327 1779794106 1779794106 0 2673068 3720 8598 3720 8553 3720 8553 577 8553 577 8553 
61 1779794106 1779794106 0 2676399 4718 8551 559 8491 1131 8710 1131 8697 267 -1 
653 1779794106 1779794106 0 2672012 8576 934 8900 518 8900 -1 -1 -1 -1 -1 
901 1779794106 1779794106 0 2660310 6016 8382 6016 8382 6016 -1 -1 -1 -1 -1 
89 1779794106 1779794106 0 2672299 5480 8849 335 8519 476 8462 -1 -1 -1 -1 
807 1779794106 1779794106 0 2659095 6622 8956 6622 9028 7271 9028 7995 -1 -1 -1 
438 1779794106 1779794106 0 2670308 2358 8588 167 8577 1363 8467 2517 8467 353 -1 
782 1779794106 1779794106 0 2673164 577 8553 3016 8553 577 8553 577 -1 -1 -1 
338 1779794106 1779794106 0 2673416 2451 8639 3302 8639 951 8639 951 8639 17 8576 
947 1779794106 1779794106 0 2678027 4149 8260 196 8260 653 8260 653 8260 653 8260 
728 1779794106 1779794106 0 2666753 1392 8293 95 8293 1392 8293 7400 -1 -1 -1 
207 1779794106 1779794106 0 2667542 8162 8628 7154 8628 2209 -1 -1 -1 -1 -1 
799 1779794106 1779794106 0 2677241 3862 9084 277 9084 4217 -1 -1 -1 -1 -1 
126 1779794106 1779794106 0 2657728 5378 8697 919 8376 919 8376 -1 -1 -1 -1 
580 1779794106 1779794106 0 2677241 2574 8454 441 9086 4752 9084 277 9084 4217 -1 
81 1779794106 1779794106 0 2652284 8756 1863 8756 1863 8756 1863 -1 -1 -1 -1 
776 1779794106 1779794106 0 2669436 984 8442 289 8442 45 8423 2943 8402 4455 -1 
516 1779794106 1779794106 0 2668968 8765 400 8817 2491 8817 616 8817 400 8572 -1 
60 1779794106 1779794106 0 2678000 3445 8639 951 8639 951 8639 951 8639 17 8676 
422 1779794106 1779794106 0 2650977 1737 8734 1206 8734 4096 8883 499 8883 499 8883 
191 1779794106 1779794106 0 2674057 8086 8411 319 8411 36 8411 -1 -1 -1 -1 
366 1779794106 1779794106 0 2653766 8652 5799 8652 494 8652 4786 8652 249 -1 -1 
685 1779794106 1779794106 0 2669060 509 8525 509 8525 509 8525 509 8525 509 8525 
189 1779794106 1779794106 0 2675373 6111 8347 7756 9084 487 9084 277 9084 277 -1 
454 1779794106 1779794106 0 2665087 5698 8632 938 9051 684 8440 2000 8440 768 8323 
959 1779794106 1779794106 0 2672935 3413 8716 623 9215 6953 9215 -1 -1 -1 -1 
543 1779794106 1779794106 0 2678030 4370 8964 476 8612 145 8612 -1 -1 -1 -1 
481 1779794106 1779794106 0 2677241 8872 296 8872 277 9084 277 9084 4217 -1 -1 
356 1779794106 1779794106 0 2678373 2044 8734 2608 8722 2399 8722 2399 8722 -1 -1 
764 1779794106 1779794106 0 2671274 8579 640 9106 640 9106 640 9106 640 -1 -1 
603 1779794106 1779794106 0 2674605 8571 2375 8571 2375 8571 2375 8571 -1 -1 -1 
220 1779794106 1779794106 0 2675525 4327 8339 3148 9166 6330 9166 6330 9166 2515 9166 
469 1779794106 1779794106 0 2678030 7317 8301 476 8612 145 8612 -1 -1 -1 -1 
944 1779794106 1779794106 0 2665846 5662 8283 346 8652 249 8652 2876 -1 -1 -1 
754 1779794106 1779794106 0 2675525 579 8252 2756 8252 25 9166 2515 9166 2515 -1 
233 1779794106 1779794106 0 2672219 3781 8311 4540 8612 145 8295 476 8519 -1 -1 
821 1779794106 1779794106 0 2675373 6886 9163 6213 9163 646 9205 4251 9084 277 -1 
462 1779794106 1779794106 0 2662690 938 8440 2000 8440 768 8338 967 -1 -1 -1 
768 1779794106 1779794106 0 2675865 5791 9146 5791 9146 5791 9146 5791 -1 -1 -1 
288 1779794106 1779794106 0 2677882 4368 8806 1806 8710 1131 8697 267 8697 752 -1 
644 1779794106 1779794106 0 2667908 2981 8887 347 8267 3173 8267 3173 8267 3182 -1 
149 1779794106 1779794106 0 2665656 1155 8716 623 8382 1903 8382 623 8817 400 8817 
613 1779794106 1779794106 0 2677595 3501 8501 68 8909 5321 8909 5321 8909 -1 -1 
857 1779794106 1779794106 0 2671350 1042 9170 1042 9170 1042 9170 1042 9170 5383 -1 
838 1779794106 1779794106 0 2666756 4456 8644 509 8525 509 9206 509 9206 509 8525 
430 1779794106 1779794106 0 2678030 4205 8249 1625 8463 335 8295 145 8612 -1 -1 
7 1779794106 1779794106 0 2659393 8062 8489 400 8817 400 8914 3466 8914 -1 -1 
415 1779794106 1779794106 0 2659676 302 8448 343 8765 400 8817 400 8817 616 -1 
871 1779794106 1779794106 0 2677640 4531 8929 997 8929 8192 8929 17 8260 653 8260 
335 1779794106 1779794106 0 2678030 5293 8849 7480 8849 335 8295 145 8612 145 -1 
540 1779794106 1779794106 0 2678030 808 8461 145 8612 145 8612 145 8612 -1 -1 
735 1779794106 1779794106 0 2670683 1378 8771 1885 9133 1392 8293 7400 8293 8 -1 
599 1779794106 1779794106 0 2678000 3325 8990 5622 8576 636 8576 636 8576 17 8676 
379 1779794106 1779794106 0 2663265 9127 205 8689 205 9127 205 9127 205 9127 -1 
750 1779794106 1779794106 0 2678030 4843 8461 476 8249 476 8612 145 8612 -1 -1 
736 1779794106 1779794106 0 2672935 8034 8382 1903 8716 623 8716 623 9215 6953 -1 
