0 1779792496 1779792496 0 2663187 7339 8618 1698 8344 144 8312 -1 -1 -1 -1 -1 -1 -1 -1 -1 -1 -1 -1 -1 -1 
1 1779792496 1779792496 0 2676457 4929 9069 17 9028 7995 9028 3535 -1 -1 -1 -1 -1 -1 -1 -1 -1 -1 -1 -1 -1 
2 1779792496 1779792496 0 2670487 5538 9123 506 8262 1066 -1 -1 -1 -1 -1 -1 -1 -1 -1 -1 -1 -1 -1 -1 -1 
3 1779792496 1779792496 0 2654271 1489 8622 2749 8603 5229 9104 635 8411 7283 9127 205 8689 205 8689 -1 -1 -1 -1 -1 -1 
4 1779792496 1779792496 0 2010622 6681 9132 6520 -1 -1 -1 -1 -1 -1 -1 -1 -1 -1 -1 -1 -1 -1 -1 -1 -1 
5 1779792496 1779792496 0 2608918 8229 2 8229 2 8229 2 8229 2 8229 -1 -1 -1 -1 -1 -1 -1 -1 -1 -1 -1 
6 1779792496 1779792496 0 2670845 7735 8504 442 8504 -1 -1 -1 -1 -1 -1 -1 -1 -1 -1 -1 -1 -1 -1 -1 -1 
7 1779792496 1779792496 0 2422927 5458 8347 7797 -1 -1 -1 -1 -1 -1 -1 -1 -1 -1 -1 -1 -1 -1 -1 -1 -1 
8 1779792496 1779792496 0 2644608 1473 8771 1785 8771 1726 8592 7051 8574 5858 8584 5858 -1 -1 -1 -1 -1 -1 -1 -1 -1 
9 1779792496 1779792496 0 2678141 5559 8711 1181 8711 1181 8711 1181 8711 -1 -1 -1 -1 -1 -1 -1 -1 -1 -1 -1 -1 
10 1779792496 1779792496 0 2595601 8826 1787 8826 -1 -1 -1 -1 -1 -1 -1 -1 -1 -1 -1 -1 -1 -1 -1 -1 -1 
11 1779792496 1779792496 0 2664012 232 8398 232 8398 232 8398 1865 8975 -1 -1 -1 -1 -1 -1 -1 -1 -1 -1 -1 -1 
12 1779792496 1779792496 0 2576781 8062 8489 8061 -1 -1 -1 -1 -1 -1 -1 -1 -1 -1 -1 -1 -1 -1 -1 -1 -1 
13 1779792496 1779792496 0 2608918 1642 8555 1448 8229 2 8229 2 8229 2 8229 2 8229 -1 -1 -1 -1 -1 -1 -1 -1 
14 1779792496 1779792496 0 2668828 317 8593 8184 8593 824 -1 -1 -1 -1 -1 -1 -1 -1 -1 -1 -1 -1 -1 -1 -1 
15 1779792496 1779792496 0 2367541 2747 8687 4304 9149 7689 -1 -1 -1 -1 -1 -1 -1 -1 -1 -1 -1 -1 -1 -1 -1 
16 1779792496 1779792496 0 2374935 955 8318 233 8385 212 8385 212 -1 -1 -1 -1 -1 -1 -1 -1 -1 -1 -1 -1 -1 
17 1779792496 1779792496 0 997118 3343 8622 322 8410 3567 8410 322 8622 1620 -1 -1 -1 -1 -1 -1 -1 -1 -1 -1 -1 
18 1779792496 1779792496 0 2398551 4553 8370 600 8370 1972 8828 -1 -1 -1 -1 -1 -1 -1 -1 -1 -1 -1 -1 -1 -1 
19 1779792496 1779792496 0 2659732 1883 8463 3509 8311 3905 8311 3718 8587 1547 -1 -1 -1 -1 -1 -1 -1 -1 -1 -1 -1 
20 1779792496 1779792496 0 1214061 1055 8266 2916 -1 -1 -1 -1 -1 -1 -1 -1 -1 -1 -1 -1 -1 -1 -1 -1 -1 
21 1779792496 1779792496 0 2666965 1911 8734 7503 8734 221 8734 1680 9148 1680 -1 -1 -1 -1 -1 -1 -1 -1 -1 -1 -1 
22 1779792496 1779792496 0 1212208 4887 8402 4907 -1 -1 -1 -1 -1 -1 -1 -1 -1 -1 -1 -1 -1 -1 -1 -1 -1 
23 1779792496 1779792496 0 337204 1605 8622 1815 -1 -1 -1 -1 -1 -1 -1 -1 -1 -1 -1 -1 -1 -1 -1 -1 -1 
24 1779792496 1779792496 0 2463691 5166 8904 2468 8904 2468 8904 2396 -1 -1 -1 -1 -1 -1 -1 -1 -1 -1 -1 -1 -1 
25 1779792496 1779792496 0 2677664 6646 8937 6956 8937 5552 8937 8225 -1 -1 -1 -1 -1 -1 -1 -1 -1 -1 -1 -1 -1 
26 1779792496 1779792496 0 2351543 5624 8699 3755 8699 7062 8699 3755 -1 -1 -1 -1 -1 -1 -1 -1 -1 -1 -1 -1 -1 
27 1779792496 1779792496 0 1536366 5254 8575 5276 -1 -1 -1 -1 -1 -1 -1 -1 -1 -1 -1 -1 -1 -1 -1 -1 -1 
28 1779792496 1779792496 0 2663507 5613 8292 471 8917 335 8461 -1 -1 -1 -1 -1 -1 -1 -1 -1 -1 -1 -1 -1 -1 
29 1779792496 1779792496 0 2566845 5269 8578 4002 8578 5787 8578 865 8578 -1 -1 -1 -1 -1 -1 -1 -1 -1 -1 -1 -1 
30 1779792496 1779792496 0 1413923 5457 8727 -1 -1 -1 -1 -1 -1 -1 -1 -1 -1 -1 -1 -1 -1 -1 -1 -1 -1 
31 1779792496 1779792496 0 2657728 2377 8376 566 8376 3701 8376 919 8376 -1 -1 -1 -1 -1 -1 -1 -1 -1 -1 -1 -1 
32 1779792496 1779792496 0 2666060 3157 8470 364 8668 977 8668 2041 -1 -1 -1 -1 -1 -1 -1 -1 -1 -1 -1 -1 -1 
33 1779792496 1779792496 0 2657456 6557 9151 6252 9151 6252 -1 -1 -1 -1 -1 -1 -1 -1 -1 -1 -1 -1 -1 -1 -1 
34 1779792496 1779792496 0 2632654 2362 8510 233 8731 1250 8731 -1 -1 -1 -1 -1 -1 -1 -1 -1 -1 -1 -1 -1 -1 
35 1779792496 1779792496 0 2587518 1560 8246 387 8908 -1 -1 -1 -1 -1 -1 -1 -1 -1 -1 -1 -1 -1 -1 -1 -1 
36 1779792496 1779792496 0 2366504 4626 8521 3222 -1 -1 -1 -1 -1 -1 -1 -1 -1 -1 -1 -1 -1 -1 -1 -1 -1 
37 1779792496 1779792496 0 1661780 126 8333 244 8464 3559 -1 -1 -1 -1 -1 -1 -1 -1 -1 -1 -1 -1 -1 -1 -1 
38 1779792496 1779792496 0 2668424 6276 8454 6276 8454 8210 -1 -1 -1 -1 -1 -1 -1 -1 -1 -1 -1 -1 -1 -1 -1 
39 1779792496 1779792496 0 2405314 5643 9113 2578 9113 2578 8347 6914 8347 7773 -1 -1 -1 -1 -1 -1 -1 -1 -1 -1 -1 
40 1779792496 1779792496 0 2677979 6409 8817 400 8489 997 8929 3390 8929 -1 -1 -1 -1 -1 -1 -1 -1 -1 -1 -1 -1 
41 1779792496 1779792496 0 2674471 1139 8945 1139 8349 1049 8953 76 8327 76 -1 -1 -1 -1 -1 -1 -1 -1 -1 -1 -1 
42 1779792496 1779792496 0 2642175 503 8286 1800 8447 284 8447 -1 -1 -1 -1 -1 -1 -1 -1 -1 -1 -1 -1 -1 -1 
43 1779792496 1779792496 0 753961 2787 8588 3412 -1 -1 -1 -1 -1 -1 -1 -1 -1 -1 -1 -1 -1 -1 -1 -1 -1 
44 1779792496 1779792496 0 2666060 3121 8940 977 8940 977 8668 2041 8668 -1 -1 -1 -1 -1 -1 -1 -1 -1 -1 -1 -1 
45 1779792496 1779792496 0 2323005 2609 8822 1189 9153 1189 9153 -1 -1 -1 -1 -1 -1 -1 -1 -1 -1 -1 -1 -1 -1 
46 1779792496 1779792496 0 2154690 1429 8629 2179 8629 2179 -1 -1 -1 -1 -1 -1 -1 -1 -1 -1 -1 -1 -1 -1 -1 
47 1779792496 1779792496 0 2678030 3322 9190 4506 8612 145 8612 3218 8612 145 8612 -1 -1 -1 -1 -1 -1 -1 -1 -1 -1 
48 1779792496 1779792496 0 2645935 1444 8446 611 8446 1905 8446 8171 -1 -1 -1 -1 -1 -1 -1 -1 -1 -1 -1 -1 -1 
49 1779792496 1779792496 0 2573889 6698 8990 3325 8990 8055 -1 -1 -1 -1 -1 -1 -1 -1 -1 -1 -1 -1 -1 -1 -1 
50 1779792496 1779792496 0 2555325 1917 8463 8008 -1 -1 -1 -1 -1 -1 -1 -1 -1 -1 -1 -1 -1 -1 -1 -1 -1 
51 1779792496 1779792496 0 2568289 7226 8801 1820 8801 2240 -1 -1 -1 -1 -1 -1 -1 -1 -1 -1 -1 -1 -1 -1 -1 
52 1779792496 1779792496 0 2677700 2916 8266 210 8266 608 8718 1024 8718 1920 -1 -1 -1 -1 -1 -1 -1 -1 -1 -1 -1 
53 1779792496 1779792496 0 2659657 3072 8950 532 8869 3080 8869 3080 8869 1148 -1 -1 -1 -1 -1 -1 -1 -1 -1 -1 -1 
54 1779792496 1779792496 0 2540934 410 8294 943 8294 410 8294 410 8294 410 8294 410 8294 410 -1 -1 -1 -1 -1 -1 -1 
55 1779792496 1779792496 0 2677979 4585 8339 3091 8814 130 8591 7536 8260 2870 8260 653 8260 8226 -1 -1 -1 -1 -1 -1 -1 
56 1779792496 1779792496 0 2663373 7698 8508 2092 8508 239 8508 823 8508 7336 -1 -1 -1 -1 -1 -1 -1 -1 -1 -1 -1 
57 1779792496 1779792496 0 2637653 775 8529 1571 8529 7053 -1 -1 -1 -1 -1 -1 -1 -1 -1 -1 -1 -1 -1 -1 -1 
58 1779792496 1779792496 0 2645917 178 8362 178 8362 178 8362 -1 -1 -1 -1 -1 -1 -1 -1 -1 -1 -1 -1 -1 -1 
59 1779792496 1779792496 0 1196062 3911 8359 3595 -1 -1 -1 -1 -1 -1 -1 -1 -1 -1 -1 -1 -1 -1 -1 -1 -1 
60 1779792496 1779792496 0 2656243 3739 8580 641 8580 641 8580 -1 -1 -1 -1 -1 -1 -1 -1 -1 -1 -1 -1 -1 -1 
61 1779792496 1779792496 0 2600825 7987 8265 39 -1 -1 -1 -1 -1 -1 -1 -1 -1 -1 -1 -1 -1 -1 -1 -1 -1 
62 1779792496 1779792496 0 529886 621 8556 2575 -1 -1 -1 -1 -1 -1 -1 -1 -1 -1 -1 -1 -1 -1 -1 -1 -1 
63 1779792496 1779792496 0 2604214 7264 8519 7159 8519 4721 -1 -1 -1 -1 -1 -1 -1 -1 -1 -1 -1 -1 -1 -1 -1 
64 1779792496 1779792496 0 1545355 2913 8887 3312 8887 2706 -1 -1 -1 -1 -1 -1 -1 -1 -1 -1 -1 -1 -1 -1 -1 
65 1779792496 1779792496 0 2669075 4826 8419 3011 8419 3850 8419 461 8582 -1 -1 -1 -1 -1 -1 -1 -1 -1 -1 -1 -1 
66 1779792496 1779792496 0 2669378 8001 9197 1066 8652 -1 -1 -1 -1 -1 -1 -1 -1 -1 -1 -1 -1 -1 -1 -1 -1 
67 1779792496 1779792496 0 2644608 1394 8584 2565 8584 5858 8584 -1 -1 -1 -1 -1 -1 -1 -1 -1 -1 -1 -1 -1 -1 
68 1779792496 1779792496 0 2419160 1246 8348 703 8340 134 -1 -1 -1 -1 -1 -1 -1 -1 -1 -1 -1 -1 -1 -1 -1 
69 1779792496 1779792496 0 2472869 7196 8718 5268 8574 2062 -1 -1 -1 -1 -1 -1 -1 -1 -1 -1 -1 -1 -1 -1 -1 
70 1779792496 1779792496 0 2093747 2357 8411 2252 8411 699 -1 -1 -1 -1 -1 -1 -1 -1 -1 -1 -1 -1 -1 -1 -1 
71 1779792496 1779792496 0 2678030 2933 8276 145 8612 145 8612 145 8612 335 8295 145 8612 145 -1 -1 -1 -1 -1 -1 -1 
72 1779792496 1779792496 0 2608527 5968 9158 5968 9158 5968 9158 5968 -1 -1 -1 -1 -1 -1 -1 -1 -1 -1 -1 -1 -1 
73 1779792496 1779792496 0 1726790 5501 8990 6229 -1 -1 -1 -1 -1 -1 -1 -1 -1 -1 -1 -1 -1 -1 -1 -1 -1 
74 1779792496 1779792496 0 2568472 2476 8517 485 8517 485 8517 -1 -1 -1 -1 -1 -1 -1 -1 -1 -1 -1 -1 -1 -1 
75 1779792496 1779792496 0 2653283 3978 8887 2394 8887 119 8329 119 8887 68 8851 -1 -1 -1 -1 -1 -1 -1 -1 -1 -1 
76 1779792496 1779792496 0 2022444 8444 2730 8645 6863 -1 -1 -1 -1 -1 -1 -1 -1 -1 -1 -1 -1 -1 -1 -1 -1 
77 1779792496 1779792496 0 2666965 4208 9048 1680 9148 1680 9148 -1 -1 -1 -1 -1 -1 -1 -1 -1 -1 -1 -1 -1 -1 
78 1779792496 1779792496 0 2116517 3789 8582 1066 8355 7094 -1 -1 -1 -1 -1 -1 -1 -1 -1 -1 -1 -1 -1 -1 -1 
79 1779792496 1779792496 0 2657118 7275 8618 1698 8344 144 8404 -1 -1 -1 -1 -1 -1 -1 -1 -1 -1 -1 -1 -1 -1 
80 1779792496 1779792496 0 2671633 8126 9084 4251 -1 -1 -1 -1 -1 -1 -1 -1 -1 -1 -1 -1 -1 -1 -1 -1 -1 
81 1779792496 1779792496 0 2650567 5727 9129 5632 9129 5626 9176 5632 9176 -1 -1 -1 -1 -1 -1 -1 -1 -1 -1 -1 -1 
82 1779792496 1779792496 0 2672935 6813 8567 5006 8567 400 8765 400 8817 616 8817 623 9215 6953 9215 -1 -1 -1 -1 -1 -1 
83 1779792496 1779792496 0 2672547 8969 221 8734 1343 9205 6411 -1 -1 -1 -1 -1 -1 -1 -1 -1 -1 -1 -1 -1 -1 
84 1779792496 1779792496 0 2665503 7135 8592 402 8778 1529 -1 -1 -1 -1 -1 -1 -1 -1 -1 -1 -1 -1 -1 -1 -1 
85 1779792496 1779792496 0 2570777 6736 9189 6736 9189 6736 -1 -1 -1 -1 -1 -1 -1 -1 -1 -1 -1 -1 -1 -1 -1 
86 1779792496 1779792496 0 2530499 982 8412 245 8676 5077 8491 233 9157 -1 -1 -1 -1 -1 -1 -1 -1 -1 -1 -1 -1 
87 1779792496 1779792496 0 2667651 2819 8639 951 8639 5728 8639 951 8639 951 -1 -1 -1 -1 -1 -1 -1 -1 -1 -1 -1 
88 1779792496 1779792496 0 2600509 1689 8411 1892 8411 8101 -1 -1 -1 -1 -1 -1 -1 -1 -1 -1 -1 -1 -1 -1 -1 
89 1779792496 1779792496 0 2597061 8792 1568 8792 1568 8792 1568 8792 1568 8792 -1 -1 -1 -1 -1 -1 -1 -1 -1 -1 -1 
90 1779792496 1779792496 0 1969155 8769 1469 8769 1469 8769 1469 8769 -1 -1 -1 -1 -1 -1 -1 -1 -1 -1 -1 -1 -1 
91 1779792496 1779792496 0 2540801 4915 9069 1442 8507 5591 9069 4845 9069 4845 9224 480 8809 -1 -1 -1 -1 -1 -1 -1 -1 
92 1779792496 1779792496 0 2662690 3398 8521 5108 8521 5813 8893 346 8511 1311 9214 346 8764 -1 -1 -1 -1 -1 -1 -1 -1 
93 1779792496 1779792496 0 2660038 2264 8818 2264 8818 2264 8818 2264 8818 -1 -1 -1 -1 -1 -1 -1 -1 -1 -1 -1 -1 
94 1779792496 1779792496 0 2347296 7364 8348 7581 8348 3180 8943 3180 8943 2928 -1 -1 -1 -1 -1 -1 -1 -1 -1 -1 -1 
95 1779792496 1779792496 0 2639398 8128 9084 285 8626 285 8796 -1 -1 -1 -1 -1 -1 -1 -1 -1 -1 -1 -1 -1 -1 
96 1779792496 1779792496 0 2673906 1194 8520 364 8470 492 9185 6866 9185 221 -1 -1 -1 -1 -1 -1 -1 -1 -1 -1 -1 
97 1779792496 1779792496 0 2591495 1439 8734 935 8985 2671 8985 2671 -1 -1 -1 -1 -1 -1 -1 -1 -1 -1 -1 -1 -1 
98 1779792496 1779792496 0 2636562 1812 8410 383 9074 2892 8594 -1 -1 -1 -1 -1 -1 -1 -1 -1 -1 -1 -1 -1 -1 
99 1779792496 1779792496 0 2653180 5920 8586 5846 8586 5846 8586 5846 8586 2943 8423 -1 -1 -1 -1 -1 -1 -1 -1 -1 -1 
100 1779792496 1779792496 0 2489892 7728 8686 6332 8686 3800 -1 -1 -1 -1 -1 -1 -1 -1 -1 -1 -1 -1 -1 -1 -1 
101 1779792496 1779792496 0 2651314 1138 8556 5988 8556 7032 -1 -1 -1 -1 -1 -1 -1 -1 -1 -1 -1 -1 -1 -1 -1 
102 1779792496 1779792496 0 2563279 7932 8241 5063 -1 -1 -1 -1 -1 -1 -1 -1 -1 -1 -1 -1 -1 -1 -1 -1 -1 
103 1779792496 1779792496 0 2506004 1698 8235 1702 8235 6191 8235 9 -1 -1 -1 -1 -1 -1 -1 -1 -1 -1 -1 -1 -1 
104 1779792496 1779792496 0 1887949 273 8399 273 8399 273 8399 273 8399 273 8399 4085 8575 6572 -1 -1 -1 -1 -1 -1 -1 
105 1779792496 1779792496 0 2677979 5282 8402 17 9205 143 9069 875 8260 6170 8260 653 8260 8226 -1 -1 -1 -1 -1 -1 -1 
106 1779792496 1779792496 0 2658054 6321 8567 5006 8567 400 8817 400 8489 400 8817 3624 -1 -1 -1 -1 -1 -1 -1 -1 -1 
107 1779792496 1779792496 0 2542991 2258 8265 1600 8265 7987 -1 -1 -1 -1 -1 -1 -1 -1 -1 -1 -1 -1 -1 -1 -1 
108 1779792496 1779792496 0 2166059 5965 8699 2826 -1 -1 -1 -1 -1 -1 -1 -1 -1 -1 -1 -1 -1 -1 -1 -1 -1 
109 1779792496 1779792496 0 2676399 5147 8806 1806 8806 1806 8710 1131 8697 267 8697 267 -1 -1 -1 -1 -1 -1 -1 -1 -1 
110 1779792496 1779792496 0 2411600 5417 9059 3238 8526 6356 -1 -1 -1 -1 -1 -1 -1 -1 -1 -1 -1 -1 -1 -1 -1 
111 1779792496 1779792496 0 2643999 4132 8561 601 8561 -1 -1 -1 -1 -1 -1 -1 -1 -1 -1 -1 -1 -1 -1 -1 -1 
112 1779792496 1779792496 0 2677882 8029 8253 959 8253 267 8697 752 -1 -1 -1 -1 -1 -1 -1 -1 -1 -1 -1 -1 -1 
113 1779792496 1779792496 0 2645588 7783 8645 822 8645 822 8645 -1 -1 -1 -1 -1 -1 -1 -1 -1 -1 -1 -1 -1 -1 
114 1779792496 1779792496 0 2156751 982 8412 7182 -1 -1 -1 -1 -1 -1 -1 -1 -1 -1 -1 -1 -1 -1 -1 -1 -1 
115 1779792496 1779792496 0 2667393 1498 8777 198 8963 7946 8963 611 8283 -1 -1 -1 -1 -1 -1 -1 -1 -1 -1 -1 -1 
116 1779792496 1779792496 0 2615911 4734 8577 1975 8741 1471 9090 94 -1 -1 -1 -1 -1 -1 -1 -1 -1 -1 -1 -1 -1 
117 1779792496 1779792496 0 2667888 2907 8411 2115 8411 8159 8411 2144 -1 -1 -1 -1 -1 -1 -1 -1 -1 -1 -1 -1 -1 
118 1779792496 1779792496 0 2626871 4047 8361 5308 8361 7430 8361 1373 -1 -1 -1 -1 -1 -1 -1 -1 -1 -1 -1 -1 -1 
119 1779792496 1779792496 0 2356224 4445 8304 2141 8555 4215 8540 7065 -1 -1 -1 -1 -1 -1 -1 -1 -1 -1 -1 -1 -1 
120 1779792496 1779792496 0 2657728 377 8376 919 8376 -1 -1 -1 -1 -1 -1 -1 -1 -1 -1 -1 -1 -1 -1 -1 -1 
121 1779792496 1779792496 0 2089926 7012 8574 4037 -1 -1 -1 -1 -1 -1 -1 -1 -1 -1 -1 -1 -1 -1 -1 -1 -1 
122 1779792496 1779792496 0 1821327 1954 8601 975 8601 975 -1 -1 -1 -1 -1 -1 -1 -1 -1 -1 -1 -1 -1 -1 -1 
123 1779792496 1779792496 0 2558081 4883 8963 1033 8683 196 8683 196 -1 -1 -1 -1 -1 -1 -1 -1 -1 -1 -1 -1 -1 
124 1779792496 1779792496 0 2537522 5079 8670 2200 8670 969 -1 -1 -1 -1 -1 -1 -1 -1 -1 -1 -1 -1 -1 -1 -1 
125 1779792496 1779792496 0 2569418 6372 9074 6372 9103 3612 8801 8043 -1 -1 -1 -1 -1 -1 -1 -1 -1 -1 -1 -1 -1 
126 1779792496 1779792496 0 2652348 5132 8257 1376 8502 1376 8257 1376 8257 371 -1 -1 -1 -1 -1 -1 -1 -1 -1 -1 -1 
127 1779792496 1779792496 0 1018226 2106 8588 1981 8588 4237 -1 -1 -1 -1 -1 -1 -1 -1 -1 -1 -1 -1 -1 -1 -1 
128 1779792496 1779792496 0 2661841 8355 346 9198 346 8355 346 8677 346 8615 -1 -1 -1 -1 -1 -1 -1 -1 -1 -1 -1 
129 1779792496 1779792496 0 2543776 4056 8594 367 -1 -1 -1 -1 -1 -1 -1 -1 -1 -1 -1 -1 -1 -1 -1 -1 -1 
130 1779792496 1779792496 0 2495052 6172 8687 1376 8474 359 8474 4481 -1 -1 -1 -1 -1 -1 -1 -1 -1 -1 -1 -1 -1 
131 1779792496 1779792496 0 2468579 1507 8505 440 -1 -1 -1 -1 -1 -1 -1 -1 -1 -1 -1 -1 -1 -1 -1 -1 -1 
132 1779792496 1779792496 0 2323197 2719 8732 3942 8732 3942 8732 -1 -1 -1 -1 -1 -1 -1 -1 -1 -1 -1 -1 -1 -1 
133 1779792496 1779792496 0 2668968 4232 9011 2491 8489 7579 8489 400 8817 400 8572 -1 -1 -1 -1 -1 -1 -1 -1 -1 -1 
134 1779792496 1779792496 0 2667884 5048 8510 1906 8526 4033 -1 -1 -1 -1 -1 -1 -1 -1 -1 -1 -1 -1 -1 -1 -1 
135 1779792496 1779792496 0 2569987 348 8355 437 8766 339 8747 1616 -1 -1 -1 -1 -1 -1 -1 -1 -1 -1 -1 -1 -1 
136 1779792496 1779792496 0 2656495 7835 8687 2065 8371 7205 8426 -1 -1 -1 -1 -1 -1 -1 -1 -1 -1 -1 -1 -1 -1 
137 1779792496 1779792496 0 2472067 4125 8442 289 8442 289 -1 -1 -1 -1 -1 -1 -1 -1 -1 -1 -1 -1 -1 -1 -1 
138 1779792496 1779792496 0 2580033 3025 8266 3452 -1 -1 -1 -1 -1 -1 -1 -1 -1 -1 -1 -1 -1 -1 -1 -1 -1 
139 1779792496 1779792496 0 2535371 219 8390 2079 8917 1733 -1 -1 -1 -1 -1 -1 -1 -1 -1 -1 -1 -1 -1 -1 -1 
140 1779792496 1779792496 0 2666354 44 8269 1684 8269 44 8269 1961 -1 -1 -1 -1 -1 -1 -1 -1 -1 -1 -1 -1 -1 
141 1779792496 1779792496 0 2664170 4085 9104 635 -1 -1 -1 -1 -1 -1 -1 -1 -1 -1 -1 -1 -1 -1 -1 -1 -1 
142 1779792496 1779792496 0 2624679 86 8288 86 8288 86 8288 -1 -1 -1 -1 -1 -1 -1 -1 -1 -1 -1 -1 -1 -1 
143 1779792496 1779792496 0 2616837 8657 250 8657 250 8994 250 8994 250 -1 -1 -1 -1 -1 -1 -1 -1 -1 -1 -1 -1 
144 1779792496 1779792496 0 2644608 2565 8562 2565 8584 5858 -1 -1 -1 -1 -1 -1 -1 -1 -1 -1 -1 -1 -1 -1 -1 
145 1779792496 1779792496 0 2677219 7250 9205 5782 9205 6411 9205 8224 -1 -1 -1 -1 -1 -1 -1 -1 -1 -1 -1 -1 -1 
146 1779792496 1779792496 0 2672299 4721 8519 7159 8519 335 8462 476 -1 -1 -1 -1 -1 -1 -1 -1 -1 -1 -1 -1 -1 
147 1779792496 1779792496 0 1933413 5013 8694 6237 8694 2695 -1 -1 -1 -1 -1 -1 -1 -1 -1 -1 -1 -1 -1 -1 -1 
148 1779792496 1779792496 0 1404429 5331 8603 3511 -1 -1 -1 -1 -1 -1 -1 -1 -1 -1 -1 -1 -1 -1 -1 -1 -1 
149 1779792496 1779792496 0 2330817 5661 8250 1680 8452 309 -1 -1 -1 -1 -1 -1 -1 -1 -1 -1 -1 -1 -1 -1 -1 
150 1779792496 1779792496 0 2260843 1819 8514 524 8514 1819 8514 524 8514 6991 -1 -1 -1 -1 -1 -1 -1 -1 -1 -1 -1 
151 1779792496 1779792496 0 1916341 2640 8772 571 8447 6650 -1 -1 -1 -1 -1 -1 -1 -1 -1 -1 -1 -1 -1 -1 -1 
152 1779792496 1779792496 0 1376737 4071 8873 3861 8873 5100 8873 5370 -1 -1 -1 -1 -1 -1 -1 -1 -1 -1 -1 -1 -1 
153 1779792496 1779792496 0 2667826 5137 8665 36 8411 8159 8411 319 -1 -1 -1 -1 -1 -1 -1 -1 -1 -1 -1 -1 -1 
154 1779792496 1779792496 0 2485957 3838 8500 2535 -1 -1 -1 -1 -1 -1 -1 -1 -1 -1 -1 -1 -1 -1 -1 -1 -1 
155 1779792496 1779792496 0 2632337 5289 9100 1333 9100 1647 9210 1647 8262 1288 -1 -1 -1 -1 -1 -1 -1 -1 -1 -1 -1 
156 1779792496 1779792496 0 2391587 7229 9168 420 -1 -1 -1 -1 -1 -1 -1 -1 -1 -1 -1 -1 -1 -1 -1 -1 -1 
157 1779792496 1779792496 0 2613936 4626 8521 3398 8623 1985 8896 7256 8896 482 9166 233 9164 6073 9164 826 8343 22 8343 -1 -1 
158 1779792496 1779792496 0 2672673 4585 8339 143 -1 -1 -1 -1 -1 -1 -1 -1 -1 -1 -1 -1 -1 -1 -1 -1 -1 
159 1779792496 1779792496 0 2672808 7875 8411 55 -1 -1 -1 -1 -1 -1 -1 -1 -1 -1 -1 -1 -1 -1 -1 -1 -1 
160 1779792496 1779792496 0 2668968 1767 8572 400 8817 5474 8817 400 8572 -1 -1 -1 -1 -1 -1 -1 -1 -1 -1 -1 -1 
161 1779792496 1779792496 0 2224630 5433 8531 7349 -1 -1 -1 -1 -1 -1 -1 -1 -1 -1 -1 -1 -1 -1 -1 -1 -1 
162 1779792496 1779792496 0 2414316 3708 9199 3708 9199 -1 -1 -1 -1 -1 -1 -1 -1 -1 -1 -1 -1 -1 -1 -1 -1 
163 1779792496 1779792496 0 2675538 7095 8441 656 -1 -1 -1 -1 -1 -1 -1 -1 -1 -1 -1 -1 -1 -1 -1 -1 -1 
164 1779792496 1779792496 0 2455310 6768 9191 6768 9191 6768 9191 6768 9191 -1 -1 -1 -1 -1 -1 -1 -1 -1 -1 -1 -1 
165 1779792496 1779792496 0 2606366 4997 8603 5896 8603 5534 8347 772 8253 959 8253 8029 8253 959 -1 -1 -1 -1 -1 -1 -1 
166 1779792496 1779792496 0 2673219 7902 8382 1903 8382 623 8716 1325 -1 -1 -1 -1 -1 -1 -1 -1 -1 -1 -1 -1 -1 
167 1779792496 1779792496 0 2434671 4493 8347 6195 -1 -1 -1 -1 -1 -1 -1 -1 -1 -1 -1 -1 -1 -1 -1 -1 -1 
168 1779792496 1779792496 0 2077719 2277 8710 6986 -1 -1 -1 -1 -1 -1 -1 -1 -1 -1 -1 -1 -1 -1 -1 -1 -1 
169 1779792496 1779792496 0 2600695 7898 8446 875 8292 -1 -1 -1 -1 -1 -1 -1 -1 -1 -1 -1 -1 -1 -1 -1 -1 
170 1779792496 1779792496 0 2667696 8926 1038 9223 6368 8704 -1 -1 -1 -1 -1 -1 -1 -1 -1 -1 -1 -1 -1 -1 -1 
171 1779792496 1779792496 0 2662038 4125 8442 289 8442 311 8876 -1 -1 -1 -1 -1 -1 -1 -1 -1 -1 -1 -1 -1 -1 
172 1779792496 1779792496 0 2652928 4441 9074 -1 -1 -1 -1 -1 -1 -1 -1 -1 -1 -1 -1 -1 -1 -1 -1 -1 -1 
173 1779792496 1779792496 0 2475266 9133 5667 9132 996 9096 996 9163 547 9163 547 8835 7886 -1 -1 -1 -1 -1 -1 -1 -1 
174 1779792496 1779792496 0 2648186 2718 8302 2480 8757 6756 8757 1388 -1 -1 -1 -1 -1 -1 -1 -1 -1 -1 -1 -1 -1 
175 1779792496 1779792496 0 2656243 5101 8580 641 8580 -1 -1 -1 -1 -1 -1 -1 -1 -1 -1 -1 -1 -1 -1 -1 -1 
176 1779792496 1779792496 0 2198233 2404 8261 4952 8411 7282 -1 -1 -1 -1 -1 -1 -1 -1 -1 -1 -1 -1 -1 -1 -1 
177 1779792496 1779792496 0 2445757 3852 8964 3236 8964 6851 -1 -1 -1 -1 -1 -1 -1 -1 -1 -1 -1 -1 -1 -1 -1 
178 1779792496 1779792496 0 2677882 7785 8480 1443 8480 959 8253 267 8697 267 8697 752 -1 -1 -1 -1 -1 -1 -1 -1 -1 
179 1779792496 1779792496 0 2599504 6596 8535 6889 8535 1191 -1 -1 -1 -1 -1 -1 -1 -1 -1 -1 -1 -1 -1 -1 -1 
180 1779792496 1779792496 0 2676399 1543 8806 717 8685 717 8806 7368 8983 267 8697 267 -1 -1 -1 -1 -1 -1 -1 -1 -1 
181 1779792496 1779792496 0 2387233 4645 8806 2606 8806 146 8618 1760 8618 7727 -1 -1 -1 -1 -1 -1 -1 -1 -1 -1 -1 
182 1779792496 1779792496 0 2643999 1204 8246 17 8974 601 8974 601 8561 -1 -1 -1 -1 -1 -1 -1 -1 -1 -1 -1 -1 
183 1779792496 1779792496 0 2663223 8009 9168 8198 -1 -1 -1 -1 -1 -1 -1 -1 -1 -1 -1 -1 -1 -1 -1 -1 -1 
184 1779792496 1779792496 0 2664850 8577 17 8665 2068 8665 2068 -1 -1 -1 -1 -1 -1 -1 -1 -1 -1 -1 -1 -1 -1 
185 1779792496 1779792496 0 2575568 5446 8812 3474 8812 3474 8812 -1 -1 -1 -1 -1 -1 -1 -1 -1 -1 -1 -1 -1 -1 
186 1779792496 1779792496 0 2677506 1867 8275 1205 8275 1205 8275 1205 -1 -1 -1 -1 -1 -1 -1 -1 -1 -1 -1 -1 -1 
187 1779792496 1779792496 0 2675373 1736 8547 353 8547 4507 8351 1411 8351 430 8371 7205 9084 277 9084 277 9084 277 -1 -1 -1 
188 1779792496 1779792496 0 2656495 3524 8548 2356 8548 4481 8474 1411 8351 430 8371 7205 8426 -1 -1 -1 -1 -1 -1 -1 -1 
189 1779792496 1779792496 0 2652928 4267 9048 4441 9074 -1 -1 -1 -1 -1 -1 -1 -1 -1 -1 -1 -1 -1 -1 -1 -1 
190 1779792496 1779792496 0 2671274 7654 8504 442 8504 7654 8504 442 9214 -1 -1 -1 -1 -1 -1 -1 -1 -1 -1 -1 -1 
191 1779792496 1779792496 0 2468398 3276 8887 4109 -1 -1 -1 -1 -1 -1 -1 -1 -1 -1 -1 -1 -1 -1 -1 -1 -1 
192 1779792496 1779792496 0 2629990 1002 8308 94 9090 5977 9090 94 9090 94 9090 286 9090 -1 -1 -1 -1 -1 -1 -1 -1 
193 1779792496 1779792496 0 1210671 4380 8752 3266 8752 4898 -1 -1 -1 -1 -1 -1 -1 -1 -1 -1 -1 -1 -1 -1 -1 
194 1779792496 1779792496 0 2487513 2633 8888 2271 8888 2134 9163 547 8835 7886 8835 547 -1 -1 -1 -1 -1 -1 -1 -1 -1 
195 1779792496 1779792496 0 722647 2464 8687 3300 -1 -1 -1 -1 -1 -1 -1 -1 -1 -1 -1 -1 -1 -1 -1 -1 -1 
196 1779792496 1779792496 0 2674471 8953 76 8327 118 8327 76 8327 76 8327 76 8327 -1 -1 -1 -1 -1 -1 -1 -1 -1 
197 1779792496 1779792496 0 2486118 4457 8343 2840 8343 2840 -1 -1 -1 -1 -1 -1 -1 -1 -1 -1 -1 -1 -1 -1 -1 
198 1779792496 1779792496 0 2430319 3366 8346 819 8346 1657 -1 -1 -1 -1 -1 -1 -1 -1 -1 -1 -1 -1 -1 -1 -1 
199 1779792496 1779792496 0 2678030 6661 8311 1046 8357 1796 8516 476 8612 145 8612 -1 -1 -1 -1 -1 -1 -1 -1 -1 -1 
