0 1779792495 1779792495 0 2397801 7747 8480 7401 -1 
1 1779792495 1779792495 0 2515147 6001 8247 7306 8247 7948 -1 
2 1779792495 1779792495 0 2676174 1696 8350 1696 8631 2134 8937 5552 -1 
3 1779792495 1779792495 0 2501271 8618 5532 8734 221 9149 499 8734 4096 
4 1779792495 1779792495 0 2590863 164 8783 164 8783 -1 
5 1779792495 1779792495 0 2172937 6425 9006 1082 9023 67 8734 7233 -1 
6 1779792495 1779792495 0 2407500 4844 9159 4844 -1 
7 1779792495 1779792495 0 2638911 6969 9122 4085 8625 866 8625 -1 
8 1779792495 1779792495 0 2678030 6282 8521 171 8295 17 8612 145 8612 
9 1779792495 1779792495 0 2677935 8684 997 8929 5522 8929 8173 8929 3390 
10 1779792495 1779792495 0 2647968 4674 8971 3812 8971 3812 8971 4186 9023 
11 1779792495 1779792495 0 2668439 1521 8327 76 8327 76 8327 76 8953 
12 1779792495 1779792495 0 2067960 713 8618 125 8402 500 -1 
13 1779792495 1779792495 0 2515573 1635 8264 1686 8390 1094 -1 
14 1779792495 1779792495 0 2675525 6750 9166 732 9166 6330 9166 2515 9166 
15 1779792495 1779792495 0 2646541 7542 8555 782 8462 2522 -1 
16 1779792495 1779792495 0 2518965 4006 8370 4006 8370 1187 9142 1187 8734 
17 1779792495 1779792495 0 2495893 1068 8705 1068 8705 1068 8705 497 -1 
18 1779792495 1779792495 0 2556864 5389 8819 5389 8819 611 8875 2129 8875 
19 1779792495 1779792495 0 2210800 9088 4055 9088 4055 9088 233 8895 7295 
20 1779792495 1779792495 0 2672924 1423 8549 7000 8549 1802 8250 1023 -1 
21 1779792495 1779792495 0 2009956 3722 8257 3966 8257 1376 8257 1376 8257 
22 1779792495 1779792495 0 2053048 3838 8500 5561 9166 6483 -1 
23 1779792495 1779792495 0 2295938 3286 8797 3286 8797 3286 8797 2975 8797 
24 1779792495 1779792495 0 2419030 741 8251 741 8251 3613 9099 3613 -1 
25 1779792495 1779792495 0 2597179 9114 1089 9201 1089 9218 1089 9035 -1 
26 1779792495 1779792495 0 2667542 2209 8628 -1 
27 1779792495 1779792495 0 2510773 6771 9185 221 8734 1136 8734 4240 -1 
28 1779792495 1779792495 0 2649888 8458 346 9198 346 9198 346 8677 4885 
29 1779792495 1779792495 0 2672547 1206 8734 1369 8734 1343 9205 6411 -1 
30 1779792495 1779792495 0 2649721 6773 9133 2134 9133 1885 -1 
31 1779792495 1779792495 0 1835957 2554 8420 2554 8420 -1 
32 1779792495 1779792495 0 2628678 1264 8286 687 8286 7845 8286 1264 9084 
33 1779792495 1779792495 0 2665141 3468 8582 461 8582 461 8419 -1 
34 1779792495 1779792495 0 2307610 1193 8622 322 8622 356 8434 2518 8434 
35 1779792495 1779792495 0 2517594 9069 487 8991 487 8752 3533 -1 
36 1779792495 1779792495 0 2579476 7762 8721 3317 -1 
37 1779792495 1779792495 0 2587315 880 8271 40 8280 58 8280 58 8280 
38 1779792495 1779792495 0 2496840 7608 8414 143 8516 1796 -1 
39 1779792495 1779792495 0 2397071 5283 9059 4645 8806 4913 -1 
40 1779792495 1779792495 0 2672770 5182 8250 1802 8250 1802 8250 8214 -1 
41 1779792495 1779792495 0 2678000 8170 8576 17 8676 -1 
42 1779792495 1779792495 0 2594759 3948 8547 353 8467 2517 8467 971 8467 
43 1779792495 1779792495 0 2246752 621 8556 6349 8556 5909 9169 6293 9169 
44 1779792495 1779792495 0 2672547 7178 9205 6411 9205 6411 9205 6411 9205 
45 1779792495 1779792495 0 2670487 7650 8504 1066 9197 1066 9197 1066 8262 
46 1779792495 1779792495 0 2098127 7025 8592 3795 -1 
47 1779792495 1779792495 0 1470492 1781 8241 5568 -1 
48 1779792495 1779792495 0 2648761 737 8425 737 8486 737 8425 737 -1 
49 1779792495 1779792495 0 2657197 2182 8631 1558 8631 3461 -1 
50 1779792495 1779792495 0 2633741 1731 8742 47 8742 -1 
51 1779792495 1779792495 0 2673220 4295 8617 1549 8686 -1 
52 1779792495 1779792495 0 2525449 6197 9163 547 9163 6886 9163 646 9163 
53 1779792495 1779792495 0 2322121 3086 8828 2978 8828 2978 8828 2978 8828 
54 1779792495 1779792495 0 2613260 5089 8694 63 8911 63 8351 430 8371 
55 1779792495 1779792495 0 2287819 3134 8968 3134 8968 5917 8939 2812 8939 
56 1779792495 1779792495 0 2678027 7112 8260 653 8260 653 8260 -1 
57 1779792495 1779792495 0 2674963 5025 8554 3237 8260 68 -1 
58 1779792495 1779792495 0 2669815 5268 8574 5622 8576 636 8576 636 8576 
59 1779792495 1779792495 0 2241212 6938 9168 7377 -1 
60 1779792495 1779792495 0 2400845 2009 8539 2206 -1 
61 1779792495 1779792495 0 2657449 95 8293 8 8470 5855 -1 
62 1779792495 1779792495 0 2666354 5184 9102 1684 8269 44 8269 1961 -1 
63 1779792495 1779792495 0 1333669 470 8423 4520 8423 5220 -1 
64 1779792495 1779792495 0 2653316 4521 8683 196 8683 7181 8683 7416 8683 
65 1779792495 1779792495 0 2629749 7975 8411 2252 8411 584 -1 
66 1779792495 1779792495 0 2251075 608 8596 1189 8274 1189 8822 1189 9023 
67 1779792495 1779792495 0 2403206 3131 8593 912 8794 2168 8794 2168 8794 
68 1779792495 1779792495 0 2651967 8178 8766 8179 -1 
69 1779792495 1779792495 0 2150118 6062 9162 6062 9162 6062 -1 
70 1779792495 1779792495 0 2057684 6093 9163 6896 -1 
71 1779792495 1779792495 0 2645545 4402 8806 7368 8806 717 8806 -1 
72 1779792495 1779792495 0 2453272 9108 5294 9108 5294 9108 5294 9108 5294 
73 1779792495 1779792495 0 1149364 2102 8335 4646 -1 
74 1779792495 1779792495 0 2637687 7859 8902 7859 8902 2697 8853 285 8626 
75 1779792495 1779792495 0 2651863 2658 8684 2825 8684 2825 8239 13 8659 
76 1779792495 1779792495 0 2672943 1683 8495 415 8496 415 8495 -1 
77 1779792495 1779792495 0 2628495 2380 8475 375 9100 3070 8988 1185 8988 
78 1779792495 1779792495 0 2585382 9035 1089 9152 1089 9218 1089 9218 -1 
79 1779792495 1779792495 0 2604176 6258 8519 7861 8519 5665 8321 -1 
80 1779792495 1779792495 0 2674585 3230 8339 3148 8937 2486 8937 8219 -1 
81 1779792495 1779792495 0 1465777 2357 8411 5606 -1 
82 1779792495 1779792495 0 2675942 5213 8539 2206 8539 221 9185 1247 -1 
83 1779792495 1779792495 0 2336011 675 8411 2866 8411 429 8411 2907 8411 
84 1779792495 1779792495 0 2655857 6619 9095 5124 9095 5124 -1 
85 1779792495 1779792495 0 2522919 8328 78 8328 78 8328 7035 -1 
86 1779792495 1779792495 0 2634107 8704 4897 8704 2092 8704 1139 8508 823 
87 1779792495 1779792495 0 2562834 9020 2365 9020 2365 9020 461 8962 3404 
88 1779792495 1779792495 0 2677979 4683 9075 997 8929 3390 -1 
89 1779792495 1779792495 0 2537287 7188 8718 7982 -1 
90 1779792495 1779792495 0 2473853 5324 9072 2564 8562 1259 8562 -1 
91 1779792495 1779792495 0 2647678 7982 8718 602 -1 
92 1779792495 1779792495 0 2585492 8865 285 8626 8079 -1 
93 1779792495 1779792495 0 2572700 7547 8262 8053 -1 
94 1779792495 1779792495 0 2508155 4508 8477 651 8357 651 8477 7939 8477 
95 1779792495 1779792495 0 973338 8341 4087 -1 
96 1779792495 1779792495 0 2525038 3797 8726 17 8446 600 9216 600 9216 
97 1779792495 1779792495 0 2637458 8399 273 8399 273 8399 4085 8367 1607 
98 1779792495 1779792495 0 2521912 3808 8250 1802 8250 7960 -1 
99 1779792495 1779792495 0 2675243 6503 8349 1202 8564 1971 8698 1971 -1 
100 1779792495 1779792495 0 2495494 7920 8603 3890 -1 
101 1779792495 1779792495 0 1143606 3510 8556 4631 -1 
102 1779792495 1779792495 0 2567605 2086 8270 5700 8270 46 8270 46 8270 
103 1779792495 1779792495 0 2678030 299 8377 1104 8612 145 -1 
104 1779792495 1779792495 0 2673679 1931 8260 8203 8260 1342 -1 
105 1779792495 1779792495 0 2678027 5301 8260 653 8260 -1 
106 1779792495 1779792495 0 2528506 8326 117 8326 -1 
107 1779792495 1779792495 0 2675355 8137 8680 8221 -1 
108 1779792495 1779792495 0 2669187 2608 8734 7633 8734 221 9149 -1 
109 1779792495 1779792495 0 2586324 7715 8761 1400 8761 -1 
110 1779792495 1779792495 0 2640471 6638 8794 2168 8794 447 8454 447 8454 
111 1779792495 1779792495 0 2660240 9208 285 8437 2697 8621 -1 
112 1779792495 1779792495 0 2460504 5188 8603 7855 -1 
113 1779792495 1779792495 0 2554059 6001 8247 4479 8247 5751 8247 2134 8347 
114 1779792495 1779792495 0 2504014 3202 8241 7932 -1 
115 1779792495 1779792495 0 2672023 8849 6719 8849 335 8295 476 8612 145 
116 1779792495 1779792495 0 1865961 320 8387 355 8368 305 8368 305 8368 
117 1779792495 1779792495 0 2619260 5677 9133 107 8771 1785 8771 8118 -1 
118 1779792495 1779792495 0 2594341 8410 3567 8545 5412 9115 1479 -1 
119 1779792495 1779792495 0 2672910 7118 8347 271 9084 277 9084 3114 9084 
120 1779792495 1779792495 0 2568572 2824 8301 476 8295 145 8295 17 8295 
121 1779792495 1779792495 0 2542991 6670 8265 1600 8265 7987 -1 
122 1779792495 1779792495 0 2659676 4232 9011 400 8567 400 8817 616 8817 
123 1779792495 1779792495 0 2442385 2524 8784 3602 8784 1632 8466 691 8355 
124 1779792495 1779792495 0 1918168 3716 8341 3592 8574 6655 -1 
125 1779792495 1779792495 0 2633385 5428 8401 4100 8927 2648 8927 -1 
126 1779792495 1779792495 0 1933473 1655 8569 3579 8569 237 8405 237 8405 
127 1779792495 1779792495 0 2634209 1928 8347 5534 8347 271 9084 1276 -1 
128 1779792495 1779792495 0 2589550 4174 9048 500 8402 6543 8402 8084 -1 
129 1779792495 1779792495 0 2643999 2109 8777 1760 8963 611 8561 601 -1 
130 1779792495 1779792495 0 2532184 9050 4154 9050 4154 9050 4154 9050 4154 
131 1779792495 1779792495 0 2678027 7665 8260 653 8260 -1 
132 1779792495 1779792495 0 2595604 8565 1591 8565 8095 -1 
133 1779792495 1779792495 0 2676174 5429 8734 1343 8937 3148 8937 5552 8937 
134 1779792495 1779792495 0 2438255 186 8370 4466 8370 353 8467 63 8911 
135 1779792495 1779792495 0 2487513 3832 8835 7886 8835 547 -1 
136 1779792495 1779792495 0 2663525 2152 8370 353 8467 2517 -1 
137 1779792495 1779792495 0 2235379 5432 9102 5262 8724 5262 9102 1684 8269 
138 1779792495 1779792495 0 2672043 6101 8241 1959 8734 1343 9205 6411 9205 
139 1779792495 1779792495 0 2650585 7051 8592 7051 8718 608 -1 
140 1779792495 1779792495 0 2652008 4406 8471 291 8292 875 9069 3756 -1 
141 1779792495 1779792495 0 2415244 5483 8568 255 8568 7789 -1 
142 1779792495 1779792495 0 2650283 5485 9096 646 8546 2132 8546 -1 
143 1779792495 1779792495 0 2634869 702 8261 8150 -1 
144 1779792495 1779792495 0 2636611 4636 9072 2564 8574 5858 8574 -1 
145 1779792495 1779792495 0 2581425 3810 8570 1562 8565 1024 8570 342 8337 
146 1779792495 1779792495 0 2398416 6445 8250 1680 8452 309 8452 1677 -1 
147 1779792495 1779792495 0 2449300 1493 9069 4845 9224 1046 -1 
148 1779792495 1779792495 0 2105519 1316 8748 1316 8748 1316 8748 1316 -1 
149 1779792495 1779792495 0 2661731 7880 8469 346 9198 346 9214 346 8677 
150 1779792495 1779792495 0 2611750 2408 9090 94 9090 94 9090 5977 9090 
151 1779792495 1779792495 0 2366212 5769 8885 2225 8885 2225 8885 2225 8885 
152 1779792495 1779792495 0 2670969 4184 8791 499 9149 1206 8852 1206 8852 
153 1779792495 1779792495 0 1105785 909 8423 4520 -1 
154 1779792495 1779792495 0 2387877 1566 8661 894 8661 1005 8661 1005 8661 
155 1779792495 1779792495 0 2649019 398 8346 195 8384 730 9034 303 -1 
156 1779792495 1779792495 0 2657456 6201 9151 6252 -1 
157 1779792495 1779792495 0 2636712 6524 8648 823 8508 823 8508 823 8508 
158 1779792495 1779792495 0 2675538 3342 8848 1268 8441 656 8441 -1 
159 1779792495 1779792495 0 2662690 1520 8355 346 8615 346 8764 -1 
160 1779792495 1779792495 0 2653096 8358 374 8246 387 8583 387 -1 
161 1779792495 1779792495 0 2441009 2908 9166 6411 9205 3105 -1 
162 1779792495 1779792495 0 2478570 8652 1066 8418 1363 8467 2517 8467 2517 
163 1779792495 1779792495 0 1579463 2597 8444 5898 -1 
164 1779792495 1779792495 0 2221634 1881 8845 1881 8845 1881 -1 
165 1779792495 1779792495 0 2653766 6101 8241 449 8814 249 8652 249 8652 
166 1779792495 1779792495 0 2659831 6600 8881 -1 
167 1779792495 1779792495 0 2644731 4263 8278 1376 8502 6828 8937 3148 8937 
168 1779792495 1779792495 0 2664892 6258 8519 6402 8295 537 8508 -1 
169 1779792495 1779792495 0 2558453 1343 8734 1083 8734 1206 8734 8010 -1 
170 1779792495 1779792495 0 1001311 8992 4163 -1 
171 1779792495 1779792495 0 2510068 5493 8733 3088 8733 1014 -1 
172 1779792495 1779792495 0 2164402 99 8346 7209 -1 
173 1779792495 1779792495 0 2484011 4443 9079 5363 9079 5363 9079 -1 
174 1779792495 1779792495 0 2666529 3120 8887 2394 8887 2394 -1 
175 1779792495 1779792495 0 2535371 219 8390 448 8390 2079 8917 1733 -1 
176 1779792495 1779792495 0 2198648 7280 8682 7281 -1 
177 1779792495 1779792495 0 2171606 1666 8367 1663 8754 7230 -1 
178 1779792495 1779792495 0 2580613 1402 8251 1402 8251 174 8251 174 8251 
179 1779792495 1779792495 0 2616838 8476 725 8473 -1 
180 1779792495 1779792495 0 2593646 3696 8463 1076 8988 2846 8988 6623 8988 
181 1779792495 1779792495 0 2433207 4290 8806 4344 8806 1806 8806 717 9207 
182 1779792495 1779792495 0 2670343 8452 4178 8648 4178 8271 7955 8271 4178 
183 1779792495 1779792495 0 1576355 5325 8405 4073 -1 
184 1779792495 1779792495 0 2481973 763 8488 2946 8488 2946 8488 7344 8255 
185 1779792495 1779792495 0 2664012 1865 8398 232 8398 232 8398 1865 8975 
186 1779792495 1779792495 0 2469689 3181 8971 3812 8971 7870 -1 
187 1779792495 1779792495 0 2640097 6660 9173 66 9173 1139 8508 1139 8349 
188 1779792495 1779792495 0 2674165 967 8323 1327 8323 328 8925 328 8925 
189 1779792495 1779792495 0 2582334 2999 8444 1537 8444 3129 8282 6605 8282 
190 1779792495 1779792495 0 2451993 5640 8544 4065 8361 5622 8636 6662 8636 
191 1779792495 1779792495 0 2647968 9169 40 9023 4186 -1 
192 1779792495 1779792495 0 2482722 4827 8462 719 -1 
193 1779792495 1779792495 0 2482880 6164 8358 4027 -1 
194 1779792495 1779792495 0 1363054 3090 8578 5323 -1 
195 1779792495 1779792495 0 1068276 188 8341 4422 -1 
196 1779792495 1779792495 0 1635289 4361 9071 6024 -1 
197 1779792495 1779792495 0 2321041 546 8515 2456 8515 7259 -1 
198 1779792495 1779792495 0 2109691 9143 5518 9143 5518 9143 5518 9143 611 
199 1779792495 1779792495 0 2657456 6533 9151 6082 9151 6252 -1 
