0 1779792495 1779792495 0 2397801 7747 8480 7401 -1 
1 1779792495 1779792495 0 2515147 6001 8247 7306 8247 7948 
2 1779792495 1779792495 0 2574492 1696 8350 1696 8631 2134 
3 1779792495 1779792495 0 2520515 1248 8438 68 8526 2219 
4 1779792495 1779792495 0 2482287 4805 8577 1975 8577 1975 
5 1779792495 1779792495 0 2590863 164 8783 164 8783 -1 
6 1779792495 1779792495 0 2073322 6425 9006 1082 9023 67 
7 1779792495 1779792495 0 2667629 1810 8332 1810 -1 
8 1779792495 1779792495 0 1967890 6491 8538 6491 8538 6491 
9 1779792495 1779792495 0 2677506 6065 8275 931 8275 1205 
10 1779792495 1779792495 0 2676440 9097 6752 9097 6752 9097 
11 1779792495 1779792495 0 2592159 3142 8339 3148 8937 4607 
12 1779792495 1779792495 0 2602889 4513 9066 4926 9066 5665 
13 1779792495 1779792495 0 2652147 7914 8734 7914 -1 
14 1779792495 1779792495 0 2427309 1540 8227 16 8249 7803 
15 1779792495 1779792495 0 1982818 5976 8446 6067 8446 17 
16 1779792495 1779792495 0 2553575 5207 8685 717 8685 717 
17 1779792495 1779792495 0 2659846 1117 8338 768 8440 768 
18 1779792495 1779792495 0 2531058 3998 8780 1671 8780 40 
19 1779792495 1779792495 0 2432764 1702 8235 1702 8235 9 
20 1779792495 1779792495 0 2646541 7542 8555 782 8462 2522 
21 1779792495 1779792495 0 1674147 4006 8370 4006 8370 1187 
22 1779792495 1779792495 0 2560202 8428 306 8428 8016 8428 
23 1779792495 1779792495 0 2187191 7156 8952 486 -1 
24 1779792495 1779792495 0 2667366 122 8245 4635 8245 78 
25 1779792495 1779792495 0 1981067 3952 8266 3502 9090 94 
26 1779792495 1779792495 0 1348611 9088 4055 9088 4055 9088 
27 1779792495 1779792495 0 2665656 5474 8817 400 8817 -1 
28 1779792495 1779792495 0 2355983 5065 8390 1686 8390 1686 
29 1779792495 1779792495 0 1562025 5808 9083 3485 9083 3485 
30 1779792495 1779792495 0 838952 2986 8803 849 8803 3659 
31 1779792495 1779792495 0 2633580 6824 8547 8105 8419 6654 
32 1779792495 1779792495 0 2569391 4600 8241 4401 8241 488 
33 1779792495 1779792495 0 1108804 3287 8414 4536 -1 
34 1779792495 1779792495 0 1544788 4836 9069 1442 8507 1493 
35 1779792495 1779792495 0 2519313 7559 8260 653 8260 109 
36 1779792495 1779792495 0 2654152 7397 8937 2486 -1 
37 1779792495 1779792495 0 2667542 2209 8628 -1 
38 1779792495 1779792495 0 2341421 6771 9185 221 8734 1136 
39 1779792495 1779792495 0 2226109 5493 8733 994 8633 994 
40 1779792495 1779792495 0 1980290 198 8341 4426 8240 6793 
41 1779792495 1779792495 0 2614416 1206 8734 1369 8734 1343 
42 1779792495 1779792495 0 2461224 4260 8545 3265 8545 2134 
43 1779792495 1779792495 0 220465 37 8264 1281 -1 
44 1779792495 1779792495 0 2488697 3392 8887 4377 9045 6179 
45 1779792495 1779792495 0 1897804 3693 8649 3735 8634 2121 
46 1779792495 1779792495 0 2280909 1901 8397 156 8665 7498 
47 1779792495 1779792495 0 1860444 3442 8695 3442 8695 3442 
48 1779792495 1779792495 0 2675373 7993 8318 277 9084 277 
49 1779792495 1779792495 0 1809694 9069 487 8991 487 8752 
50 1779792495 1779792495 0 2665632 2003 8859 2003 8859 2003 
51 1779792495 1779792495 0 2602584 4415 8806 267 8983 826 
52 1779792495 1779792495 0 2656075 2877 8872 4248 8302 8187 
53 1779792495 1779792495 0 2666060 7792 8940 977 8668 2041 
54 1779792495 1779792495 0 2481625 1777 8985 2962 8985 935 
55 1779792495 1779792495 0 2637103 7109 8261 84 8261 429 
56 1779792495 1779792495 0 1818833 4982 8746 4982 8746 4955 
57 1779792495 1779792495 0 2676672 8116 9223 1305 9223 2019 
58 1779792495 1779792495 0 2542141 7859 8902 2697 8437 285 
59 1779792495 1779792495 0 2647827 7298 8243 311 8740 311 
60 1779792495 1779792495 0 2451984 6570 9115 5412 -1 
61 1779792495 1779792495 0 2243769 2752 8963 1806 8806 7368 
62 1779792495 1779792495 0 2673698 170 8260 2870 8260 653 
63 1779792495 1779792495 0 2549350 6224 9166 6338 9166 6338 
64 1779792495 1779792495 0 1470492 1781 8241 5568 -1 
65 1779792495 1779792495 0 2468017 737 8425 737 8486 737 
66 1779792495 1779792495 0 977127 2694 8578 865 8578 3988 
67 1779792495 1779792495 0 2285969 8336 51 8319 51 9166 
68 1779792495 1779792495 0 2672189 2148 8639 951 8639 17 
69 1779792495 1779792495 0 2051424 6197 9163 547 9163 6886 
70 1779792495 1779792495 0 2558081 8683 6053 8683 196 8683 
71 1779792495 1779792495 0 2596637 5645 8603 3890 8603 635 
72 1779792495 1779792495 0 2610623 8011 9223 8112 -1 
73 1779792495 1779792495 0 2589817 1218 9127 205 9127 205 
74 1779792495 1779792495 0 1443865 4040 8301 2836 8941 2836 
75 1779792495 1779792495 0 2376817 4692 8548 2356 8548 2356 
76 1779792495 1779792495 0 2036372 4610 8446 1905 8446 6879 
77 1779792495 1779792495 0 2674963 5025 8554 3237 8260 68 
78 1779792495 1779792495 0 2668993 5268 8574 5622 8576 636 
79 1779792495 1779792495 0 2562902 4539 8639 951 8639 8024 
80 1779792495 1779792495 0 2509168 1449 8785 1813 8734 1206 
81 1779792495 1779792495 0 2609493 917 8617 781 8617 781 
82 1779792495 1779792495 0 2344640 7034 9062 7034 9062 4609 
83 1779792495 1779792495 0 2524806 236 8404 722 8404 2626 
84 1779792495 1779792495 0 2596637 7920 8603 635 8603 -1 
85 1779792495 1779792495 0 2332877 1513 8251 174 8251 1402 
86 1779792495 1779792495 0 2629749 7975 8411 2252 8411 584 
87 1779792495 1779792495 0 1624242 608 8596 1189 8274 1189 
88 1779792495 1779792495 0 1974291 4457 8343 2512 -1 
89 1779792495 1779792495 0 2396288 3131 8593 912 8794 2168 
90 1779792495 1779792495 0 2586502 6069 8585 8080 -1 
91 1779792495 1779792495 0 2651967 8178 8766 8179 -1 
92 1779792495 1779792495 0 2150118 6062 9162 6062 9162 6062 
93 1779792495 1779792495 0 2057684 6093 9163 6896 -1 
94 1779792495 1779792495 0 2512195 4402 8806 7368 8806 717 
95 1779792495 1779792495 0 1357758 9031 4055 9031 5300 9031 
96 1779792495 1779792495 0 2594226 8712 1096 8712 1096 8712 
97 1779792495 1779792495 0 2252179 4500 8447 68 9080 68 
98 1779792495 1779792495 0 2513717 7811 8307 93 8307 93 
99 1779792495 1779792495 0 2481134 2658 8684 2825 8684 2825 
100 1779792495 1779792495 0 2459529 7527 9051 938 9051 1629 
101 1779792495 1779792495 0 2452938 1417 8260 570 8411 429 
102 1779792495 1779792495 0 2468027 6099 8749 1321 9111 1364 
103 1779792495 1779792495 0 2601790 1709 8282 60 8282 7864 
104 1779792495 1779792495 0 2426103 8869 2174 9064 -1 
105 1779792495 1779792495 0 2170044 6018 8483 6088 8483 7227 
106 1779792495 1779792495 0 1499042 5557 8500 2660 -1 
107 1779792495 1779792495 0 2676061 4884 8710 1131 8697 267 
108 1779792495 1779792495 0 1260243 64 8287 391 8324 114 
109 1779792495 1779792495 0 2572928 394 8325 2526 8683 1033 
110 1779792495 1779792495 0 2292638 6112 9117 6117 -1 
111 1779792495 1779792495 0 2665274 7984 8365 8119 -1 
112 1779792495 1779792495 0 249013 855 8446 1425 -1 
113 1779792495 1779792495 0 2655857 6619 9095 5124 9095 5124 
114 1779792495 1779792495 0 2468274 8328 78 8328 78 8328 
115 1779792495 1779792495 0 1398865 489 8614 5045 9102 5432 
116 1779792495 1779792495 0 1664177 785 8619 785 8619 233 
117 1779792495 1779792495 0 2594030 5999 8285 4935 8285 231 
118 1779792495 1779792495 0 2604910 818 8384 1233 8627 1233 
119 1779792495 1779792495 0 2245744 4269 8411 2866 8411 675 
120 1779792495 1779792495 0 2472837 5324 9072 2564 8562 1259 
121 1779792495 1779792495 0 1409590 2402 8942 578 8942 2232 
122 1779792495 1779792495 0 1583853 3606 9012 2821 9012 2821 
123 1779792495 1779792495 0 1830119 4366 9048 1680 8250 6469 
124 1779792495 1779792495 0 2049611 4157 8683 5669 8356 79 
125 1779792495 1779792495 0 1933207 5511 8951 87 8951 -1 
126 1779792495 1779792495 0 2269195 6706 9182 6579 9182 4789 
127 1779792495 1779792495 0 1156220 8399 273 8399 273 8399 
128 1779792495 1779792495 0 2095920 2645 8445 294 8445 7046 
129 1779792495 1779792495 0 2641129 2327 8411 36 8411 493 
130 1779792495 1779792495 0 2667793 4407 8564 678 8698 1049 
131 1779792495 1779792495 0 2495494 7920 8603 3890 -1 
132 1779792495 1779792495 0 1143606 3510 8556 4631 -1 
133 1779792495 1779792495 0 2294085 2086 8270 5700 8270 46 
134 1779792495 1779792495 0 2422311 205 9204 205 8689 205 
135 1779792495 1779792495 0 2611324 7091 8881 7923 -1 
136 1779792495 1779792495 0 2673679 1931 8260 8203 8260 1342 
137 1779792495 1779792495 0 2678027 5301 8260 653 8260 -1 
138 1779792495 1779792495 0 2528506 8326 117 8326 -1 
139 1779792495 1779792495 0 2675355 8137 8680 8221 -1 
140 1779792495 1779792495 0 2668618 2608 8734 7633 8734 221 
141 1779792495 1779792495 0 2533078 365 8471 2618 8471 40 
142 1779792495 1779792495 0 2632868 6638 8794 2168 8794 447 
143 1779792495 1779792495 0 1849019 129 8336 1795 8336 51 
144 1779792495 1779792495 0 2660329 7208 9166 6173 9166 6330 
145 1779792495 1779792495 0 1649631 4856 8260 6061 -1 
146 1779792495 1779792495 0 2612505 3917 8623 552 8584 2565 
147 1779792495 1779792495 0 2246644 7159 8519 6350 8519 7159 
148 1779792495 1779792495 0 2644377 4779 9168 8168 -1 
149 1779792495 1779792495 0 2327161 8907 2426 8907 2426 9215 
150 1779792495 1779792495 0 2673906 6866 9185 6866 9185 221 
151 1779792495 1779792495 0 2634029 4124 8333 17 8347 829 
152 1779792495 1779792495 0 2632294 1605 8622 1661 8250 1802 
153 1779792495 1779792495 0 1530337 8477 5768 -1 
154 1779792495 1779792495 0 1952226 3661 8635 591 9075 997 
155 1779792495 1779792495 0 2015693 1521 8508 1022 8349 1202 
156 1779792495 1779792495 0 2514913 4538 8257 1376 8502 1376 
157 1779792495 1779792495 0 2455931 3651 8556 5988 8556 7849 
158 1779792495 1779792495 0 2452716 7128 8592 634 8592 1980 
159 1779792495 1779792495 0 2335666 7036 8583 7642 -1 
160 1779792495 1779792495 0 2476243 7447 8250 1802 8250 1802 
161 1779792495 1779792495 0 2293638 5313 8723 7490 -1 
162 1779792495 1779792495 0 2616375 6429 8371 63 -1 
163 1779792495 1779792495 0 2662299 2619 9127 205 9127 205 
164 1779792495 1779792495 0 2584377 5941 8290 89 8377 3225 
165 1779792495 1779792495 0 2672547 1587 9205 6411 -1 
166 1779792495 1779792495 0 1923830 9053 1970 9120 233 9151 
167 1779792495 1779792495 0 2388723 7646 8297 1012 -1 
168 1779792495 1779792495 0 532406 2409 8888 2482 8888 2271 
169 1779792495 1779792495 0 2468084 6006 8252 552 8504 506 
170 1779792495 1779792495 0 2613260 5984 8371 430 -1 
171 1779792495 1779792495 0 2512751 2109 8777 1760 8963 611 
172 1779792495 1779792495 0 2672014 5972 8849 3649 8849 476 
173 1779792495 1779792495 0 2624314 8124 8247 -1 
174 1779792495 1779792495 0 453570 8236 10 8236 233 8257 
175 1779792495 1779792495 0 1081436 4254 8239 4452 -1 
176 1779792495 1779792495 0 1942760 153 8346 398 8990 6703 
177 1779792495 1779792495 0 2463715 8517 485 8517 485 8517 
178 1779792495 1779792495 0 2667696 4901 8704 6368 -1 
179 1779792495 1779792495 0 2675022 3251 8872 3574 9084 277 
180 1779792495 1779792495 0 2535281 3181 8971 3812 8971 7977 
181 1779792495 1779792495 0 2601243 5283 9059 4908 9059 8102 
182 1779792495 1779792495 0 826035 879 8654 879 8654 879 
183 1779792495 1779792495 0 1590110 1996 8855 3851 8855 5912 
184 1779792495 1779792495 0 2536890 7520 9103 7981 -1 
185 1779792495 1779792495 0 2304729 3374 8928 3374 8928 5711 
186 1779792495 1779792495 0 2616423 7718 8994 250 8994 250 
187 1779792495 1779792495 0 2505595 4784 8812 2196 9214 552 
188 1779792495 1779792495 0 918561 3602 8784 3602 8784 3602 
189 1779792495 1779792495 0 2289191 7097 8801 1477 -1 
190 1779792495 1779792495 0 2379800 8464 342 8464 342 8337 
191 1779792495 1779792495 0 2263582 7450 8734 7457 -1 
192 1779792495 1779792495 0 2128214 2651 8887 2231 9166 1197 
193 1779792495 1779792495 0 2522863 3810 8570 1562 8565 1024 
194 1779792495 1779792495 0 2629114 9084 8142 -1 
195 1779792495 1779792495 0 2477785 3590 8250 1802 8250 17 
196 1779792495 1779792495 0 2650320 8990 116 8504 346 8469 
197 1779792495 1779792495 0 1919464 654 8363 179 8994 179 
198 1779792495 1779792495 0 2625471 4948 8849 659 9198 346 
199 1779792495 1779792495 0 2614378 7880 8469 346 9198 346 
