865 1779794121 1779794121 0 68896 519 8423 523 -1 
95 1779794121 1779794121 0 256774 1396 8622 1454 -1 
93 1779794121 1779794121 0 681241 252 8417 1018 8417 1018 8417 1018 8417 1267 8932 
14 1779794121 1779794121 0 373679 707 8596 707 8596 707 -1 
158 1779794121 1779794121 0 418913 2139 8681 -1 
156 1779794121 1779794121 0 497018 1745 8687 2418 -1 
534 1779794121 1779794121 0 594332 825 8365 2831 -1 
811 1779794121 1779794121 0 600341 2386 8888 2865 -1 
778 1779794121 1779794121 0 601489 2596 8888 2869 -1 
549 1779794121 1779794121 0 616078 2941 8593 2945 -1 
831 1779794121 1779794121 0 753961 3357 8588 3412 -1 
301 1779794121 1779794121 0 808826 1633 8804 1633 8804 1633 8804 -1 
709 1779794121 1779794121 0 881967 2722 8888 3806 -1 
241 1779794121 1779794121 0 918571 8720 3898 -1 
116 1779794121 1779794121 0 920160 1814 8463 3509 8311 3904 -1 
836 1779794121 1779794121 0 935175 8514 3962 -1 
902 1779794121 1779794121 0 952002 2253 8301 1735 -1 
850 1779794121 1779794121 0 971071 1580 8358 4083 -1 
867 1779794121 1779794121 0 972561 4081 8341 3556 -1 
163 1779794121 1779794121 0 1015689 395 8302 221 8969 1084 -1 
503 1779794121 1779794121 0 1026880 3933 8339 4270 -1 
277 1779794121 1779794121 0 1047065 4242 9048 4366 -1 
927 1779794121 1779794121 0 1120661 3115 8397 4577 -1 
665 1779794121 1779794121 0 1190696 4799 8907 4798 -1 
508 1779794121 1779794121 0 1200351 8593 4849 -1 
874 1779794121 1779794121 0 1205434 4860 8931 2729 -1 
890 1779794121 1779794121 0 1215075 1749 8653 878 8653 878 8653 878 -1 
271 1779794121 1779794121 0 1215043 4898 8752 2428 -1 
266 1779794121 1779794121 0 1244506 1841 8777 4988 -1 
365 1779794121 1779794121 0 1269674 2583 8593 3402 -1 
123 1779794121 1779794121 0 1269674 2945 8593 3402 -1 
350 1779794121 1779794121 0 1269674 4890 8593 3402 -1 
153 1779794121 1779794121 0 1276837 8503 250 8503 5080 -1 
297 1779794121 1779794121 0 1279665 4730 9069 4845 9069 5090 -1 
954 1779794121 1779794121 0 1283457 3152 9069 4881 9069 1711 -1 
119 1779794121 1779794121 0 1285780 4620 8278 405 -1 
807 1779794121 1779794121 0 1349015 3677 9003 3677 9003 3462 -1 
380 1779794121 1779794121 0 1383690 4597 8365 4736 8365 5402 -1 
305 1779794121 1779794121 0 1422890 8831 1821 8831 1821 8831 1821 8831 1821 -1 
368 1779794121 1779794121 0 1451273 453 8390 5548 -1 
772 1779794121 1779794121 0 1453381 4091 8584 4537 -1 
339 1779794121 1779794121 0 1454660 4467 8249 5562 -1 
594 1779794121 1779794121 0 1459711 3452 8266 2916 8266 3418 -1 
649 1779794121 1779794121 0 1465349 3289 8339 421 8260 5609 -1 
556 1779794121 1779794121 0 1480109 326 8235 5660 -1 
835 1779794121 1779794121 0 1507378 2901 8589 779 8589 779 -1 
844 1779794121 1779794121 0 1534176 4634 8237 5773 -1 
774 1779794121 1779794121 0 1534176 2885 8237 4634 8237 5773 -1 
672 1779794121 1779794121 0 1550953 5818 9071 4964 -1 
473 1779794121 1779794121 0 1560155 849 8599 849 8655 849 8641 -1 
285 1779794121 1779794121 0 1563376 5560 8370 5848 -1 
286 1779794121 1779794121 0 1571651 5341 8575 2270 8575 5874 -1 
290 1779794121 1779794121 0 1572330 9024 3761 9024 3761 9024 -1 
951 1779794121 1779794121 0 2460047 2437 8888 2234 9072 4635 9096 646 9096 1261 8398 
764 1779794121 1779794121 0 1632634 8829 1816 8829 1816 8829 1816 -1 
613 1779794121 1779794121 0 1632634 1816 8829 1816 8829 1816 8829 1816 8829 -1 
332 1779794121 1779794121 0 1639535 6039 8503 -1 
161 1779794121 1779794121 0 1639535 5517 8503 6039 -1 
499 1779794121 1779794121 0 1640864 2426 8907 2426 8907 2576 -1 
176 1779794121 1779794121 0 1645512 4795 8907 2426 8907 2426 8907 6050 -1 
130 1779794121 1779794121 0 1647018 2901 8589 779 8589 1985 8623 6058 -1 
924 1779794121 1779794121 0 1651479 5022 8318 1866 -1 
435 1779794121 1779794121 0 1652530 6052 8414 6066 -1 
554 1779794121 1779794121 0 2192363 5365 9096 2012 9096 996 9096 996 9096 1392 8470 
675 1779794121 1779794121 0 1700508 6 8233 6 8233 6 8233 6 8233 6 -1 
31 1779794121 1779794121 0 2125068 4503 8728 4503 8728 4503 8728 4503 8728 4503 8853 
541 1779794121 1779794121 0 1707129 1274 8354 6132 -1 
753 1779794121 1779794121 0 1718092 5642 8618 6207 -1 
686 1779794121 1779794121 0 1731124 525 8534 525 8534 525 -1 
875 1779794121 1779794121 0 1737141 5158 8295 6257 -1 
688 1779794121 1779794121 0 1743883 2895 8887 3210 8314 6273 -1 
972 1779794121 1779794121 0 1782712 6274 8558 6355 -1 
841 1779794121 1779794121 0 1786737 1270 8787 4246 8787 1550 -1 
237 1779794121 1779794121 0 1809357 2017 8622 322 8466 5441 8466 1189 9113 2925 9113 
164 1779794121 1779794121 0 1790707 5134 9069 1493 -1 
167 1779794121 1779794121 0 1799188 5399 8603 5393 -1 
856 1779794121 1779794121 0 1821327 3863 8601 975 -1 
56 1779794121 1779794121 0 1821891 3416 8887 3941 8887 3526 8887 6451 -1 
624 1779794121 1779794121 0 1828014 1266 9033 3865 9033 3865 -1 
971 1779794121 1779794121 0 1872501 6174 9102 4665 -1 
220 1779794121 1779794121 0 1902688 3454 8943 2928 8651 875 8651 6604 -1 
595 1779794121 1779794121 0 1925167 8414 2153 8414 5679 -1 
801 1779794121 1779794121 0 2046077 8459 334 8459 334 8459 334 8459 40 8962 365 
192 1779794121 1779794121 0 1963092 9052 1034 9052 1034 9042 1034 9042 1034 9042 1034 
75 1779794121 1779794121 0 1996335 2478 8916 2478 8957 2478 8957 2478 8957 103 8916 
701 1779794121 1779794121 0 2136278 3640 8588 681 8588 681 8588 1277 8588 912 8250 
134 1779794121 1779794121 0 1962733 1408 8586 5846 8586 6749 -1 
809 1779794121 1779794121 0 1964704 4138 8992 1761 8992 1492 8563 6754 -1 
656 1779794121 1779794121 0 1969155 8769 1469 8769 1469 8769 1469 8769 1469 -1 
533 1779794121 1779794121 0 1985585 2386 8888 404 8320 404 -1 
669 1779794121 1779794121 0 1985542 6593 8893 3525 -1 
627 1779794121 1779794121 0 1993388 9017 3691 9017 3691 9017 3691 -1 
282 1779794121 1779794121 0 1997284 6172 8687 6826 -1 
994 1779794121 1779794121 0 2006925 8337 6845 -1 
7 1779794121 1779794121 0 2636562 9012 2821 9012 2821 9012 2821 8594 2821 8594 2892 
423 1779794121 1779794121 0 2432315 1290 8322 1290 8322 1290 8322 111 8322 6536 8322 
150 1779794121 1779794121 0 2018394 1195 8650 6778 -1 
759 1779794121 1779794121 0 2018319 6017 9065 4487 9065 4487 9065 4487 9065 -1 
497 1779794121 1779794121 0 2025522 8573 632 8573 5914 -1 
560 1779794121 1779794121 0 2048970 996 9096 996 9132 996 9163 6910 -1 
883 1779794121 1779794121 0 2051391 5465 9094 5465 9094 5465 9094 5465 9094 -1 
920 1779794121 1779794121 0 2051391 6893 9094 5465 -1 
160 1779794121 1779794121 0 2093218 1257 8735 1257 8958 1257 8958 1257 8735 1257 9037 
802 1779794121 1779794121 0 2072448 4351 8806 481 8806 4753 -1 
976 1779794121 1779794121 0 2072151 4999 8587 6856 8587 6856 -1 
109 1779794121 1779794121 0 2073580 2984 8304 6972 -1 
833 1779794121 1779794121 0 2089812 1544 8710 1869 8710 2141 8540 1543 8540 5445 8540 
149 1779794121 1779794121 0 2090584 5758 9140 445 9140 6170 9140 6170 9140 6189 -1 
724 1779794121 1779794121 0 2122995 4350 8623 6137 -1 
207 1779794121 1779794121 0 2124387 9156 5953 9156 5953 -1 
565 1779794121 1779794121 0 2480077 421 8622 985 8887 2231 8558 4395 9166 6330 9166 
422 1779794121 1779794121 0 2139308 6142 8670 2200 -1 
268 1779794121 1779794121 0 2143281 3309 8687 7145 -1 
291 1779794121 1779794121 0 2145982 3160 8874 244 8574 7012 8574 7051 8592 7151 -1 
523 1779794121 1779794121 0 2239477 8706 1991 8706 1364 9111 1321 8749 1321 8749 2068 
668 1779794121 1779794121 0 2149565 5229 9104 5229 9104 4085 9140 6170 9140 -1 
424 1779794121 1779794121 0 2666028 4129 8274 1189 9140 6170 9140 6170 9140 6170 8260 
353 1779794121 1779794121 0 2666028 1809 8828 445 9140 6170 9140 6170 9140 6170 8260 
919 1779794121 1779794121 0 2150267 6788 8506 6795 -1 
593 1779794121 1779794121 0 2154757 8768 1467 8768 1467 -1 
270 1779794121 1779794121 0 2154757 2641 8768 1467 8768 1467 8768 -1 
23 1779794121 1779794121 0 2154757 2655 8768 1467 8768 1467 8768 -1 
755 1779794121 1779794121 0 2155998 4042 8423 5879 -1 
276 1779794121 1779794121 0 2156751 7182 8412 -1 
878 1779794121 1779794121 0 2158755 6449 8250 2011 -1 
660 1779794121 1779794121 0 2263707 4999 9069 4845 9071 2365 9020 2365 9020 2365 9020 
243 1779794121 1779794121 0 2503122 928 8622 322 8410 3567 9092 5553 9092 68 8501 
943 1779794121 1779794121 0 2172505 4952 8261 4952 8261 4821 -1 
166 1779794121 1779794121 0 2173885 8642 850 8642 850 8642 850 -1 
663 1779794121 1779794121 0 2180666 1243 8346 819 8346 7254 -1 
216 1779794121 1779794121 0 2188100 3290 8324 7266 -1 
369 1779794121 1779794121 0 2190345 5955 8778 7272 -1 
235 1779794121 1779794121 0 2201287 2535 8500 7285 -1 
795 1779794121 1779794121 0 2202834 9081 4814 9081 4814 9081 5952 9081 7286 -1 
576 1779794121 1779794121 0 2207541 8530 521 8530 521 8530 1058 8667 1608 -1 
651 1779794121 1779794121 0 2208458 7232 9205 7301 -1 
824 1779794121 1779794121 0 2212177 1761 8992 7309 -1 
931 1779794121 1779794121 0 2215461 480 8603 3890 8603 6447 8603 5348 -1 
175 1779794121 1779794121 0 2334654 1302 8746 4982 8746 4982 8746 730 8246 374 8836 
274 1779794121 1779794121 0 2215461 5348 8603 5348 -1 
338 1779794121 1779794121 0 2216980 31 8258 5092 8258 5092 8258 -1 
735 1779794121 1779794121 0 2218888 4293 8950 3072 -1 
366 1779794121 1779794121 0 2218810 5899 8603 3203 8603 6447 8603 7327 -1 
851 1779794121 1779794121 0 2236877 3146 8339 17 9054 482 9166 5552 9166 732 9166 
124 1779794121 1779794121 0 2231368 1106 8636 443 8354 443 8354 -1 
750 1779794121 1779794121 0 2231368 166 8354 443 8354 443 8354 -1 
664 1779794121 1779794121 0 2233574 8958 1257 8735 1257 8735 1257 8735 1257 9037 1257 
316 1779794121 1779794121 0 2448514 4588 8579 935 9096 221 8263 221 9185 1220 9185 
18 1779794121 1779794121 0 2233369 2540 8479 2878 8347 5534 -1 
468 1779794121 1779794121 0 2236225 8276 533 -1 
791 1779794121 1779794121 0 2243854 1421 8312 535 8540 3537 8540 919 8540 4489 8849 
383 1779794121 1779794121 0 2239280 4061 8612 7402 -1 
516 1779794121 1779794121 0 2242504 489 8614 489 8614 489 9131 489 -1 
101 1779794121 1779794121 0 2243854 5480 8849 227 8849 4489 -1 
564 1779794121 1779794121 0 2243296 8861 6790 8861 6790 -1 
425 1779794121 1779794121 0 2245966 3260 8446 17 8801 7134 -1 
308 1779794121 1779794121 0 2250044 6543 8402 4958 -1 
112 1779794121 1779794121 0 2250256 2727 8625 1279 8625 1279 8625 1279 8625 1279 8625 
446 1779794121 1779794121 0 2252720 4069 8893 346 8361 7437 -1 
280 1779794121 1779794121 0 2254002 1030 8691 2294 8691 1030 -1 
222 1779794121 1779794121 0 2255376 7376 9080 2237 -1 
66 1779794121 1779794121 0 2264045 1675 8734 1136 8734 5669 8356 79 8268 2353 8268 
363 1779794121 1779794121 0 2265476 2124 8735 1257 8735 1257 8735 1257 -1 
693 1779794121 1779794121 0 2267849 5935 9071 4697 8563 739 -1 
979 1779794121 1779794121 0 2267849 739 8563 739 8563 739 -1 
498 1779794121 1779794121 0 2445052 2295 8895 6100 8895 6100 8895 6100 8895 233 8491 
126 1779794121 1779794121 0 2268234 3894 8838 7468 -1 
808 1779794121 1779794121 0 2269195 4839 8577 5383 9182 6579 9182 6579 9182 4789 -1 
703 1779794121 1779794121 0 2270745 8546 1064 8371 2356 8548 2356 8548 7473 -1 
203 1779794121 1779794121 0 2273324 606 9113 2578 9113 1189 8822 608 8935 671 8935 
518 1779794121 1779794121 0 2278511 7052 8467 7115 -1 
654 1779794121 1779794121 0 2281813 6288 8699 7062 8699 7062 8699 7062 -1 
345 1779794121 1779794121 0 2285052 6572 8575 3318 -1 
550 1779794121 1779794121 0 2285052 6817 8575 3318 8575 -1 
559 1779794121 1779794121 0 2287161 2310 8637 210 8383 6847 8383 199 8430 -1 
483 1779794121 1779794121 0 2287819 1156 8719 745 8939 2812 8939 2812 8939 2812 -1 
685 1779794121 1779794121 0 2289379 5277 8568 1702 8235 1702 -1 
843 1779794121 1779794121 0 2294802 6538 8299 6804 8299 6804 -1 
359 1779794121 1779794121 0 2297713 4918 8247 7528 -1 
618 1779794121 1779794121 0 2297506 5554 8540 1448 8540 4215 -1 
974 1779794121 1779794121 0 2297862 2154 8878 2154 8878 2154 -1 
171 1779794121 1779794121 0 2298732 3778 9100 1333 9100 3070 9100 1647 9210 1647 9210 
525 1779794121 1779794121 0 2300885 1745 8687 1376 8278 1376 8314 5063 8683 6735 -1 
859 1779794121 1779794121 0 2305958 1958 9034 7310 9034 7310 9034 4144 -1 
340 1779794121 1779794121 0 2311482 3253 8400 2742 -1 
773 1779794121 1779794121 0 2313222 2025 8370 17 8686 5071 -1 
482 1779794121 1779794121 0 2316159 5200 8644 1070 -1 
530 1779794121 1779794121 0 2321530 92 8306 7596 -1 
202 1779794121 1779794121 0 2321689 1298 8348 2110 8348 7325 8348 7581 8348 3180 8943 
342 1779794121 1779794121 0 2322688 3400 8985 7602 -1 
494 1779794121 1779794121 0 2322688 569 8361 2962 8985 7456 8985 7602 -1 
236 1779794121 1779794121 0 2326043 1705 8295 601 8509 7196 -1 
657 1779794121 1779794121 0 2330817 5770 8963 4764 8963 608 8452 309 8452 309 -1 
444 1779794121 1779794121 0 2333573 2141 8540 1543 8540 146 8618 6369 -1 
572 1779794121 1779794121 0 2333810 4292 9092 5553 9092 1343 9092 7587 9092 6424 9092 
826 1779794121 1779794121 0 2333874 7608 8414 7635 -1 
228 1779794121 1779794121 0 2337627 4277 8950 3084 -1 
536 1779794121 1779794121 0 2653198 5844 8586 5846 8586 5846 8586 5846 8586 2943 8402 
842 1779794121 1779794121 0 2337627 7641 8950 3084 -1 
940 1779794121 1779794121 0 2338162 2783 8874 2783 8874 80 8510 3757 -1 
715 1779794121 1779794121 0 2341092 8420 2554 8420 233 8272 48 8272 48 8272 48 
891 1779794121 1779794121 0 2343050 287 8286 287 8286 562 8286 303 9125 5654 -1 
748 1779794121 1779794121 0 2343050 9125 5549 9125 5654 9125 5654 -1 
695 1779794121 1779794121 0 2345182 4543 8806 7659 -1 
634 1779794121 1779794121 0 2347296 7421 8348 7581 8348 3180 8943 2928 -1 
352 1779794121 1779794121 0 2350492 7669 9085 -1 
810 1779794121 1779794121 0 2392278 3084 8950 3072 8950 4293 8950 3084 8950 532 8528 
567 1779794121 1779794121 0 2355065 8311 1432 8355 1066 8985 7092 -1 
416 1779794121 1779794121 0 2355813 3640 8588 681 8588 885 8588 -1 
540 1779794121 1779794121 0 2355813 1793 8588 681 8588 885 8588 885 -1 
457 1779794121 1779794121 0 2356224 5445 8540 7065 -1 
925 1779794121 1779794121 0 2400845 9053 5537 9053 1860 9053 4214 9053 73 8539 2206 
855 1779794121 1779794121 0 2360712 4470 8521 7674 -1 
314 1779794121 1779794121 0 2424812 3473 8341 198 8777 2093 8241 483 8241 1959 8734 
816 1779794121 1779794121 0 2362631 5139 9092 2172 9092 5391 -1 
915 1779794121 1779794121 0 2373448 5724 8349 6503 8349 2092 8938 1139 8508 639 8508 
248 1779794121 1779794121 0 2364374 6096 9165 -1 
630 1779794121 1779794121 0 2368661 2791 8234 364 8470 5909 8556 586 -1 
155 1779794121 1779794121 0 2368348 711 8347 1488 8937 7691 -1 
431 1779794121 1779794121 0 2372875 7316 9077 33 9077 6110 -1 
799 1779794121 1779794121 0 2379551 2935 8602 3605 8602 68 9181 4225 9202 7708 9202 
188 1779794121 1779794121 0 2379551 5857 8545 5735 9202 4225 9202 7708 -1 
240 1779794121 1779794121 0 2380096 1953 8668 364 8537 1963 -1 
110 1779794121 1779794121 0 2381916 6732 9168 2930 9077 7716 -1 
187 1779794121 1779794121 0 2389292 658 8411 570 8480 1443 8356 1023 8250 1802 8250 
577 1779794121 1779794121 0 2385151 8347 7723 -1 
776 1779794121 1779794121 0 2387989 1566 8661 894 8661 894 8661 1005 8661 1005 -1 
939 1779794121 1779794121 0 2392073 9121 5527 9121 5527 -1 
690 1779794121 1779794121 0 2395919 8392 1912 8392 1912 8243 7556 -1 
98 1779794121 1779794121 0 2396638 7078 8273 7748 -1 
673 1779794121 1779794121 0 2396620 2856 8365 274 8365 7742 -1 
154 1779794121 1779794121 0 2397356 2935 8602 7751 -1 
127 1779794121 1779794121 0 2398957 1973 8309 7755 -1 
838 1779794121 1779794121 0 2402340 7109 8261 3472 -1 
413 1779794121 1779794121 0 2402692 5432 9102 6364 9102 5262 -1 
246 1779794121 1779794121 0 2404174 7086 9059 7768 -1 
229 1779794121 1779794121 0 2404174 6193 9059 1738 9059 7768 -1 
145 1779794121 1779794121 0 2406245 7516 8582 7775 -1 
295 1779794121 1779794121 0 2524987 3294 8370 1187 8370 600 9216 600 9216 600 9216 
35 1779794121 1779794121 0 2411262 2606 8879 2606 9102 5262 9102 1684 -1 
379 1779794121 1779794121 0 2411262 4713 8577 4665 9102 6364 9102 5262 9102 1684 -1 
784 1779794121 1779794121 0 2620083 8231 4 8231 4 8725 4 8725 4 8725 4 
337 1779794121 1779794121 0 2414488 6615 8956 220 8391 630 8391 630 -1 
978 1779794121 1779794121 0 2416953 3781 8311 476 8906 1733 8917 2079 8390 1890 -1 
728 1779794121 1779794121 0 2419888 2478 8957 2478 8916 -1 
275 1779794121 1779794121 0 2419030 830 8251 1402 8251 3613 9099 3613 -1 
614 1779794121 1779794121 0 2420854 7696 8504 2956 -1 
92 1779794121 1779794121 0 2422580 2257 8888 3932 9168 142 9168 3532 -1 
590 1779794121 1779794121 0 2424663 2734 8933 2734 8933 2734 8933 2734 -1 
726 1779794121 1779794121 0 2426103 2174 8274 2174 9064 -1 
455 1779794121 1779794121 0 2428329 1487 8555 1480 -1 
186 1779794121 1779794121 0 2428463 5048 8510 576 -1 
829 1779794121 1779794121 0 2429787 8505 1044 8505 734 -1 
86 1779794121 1779794121 0 2433175 1290 8322 1290 8322 6536 -1 
49 1779794121 1779794121 0 2434274 6574 8574 1878 8574 6945 -1 
184 1779794121 1779794121 0 2435246 7800 9224 7806 9224 7820 -1 
818 1779794121 1779794121 0 2437902 7773 8347 7825 -1 
97 1779794121 1779794121 0 2439340 4070 8855 5912 8855 4100 9151 6082 9151 6252 9151 
487 1779794121 1779794121 0 2442237 7209 8346 7700 -1 
798 1779794121 1779794121 0 2443152 1657 8346 1657 8346 1657 8346 7700 8346 195 -1 
406 1779794121 1779794121 0 2445358 4840 8978 4840 8978 4840 8978 -1 
491 1779794121 1779794121 0 2446833 6826 8687 7835 -1 
152 1779794121 1779794121 0 2446829 9221 898 9221 898 9221 898 -1 
949 1779794121 1779794121 0 2446829 9221 898 9221 898 9221 898 9221 -1 
696 1779794121 1779794121 0 2448138 1793 8470 2390 9151 7836 -1 
537 1779794121 1779794121 0 2451131 5734 8347 3278 -1 
814 1779794121 1779794121 0 2451727 1368 8273 349 8368 7841 -1 
526 1779794121 1779794121 0 2451727 787 8620 787 8620 611 8368 1012 8368 7841 -1 
27 1779794121 1779794121 0 2539991 5954 8477 378 8477 598 8282 6801 8282 2591 8351 
133 1779794121 1779794121 0 2454165 7821 8344 2764 -1 
488 1779794121 1779794121 0 2454364 8899 2321 9178 2321 9178 2321 9178 2321 -1 
43 1779794121 1779794121 0 2456197 978 8346 819 8627 1233 8313 3609 -1 
247 1779794121 1779794121 0 2456197 1541 8313 819 8313 3609 8313 3609 -1 
797 1779794121 1779794121 0 2456197 7277 8313 3609 8313 -1 
328 1779794121 1779794121 0 2457475 3683 8640 2151 8640 -1 
993 1779794121 1779794121 0 2464299 5044 8297 1940 -1 
299 1779794121 1779794121 0 2480108 995 8806 588 9072 1284 8743 1364 9111 1321 9111 
239 1779794121 1779794121 0 2465674 7540 9144 6316 9144 5865 -1 
370 1779794121 1779794121 0 2469735 9111 1321 9111 1321 9111 3517 -1 
85 1779794121 1779794121 0 2470922 7526 9045 7873 -1 
997 1779794121 1779794121 0 2470078 7765 8347 7872 -1 
678 1779794121 1779794121 0 2472535 3554 8581 3804 8581 144 8581 1840 8520 4473 -1 
812 1779794121 1779794121 0 2473156 5834 9071 7883 -1 
67 1779794121 1779794121 0 2473156 6079 9071 437 9071 7883 -1 
674 1779794121 1779794121 0 2473853 8726 655 8562 1240 8562 1259 8562 -1 
255 1779794121 1779794121 0 2474816 531 8538 4085 8847 1490 -1 
639 1779794121 1779794121 0 2476258 4517 9010 4325 9010 -1 
973 1779794121 1779794121 0 2477949 504 8524 504 8524 7892 -1 
466 1779794121 1779794121 0 2477823 44 8269 1684 9102 2396 8904 2468 8904 -1 
946 1779794121 1779794121 0 2478554 2527 8309 2527 8919 2528 8919 2528 -1 
873 1779794121 1779794121 0 2672925 8485 1973 8309 3458 8919 2528 8919 2528 8919 4085 
225 1779794121 1779794121 0 2649627 4800 8807 4800 8807 3108 8807 4800 8807 346 8458 
467 1779794121 1779794121 0 2479673 2639 9166 6411 9205 7827 9205 2384 -1 
341 1779794121 1779794121 0 2481973 763 8488 2946 8488 7344 8255 -1 
283 1779794121 1779794121 0 2481718 4541 8565 1562 8565 1562 8801 3612 -1 
803 1779794121 1779794121 0 2482286 643 8423 421 8896 2644 8896 7256 8896 1752 -1 
569 1779794121 1779794121 0 2483388 3452 8266 68 9166 25 9166 3819 9166 6330 9166 
527 1779794121 1779794121 0 2482917 6243 8541 4786 8541 3079 9214 4250 -1 
16 1779794121 1779794121 0 2483249 950 8485 1973 8309 2527 8919 7258 -1 
628 1779794121 1779794121 0 2483733 7346 8638 7905 -1 
619 1779794121 1779794121 0 2484918 821 8628 4143 8628 7908 -1 
407 1779794121 1779794121 0 2484011 5363 9079 5363 -1 
456 1779794121 1779794121 0 2484011 1253 8397 2708 8491 233 9079 5363 -1 
73 1779794121 1779794121 0 2588145 3780 8243 289 8442 289 8442 53 8442 311 8740 
70 1779794121 1779794121 0 2487196 7455 8506 3200 -1 
592 1779794121 1779794121 0 2487513 6080 9163 547 9163 547 8835 -1 
189 1779794121 1779794121 0 2490967 7708 9202 1862 9202 -1 
287 1779794121 1779794121 0 2491196 2216 8535 532 8950 2427 -1 
975 1779794121 1779794121 0 2492263 2728 8623 6961 8623 494 8623 3965 8893 3460 -1 
344 1779794121 1779794121 0 2496978 7468 8838 1984 8838 1984 -1 
78 1779794121 1779794121 0 2562762 366 8472 366 8472 366 8472 366 8472 366 8472 
428 1779794121 1779794121 0 2501843 6812 8964 3236 -1 
575 1779794121 1779794121 0 2501262 9 8235 1702 8235 9 8235 1702 8235 6191 8235 
996 1779794121 1779794121 0 2502863 6195 8347 7930 -1 
988 1779794121 1779794121 0 2503362 6218 9166 62 9166 6330 9166 6330 9166 2515 9166 
151 1779794121 1779794121 0 2562142 562 8286 3088 8286 287 8286 68 8270 46 8270 
281 1779794121 1779794121 0 2503614 4414 8548 2356 8548 2356 8548 -1 
389 1779794121 1779794121 0 2503614 2414 8548 2356 8548 2356 8548 2356 8548 2356 -1 
450 1779794121 1779794121 0 2505695 493 8372 429 8372 675 8411 2252 8411 462 8411 
409 1779794121 1779794121 0 2506004 5692 8235 1702 8235 9 -1 
157 1779794121 1779794121 0 2507816 7377 9168 5633 9129 993 -1 
631 1779794121 1779794121 0 2508616 5368 8972 615 9212 615 9212 615 9139 -1 
148 1779794121 1779794121 0 2508590 8291 1648 8291 157 8291 157 -1 
477 1779794121 1779794121 0 2510773 5681 8507 1493 9069 1493 9069 731 8734 4240 -1 
758 1779794121 1779794121 0 2511284 2514 8404 144 8404 144 8404 722 -1 
215 1779794121 1779794121 0 2533814 6627 9172 66 9173 66 9172 66 9173 40 9045 
546 1779794121 1779794121 0 2514190 4902 8358 6194 8463 17 8307 93 8307 93 8307 
169 1779794121 1779794121 0 2514368 4558 8806 1806 8806 4568 8806 717 8806 1806 -1 
15 1779794121 1779794121 0 2515333 2206 8539 5213 -1 
4 1779794121 1779794121 0 2517705 2481 8266 628 8453 -1 
159 1779794121 1779794121 0 2517705 6994 8574 2777 8453 628 -1 
638 1779794121 1779794121 0 2518252 2085 8477 651 8477 1797 -1 
390 1779794121 1779794121 0 2520683 5983 8708 160 8708 -1 
911 1779794121 1779794121 0 2520579 1155 8645 7783 8645 223 -1 
832 1779794121 1779794121 0 2521912 865 8578 659 8250 1802 8250 7960 -1 
648 1779794121 1779794121 0 2521531 5215 8539 762 8352 762 -1 
611 1779794121 1779794121 0 2521531 4837 8352 762 8352 762 -1 
655 1779794121 1779794121 0 2522046 3897 8888 3932 8888 3932 9168 3360 8250 3360 -1 
603 1779794121 1779794121 0 2523974 1583 8686 3800 8686 6332 -1 
543 1779794121 1779794121 0 2523738 5061 8952 7156 8952 745 9062 7961 9062 7961 -1 
827 1779794121 1779794121 0 2524342 8844 1870 8844 1870 -1 
983 1779794121 1779794121 0 2525155 600 9216 600 9216 -1 
3 1779794121 1779794121 0 2525155 4287 8446 600 9216 600 9216 -1 
756 1779794121 1779794121 0 2525155 3055 8446 600 9216 600 9216 600 9216 600 -1 
327 1779794121 1779794121 0 2631727 6888 8328 526 8328 78 8328 1791 8328 2216 8414 
782 1779794121 1779794121 0 2527423 8723 7897 8723 3813 8723 -1 
118 1779794121 1779794121 0 2527423 2904 8723 3813 8723 3813 8723 -1 
864 1779794121 1779794121 0 2528742 4201 8628 4201 -1 
602 1779794121 1779794121 0 2642581 6883 8243 7298 8243 7466 8618 2374 8446 1905 8446 
894 1779794121 1779794121 0 2530053 5975 8250 7669 -1 
712 1779794121 1779794121 0 2530356 3320 8872 3320 9018 3752 9018 3752 -1 
250 1779794121 1779794121 0 2531686 2155 8519 7159 8519 7159 8519 3011 -1 
528 1779794121 1779794121 0 2531718 1821 8831 1821 8831 1933 8976 233 8923 -1 
398 1779794121 1779794121 0 2532894 3112 8254 27 8254 27 8254 -1 
420 1779794121 1779794121 0 2536602 1456 8446 356 8277 7979 -1 
777 1779794121 1779794121 0 2608622 5255 8425 737 8425 5255 8486 3387 8616 1652 8616 
234 1779794121 1779794121 0 2537522 491 8387 1135 8387 194 8387 969 8670 -1 
519 1779794121 1779794121 0 2537522 3046 8670 6315 8670 3046 8387 3046 8670 969 -1 
969 1779794121 1779794121 0 2539518 7309 8992 7901 8992 7985 -1 
761 1779794121 1779794121 0 2539806 6420 9004 7842 9004 3029 9004 3029 9004 3029 9004 
989 1779794121 1779794121 0 2540440 7309 8992 2114 -1 
57 1779794121 1779794121 0 2562142 3853 9031 2114 8471 365 8962 461 8582 461 8582 
412 1779794121 1779794121 0 2640062 2445 8734 7761 8734 7794 8734 1187 8734 1343 9205 
887 1779794121 1779794121 0 2540440 7985 8992 2114 -1 
922 1779794121 1779794121 0 2541930 6412 8945 823 8648 -1 
929 1779794121 1779794121 0 2542881 7986 8278 -1 
532 1779794121 1779794121 0 2542403 2988 8952 5061 8952 367 9032 -1 
385 1779794121 1779794121 0 2542272 7245 8377 3317 8377 7245 -1 
47 1779794121 1779794121 0 2627129 5758 9140 1189 9153 383 8456 480 9019 480 9084 
852 1779794121 1779794121 0 2544997 2283 8409 1139 9046 2092 8508 4139 -1 
900 1779794121 1779794121 0 2546787 6420 9004 3029 9004 1835 -1 
608 1779794121 1779794121 0 2547533 2011 8969 221 9096 996 9133 996 8508 1049 8698 
563 1779794121 1779794121 0 2553406 4334 9072 2564 9072 51 8319 51 8381 1724 8702 
854 1779794121 1779794121 0 2552230 6751 8244 6987 8244 310 -1 
418 1779794121 1779794121 0 2553575 2519 8806 481 8983 481 8806 717 8685 -1 
400 1779794121 1779794121 0 2555446 964 8680 2960 8680 1058 -1 
617 1779794121 1779794121 0 2556784 4845 9071 482 9166 1038 9223 8011 -1 
304 1779794121 1779794121 0 2666500 6255 9166 6392 9166 6223 9166 6330 9166 6338 9166 
588 1779794121 1779794121 0 2560931 6767 9190 6761 9190 -1 
585 1779794121 1779794121 0 2560931 8624 993 9190 6761 9190 -1 
642 1779794121 1779794121 0 2562984 8746 4982 8746 4982 8746 730 8377 8025 -1 
671 1779794121 1779794121 0 2562248 8538 6491 8538 6491 8538 6491 8538 6491 -1 
825 1779794121 1779794121 0 2562606 8492 895 8492 895 -1 
918 1779794121 1779794121 0 2562606 5499 8492 957 8492 895 8492 -1 
107 1779794121 1779794121 0 2563419 2811 8733 -1 
414 1779794121 1779794121 0 2563197 3572 8471 6513 8645 7783 8645 8026 -1 
557 1779794121 1779794121 0 2563197 6481 8645 184 8645 223 8645 8026 -1 
804 1779794121 1779794121 0 2563982 2536 8287 2536 8287 391 8324 114 8324 6345 8324 
615 1779794121 1779794121 0 2564565 5126 8806 4753 8806 1806 8806 5327 -1 
621 1779794121 1779794121 0 2565394 7998 9028 4966 -1 
725 1779794121 1779794121 0 2565394 6413 8414 143 8516 1277 9028 4966 -1 
324 1779794121 1779794121 0 2565451 8637 611 8962 3404 8962 3404 -1 
823 1779794121 1779794121 0 2566845 3090 8578 865 8578 -1 
331 1779794121 1779794121 0 2628863 2574 8454 2580 9118 5467 9118 5467 9118 5467 9118 
670 1779794121 1779794121 0 2664300 2012 9096 996 9132 996 9096 974 8937 7994 8347 
926 1779794121 1779794121 0 2568289 6104 8561 601 8801 7600 8801 2240 -1 
734 1779794121 1779794121 0 2569550 4753 8806 4753 8806 146 -1 
879 1779794121 1779794121 0 2569886 4434 8265 22 9091 5853 -1 
172 1779794121 1779794121 0 2569550 5327 8806 146 -1 
195 1779794121 1779794121 0 2569886 1256 8265 22 9091 4446 9091 5853 9091 -1 
430 1779794121 1779794121 0 2569886 8876 5300 8876 22 9091 5853 9091 5853 -1 
249 1779794121 1779794121 0 2570004 5642 8618 2196 8812 2246 8812 73 8624 797 -1 
362 1779794121 1779794121 0 2570857 8045 8444 8045 -1 
0 1779794121 1779794121 0 2571906 2084 8549 4583 -1 
780 1779794121 1779794121 0 2571906 6537 8250 1802 8549 4583 -1 
716 1779794121 1779794121 0 2571954 4245 8603 5899 8603 3890 8603 8051 -1 
443 1779794121 1779794121 0 2571553 2161 8482 2484 8482 388 8482 388 8482 388 -1 
8 1779794121 1779794121 0 2583879 2825 8684 7412 8684 2825 8684 4852 8684 3507 8239 
206 1779794121 1779794121 0 2572070 2117 8593 2315 8593 2941 8593 261 -1 
88 1779794121 1779794121 0 2572700 2372 8262 1288 8262 8053 -1 
309 1779794121 1779794121 0 2572927 4806 8907 4816 8907 752 8574 1024 8592 -1 
504 1779794121 1779794121 0 2572216 525 8534 525 8534 4085 8423 4093 -1 
346 1779794121 1779794121 0 2572862 2014 8244 18 8244 18 8244 18 -1 
737 1779794121 1779794121 0 2572939 3883 8361 346 9198 346 8764 2185 8764 2185 8764 
906 1779794121 1779794121 0 2573222 3092 8545 916 -1 
72 1779794121 1779794121 0 2573333 5342 8603 3890 8603 5319 -1 
746 1779794121 1779794121 0 2573079 1907 8574 557 8866 2777 -1 
120 1779794121 1779794121 0 2573829 466 9166 6330 9166 6338 9166 6173 -1 
600 1779794121 1779794121 0 2573829 6209 9166 6330 9166 2515 9166 6338 9166 6173 -1 
232 1779794121 1779794121 0 2574136 1455 8466 49 -1 
661 1779794121 1779794121 0 2574476 1945 8801 3512 8801 1562 8565 5711 -1 
957 1779794121 1779794121 0 2584110 515 8423 449 8814 449 8415 449 8814 541 8814 
426 1779794121 1779794121 0 2575080 3924 8623 527 9086 5311 -1 
517 1779794121 1779794121 0 2632337 9210 1647 9210 1647 9210 1647 9210 1647 8262 1288 
211 1779794121 1779794121 0 2664962 3364 8683 5063 8241 449 8814 7963 8814 541 8814 
122 1779794121 1779794121 0 2599008 7252 8252 552 8504 442 8504 2365 8504 1712 8504 
964 1779794121 1779794121 0 2576226 5786 8736 196 8590 8059 -1 
790 1779794121 1779794121 0 2576070 376 8297 443 8645 822 8645 782 -1 
165 1779794121 1779794121 0 2621898 8743 1284 8988 2846 8988 2846 8988 2846 8988 2846 
822 1779794121 1779794121 0 2577270 2094 8588 1981 9163 547 9163 646 8546 646 8546 
204 1779794121 1779794121 0 2603808 8791 4562 8791 3682 8857 1997 8857 1997 8857 1997 
507 1779794121 1779794121 0 2577450 48 8272 48 8272 48 8272 48 8272 48 8272 
201 1779794121 1779794121 0 2577001 4157 8480 382 8480 1443 8480 1443 -1 
942 1779794121 1779794121 0 2577001 6233 8480 382 8480 1443 -1 
449 1779794121 1779794121 0 2578390 6258 8590 1109 8590 8065 -1 
231 1779794121 1779794121 0 2578742 8067 8458 8067 -1 
840 1779794121 1779794121 0 2579609 1137 9071 437 9080 539 -1 
762 1779794121 1779794121 0 2580613 1847 8251 1402 8251 174 -1 
489 1779794121 1779794121 0 2580967 6053 8683 5669 8683 7181 -1 
182 1779794121 1779794121 0 2580613 4063 8446 4019 8251 1402 8251 174 8251 174 -1 
958 1779794121 1779794121 0 2581162 9101 5179 9101 45 8703 1506 -1 
815 1779794121 1779794121 0 2582334 5007 9069 6689 9069 2591 8282 6605 -1 
757 1779794121 1779794121 0 2582622 2766 8887 3649 8849 227 8849 695 8591 80 8591 
411 1779794121 1779794121 0 2582770 8386 214 8386 214 8386 214 8386 214 -1 
769 1779794121 1779794121 0 2582412 6232 8937 1488 8937 563 -1 
760 1779794121 1779794121 0 2583814 6243 8541 4786 8541 3214 -1 
501 1779794121 1779794121 0 2583445 262 8302 318 8992 420 9168 8076 -1 
681 1779794121 1779794121 0 2583479 396 8264 683 8264 683 8264 1797 8477 598 -1 
454 1779794121 1779794121 0 2583474 1112 8382 303 9168 142 9168 4315 -1 
197 1779794121 1779794121 0 2583879 7687 9205 3507 8684 3507 8239 3507 -1 
272 1779794121 1779794121 0 2584722 3320 8872 4029 -1 
732 1779794121 1779794121 0 2584282 7159 8519 7159 -1 
258 1779794121 1779794121 0 2590970 5736 9013 3617 9013 3617 9013 233 9045 6179 9045 
417 1779794121 1779794121 0 2584377 8025 8377 3225 -1 
770 1779794121 1779794121 0 2585987 7461 9168 5836 -1 
684 1779794121 1779794121 0 2670969 5586 9096 221 8263 221 9185 221 9149 1206 8852 
892 1779794121 1779794121 0 2587518 1571 8246 387 8908 -1 
542 1779794121 1779794121 0 2587640 2636 8888 40 9151 2390 8937 4835 -1 
743 1779794121 1779794121 0 2587461 1526 8243 411 8740 165 -1 
805 1779794121 1779794121 0 2587958 7791 9128 5577 9128 -1 
884 1779794121 1779794121 0 2613750 4376 8242 335 8964 335 8964 335 8964 22 8343 
404 1779794121 1779794121 0 2589698 7576 9217 7576 9217 -1 
862 1779794121 1779794121 0 2590173 4959 8248 6314 8248 6314 8248 8085 -1 
817 1779794121 1779794121 0 2613094 3885 8893 346 8521 3222 8521 148 8623 1263 8536 
141 1779794121 1779794121 0 2590939 1200 8585 5556 8585 721 -1 
214 1779794121 1779794121 0 2591090 7965 9224 7806 -1 
210 1779794121 1779794121 0 2591435 1156 8719 483 8734 935 8985 935 8985 2671 8985 
828 1779794121 1779794121 0 2591495 7067 8985 2671 -1 
79 1779794121 1779794121 0 2591495 3400 8985 7067 8985 2671 8985 2671 -1 
666 1779794121 1779794121 0 2594492 4005 8270 46 8270 46 8270 46 8270 46 8270 
347 1779794121 1779794121 0 2655934 3035 8548 2650 8694 4996 8694 579 8277 148 8312 
364 1779794121 1779794121 0 2667888 8910 2432 8910 4085 8372 1404 8411 2252 8411 2144 
886 1779794121 1779794121 0 2593944 1063 8622 2055 8245 979 8245 4635 8245 4635 -1 
84 1779794121 1779794121 0 2594030 6715 8285 4935 8285 231 -1 
587 1779794121 1779794121 0 2595818 260 8311 1825 8519 476 8612 6565 -1 
360 1779794121 1779794121 0 2596428 5056 8257 1376 8502 1376 8257 1376 8257 1376 -1 
219 1779794121 1779794121 0 2596428 8502 1376 8502 1376 8502 1376 8257 1376 -1 
106 1779794121 1779794121 0 2596896 3239 8981 3239 8981 3239 8981 950 8485 950 -1 
59 1779794121 1779794121 0 2600027 5042 8447 1828 8438 1828 8438 1828 8438 5705 8438 
930 1779794121 1779794121 0 2597331 7553 8734 1369 8734 4554 -1 
932 1779794121 1779794121 0 2642776 2281 8561 557 8561 601 8561 601 8974 601 8995 
953 1779794121 1779794121 0 2652597 5264 8377 501 8377 1104 8377 5622 8491 524 8491 
771 1779794121 1779794121 0 2643465 1817 8370 4879 9071 36 8778 1148 8869 3080 8869 
392 1779794121 1779794121 0 2598873 431 8502 68 8734 7486 9160 6253 9160 6253 -1 
26 1779794121 1779794121 0 2599008 509 8283 506 8504 442 8504 1712 -1 
115 1779794121 1779794121 0 2600081 1353 8755 1718 8755 2864 8609 7525 8609 -1 
741 1779794121 1779794121 0 2608816 6028 8590 1109 8590 1023 8250 3360 8250 1680 9148 
910 1779794121 1779794121 0 2601729 7392 8652 494 -1 
845 1779794121 1779794121 0 2602652 8401 17 8282 7864 -1 
860 1779794121 1779794121 0 2602540 5978 9071 36 8411 1932 -1 
977 1779794121 1779794121 0 2603941 4299 8535 959 8535 -1 
251 1779794121 1779794121 0 2604572 1487 8555 2548 8555 4215 8555 1474 -1 
377 1779794121 1779794121 0 2604521 1512 8312 1435 8312 1001 8312 1001 8418 475 -1 
963 1779794121 1779794121 0 2604316 8857 3081 8857 3081 8857 1997 8857 -1 
13 1779794121 1779794121 0 2604910 8003 8627 1233 8627 -1 
355 1779794121 1779794121 0 2604149 417 9076 417 8481 417 8512 417 8512 -1 
38 1779794121 1779794121 0 2606077 5879 8423 5168 -1 
710 1779794121 1779794121 0 2606077 565 8423 4093 8423 5168 -1 
262 1779794121 1779794121 0 2606077 1053 8423 4093 8423 5168 -1 
52 1779794121 1779794121 0 2606066 3416 8887 402 8295 281 8295 171 8475 -1 
888 1779794121 1779794121 0 2607910 2166 8974 557 8837 -1 
478 1779794121 1779794121 0 2607278 7789 8568 255 -1 
180 1779794121 1779794121 0 2608526 5351 8347 6919 9223 8097 -1 
763 1779794121 1779794121 0 2608918 4369 8229 2 8229 2 8229 -1 
858 1779794121 1779794121 0 2608527 5968 9158 5968 9158 5968 9158 5968 9158 -1 
61 1779794121 1779794121 0 2608918 2354 8229 2 8229 2 8229 2 -1 
612 1779794121 1779794121 0 2609999 5215 8539 1424 8539 508 -1 
170 1779794121 1779794121 0 2609474 6108 9163 646 8546 646 9223 5209 -1 
598 1779794121 1779794121 0 2651565 7949 9197 1066 8504 442 8504 6704 8469 346 9214 
775 1779794121 1779794121 0 2610027 1084 8969 1804 8590 6015 -1 
80 1779794121 1779794121 0 2610623 6368 9223 8112 -1 
586 1779794121 1779794121 0 2610057 5353 8510 7337 8510 80 -1 
41 1779794121 1779794121 0 2611419 6339 8734 1136 8734 1680 9148 1680 9148 1680 9148 
354 1779794121 1779794121 0 2611084 2874 8936 967 9051 938 -1 
128 1779794121 1779794121 0 2621890 5617 8547 353 8547 8105 8419 8105 8547 555 8388 
995 1779794121 1779794121 0 2666965 659 8250 1802 8250 1680 9148 1680 9148 1680 9148 
393 1779794121 1779794121 0 2644418 4979 9086 221 8734 1680 9148 1680 9148 68 8914 
907 1779794121 1779794121 0 2612628 3249 9010 4325 9010 4325 9151 6082 -1 
742 1779794121 1779794121 0 2613260 2736 8618 2196 8351 1411 8351 1411 8351 430 8371 
460 1779794121 1779794121 0 2612293 3985 8683 5669 8598 1461 -1 
432 1779794121 1779794121 0 2612628 6687 9151 7038 9151 6082 9151 6082 -1 
947 1779794121 1779794121 0 2612931 764 8474 63 8351 430 8351 -1 
717 1779794121 1779794121 0 2612931 6045 8351 1411 8351 430 8351 -1 
568 1779794121 1779794121 0 2613260 5544 8836 764 8836 764 8371 430 -1 
571 1779794121 1779794121 0 2613260 7835 8687 2065 8371 430 -1 
198 1779794121 1779794121 0 2613094 6219 8536 1263 8536 1263 8536 1263 8536 1263 8536 
199 1779794121 1779794121 0 2614416 9127 205 9204 205 8689 205 9127 205 8689 205 
849 1779794121 1779794121 0 2613936 2952 8397 603 8397 1305 9223 22 8343 22 -1 
794 1779794121 1779794121 0 2613146 6219 8536 1066 8536 1263 8536 1263 8536 -1 
36 1779794121 1779794121 0 2676061 7033 8480 7401 8480 1443 8480 959 8253 267 8697 
846 1779794121 1779794121 0 2676072 3364 8253 959 8253 959 8480 7747 8480 267 8697 
893 1779794121 1779794121 0 2615720 7184 8357 528 -1 
897 1779794121 1779794121 0 2615523 6744 8585 3891 8585 -1 
944 1779794121 1779794121 0 2615720 5447 8917 3646 8357 528 -1 
698 1779794121 1779794121 0 2615911 8741 1975 8741 1471 9090 94 -1 
103 1779794121 1779794121 0 2616618 522 8423 5509 8423 45 -1 
646 1779794121 1779794121 0 2616837 5901 8964 4845 9224 2622 9224 484 8994 250 8994 
322 1779794121 1779794121 0 2616133 5025 8554 3237 8554 3237 8260 3237 -1 
952 1779794121 1779794121 0 2616837 5540 8657 250 8994 250 8994 250 -1 
956 1779794121 1779794121 0 2617419 696 8985 1066 8504 7538 8504 3000 -1 
788 1779794121 1779794121 0 2619820 9045 5869 9045 6179 9045 4678 9045 6179 9045 6179 
361 1779794121 1779794121 0 2618207 5914 8775 164 9147 7479 9147 7479 9147 164 9147 
333 1779794121 1779794121 0 2618869 4656 8588 3067 8588 2708 8741 1975 8577 190 -1 
606 1779794121 1779794121 0 2618029 1598 8227 4202 8227 7 -1 
292 1779794121 1779794121 0 2618299 966 8426 109 8427 -1 
293 1779794121 1779794121 0 2618211 5209 9223 5209 9223 8116 -1 
464 1779794121 1779794121 0 2618211 3346 8992 350 9163 646 8546 646 9223 8116 -1 
625 1779794121 1779794121 0 2618029 4565 8273 3681 8273 7078 8227 7 -1 
632 1779794121 1779794121 0 2618947 5144 8247 4479 8247 233 8631 3461 8631 1558 -1 
410 1779794121 1779794121 0 2620083 8730 4 8730 4 9070 4 8725 -1 
752 1779794121 1779794121 0 2620861 8460 344 8460 344 8460 344 -1 
645 1779794121 1779794121 0 2620742 8393 224 8393 224 8393 224 8393 -1 
405 1779794121 1779794121 0 2620861 8898 344 8460 344 8460 344 -1 
683 1779794121 1779794121 0 2621903 4512 8876 311 8740 411 8740 8120 -1 
955 1779794121 1779794121 0 2621292 8802 1624 8802 1624 8802 -1 
356 1779794121 1779794121 0 2621292 1624 8802 1722 8802 1624 8802 -1 
505 1779794121 1779794121 0 2621890 3796 8419 3850 8419 8105 8547 555 8388 -1 
437 1779794121 1779794121 0 2623842 2513 8686 1979 8686 3800 8686 3800 8686 3015 8900 
682 1779794121 1779794121 0 2622253 7172 9049 4148 9049 8122 -1 
837 1779794121 1779794121 0 2622253 5034 9049 4148 9049 8122 -1 
253 1779794121 1779794121 0 2623458 684 9051 -1 
633 1779794121 1779794121 0 2623458 8632 1629 8632 684 9051 -1 
881 1779794121 1779794121 0 2623323 181 8457 328 8317 768 8338 684 8632 -1 
714 1779794121 1779794121 0 2623060 5268 8574 783 8574 1024 8565 1562 -1 
245 1779794121 1779794121 0 2624314 1690 8247 4479 8247 4479 8247 8124 -1 
472 1779794121 1779794121 0 2658907 8458 552 8639 3995 8639 5728 8639 5998 8639 951 
659 1779794121 1779794121 0 2624128 8605 736 8605 736 8605 736 8605 736 8605 -1 
610 1779794121 1779794121 0 2625667 6522 8648 104 8998 1448 8284 86 -1 
495 1779794121 1779794121 0 2625639 7852 9224 484 8994 -1 
566 1779794121 1779794121 0 2625639 7817 9224 484 8994 250 8994 250 8994 484 -1 
91 1779794121 1779794121 0 2625639 2942 8593 317 8665 36 8411 484 8994 -1 
386 1779794121 1779794121 0 2626122 3863 8601 5578 8936 -1 
64 1779794121 1779794121 0 2626871 7255 8361 1373 -1 
573 1779794121 1779794121 0 2626627 825 8365 68 8438 -1 
623 1779794121 1779794121 0 2628276 8140 8297 -1 
28 1779794121 1779794121 0 2628674 1983 8406 1983 -1 
273 1779794121 1779794121 0 2629614 5020 8243 4464 -1 
786 1779794121 1779794121 0 2629039 2967 8752 2654 8411 2866 -1 
83 1779794121 1779794121 0 2629878 8670 1886 8670 3046 8387 233 8986 3270 8986 3270 
46 1779794121 1779794121 0 2668676 3515 8771 1785 8771 1785 8771 965 8411 36 8411 
982 1779794121 1779794121 0 2629878 2644 8896 1185 8986 3270 8986 -1 
34 1779794121 1779794121 0 2629749 8372 815 8372 319 8411 675 8411 584 -1 
376 1779794121 1779794121 0 2629990 5977 9090 94 9090 286 9090 286 -1 
711 1779794121 1779794121 0 2630445 499 8734 1343 8734 7503 8734 1221 9124 -1 
992 1779794121 1779794121 0 2632072 3648 8261 2133 9069 487 9054 4603 9054 1220 8411 
644 1779794121 1779794121 0 2630590 1882 8242 549 8242 804 8439 179 8363 -1 
459 1779794121 1779794121 0 2630590 8363 179 8994 179 8363 179 -1 
29 1779794121 1779794121 0 2631408 5205 8301 335 8462 575 -1 
853 1779794121 1779794121 0 2666260 4072 8246 387 8246 387 8577 549 8577 17 8333 
68 1779794121 1779794121 0 2631408 575 8462 4827 8462 575 -1 
50 1779794121 1779794121 0 2631408 575 8462 719 8462 575 8462 575 -1 
708 1779794121 1779794121 0 2668823 7507 8347 2878 8347 5552 8937 4607 8937 68 9084 
89 1779794121 1779794121 0 2631099 8116 9223 1305 -1 
205 1779794121 1779794121 0 2631516 6602 8827 384 8349 8144 8349 3395 -1 
82 1779794121 1779794121 0 2632504 4709 8335 6275 8911 2444 8474 8147 -1 
367 1779794121 1779794121 0 2632504 593 8454 1411 8474 8147 -1 
230 1779794121 1779794121 0 2632558 2366 8882 2192 8882 2366 -1 
821 1779794121 1779794121 0 2632504 8304 1506 8304 291 8474 8147 8474 -1 
174 1779794121 1779794121 0 2633834 5729 8508 220 8349 3395 8349 1331 -1 
597 1779794121 1779794121 0 2664116 3082 8549 6944 8549 371 8549 1802 8250 1802 8549 
699 1779794121 1779794121 0 2633834 6643 8349 6503 8349 8144 8349 1331 8349 1331 -1 
779 1779794121 1779794121 0 2634029 7589 8347 6914 8347 829 -1 
329 1779794121 1779794121 0 2640879 4804 8298 465 8298 465 8298 6828 9205 6411 9205 
928 1779794121 1779794121 0 2636009 2809 8633 388 8482 388 8286 1264 9084 867 9084 
637 1779794121 1779794121 0 2634130 8422 257 8289 633 8704 1139 8508 823 8508 823 
689 1779794121 1779794121 0 2635955 8128 9084 4499 -1 
793 1779794121 1779794121 0 2636761 2407 8249 1912 8467 353 8392 -1 
723 1779794121 1779794121 0 2636566 6603 8282 7864 8282 8153 8282 -1 
470 1779794121 1779794121 0 2636566 5807 8290 5731 8282 7864 8282 8153 8282 -1 
218 1779794121 1779794121 0 2636988 7613 8956 3036 8956 3036 8956 1613 8956 -1 
950 1779794121 1779794121 0 2637653 7036 8529 1571 8529 7053 -1 
191 1779794121 1779794121 0 2638965 6693 8510 3757 8510 526 8510 -1 
289 1779794121 1779794121 0 2638367 2103 8633 2103 9084 8154 -1 
415 1779794121 1779794121 0 2639408 1518 8780 1671 8780 1671 8780 1671 -1 
792 1779794121 1779794121 0 2639962 3374 8928 8149 8928 5129 8928 -1 
185 1779794121 1779794121 0 2639962 6682 8928 8149 8928 5129 -1 
529 1779794121 1779794121 0 2639962 3374 8928 8149 8928 5129 -1 
441 1779794121 1779794121 0 2639962 4841 8928 4841 8928 8149 8928 8149 8928 5129 -1 
319 1779794121 1779794121 0 2639887 1445 8749 1277 8606 5415 8606 -1 
212 1779794121 1779794121 0 2640358 7043 9168 3360 8734 1206 8734 4096 -1 
254 1779794121 1779794121 0 2641765 8337 342 8337 342 8337 342 8337 342 8464 342 
261 1779794121 1779794121 0 2641129 7796 9224 570 8411 675 8411 36 8411 493 -1 
653 1779794121 1779794121 0 2641765 5806 8333 342 8464 342 8464 -1 
898 1779794121 1779794121 0 2642581 1407 8548 4390 8361 611 8665 611 8446 1905 -1 
294 1779794121 1779794121 0 2642136 2443 8299 2443 8299 2443 -1 
921 1779794121 1779794121 0 2643017 6872 8430 218 8436 278 8436 218 8626 285 8626 
908 1779794121 1779794121 0 2642045 6518 9166 6338 9166 6359 -1 
387 1779794121 1779794121 0 2643017 756 8430 199 8389 218 8621 285 8626 285 8626 
306 1779794121 1779794121 0 2642106 2527 8309 1973 9084 3862 9084 8156 -1 
692 1779794121 1779794121 0 2642136 1092 8299 6804 8299 2443 8299 -1 
679 1779794121 1779794121 0 2642874 8163 9080 8163 9080 -1 
442 1779794121 1779794121 0 2643087 3034 8887 119 -1 
135 1779794121 1779794121 0 2643115 1039 8694 2650 8454 6276 -1 
880 1779794121 1779794121 0 2643490 2704 8645 3592 8466 6500 8466 5720 -1 
429 1779794121 1779794121 0 2643214 7595 8726 17 9205 1343 -1 
721 1779794121 1779794121 0 2672925 7456 8985 7067 8985 2671 8985 2671 8985 4085 8919 
131 1779794121 1779794121 0 2643465 739 8717 1148 8869 3080 8869 3080 -1 
238 1779794121 1779794121 0 2649435 562 8286 7845 8286 68 9219 7656 9219 7656 9219 
500 1779794121 1779794121 0 2644023 4246 8787 1270 8626 285 8626 218 8437 716 8437 
935 1779794121 1779794121 0 2643115 5028 9086 441 8454 6276 8454 6276 -1 
108 1779794121 1779794121 0 2643533 929 8423 437 8778 36 8411 493 8411 8159 -1 
434 1779794121 1779794121 0 2643490 6669 8591 8157 8591 5720 8466 -1 
806 1779794121 1779794121 0 2644608 1939 8380 2240 8562 6178 8574 5858 8584 -1 
121 1779794121 1779794121 0 2644113 1495 8603 73 8960 2304 8564 220 -1 
465 1779794121 1779794121 0 2644608 5247 8528 5614 8562 2564 8574 5858 8584 -1 
81 1779794121 1779794121 0 2644805 8473 2746 9057 2746 9057 2746 9057 2746 -1 
616 1779794121 1779794121 0 2644113 2074 8588 1857 8770 678 8564 220 -1 
60 1779794121 1779794121 0 2644805 8473 2746 9057 2746 9057 2746 -1 
62 1779794121 1779794121 0 2664822 1475 8411 658 9080 5083 9080 119 8887 68 8591 
506 1779794121 1779794121 0 2644115 5422 8809 480 9084 8156 9084 8155 -1 
51 1779794121 1779794121 0 2645588 942 8645 1012 8645 6513 8645 822 -1 
315 1779794121 1779794121 0 2645935 7004 8618 7008 8618 2374 8446 2595 8446 8171 -1 
263 1779794121 1779794121 0 2645576 7464 8307 93 8307 93 -1 
140 1779794121 1779794121 0 2645576 6885 8307 7464 8307 7811 8307 93 8307 93 -1 
461 1779794121 1779794121 0 2645576 6903 8307 93 8307 93 -1 
45 1779794121 1779794121 0 2645588 6390 8650 782 8645 822 -1 
820 1779794121 1779794121 0 2660958 8463 3509 8463 335 8476 476 8841 532 9197 1066 
987 1779794121 1779794121 0 2645588 7783 8645 822 8645 822 -1 
221 1779794121 1779794121 0 2645588 6513 8645 1610 8645 822 8645 822 8645 -1 
458 1779794121 1779794121 0 2646357 4262 8655 2040 9046 2092 8508 220 8564 591 -1 
643 1779794121 1779794121 0 2646357 1217 8635 823 8349 220 8564 591 -1 
582 1779794121 1779794121 0 2670884 3400 8985 2671 8985 2671 8985 4085 8552 1206 8852 
168 1779794121 1779794121 0 2665551 5917 8968 233 8701 3491 9116 3491 9116 3491 8701 
391 1779794121 1779794121 0 2647968 9006 1082 9023 4186 -1 
999 1779794121 1779794121 0 2647218 8701 3491 8701 3491 9116 -1 
868 1779794121 1779794121 0 2648578 5799 8652 5799 8652 248 8541 7899 8252 -1 
596 1779794121 1779794121 0 2648089 2058 8740 411 8740 411 -1 
177 1779794121 1779794121 0 2648761 8425 737 8425 737 8425 737 -1 
980 1779794121 1779794121 0 2648538 2997 9136 4772 8853 285 8437 285 8853 175 -1 
889 1779794121 1779794121 0 2648538 7454 9062 7034 9062 1023 8590 175 8853 -1 
687 1779794121 1779794121 0 2648437 7514 8411 319 8411 675 8411 534 -1 
899 1779794121 1779794121 0 2648089 3880 8513 3880 8762 40 8442 311 8740 411 -1 
114 1779794121 1779794121 0 2648559 8175 8498 8175 -1 
320 1779794121 1779794121 0 2648761 1631 8425 737 8425 -1 
74 1779794121 1779794121 0 2649434 4763 9069 8176 -1 
754 1779794121 1779794121 0 2649793 391 8324 391 8324 114 8324 6345 8324 5891 -1 
676 1779794121 1779794121 0 2661802 3216 8562 655 8584 552 8458 8067 8458 346 8511 
408 1779794121 1779794121 0 2649721 4227 9048 4016 9069 1552 8545 2797 9133 1885 -1 
744 1779794121 1779794121 0 2649434 5854 8446 6879 8446 875 9069 8176 -1 
962 1779794121 1779794121 0 2649769 2845 8456 2461 8980 2461 -1 
76 1779794121 1779794121 0 2650540 1281 8264 925 -1 
493 1779794121 1779794121 0 2650757 6064 8477 448 -1 
20 1779794121 1779794121 0 2650540 7257 8426 233 8264 925 -1 
583 1779794121 1779794121 0 2672014 3150 8249 165 8249 171 8295 476 8519 476 8849 
885 1779794121 1779794121 0 2650487 5829 9071 36 8411 429 8261 8177 -1 
19 1779794121 1779794121 0 2650676 2750 8658 623 8817 400 8765 -1 
667 1779794121 1779794121 0 2650912 5615 8849 476 8906 -1 
146 1779794121 1779794121 0 2650757 2371 8676 598 8477 448 8477 -1 
552 1779794121 1779794121 0 2651967 8179 8766 -1 
22 1779794121 1779794121 0 2651482 6114 8249 1046 8590 686 -1 
296 1779794121 1779794121 0 2651739 5700 8270 46 8270 46 8270 -1 
388 1779794121 1779794121 0 2652147 7503 8734 7702 8734 7914 -1 
476 1779794121 1779794121 0 2652122 83 9093 5103 9093 5103 -1 
834 1779794121 1779794121 0 2652348 3453 8502 1376 8257 1376 8257 371 -1 
581 1779794121 1779794121 0 2652597 1184 8491 524 8491 524 -1 
147 1779794121 1779794121 0 2652981 5467 9118 5467 9118 8181 -1 
785 1779794121 1779794121 0 2652165 965 8411 534 8411 2073 -1 
539 1779794121 1779794121 0 2652722 6861 8841 8071 8841 476 8301 -1 
96 1779794121 1779794121 0 2652722 654 8516 476 8906 476 8301 -1 
839 1779794121 1779794121 0 2652722 4721 8519 476 8301 -1 
279 1779794121 1779794121 0 2652122 9093 5103 9093 5103 9093 5103 -1 
100 1779794121 1779794121 0 2652941 3910 8295 806 9028 7271 9028 7271 -1 
381 1779794121 1779794121 0 2652284 5742 8756 1863 8756 1863 8756 1863 -1 
335 1779794121 1779794121 0 2653666 3289 8339 3148 8339 8182 -1 
371 1779794121 1779794121 0 2653096 3108 8246 387 8583 387 -1 
479 1779794121 1779794121 0 2653316 5396 8683 6053 8683 7181 8683 7416 -1 
574 1779794121 1779794121 0 2653571 3835 8623 552 8623 494 8652 494 8652 249 8652 
580 1779794121 1779794121 0 2653058 3195 8639 687 8286 7845 8286 1264 9084 517 -1 
903 1779794121 1779794121 0 2653438 6947 8747 2242 9063 1124 9063 870 9063 1124 -1 
720 1779794121 1779794121 0 2653102 5119 8234 8 8234 8 8470 109 8520 -1 
65 1779794121 1779794121 0 2653102 1004 8293 95 8293 8 8470 109 8520 -1 
326 1779794121 1779794121 0 2653766 5868 8814 449 8814 249 8652 4786 8652 249 -1 
37 1779794121 1779794121 0 2656495 8371 430 8351 1411 8351 63 8371 7205 8426 7205 
945 1779794121 1779794121 0 2656490 4232 9011 400 9011 400 8489 400 8817 997 8929 
984 1779794121 1779794121 0 2655202 7622 8656 884 8656 884 -1 
938 1779794121 1779794121 0 2659798 404 8320 316 8320 404 8320 80 8591 7536 8260 
196 1779794121 1779794121 0 2657224 297 8273 2624 8591 421 8591 130 8591 7536 8591 
421 1779794121 1779794121 0 2655234 3 8230 3 8230 3 -1 
691 1779794121 1779794121 0 2655324 7590 8740 411 8740 311 8442 -1 
511 1779794121 1779794121 0 2656211 4777 9069 4845 9069 1973 9084 867 9084 8161 -1 
469 1779794121 1779794121 0 2656243 3330 8580 641 8580 641 -1 
32 1779794121 1779794121 0 2656243 68 8628 834 8628 641 8580 641 8580 -1 
223 1779794121 1779794121 0 2657418 7342 8726 1013 8875 -1 
767 1779794121 1779794121 0 2657418 4940 8824 611 8875 2129 8875 1013 -1 
90 1779794121 1779794121 0 2657456 6687 9151 6082 9151 6252 -1 
578 1779794121 1779794121 0 2661386 3266 8752 487 9084 487 9084 8146 9084 3574 9084 
313 1779794121 1779794121 0 2657456 7217 9151 6252 9151 8064 9151 6252 9151 6252 -1 
317 1779794121 1779794121 0 2658024 203 8259 203 8259 203 8259 203 8259 596 -1 
738 1779794121 1779794121 0 2658712 5199 8295 1046 8551 8191 -1 
104 1779794121 1779794121 0 2658854 1219 8647 863 8647 1271 8647 -1 
694 1779794121 1779794121 0 2659042 732 8356 1009 8758 1101 8758 68 8914 3466 8914 
766 1779794121 1779794121 0 2665656 8599 997 8817 3712 8817 400 8817 400 8817 400 
77 1779794121 1779794121 0 2658450 8494 3141 8567 400 8765 400 8817 400 8817 400 
968 1779794121 1779794121 0 2659657 2901 8589 779 8589 1148 8869 -1 
636 1779794121 1779794121 0 2659701 2885 9168 142 8702 1179 8702 -1 
105 1779794121 1779794121 0 2659349 1099 8446 6879 8446 875 8778 5314 -1 
440 1779794121 1779794121 0 2659644 7911 8703 4647 8703 -1 
551 1779794121 1779794121 0 2659831 3885 8893 346 8469 3965 8881 8186 8881 6600 -1 
990 1779794121 1779794121 0 2668968 1750 8572 400 8765 400 8817 400 8817 400 8572 
561 1779794121 1779794121 0 2659323 270 8432 270 8432 270 8432 270 8432 -1 
936 1779794121 1779794121 0 2659393 8074 8487 623 8914 3466 8914 -1 
729 1779794121 1779794121 0 2659676 3805 8785 400 8817 400 8817 616 -1 
259 1779794121 1779794121 0 2660504 8729 76 8327 118 8327 2169 -1 
395 1779794121 1779794121 0 2660038 2264 8818 2264 -1 
719 1779794121 1779794121 0 2668901 6825 8576 934 8658 623 8647 623 8382 623 9215 
351 1779794121 1779794121 0 2660536 8193 8324 8193 -1 
620 1779794121 1779794121 0 2660952 2343 8487 623 8382 623 8671 -1 
217 1779794121 1779794121 0 2661410 4796 9069 4845 8964 5526 8964 -1 
626 1779794121 1779794121 0 2661741 7686 8349 8030 -1 
545 1779794121 1779794121 0 2662180 281 8577 1363 8467 2517 8467 971 8467 2517 8467 
125 1779794121 1779794121 0 2661741 1139 8938 823 8508 823 8508 1139 8349 8030 -1 
496 1779794121 1779794121 0 2661841 3155 8283 333 8458 1898 8458 346 8615 -1 
462 1779794121 1779794121 0 2661731 7625 8504 442 8504 1311 8511 346 8677 -1 
448 1779794121 1779794121 0 2661660 6085 8325 2526 8325 16 8325 -1 
740 1779794121 1779794121 0 2661731 7141 8469 3965 8615 4786 8615 346 8677 -1 
269 1779794121 1779794121 0 2661152 8834 879 8834 879 -1 
452 1779794121 1779794121 0 2664191 5424 8249 165 8249 16 8325 16 8325 16 9109 
861 1779794121 1779794121 0 2662038 3084 8950 983 8442 311 8876 311 -1 
589 1779794121 1779794121 0 2666960 5638 8562 1980 8574 535 8718 535 8718 1024 8718 
722 1779794121 1779794121 0 2662825 6205 8558 1197 8558 482 9166 2515 9166 25 -1 
396 1779794121 1779794121 0 2662038 7242 8876 2776 8876 311 -1 
334 1779794121 1779794121 0 2662038 3572 8471 40 8442 311 8876 -1 
17 1779794121 1779794121 0 2666060 4326 8940 977 8668 119 8668 977 8668 2041 8668 
24 1779794121 1779794121 0 2662825 6310 9166 2515 9166 6330 9166 25 -1 
267 1779794121 1779794121 0 2662825 3279 8339 3148 9166 6330 9166 6330 9166 25 9166 
445 1779794121 1779794121 0 2662690 7141 8469 3690 8615 346 8764 -1 
397 1779794121 1779794121 0 2662118 3030 8852 2466 8852 4638 8852 4638 -1 
960 1779794121 1779794121 0 2663854 8463 335 8242 2069 8476 502 8476 335 8917 -1 
318 1779794121 1779794121 0 2663690 448 8390 1686 8390 7788 -1 
129 1779794121 1779794121 0 2665610 2003 8979 2003 8859 2003 8859 2003 8859 2003 8859 
553 1779794121 1779794121 0 2663525 7353 8467 2517 8467 2517 -1 
584 1779794121 1779794121 0 2663595 500 8237 2520 8237 6741 9166 6330 9166 6480 -1 
662 1779794121 1779794121 0 2663595 6421 9166 51 9166 25 9166 6480 -1 
512 1779794121 1779794121 0 2663507 2818 8477 651 8357 169 8841 335 8461 -1 
117 1779794121 1779794121 0 2664615 542 8246 387 8246 374 8836 764 8501 8201 -1 
213 1779794121 1779794121 0 2664012 4783 8975 1916 8975 1865 -1 
260 1779794121 1779794121 0 2664181 6402 8519 7159 8519 7159 8519 335 8242 335 8551 
256 1779794121 1779794121 0 2664850 5782 8575 611 8665 2068 8665 2068 -1 
912 1779794121 1779794121 0 2664850 1723 8411 36 8665 2068 8665 -1 
1 1779794121 1779794121 0 2664615 2580 8531 1411 8474 430 8501 8201 -1 
194 1779794121 1779794121 0 2664615 6465 8836 764 8501 764 8836 430 8501 8201 -1 
33 1779794121 1779794121 0 2664116 5226 8685 1710 8549 4583 8549 1802 -1 
492 1779794121 1779794121 0 2664012 4783 8975 1916 8975 1916 8975 8143 8975 1865 -1 
986 1779794121 1779794121 0 2664114 8912 1074 9056 1074 9056 -1 
136 1779794121 1779794121 0 2664402 8619 233 8687 4390 8489 997 8929 8199 -1 
265 1779794121 1779794121 0 2664114 8679 1074 8912 1074 9056 1074 9056 1074 -1 
25 1779794121 1779794121 0 2664308 4616 8777 2110 8917 335 8242 335 8463 -1 
312 1779794121 1779794121 0 2664211 1180 8249 16 8325 16 9109 16 -1 
12 1779794121 1779794121 0 2665856 7293 8283 6251 -1 
524 1779794121 1779794121 0 2665585 2592 8331 233 8895 6100 -1 
705 1779794121 1779794121 0 2665375 8550 6747 8550 6747 -1 
707 1779794121 1779794121 0 2665375 1323 8529 2678 8550 6747 8550 6747 8550 -1 
481 1779794121 1779794121 0 2665195 7684 8504 3000 8504 7654 -1 
513 1779794121 1779794121 0 2665551 2533 8701 3491 9116 3491 8701 -1 
768 1779794121 1779794121 0 2665098 2815 8936 768 8317 768 8323 -1 
991 1779794121 1779794121 0 2665117 6770 8659 13 8659 13 8659 -1 
558 1779794121 1779794121 0 2665846 8358 356 8277 249 8652 4786 8652 2876 -1 
622 1779794121 1779794121 0 2665106 786 8257 1376 8502 1376 8257 541 8814 541 -1 
640 1779794121 1779794121 0 2665511 4042 8423 449 8814 449 8814 541 8814 8206 -1 
872 1779794121 1779794121 0 2665551 321 8632 920 9116 3491 8701 3491 -1 
544 1779794121 1779794121 0 2665511 3353 8814 449 8814 541 8814 8206 -1 
138 1779794121 1779794121 0 2666399 3364 8260 653 8260 8203 -1 
374 1779794121 1779794121 0 2666541 7650 8504 506 8277 -1 
941 1779794121 1779794121 0 2666914 7172 9049 1607 8367 1607 -1 
863 1779794121 1779794121 0 2666354 6354 8269 44 8269 1961 -1 
601 1779794121 1779794121 0 2666616 5914 8573 7029 8573 1594 8623 148 8277 506 8532 
357 1779794121 1779794121 0 2666260 770 8613 784 8613 2976 9088 17 8333 -1 
502 1779794121 1779794121 0 2666529 8887 3312 8887 2394 8887 -1 
200 1779794121 1779794121 0 2666060 3210 8887 119 8668 2041 -1 
132 1779794121 1779794121 0 2666914 8007 8367 1607 8367 -1 
401 1779794121 1779794121 0 2666494 8184 8593 4380 -1 
591 1779794121 1779794121 0 2666494 8184 8593 4380 -1 
510 1779794121 1779794121 0 2666060 5485 9096 119 9080 119 8668 2041 8668 -1 
139 1779794121 1779794121 0 2677403 8722 3518 8293 8 8234 8 8470 364 8537 1007 
399 1779794121 1779794121 0 2666964 7956 8347 7994 8347 3148 -1 
914 1779794121 1779794121 0 2666028 6170 8260 6170 -1 
439 1779794121 1779794121 0 2666529 3504 8668 119 8887 2394 8887 -1 
904 1779794121 1779794121 0 2667629 8963 5621 8963 3755 8963 5770 8963 1810 8332 -1 
570 1779794121 1779794121 0 2667629 6176 8332 124 8332 124 8332 1810 -1 
641 1779794121 1779794121 0 2667908 42 8267 3173 8267 3182 -1 
937 1779794121 1779794121 0 2667366 1791 8328 1283 8328 78 8245 4635 8245 78 -1 
629 1779794121 1779794121 0 2667366 7417 8314 4707 8314 4076 8328 78 8245 -1 
967 1779794121 1779794121 0 2667542 4803 8628 8162 8628 2209 -1 
382 1779794121 1779794121 0 2667969 3831 8249 4998 8249 476 8295 335 -1 
635 1779794121 1779794121 0 2667908 3211 8838 2087 8267 3173 8267 3173 8267 3182 -1 
515 1779794121 1779794121 0 2667510 451 8801 557 8565 3467 -1 
857 1779794121 1779794121 0 2667542 5307 8628 1349 8628 7154 8628 2209 -1 
143 1779794121 1779794121 0 2672534 1509 8414 4085 9045 6179 9045 6179 9045 6179 9045 
348 1779794121 1779794121 0 2669883 6909 9168 3360 8734 1401 8734 1206 8734 221 8719 
847 1779794121 1779794121 0 2669187 1675 8734 221 8734 221 9149 1206 8734 221 9149 
144 1779794121 1779794121 0 2668160 4021 8752 3266 8752 487 8991 487 9084 2436 -1 
447 1779794121 1779794121 0 2668424 6276 8454 8210 -1 
372 1779794121 1779794121 0 2668476 7061 9166 3148 8937 8211 -1 
419 1779794121 1779794121 0 2668469 2964 8531 6276 8454 447 8454 441 -1 
934 1779794121 1779794121 0 2668019 6823 8736 4736 8736 8209 -1 
48 1779794121 1779794121 0 2669847 8921 1087 8832 1087 9220 1087 9220 1087 9220 1087 
179 1779794121 1779794121 0 2668597 4071 8873 4463 8873 5100 8873 8188 9045 6179 9045 
321 1779794121 1779794121 0 2668968 4451 8806 146 8806 3804 8581 17 8572 400 -1 
375 1779794121 1779794121 0 2668968 5474 8817 616 8817 400 8572 -1 
284 1779794121 1779794121 0 2672534 5406 9045 5733 9045 6179 9045 6179 9045 6179 9045 
789 1779794121 1779794121 0 2668731 5133 9045 6179 9045 6179 9045 6179 9045 6179 9045 
21 1779794121 1779794121 0 2669066 5022 8318 537 9041 -1 
183 1779794121 1779794121 0 2669436 4867 8402 2485 8402 4455 -1 
94 1779794121 1779794121 0 2669604 2807 8717 1148 8869 2174 8907 4621 -1 
730 1779794121 1779794121 0 2669604 4229 8992 1761 9069 318 9215 4621 8907 -1 
257 1779794121 1779794121 0 2669431 116 8504 1066 9197 1066 9197 -1 
522 1779794121 1779794121 0 2669378 991 8615 1066 9197 1066 9197 1066 8652 -1 
718 1779794121 1779794121 0 2669060 7949 9197 509 8525 509 8525 509 -1 
917 1779794121 1779794121 0 2669066 7658 8801 1820 8318 537 9041 537 -1 
998 1779794121 1779794121 0 2669066 9141 1244 9041 1244 9041 537 9041 -1 
288 1779794121 1779794121 0 2669066 9141 1244 9041 1244 9041 537 9041 537 -1 
966 1779794121 1779794121 0 2669883 7532 8819 6654 8883 499 8883 221 8719 -1 
55 1779794121 1779794121 0 2670173 890 9209 -1 
706 1779794121 1779794121 0 2670276 8212 9224 -1 
650 1779794121 1779794121 0 2670343 4698 8271 4178 8271 4178 8271 -1 
142 1779794121 1779794121 0 2670487 119 9054 4603 9054 659 9123 506 8262 1066 -1 
181 1779794121 1779794121 0 2670168 7984 8365 274 8365 -1 
325 1779794121 1779794121 0 2670487 8015 9197 1066 9197 1066 8262 -1 
677 1779794121 1779794121 0 2670308 7510 8467 2517 8467 353 -1 
298 1779794121 1779794121 0 2670308 7118 8347 3323 8467 2517 8467 2517 8467 353 -1 
226 1779794121 1779794121 0 2670276 8200 9224 8212 -1 
490 1779794121 1779794121 0 2672673 6650 8447 571 8447 1828 8438 68 8591 143 8339 
233 1779794121 1779794121 0 2670487 3214 8541 3214 8541 1066 9197 1066 8262 -1 
548 1779794121 1779794121 0 2670969 7777 8347 1446 9084 1206 8852 1206 -1 
697 1779794121 1779794121 0 2671402 5064 8526 2219 8526 1906 -1 
970 1779794121 1779794121 0 2671724 2196 8791 1187 8791 221 8734 7702 8734 1959 -1 
509 1779794121 1779794121 0 2671634 4153 8260 4538 8591 1549 8617 781 8617 -1 
700 1779794121 1779794121 0 2671724 2655 8768 1369 8734 1206 8734 4096 8734 1959 -1 
486 1779794121 1779794121 0 2671463 2141 8551 476 8301 476 8295 -1 
813 1779794121 1779794121 0 2671274 3789 8582 1066 8511 7200 8511 1311 9214 442 -1 
965 1779794121 1779794121 0 2671274 1561 8579 640 9106 640 9106 640 -1 
54 1779794121 1779794121 0 2671274 8965 3110 8965 233 9106 640 9106 640 9106 -1 
63 1779794121 1779794121 0 2671274 8081 9106 640 9106 640 9106 640 9106 640 -1 
800 1779794121 1779794121 0 2671274 4477 8504 1712 8504 442 9214 -1 
909 1779794121 1779794121 0 2671257 1458 8375 609 8375 609 -1 
933 1779794121 1779794121 0 2671274 8807 116 8504 7654 8504 442 9214 -1 
373 1779794121 1779794121 0 2672489 156 8357 169 8357 -1 
876 1779794121 1779794121 0 2672489 694 8357 169 8357 169 8357 169 -1 
704 1779794121 1779794121 0 2672489 6167 8357 7184 8357 169 8357 169 8357 -1 
713 1779794121 1779794121 0 2672673 8039 9069 143 8339 -1 
162 1779794121 1779794121 0 2672547 8083 9205 6411 -1 
343 1779794121 1779794121 0 2672299 9040 3981 8462 575 8462 476 -1 
985 1779794121 1779794121 0 2672189 5454 8613 2976 9088 17 8639 -1 
736 1779794121 1779794121 0 2672189 3496 8295 476 8612 17 8639 -1 
896 1779794121 1779794121 0 2672219 7113 8849 476 8519 -1 
959 1779794121 1779794121 0 2672299 2963 8242 549 8849 227 8849 3649 8849 476 8462 
307 1779794121 1779794121 0 2672226 4405 8806 717 9207 512 -1 
69 1779794121 1779794121 0 2672189 8062 8489 997 8929 8192 8929 17 8639 -1 
579 1779794121 1779794121 0 2672954 7710 8526 4033 8526 1366 -1 
869 1779794121 1779794121 0 2677192 7888 8250 1680 9148 1680 9148 68 9084 994 8634 
647 1779794121 1779794121 0 2676549 4385 8263 6442 8591 7536 8591 68 9084 994 8634 
2 1779794121 1779794121 0 2677192 769 8526 130 8591 7536 8591 68 9084 994 8634 
916 1779794121 1779794121 0 2672534 4113 9045 6179 9045 6179 9045 -1 
882 1779794121 1779794121 0 2672673 8157 8591 143 8339 -1 
474 1779794121 1779794121 0 2672025 1969 8295 7545 8295 476 8849 -1 
5 1779794121 1779794121 0 2672547 2146 8414 143 9205 6411 9205 6411 -1 
9 1779794121 1779794121 0 2672219 8964 2069 8476 476 8551 335 8295 476 8519 -1 
433 1779794121 1779794121 0 2672847 9118 5467 9118 5467 9118 -1 
733 1779794121 1779794121 0 2672219 3499 8516 476 8519 -1 
783 1779794121 1779794121 0 2672299 7084 8295 476 8841 335 8519 476 8462 -1 
609 1779794121 1779794121 0 2672935 4464 8716 623 9215 6953 9215 -1 
438 1779794121 1779794121 0 2672926 8982 3252 9130 3252 8982 3252 8982 3252 8982 3252 
514 1779794121 1779794121 0 2672924 5491 8250 1802 8250 1802 8250 8214 8250 1023 -1 
436 1779794121 1779794121 0 2672299 7469 8249 1625 8249 476 8849 476 8462 -1 
42 1779794121 1779794121 0 2673594 5376 8771 107 9133 -1 
87 1779794121 1779794121 0 2673220 2004 8466 887 8686 3800 8686 1549 -1 
53 1779794121 1779794121 0 2673220 6983 8686 1549 -1 
830 1779794121 1779794121 0 2673581 5267 8471 233 9061 4085 -1 
749 1779794121 1779794121 0 2673556 1665 8813 1665 8813 1665 8813 1665 -1 
10 1779794121 1779794121 0 2673581 277 8423 1973 9084 1206 8734 4085 9061 -1 
747 1779794121 1779794121 0 2673906 1220 9185 6866 9185 6866 9185 221 -1 
905 1779794121 1779794121 0 2673594 6773 9133 1885 9133 107 -1 
208 1779794121 1779794121 0 2673757 6183 8590 5546 8590 1362 8590 686 8590 6113 -1 
680 1779794121 1779794121 0 2673416 1820 8801 601 8561 611 8572 17 8576 -1 
71 1779794121 1779794121 0 2673219 3409 8382 623 8671 3420 8671 623 8716 1325 -1 
658 1779794121 1779794121 0 2673219 8190 8382 623 8716 1325 -1 
44 1779794121 1779794121 0 2673219 5288 8817 2491 8817 616 8817 623 8716 1325 -1 
403 1779794121 1779794121 0 2673219 7567 8902 623 8671 623 8817 623 8716 1325 -1 
796 1779794121 1779794121 0 2673335 665 8357 423 8883 499 8883 221 8734 -1 
111 1779794121 1779794121 0 2678000 6825 8576 327 8451 327 8576 636 8576 17 8676 
535 1779794121 1779794121 0 2673852 9022 3749 9022 3749 9022 3749 9022 3749 -1 
463 1779794121 1779794121 0 2673581 2528 8919 2528 8919 2528 8919 4085 9061 -1 
358 1779794121 1779794121 0 2673416 7557 8639 951 8639 951 8639 17 8576 -1 
310 1779794121 1779794121 0 2673164 8598 3720 8553 3720 8553 577 8553 577 -1 
378 1779794121 1779794121 0 2673164 577 8553 577 8553 577 -1 
453 1779794121 1779794121 0 2673164 6038 8598 3720 8553 3016 8553 577 8553 577 -1 
848 1779794121 1779794121 0 2674676 3434 8593 906 -1 
484 1779794121 1779794121 0 2674523 5530 8830 422 9222 422 8434 422 9222 8218 9222 
877 1779794121 1779794121 0 2674963 7957 8260 68 -1 
394 1779794121 1779794121 0 2674057 6120 8778 36 8411 36 -1 
242 1779794121 1779794121 0 2674174 2731 8611 759 8741 1975 8577 -1 
427 1779794121 1779794121 0 2674057 3201 8263 4230 9155 331 8411 2144 8411 36 -1 
300 1779794121 1779794121 0 2674865 7049 8434 272 8434 422 9222 8218 9222 -1 
40 1779794121 1779794121 0 2674676 2583 8593 2945 8593 261 8593 906 8593 -1 
819 1779794121 1779794121 0 2675165 490 8476 -1 
547 1779794121 1779794121 0 2675299 4083 8358 2933 8358 -1 
137 1779794121 1779794121 0 2675481 4215 8555 8222 -1 
961 1779794121 1779794121 0 2675075 4529 8316 160 8316 8220 -1 
278 1779794121 1779794121 0 2675525 2636 8339 3148 9166 6330 9166 2515 9166 -1 
227 1779794121 1779794121 0 2675525 4943 9078 5176 9166 25 9166 2515 9166 -1 
244 1779794121 1779794121 0 2675525 6330 9166 6223 9166 2515 -1 
895 1779794121 1779794121 0 2675525 6222 9166 6338 9166 2515 -1 
520 1779794121 1779794121 0 2675243 5169 8635 1202 8698 1049 8698 1971 -1 
302 1779794121 1779794121 0 2675942 5425 8241 1959 8734 221 9185 1247 -1 
173 1779794121 1779794121 0 2675207 5482 8549 1071 8549 -1 
349 1779794121 1779794121 0 2675243 2674 8564 1202 8698 1971 8698 -1 
323 1779794121 1779794121 0 2675525 2908 9166 2515 9166 2515 -1 
727 1779794121 1779794121 0 2675243 6615 8956 7186 8698 678 8698 1971 8698 -1 
745 1779794121 1779794121 0 2675525 8381 1724 8381 51 9166 6330 9166 2515 9166 -1 
751 1779794121 1779794121 0 2675525 2515 9166 25 9166 2515 9166 -1 
178 1779794121 1779794121 0 2675525 6337 9166 6338 9166 2515 9166 -1 
871 1779794121 1779794121 0 2675525 6504 9166 6338 9166 6338 9166 2515 9166 -1 
652 1779794121 1779794121 0 2676273 3087 8316 160 8316 -1 
923 1779794121 1779794121 0 2677664 8516 233 9184 4085 8734 1343 8937 5552 8937 8225 
731 1779794121 1779794121 0 2676174 4778 9168 7850 8937 5552 -1 
866 1779794121 1779794121 0 2676672 1191 8249 165 8249 6323 9223 1305 9223 2019 -1 
555 1779794121 1779794121 0 2676672 2546 8397 603 8397 1305 9223 2019 -1 
471 1779794121 1779794121 0 2676672 8013 9223 1305 9223 2019 -1 
30 1779794121 1779794121 0 2676399 4126 8540 1448 8540 3537 8540 919 8697 267 8697 
739 1779794121 1779794121 0 2676111 2012 8247 1381 8758 1101 8758 -1 
99 1779794121 1779794121 0 2676111 8758 1101 8758 1381 8758 1101 -1 
531 1779794121 1779794121 0 2677738 5697 8781 730 8325 16 8325 16 9109 5299 9109 
6 1779794121 1779794121 0 2676273 8220 8316 160 -1 
209 1779794121 1779794121 0 2677022 8154 9084 318 9084 1973 9084 1856 8676 1856 8676 
562 1779794121 1779794121 0 2676808 7697 8772 541 8814 3514 8814 -1 
607 1779794121 1779794121 0 2677700 7025 8592 535 8718 1920 -1 
605 1779794121 1779794121 0 2677791 1772 8713 963 -1 
11 1779794121 1779794121 0 2677895 4023 8241 488 8241 488 8241 7772 -1 
604 1779794121 1779794121 0 2677984 7090 8576 327 8451 327 -1 
190 1779794121 1779794121 0 2677700 7982 8718 1024 8718 1920 -1 
475 1779794121 1779794121 0 2677984 1849 8487 1219 8892 327 8451 327 8451 327 -1 
252 1779794121 1779794121 0 2677700 3970 8266 41 8266 608 8718 1024 8718 1920 -1 
538 1779794121 1779794121 0 2677219 3837 9168 142 9168 142 9205 6411 9205 8224 -1 
485 1779794121 1779794121 0 2677241 5860 9071 4266 9084 277 9084 3114 9084 4217 -1 
702 1779794121 1779794121 0 2677219 7461 9168 6411 9205 6411 9205 6411 9205 8224 -1 
913 1779794121 1779794121 0 2677219 6464 9163 646 8546 646 9205 6411 9205 8224 -1 
193 1779794121 1779794121 0 2677241 7839 8896 277 9084 4217 -1 
765 1779794121 1779794121 0 2677241 7085 8706 1276 9084 867 9084 277 9084 4217 -1 
599 1779794121 1779794121 0 2677241 8142 9084 867 9084 3574 9084 277 9084 4217 -1 
224 1779794121 1779794121 0 2677738 5299 9109 5299 9109 5299 9109 -1 
384 1779794121 1779794121 0 2677386 8063 8634 994 8634 994 -1 
58 1779794121 1779794121 0 2677664 7222 9092 1296 8937 5552 8937 8225 -1 
311 1779794121 1779794121 0 2677738 7117 9109 5299 9109 5299 9109 5299 9109 5299 -1 
303 1779794121 1779794121 0 2677882 1443 8480 267 8697 267 8697 752 -1 
781 1779794121 1779794121 0 2677633 2048 8537 1007 8537 -1 
870 1779794121 1779794121 0 2677386 837 8634 994 8634 994 -1 
113 1779794121 1779794121 0 2677979 2445 8734 1959 8260 653 8260 8226 -1 
948 1779794121 1779794121 0 2677979 3693 8649 3729 8817 997 8929 3390 8929 -1 
787 1779794121 1779794121 0 2677979 2237 9077 33 8260 8203 8260 653 8260 8226 -1 
102 1779794121 1779794121 0 2678000 4365 8563 1492 8572 17 8676 -1 
264 1779794121 1779794121 0 2678155 8859 2003 8859 2003 8859 2003 -1 
336 1779794121 1779794121 0 2678030 6958 8964 335 8612 145 8612 -1 
521 1779794121 1779794121 0 2678030 5515 8963 68 8612 145 8612 145 8612 -1 
480 1779794121 1779794121 0 2678030 3765 8964 1046 8249 171 8295 145 8612 145 -1 
981 1779794121 1779794121 0 2678030 2663 8454 4941 8295 171 8295 145 8612 145 -1 
451 1779794121 1779794121 0 2678027 8019 8292 875 8260 653 8260 -1 
330 1779794121 1779794121 0 2678027 7430 8361 17 8260 653 8260 -1 
901 1779794121 1779794121 0 2678373 2498 8722 2399 8722 2399 8722 2399 -1 
39 1779794121 1779794121 0 2678027 1723 8260 653 8260 653 -1 
402 1779794121 1779794121 0 2678027 2857 8501 68 8260 653 8260 653 8260 -1 
