23 "[(8250, 3, 1529)]"
26 "[(8253, 7, 1651), (8503, 6, 60590), (8338, 1, 865680), (8936, 1, 871092), (8567, 0, 1377129), (8823, 2, 2078606), (8333, 4, 2339597), (8587, 1, 2594052)]"
36 "[(8263, 2, 2382), (8588, 7, 209832), (8433, 7, 270594), (8433, 7, 300208), (8433, 7, 342930), (8433, 7, 343069), (8433, 7, 343428), (8588, 7, 351658), (8588, 7, 359642), (8433, 7, 362482), (8433, 7, 363021), (8588, 7, 388711), (8263, 2, 692834), (8433, 7, 696656), (8433, 7, 696802), (8433, 7, 696988), (8433, 7, 783155), (8433, 7, 793448), (8433, 7, 793801), (8433, 7, 797130), (8433, 7, 822429), (8433, 7, 822517), (8633, 1, 901786), (8402, 4, 1208462), (8665, 2, 2528707), (8665, 2, 2546850), (8665, 2, 2547015), (8665, 2, 2547045)]"
19 "[(8260, 6, 2627)]"
8290 "[(69, 4, 6359), (1359, 2, 325328), (744, 7, 1355011), (697, 1, 1534141), (697, 1, 1534210), (233, 6, 1577485), (1155, 0, 1708685), (4085, 7, 1744968), (1114, 2, 1799299), (233, 6, 1836165), (3605, 4, 1893256)]"
87 "[(8302, 7, 8942)]"
8336 "[(95, 3, 17435), (95, 3, 622384), (95, 3, 647154), (95, 3, 703892), (95, 3, 809016), (95, 3, 898672), (95, 3, 937953), (95, 3, 967053), (95, 3, 983358), (95, 3, 1024147), (611, 1, 1063459), (95, 3, 1069425), (95, 3, 1155722), (95, 3, 1196858), (95, 3, 1232482), (7038, 7, 2145557)]"
8314 "[(161, 3, 19842), (161, 3, 19904), (1906, 6, 357382), (17, 1, 409032), (1906, 6, 437002), (22, 4, 437135), (22, 4, 437270), (1906, 6, 437353), (148, 2, 485950), (167, 1, 494801), (4033, 6, 953200), (2442, 6, 1204949), (4339, 6, 1205155), (4339, 6, 1205211), (870, 2, 1205299), (870, 2, 1205440), (870, 2, 1205611), (870, 2, 1205799), (1906, 6, 1218364), (1906, 6, 1218399), (3210, 7, 1256194), (3210, 7, 1257216), (3210, 7, 1260724), (5146, 6, 1297204), (233, 6, 1319656), (1906, 6, 1391518), (233, 6, 1575655), (3751, 6, 1603613), (211, 4, 1614293), (1848, 4, 1643466), (1848, 4, 1644176), (5063, 6, 1667518), (5063, 6, 1667589), (5063, 6, 1667773), (5063, 6, 1667930), (954, 6, 1742886), (110, 6, 2074523), (1906, 6, 2252708), (1906, 6, 2325825), (1906, 6, 2339288), (2761, 6, 2421766), (4033, 6, 2437610), (4033, 6, 2437897), (2277, 4, 2454777), (2277, 4, 2454880), (1970, 3, 2460188), (2134, 7, 2461224), (5480, 3, 2500858), (1200, 7, 2502168)]"
163 "[(8283, 2, 20156), (8283, 2, 424867), (8283, 2, 424929), (8467, 4, 1376802), (8467, 4, 1376844), (8467, 4, 2121727), (8504, 2, 2345031), (8504, 2, 2499354), (8504, 2, 2648661)]"
8264 "[(190, 3, 24014), (925, 3, 146124), (925, 3, 231402), (925, 3, 231458), (925, 3, 231473), (925, 3, 231494), (925, 3, 231788), (378, 3, 233330), (925, 3, 332282), (925, 3, 408186), (925, 3, 418578), (2441, 3, 501351), (2441, 3, 501415), (925, 3, 512302), (2069, 3, 540254), (2069, 3, 540343), (167, 1, 562251), (925, 3, 592887), (925, 3, 592902), (925, 3, 679134), (437, 6, 685735), (437, 6, 688035), (925, 3, 750529), (925, 3, 751337), (502, 3, 841651), (925, 3, 939151), (925, 3, 1022920), (925, 3, 1196690), (925, 3, 1197606), (925, 3, 1440322), (925, 3, 1441631), (925, 3, 1635637), (443, 1, 1710772), (925, 3, 1802589), (22, 4, 1904911), (925, 3, 2046435), (335, 3, 2062358), (443, 1, 2125899), (443, 1, 2126887), (925, 3, 2155217), (4085, 7, 2286341), (233, 6, 2530507), (925, 3, 2650540)]"
235 "[(8235, 1, 30675), (8282, 3, 286661)]"
8412 "[(267, 4, 37071), (790, 0, 140954), (924, 0, 145994), (924, 0, 153805), (790, 0, 154571), (790, 0, 154609), (1022, 0, 160380), (1022, 0, 161181), (1022, 0, 161220), (1022, 0, 161415), (233, 6, 280742)]"
8462 "[(335, 3, 46746), (808, 1, 135518), (335, 3, 165484), (512, 4, 177029), (1137, 4, 185148), (476, 3, 232972), (476, 3, 233029), (335, 3, 248425), (1046, 3, 458924), (1046, 3, 459657), (1046, 3, 459684), (1046, 3, 460024), (1046, 3, 460268), (1046, 3, 461193), (2573, 3, 529669), (2573, 3, 692442), (2573, 3, 692474), (73, 0, 823861), (335, 3, 942956), (335, 3, 1227028), (335, 3, 1290316), (4825, 1, 1304340), (335, 3, 1364812), (335, 3, 1442325), (335, 3, 1531969), (3049, 2, 1667332), (335, 3, 1814740), (335, 3, 1917538), (3049, 2, 1959466), (335, 3, 1987871), (335, 3, 2047779), (335, 3, 2186691), (335, 3, 2238844), (3981, 6, 2254206), (3981, 6, 2254239), (335, 3, 2429694), (335, 3, 2521723), (782, 1, 2553277), (335, 3, 2566725), (335, 3, 2664095), (476, 3, 2672299)]"
8463 "[(335, 3, 46819), (378, 3, 53980), (335, 3, 110779), (335, 3, 165712), (378, 3, 176262), (378, 3, 234023), (476, 3, 241307), (476, 3, 241360), (145, 3, 271966), (435, 2, 316272), (1883, 3, 353307), (233, 6, 367592), (378, 3, 430003), (443, 1, 575131), (3255, 7, 722065), (1185, 6, 727485), (335, 3, 761223), (3655, 3, 837889), (1046, 3, 953724), (1046, 3, 955396), (335, 3, 1305068), (335, 3, 1365455), (335, 3, 1442787), (476, 3, 1455507), (476, 3, 1455561), (898, 4, 1527996), (335, 3, 1532266), (2819, 4, 1803574), (335, 3, 1988372), (335, 3, 2048018), (1076, 6, 2059546), (335, 3, 2061483), (17, 1, 2143495), (148, 2, 2143963), (1076, 6, 2246085), (1076, 6, 2279918), (171, 3, 2387220), (1341, 6, 2398925), (5538, 2, 2459612), (335, 3, 2566917), (1625, 3, 2626175), (335, 3, 2664308)]"
350 "[(8466, 1, 48938), (8665, 2, 142828), (8887, 7, 658881), (8318, 6, 908010), (8992, 0, 988761), (8992, 0, 988804), (8612, 3, 1159257), (9163, 7, 1783871), (8602, 4, 2293053), (8347, 3, 2301992)]"
351 "[(8438, 7, 49009), (8339, 3, 722589), (8726, 4, 879591), (8355, 2, 2552855)]"
8392 "[(353, 4, 49806), (353, 4, 51372), (353, 4, 138211), (353, 4, 422405), (353, 4, 568936), (353, 4, 569355), (2953, 6, 1006144), (353, 4, 1600795), (353, 4, 2636761)]"
371 "[(8235, 1, 52200), (8235, 1, 54257), (8467, 4, 133790), (8235, 1, 1167962), (8634, 1, 2203666), (8467, 4, 2228892), (8467, 4, 2228988), (8634, 1, 2241726)]"
8256 "[(386, 3, 54878), (734, 2, 105130), (68, 7, 107459), (870, 2, 139659), (1726, 7, 325298), (608, 7, 2596705)]"
8411 "[(426, 6, 60270), (487, 6, 65417), (489, 0, 65693), (489, 0, 65719), (119, 6, 78389), (496, 0, 78878), (190, 3, 89763), (800, 1, 118419), (285, 0, 132632), (870, 2, 135193), (912, 3, 148365), (17, 1, 148451), (17, 1, 150750), (563, 3, 157316), (384, 3, 162157), (1070, 1, 167811), (17, 1, 186170), (1007, 7, 186302), (190, 3, 199359), (1294, 4, 223645), (1007, 7, 234415), (1007, 7, 236425), (1379, 1, 241188), (17, 1, 250645), (190, 3, 250713), (1466, 6, 259672), (68, 7, 263314), (1519, 3, 270950), (1519, 3, 270973), (17, 1, 302573), (1674, 7, 313953), (17, 1, 316136), (1702, 1, 319504), (190, 3, 336446), (17, 1, 347927), (1610, 1, 381190), (17, 1, 386921), (1277, 7, 388982), (1277, 7, 389005), (644, 6, 418771), (644, 6, 418804), (496, 0, 450974), (1793, 3, 479801), (2335, 6, 482528), (870, 2, 493387), (2654, 3, 553989), (768, 1, 594355), (768, 1, 594371), (768, 1, 594672), (768, 1, 594794), (119, 6, 595040), (86, 0, 601267), (220, 0, 617136), (220, 0, 617208), (487, 6, 640966), (119, 6, 679027), (1294, 4, 694969), (2098, 2, 713107), (2098, 2, 713126), (870, 2, 753123), (870, 2, 848292), (2098, 2, 852921), (2654, 3, 900556), (2654, 3, 932717), (4025, 1, 951279), (1140, 2, 976254), (541, 6, 1023381), (1140, 2, 1023397), (541, 6, 1023578), (4269, 3, 1026261), (2526, 1, 1044521), (4499, 6, 1098402), (4541, 4, 1110544), (4579, 6, 1121472), (1493, 6, 1170439), (509, 6, 1173223), (2098, 2, 1178772), (4248, 6, 1181865), (644, 6, 1194137), (233, 6, 1239809), (1702, 1, 1244071), (1046, 3, 1249019), (5039, 3, 1265724), (119, 6, 1267112), (870, 2, 1273006), (974, 7, 1275503), (285, 0, 1344124), (3532, 4, 1368002), (996, 7, 1381155), (119, 6, 1385829), (1723, 6, 1422610), (1723, 6, 1422748), (1723, 6, 1423110), (867, 6, 1424047), (867, 6, 1424099), (912, 3, 1440611), (912, 3, 1440735), (1294, 4, 1444659), (2577, 4, 1462318), (870, 2, 1464154), (912, 3, 1485956), (996, 7, 1491983), (996, 7, 1492033), (996, 7, 1492489), (1702, 1, 1517371), (867, 6, 1543769), (867, 6, 1543792), (4952, 1, 1548612), (1338, 1, 1555197), (43, 6, 1578630), (119, 6, 1607960), (1811, 2, 1612146), (1811, 2, 1616845), (2146, 3, 1638145), (2146, 3, 1638322), (119, 6, 1660859), (119, 6, 1661075), (68, 7, 1666469), (487, 6, 1705721), (644, 6, 1715001), (644, 6, 1715030), (699, 1, 1751628), (644, 6, 1865957), (67, 1, 1868142), (285, 0, 1885318), (644, 6, 1889934), (644, 6, 1890050), (285, 0, 1936600), (2839, 1, 2018888), (2839, 1, 2018914), (2839, 1, 2019129), (6920, 7, 2054894), (2447, 6, 2056910), (119, 6, 2062873), (1404, 7, 2065260), (699, 1, 2093670), (699, 1, 2093709), (699, 1, 2093747), (6088, 2, 2116762), (119, 6, 2126427), (1702, 1, 2128802), (487, 6, 2129048), (487, 6, 2129157), (644, 6, 2129859), (1702, 1, 2130316), (1702, 1, 2130395), (601, 4, 2146849), (601, 4, 2146890), (601, 4, 2152594), (7127, 2, 2159906), (4085, 7, 2173181), (7127, 2, 2227101), (2577, 4, 2263044), (2577, 4, 2264052), (3968, 2, 2273758), (1404, 7, 2293221), (1404, 7, 2293259), (1404, 7, 2293286), (870, 2, 2325229), (3440, 7, 2351934), (3440, 7, 2351951), (1280, 1, 2371566), (2098, 2, 2389402), (3497, 3, 2390089), (1404, 7, 2413539), (4085, 7, 2429943), (68, 7, 2434542), (3839, 2, 2449818), (5273, 4, 2461839), (870, 2, 2473436), (2098, 2, 2477804), (1404, 7, 2512653), (119, 6, 2516467), (4825, 1, 2529492), (2654, 3, 2564856), (1404, 7, 2570368), (2133, 1, 2625298), (2133, 1, 2625449), (835, 1, 2634545), (867, 6, 2635274), (1338, 1, 2642828), (1042, 4, 2661695), (55, 0, 2672808)]"
432 "[(8423, 6, 60619), (8423, 6, 60934)]"
331 "[(8423, 6, 60959), (8423, 6, 61356), (8423, 6, 61406), (8325, 1, 144067), (8325, 1, 144180), (8709, 2, 213992), (8709, 2, 214101), (8709, 2, 214242), (8896, 6, 478900), (8325, 1, 480218), (8633, 1, 587006), (8325, 1, 849804), (8325, 1, 864122), (8936, 1, 928420), (8343, 1, 1017658), (8325, 1, 1106380), (8325, 1, 1111427), (9069, 6, 1177816), (9069, 6, 1177843), (8325, 1, 1196211), (8325, 1, 1713334), (8325, 1, 1851831), (8325, 1, 1970282), (8325, 1, 1979374), (8733, 7, 1984263), (9201, 2, 2118116), (8325, 1, 2149566), (9152, 2, 2207364), (8325, 1, 2314975), (8325, 1, 2469980)]"
8372 "[(426, 6, 61108), (835, 1, 126515), (487, 6, 127948), (487, 6, 127979), (487, 6, 128080), (318, 7, 152603), (384, 3, 163344), (1218, 4, 207504), (1218, 4, 235842), (1218, 4, 253069), (285, 0, 330148), (823, 0, 357190), (40, 0, 506058), (4085, 7, 2186331), (1404, 7, 2293668), (1404, 7, 2293711), (233, 6, 2528957)]"
8371 "[(447, 4, 62062), (1946, 7, 373936), (1064, 7, 424648), (447, 4, 498388), (447, 4, 542011), (447, 4, 652895), (17, 1, 1158969), (447, 4, 1479379), (447, 4, 1955260), (447, 4, 1956886), (1975, 4, 2061218), (1975, 4, 2061313), (1975, 4, 2061529), (1975, 4, 2159283), (1975, 4, 2159307), (1975, 4, 2159411), (1975, 4, 2159457), (6191, 1, 2304430)]"
448 "[(8477, 3, 62112), (8477, 3, 65623), (8477, 3, 146197), (8477, 3, 148499), (8477, 3, 234110), (8477, 3, 242879), (8477, 3, 407407), (8477, 3, 656365), (8477, 3, 757673), (8477, 3, 838906), (8477, 3, 1358375), (8477, 3, 1441573), (8477, 3, 2047271), (8477, 3, 2057155), (8477, 3, 2650377), (8477, 3, 2650757)]"
471 "[(8423, 6, 64218), (8423, 6, 64277), (8249, 3, 155351), (8722, 2, 255600), (8719, 2, 255985), (8734, 2, 256143), (8734, 2, 256534), (8734, 2, 256641), (8734, 2, 256856), (8734, 2, 257833), (8734, 2, 258199), (8872, 6, 1044725), (8872, 6, 1170796), (8872, 6, 1187192), (8380, 4, 1645340), (8380, 4, 1645420), (8380, 4, 1645507), (8917, 3, 1819771), (8917, 3, 1820073), (8917, 3, 1820090)]"
8528 "[(517, 1, 68304), (517, 1, 68358), (532, 1, 79475), (517, 1, 100675), (951, 4, 171227), (517, 1, 231206), (951, 4, 335728), (517, 1, 367051), (951, 4, 396301), (951, 4, 426803), (951, 4, 433455), (951, 4, 461011), (517, 1, 504704), (517, 1, 590676), (517, 1, 590711), (951, 4, 753782), (951, 4, 767963), (951, 4, 852668), (951, 4, 852747), (951, 4, 1104193), (951, 4, 1188784), (517, 1, 1284655), (611, 1, 1326664), (951, 4, 1359761), (951, 4, 1371449), (951, 4, 1376915), (5614, 4, 1466228), (517, 1, 1470016), (951, 4, 1546059), (951, 4, 1600903), (951, 4, 1704145), (517, 1, 1717248), (517, 1, 1717316), (951, 4, 1720405), (951, 4, 1797895), (2190, 0, 1888472), (517, 1, 1898984), (951, 4, 1899192), (951, 4, 1984072), (951, 4, 1988263), (951, 4, 2149612), (951, 4, 2161748), (951, 4, 2188633), (517, 1, 2258451), (517, 1, 2258497), (951, 4, 2322437), (532, 1, 2392278), (517, 1, 2417896), (17, 1, 2546374), (951, 4, 2655831)]"
8531 "[(506, 2, 69478), (423, 2, 71443), (2203, 3, 434216), (2894, 2, 605514), (506, 2, 646744), (3534, 4, 789121), (506, 2, 854864), (506, 2, 937125), (353, 4, 1168895), (506, 2, 1172771), (506, 2, 1172807), (506, 2, 1172894), (506, 2, 1247408), (506, 2, 1419267), (3534, 4, 1428576), (6945, 4, 2227461)]"
539 "[(8423, 6, 71389), (8896, 6, 482325), (8936, 1, 595682), (8936, 1, 598588), (8936, 1, 618485), (8936, 1, 703094), (8936, 1, 703110), (9054, 6, 1029241), (9069, 6, 1179056), (8402, 4, 1207100), (8402, 4, 1207115), (9069, 6, 1207446), (9069, 6, 1207508), (8402, 4, 1442561), (9117, 3, 1820224), (8402, 4, 1834876), (8402, 4, 2073854), (9080, 6, 2241804), (9080, 6, 2256555), (9080, 6, 2267036), (9080, 6, 2267225), (9080, 6, 2267299), (9080, 6, 2296745), (9080, 6, 2445224), (9080, 6, 2579609)]"
543 "[(8423, 6, 71534)]"
554 "[(8276, 3, 72965)]"
8549 "[(557, 4, 73102), (557, 4, 73228), (1710, 4, 320639), (1721, 3, 323590), (1802, 3, 335544), (1802, 3, 335563), (1802, 3, 335586), (233, 6, 364775), (68, 7, 373461), (557, 4, 471510), (1802, 3, 571321), (1802, 3, 573298), (1802, 3, 573314), (1802, 3, 630257), (1802, 3, 630317), (1802, 3, 630369), (1802, 3, 630424), (1710, 4, 673753), (3184, 2, 685976), (1802, 3, 698262), (68, 7, 699481), (557, 4, 848075), (557, 4, 848163), (557, 4, 848260), (1710, 4, 848554), (557, 4, 848764), (557, 4, 849010), (1710, 4, 856121), (1802, 3, 984108), (1802, 3, 1077485), (1423, 4, 1119610), (22, 4, 1128472), (1710, 4, 1132420), (1802, 3, 1146688), (1802, 3, 1165607), (1802, 3, 1165625), (68, 7, 1188686), (1802, 3, 1204786), (1710, 4, 1205249), (1802, 3, 1206022), (1802, 3, 1207231), (1802, 3, 1209145), (1802, 3, 1209164), (1710, 4, 1225299), (1103, 1, 1255943), (1710, 4, 1482475), (1802, 3, 1502257), (68, 7, 1503468), (557, 4, 1548371), (1131, 4, 1553607), (1802, 3, 1561723), (983, 3, 1617271), (1802, 3, 1685242), (3748, 6, 1691329), (1802, 3, 1771483), (1802, 3, 1771535), (1802, 3, 2085423), (1802, 3, 2090859), (1802, 3, 2233963), (1802, 3, 2234104), (1802, 3, 2234142), (1802, 3, 2241654), (1802, 3, 2242947), (1802, 3, 2243228), (1802, 3, 2383923), (1802, 3, 2383998), (1802, 3, 2384014), (1802, 3, 2384102), (1802, 3, 2384121), (1802, 3, 2493326), (3146, 4, 2567567), (1802, 3, 2573542), (1802, 3, 2573580), (1802, 3, 2588994), (1802, 3, 2664116)]"
558 "[(8423, 6, 73198)]"
374 "[(8423, 6, 73476), (8246, 1, 2215987)]"
8454 "[(68, 7, 78346), (630, 0, 83396), (447, 4, 652284), (68, 7, 927591), (1649, 0, 1279947), (4941, 3, 1386335), (4941, 3, 1386371), (4941, 3, 1386526), (4941, 3, 1386594), (4941, 3, 1386740), (5413, 4, 1387626), (233, 6, 1492831), (423, 2, 2304084), (447, 4, 2638997), (447, 4, 2639736), (447, 4, 2639853), (447, 4, 2640021), (447, 4, 2640240), (447, 4, 2640471), (447, 4, 2646158)]"
8560 "[(597, 7, 78499)]"
230 "[(8239, 0, 81084), (8239, 0, 414595), (8748, 7, 594813)]"
8482 "[(517, 1, 81328), (17, 1, 417663), (2138, 6, 418375), (1492, 0, 834435), (517, 1, 1174593), (367, 7, 1591436), (517, 1, 1803556), (5398, 3, 1895929), (5398, 3, 2197665), (517, 1, 2258635)]"
635 "[(8575, 1, 84692), (8603, 7, 425093), (8603, 7, 614809), (8603, 7, 1004828), (8402, 4, 1217347), (8603, 7, 1381958), (9104, 7, 1386313), (9104, 7, 1475126), (8575, 1, 1742619), (8575, 1, 1745123), (8575, 1, 1745916), (8603, 7, 2252300), (8757, 6, 2418558), (8757, 6, 2463472), (8603, 7, 2550076), (9104, 7, 2558088), (8603, 7, 2596637), (9104, 7, 2664170)]"
8358 "[(17, 1, 88465), (22, 4, 88552), (1401, 2, 356682), (1401, 2, 396200), (2146, 3, 421244), (2146, 3, 421262), (611, 1, 423564), (45, 3, 721347), (1401, 2, 791356), (2943, 2, 800818), (1401, 2, 854523), (3728, 3, 949136), (4390, 2, 1053599), (17, 1, 1062475), (1382, 6, 1117091), (4630, 7, 1141251), (17, 1, 1207695), (22, 4, 1207738), (17, 1, 1262198), (22, 4, 1287835), (233, 6, 1326471), (2458, 3, 1351846), (502, 3, 1365789), (3039, 6, 1488859), (730, 1, 1518085), (730, 1, 1518103), (2933, 3, 1713889), (2933, 3, 1714482), (2933, 3, 1714553), (53, 3, 1726979), (476, 3, 1742421), (356, 7, 2166189), (718, 3, 2276036), (718, 3, 2276091), (2933, 3, 2675299)]"
8328 "[(472, 7, 98775), (526, 7, 159009), (526, 7, 159090), (472, 7, 248862), (472, 7, 283319), (472, 7, 362410), (472, 7, 625168), (472, 7, 625224), (1214, 7, 721013), (233, 6, 805298), (472, 7, 805824), (526, 7, 852224), (526, 7, 852628), (526, 7, 852696), (526, 7, 1036682), (472, 7, 1230435), (2216, 4, 1476832), (472, 7, 1486435), (472, 7, 1666577), (6735, 6, 1957156), (4416, 7, 2008905), (526, 7, 2019936), (526, 7, 2066764), (526, 7, 2067377), (526, 7, 2067485), (526, 7, 2204842), (472, 7, 2213976), (7306, 7, 2223765), (526, 7, 2374144), (526, 7, 2380245), (526, 7, 2380271), (526, 7, 2380556), (2216, 4, 2527256)]"
733 "[(8603, 7, 104717)]"
761 "[(8423, 6, 109583), (8423, 6, 109622), (8883, 2, 510299), (8883, 2, 510363), (8249, 3, 515858), (8623, 2, 892704), (8623, 2, 892718), (8623, 2, 892741), (8623, 2, 892756), (8623, 2, 892770), (8623, 2, 892787), (8623, 2, 892816), (8623, 2, 892837), (8623, 2, 892852), (8806, 4, 1051466), (8241, 6, 1055165), (8402, 4, 1231837), (8250, 3, 1742604), (8250, 3, 1744594), (8250, 3, 1744987), (8307, 3, 2042725), (8734, 2, 2325298)]"
659 "[(8618, 1, 114640), (8635, 0, 127320), (8534, 6, 268963), (8525, 6, 269846), (8631, 3, 270194), (8338, 1, 353872), (8854, 6, 453925), (8514, 4, 525354), (8901, 7, 610522), (8236, 6, 696381), (8389, 0, 877078), (8539, 4, 880730), (9026, 0, 953443), (9033, 0, 1252805), (8578, 4, 1423060), (8996, 4, 1423368), (9165, 6, 1730960), (9136, 0, 1731235), (8385, 2, 1908364), (8250, 3, 2120096), (9054, 6, 2169676), (9123, 2, 2260859), (8849, 3, 2261034), (9213, 7, 2438559), (8761, 6, 2540714), (9198, 2, 2618335)]"
8257 "[(627, 2, 115435), (1007, 7, 180600), (233, 6, 282951), (68, 7, 365291), (2135, 7, 417904), (2209, 1, 435914), (233, 6, 453570), (557, 4, 471801), (1778, 6, 550758), (2593, 2, 971619), (2708, 4, 974504), (116, 2, 1046989), (4109, 1, 1079801), (2893, 1, 1127027), (116, 2, 1172027), (116, 2, 1182893), (116, 2, 1183054), (2230, 1, 1183548), (17, 1, 1214745), (2893, 1, 1220544), (4538, 4, 1315926), (233, 6, 1411274), (4538, 4, 1456677), (2708, 4, 1871515), (68, 7, 1988074), (1058, 6, 2125769), (541, 6, 2649147)]"
8622 "[(792, 7, 116052), (284, 7, 132863), (867, 6, 134532), (284, 7, 135885), (17, 1, 138587), (421, 6, 138670), (421, 6, 138697), (974, 7, 152526), (318, 7, 153166), (985, 7, 154223), (985, 7, 155003), (974, 7, 160625), (318, 7, 164278), (318, 7, 164404), (1101, 7, 173692), (974, 7, 175866), (22, 4, 179353), (996, 7, 180653), (996, 7, 180711), (996, 7, 180767), (996, 7, 180844), (996, 7, 180929), (996, 7, 181166), (996, 7, 181222), (996, 7, 181248), (17, 1, 182370), (65, 0, 187689), (985, 7, 188256), (935, 2, 194790), (68, 7, 196959), (1224, 7, 209379), (1280, 1, 219712), (68, 7, 220527), (1290, 0, 223414), (728, 6, 235676), (728, 6, 235757), (728, 6, 235785), (1355, 1, 238339), (284, 7, 238938), (423, 2, 239259), (1382, 6, 241977), (1419, 3, 247872), (480, 6, 248723), (680, 2, 251311), (17, 1, 259231), (1013, 4, 262511), (17, 1, 264623), (1516, 3, 270343), (1527, 7, 272870), (1527, 7, 273015), (1554, 0, 278669), (1552, 3, 280259), (156, 2, 289805), (552, 2, 303999), (17, 1, 327702), (660, 6, 334138), (1792, 6, 334265), (17, 1, 341903), (1860, 1, 346308), (17, 1, 349161), (17, 1, 349446), (17, 1, 349463), (125, 1, 355098), (1157, 7, 358362), (1157, 7, 358528), (482, 6, 359228), (1549, 6, 363589), (1549, 6, 363642), (1928, 3, 364328), (1549, 6, 364797), (1928, 3, 365952), (233, 6, 368885), (1549, 6, 370124), (1549, 6, 380841), (1549, 6, 384440), (1549, 6, 384476), (1549, 6, 384518), (1549, 6, 384673), (1277, 7, 384769), (1277, 7, 384789), (537, 6, 387284), (2005, 6, 391094), (1754, 6, 392731), (1277, 7, 397082), (1277, 7, 397107), (482, 6, 401179), (482, 6, 401310), (482, 6, 401371), (482, 6, 401486), (482, 6, 401811), (482, 6, 401988), (175, 0, 452150), (2274, 7, 463188), (2005, 6, 499902), (1184, 4, 591151), (2848, 7, 596545), (1975, 4, 598268), (284, 7, 678255), (3187, 7, 686611), (2595, 4, 893889), (3748, 6, 945172), (3748, 6, 945580), (356, 7, 999928)]"
8275 "[(17, 1, 124186), (367, 7, 152171), (68, 7, 315918), (2181, 2, 429757), (233, 6, 452161), (284, 7, 1892554), (8, 3, 1989207), (703, 7, 1989230), (703, 7, 1989471), (6065, 7, 2344279), (233, 6, 2440985), (40, 0, 2449702), (40, 0, 2450563)]"
319 "[(8261, 1, 130647), (8261, 1, 315730), (8261, 1, 388752), (8261, 1, 565209), (8261, 1, 667397), (8261, 1, 667414), (8261, 1, 669728), (8261, 1, 752566), (8261, 1, 752727), (8261, 1, 1014086), (8318, 6, 1315999), (8261, 1, 1548972), (8261, 1, 1707312), (8794, 4, 2305386), (8318, 6, 2308264), (8794, 4, 2395155), (8794, 4, 2397142), (9080, 6, 2517414), (8298, 4, 2563121)]"
859 "[(8446, 4, 131866), (8639, 4, 943818), (9072, 7, 1164089), (8648, 1, 1504113), (8990, 2, 1767704), (8506, 7, 2228281), (9045, 0, 2477226), (8563, 0, 2496568)]"
462 "[(8261, 1, 145212), (9166, 3, 1724019), (8937, 3, 2434284)]"
979 "[(8591, 6, 153368), (8510, 7, 1295395), (8510, 7, 1369574), (8510, 7, 1550939)]"
8390 "[(443, 1, 156613), (67, 1, 230961), (67, 1, 311396), (1890, 3, 354285), (1962, 3, 378709), (156, 2, 379692), (156, 2, 380532), (156, 2, 381511), (1890, 3, 382775), (1890, 3, 382883), (443, 1, 592398), (443, 1, 592691), (443, 1, 602613), (17, 1, 624975), (3027, 1, 641143), (3496, 3, 776761), (336, 2, 829694), (443, 1, 891337), (944, 2, 903526), (443, 1, 972569), (4145, 6, 995267), (5237, 7, 1581518), (5237, 7, 1581643), (6049, 2, 1673576), (5017, 0, 1685699), (40, 0, 1754494), (2069, 3, 1806521), (335, 3, 2062676), (4085, 7, 2285500), (1890, 3, 2416953), (944, 2, 2425511), (944, 2, 2425663), (156, 2, 2443276), (4941, 3, 2457908), (2441, 3, 2477389), (782, 1, 2553890)]"
8630 "[(1038, 3, 162366), (1038, 3, 162378), (1038, 3, 162465), (1038, 3, 162986), (1038, 3, 163929), (1038, 3, 164010)]"
1043 "[(8633, 1, 163701)]"
162 "[(8568, 1, 165301), (8568, 1, 354869), (8391, 0, 422543), (8568, 1, 1244773), (8568, 1, 1297054), (8568, 1, 1297877), (8568, 1, 1454918), (8568, 1, 1662672), (8391, 0, 1902261)]"
1054 "[(8697, 4, 165309)]"
1059 "[(8441, 6, 166292), (8441, 6, 166335), (8441, 6, 166373), (9096, 7, 1387685), (9096, 7, 1387712), (8645, 1, 1766476), (8395, 6, 2342421), (8955, 6, 2520538), (8955, 6, 2520643)]"
8702 "[(68, 7, 167269), (95, 3, 553353), (1857, 0, 1028998), (1857, 0, 1029187), (303, 0, 1330488), (68, 7, 1370110), (4085, 7, 2429438)]"
654 "[(8516, 3, 172785), (8516, 3, 258097), (8516, 3, 348730)]"
8240 "[(423, 2, 185352), (423, 2, 185390), (233, 6, 811488), (4019, 4, 1981672), (4019, 4, 1981676)]"
322 "[(8247, 7, 189505), (8466, 1, 1315603), (8247, 7, 1686995)]"
107 "[(8537, 3, 193909), (8537, 3, 279218), (8537, 3, 539475), (8537, 3, 539566), (8537, 3, 632718), (8537, 3, 887931), (8537, 3, 888187), (8537, 3, 1309726), (9132, 7, 1566949), (8537, 3, 1610564), (8537, 3, 1610681), (9132, 7, 1625277), (8631, 3, 1679131), (9132, 7, 1714184), (9132, 7, 1714393), (8631, 3, 1714657), (9132, 7, 1815234), (9132, 7, 1863489)]"
8727 "[(1173, 7, 196212), (233, 6, 973204), (233, 6, 1232925), (5457, 7, 1413923)]"
1191 "[(8249, 3, 200136), (8535, 7, 1711661), (8535, 7, 2599504)]"
1216 "[(8733, 7, 207196)]"
555 "[(8388, 0, 208431), (8388, 0, 1889633), (8388, 0, 1890019), (8388, 0, 2112213), (8388, 0, 2220885), (8388, 0, 2567076), (8388, 0, 2621890)]"
1245 "[(8719, 2, 213789), (9132, 7, 1484260)]"
8687 "[(71, 4, 214532), (1754, 6, 329149), (1778, 6, 332670), (71, 4, 345515), (71, 4, 496774), (1793, 3, 499541), (1840, 3, 501349), (1840, 3, 501456), (68, 7, 516862), (2976, 6, 624285), (2153, 3, 652371), (2153, 3, 653004), (2153, 3, 655088), (1314, 2, 684403), (1314, 2, 684669), (71, 4, 722912), (2114, 1, 736462), (3636, 2, 832374), (156, 2, 874602), (532, 1, 926234), (2153, 3, 1017017), (233, 6, 1058027), (2923, 6, 1123078), (71, 4, 1206345), (4752, 6, 1376092), (4304, 2, 1424886), (2153, 3, 1439202), (912, 3, 1566872), (611, 1, 1597456), (68, 7, 1642200), (233, 6, 1750535), (17, 1, 1790433), (7307, 4, 2312941), (1813, 2, 2313130), (2153, 3, 2400587), (4390, 2, 2423938)]"
484 "[(8397, 1, 215570), (8397, 1, 219341), (8633, 1, 598019), (8633, 1, 598130), (8633, 1, 598169), (8633, 1, 598262), (8633, 1, 598472), (8733, 7, 948781), (8893, 2, 1001626), (8893, 2, 1112737), (9069, 6, 1173657), (9069, 6, 1262694), (8717, 0, 1286226), (9163, 7, 1689960)]"
1317 "[(8534, 6, 228689)]"
402 "[(8417, 1, 229832), (8247, 7, 232293), (8450, 3, 607270), (8450, 3, 612275), (8946, 2, 674648), (8441, 6, 689641), (8441, 6, 689716), (8441, 6, 690188), (8441, 6, 690433), (8470, 3, 742787), (8518, 3, 754140), (8388, 0, 780514), (8749, 7, 785920), (9023, 1, 867196), (9023, 1, 871550), (9023, 1, 871580), (8739, 1, 878050), (8260, 6, 957177), (8579, 2, 1126260), (8579, 2, 1133943), (8579, 2, 1134267), (8473, 2, 1446329), (8586, 3, 1604055), (8586, 3, 1604428), (8586, 3, 1604508), (8586, 3, 1604589), (8609, 7, 1708164), (8609, 7, 1708272), (8609, 7, 1911708), (8609, 7, 1911745), (8609, 7, 1912040), (8887, 7, 1979159), (9023, 1, 2226972), (8461, 1, 2266275), (8295, 3, 2268086), (8295, 3, 2268210), (8295, 3, 2268326), (8295, 3, 2268437), (8592, 4, 2332950), (8510, 7, 2485563), (8510, 7, 2486329)]"
8363 "[(940, 1, 233801), (233, 6, 452773), (1853, 6, 1181422), (3757, 2, 1264490), (3757, 2, 1264721)]"
1350 "[(8526, 6, 236738)]"
719 "[(8461, 1, 237486), (8461, 1, 270990), (8461, 1, 271023), (8461, 1, 853704), (8577, 4, 1742041), (8577, 4, 1742428)]"
1376 "[(8302, 7, 241122), (8302, 7, 241132), (8278, 4, 678787), (8278, 4, 678804), (8278, 4, 679777), (8278, 4, 679842), (8430, 0, 748774), (8278, 4, 1039893), (8278, 4, 1040889), (8278, 4, 1040904), (8278, 4, 1097724), (8278, 4, 1097798), (8237, 7, 1117257), (8676, 4, 1294675), (8676, 4, 1294823), (8676, 4, 1377171), (8676, 4, 1458522), (8278, 4, 1999174)]"
8245 "[(1401, 2, 245186), (1401, 2, 245364), (1401, 2, 245439), (1401, 2, 309601), (233, 6, 617616), (1046, 3, 903234), (1906, 6, 1214811), (1820, 4, 1728127), (4635, 7, 1928677), (4635, 7, 1928938), (4635, 7, 1929902), (6735, 6, 1957192), (4635, 7, 2022005), (4635, 7, 2168736), (4635, 7, 2206716), (4635, 7, 2245428), (4635, 7, 2330661), (4635, 7, 2331181), (6470, 2, 2351568), (1906, 6, 2351695), (4635, 7, 2419253), (4635, 7, 2508060), (4635, 7, 2593944)]"
8764 "[(1438, 4, 252159), (1438, 4, 576515), (2802, 2, 1792525), (3525, 2, 1871655), (6544, 2, 1874147), (725, 3, 1925946), (440, 4, 1969113), (440, 4, 1969168), (440, 4, 2133308), (440, 4, 2149612), (440, 4, 2392173), (346, 2, 2436009), (346, 2, 2469491), (346, 2, 2473287), (346, 2, 2480724), (346, 2, 2482276), (346, 2, 2530865), (346, 2, 2636246), (346, 2, 2662690)]"
1458 "[(8375, 6, 257789)]"
8694 "[(165, 6, 261128), (165, 6, 261155), (165, 6, 261180), (165, 6, 261195), (165, 6, 261232), (165, 6, 261262), (165, 6, 261299), (165, 6, 261325), (165, 6, 266176), (165, 6, 272351), (165, 6, 272385), (68, 7, 1095901), (579, 2, 1119686), (579, 2, 1119804), (2216, 4, 1135046), (579, 2, 1167518), (1721, 3, 1476810), (2710, 4, 1906994), (2710, 4, 1907112), (2216, 4, 2308587), (579, 2, 2317427), (579, 2, 2324937), (579, 2, 2327118)]"
1482 "[(8246, 1, 262189), (8246, 1, 262206)]"
8778 "[(1504, 0, 267464), (1504, 0, 267498), (437, 6, 1361688), (17, 1, 1374825), (437, 6, 1376437), (437, 6, 1548685), (5813, 2, 1548704), (2646, 6, 1550932), (437, 6, 1551731), (1148, 0, 1552585), (437, 6, 1558435), (437, 6, 1566466), (437, 6, 1566705), (437, 6, 1567639), (233, 6, 1577806), (2441, 3, 1601414), (1148, 0, 1603310), (874, 3, 1615021), (437, 6, 1617671), (1148, 0, 1620524), (437, 6, 1638374), (437, 6, 1638901), (1148, 0, 1643181), (437, 6, 1644018), (437, 6, 1644256), (437, 6, 1650863), (1148, 0, 1683383), (437, 6, 1710967), (437, 6, 1721594), (437, 6, 1723631), (437, 6, 1724297), (1148, 0, 1739371), (1148, 0, 1745791), (437, 6, 1805070), (1148, 0, 1886482), (437, 6, 1960660), (2114, 1, 2045699), (437, 6, 2060518), (1148, 0, 2087214), (437, 6, 2178645), (4633, 3, 2201278), (4633, 3, 2201390), (1148, 0, 2209359), (1148, 0, 2265418), (875, 6, 2600478)]"
1536 "[(8545, 7, 274331)]"
1570 "[(8791, 2, 284084), (8791, 2, 284729), (8544, 1, 1532310), (9163, 7, 1705257)]"
1577 "[(8282, 3, 287689), (8282, 3, 605751), (8237, 7, 1115220)]"
63 "[(8467, 4, 290559), (8467, 4, 2176461), (8467, 4, 2180526), (8467, 4, 2245938)]"
429 "[(8318, 6, 297206), (8286, 7, 904484), (8286, 7, 904521), (8286, 7, 1244643), (8286, 7, 1246707), (8286, 7, 1262296), (8286, 7, 1673145), (8286, 7, 1871953), (8286, 7, 2279617), (8286, 7, 2545907), (8261, 1, 2637103)]"
388 "[(8633, 1, 299848), (8633, 1, 395803), (8633, 1, 395866), (8633, 1, 396098), (8633, 1, 396766), (8633, 1, 397147), (8633, 1, 397261), (8633, 1, 397414), (8633, 1, 397738), (8633, 1, 397794), (8633, 1, 397842), (8633, 1, 398063), (8633, 1, 398331), (8633, 1, 399044), (8633, 1, 399952), (8633, 1, 400031), (8633, 1, 413386), (8633, 1, 413567), (8633, 1, 413679), (8633, 1, 415158), (8639, 4, 421918), (8639, 4, 421966), (8633, 1, 473063), (8633, 1, 473127), (8633, 1, 495353), (8633, 1, 637821), (8633, 1, 639290), (8633, 1, 639391), (8633, 1, 639413), (8633, 1, 639560), (8633, 1, 643717), (8633, 1, 644038), (8990, 2, 754123), (8990, 2, 754170), (8990, 2, 754330), (8633, 1, 772449), (8633, 1, 772607), (8633, 1, 772733), (8633, 1, 816780), (8633, 1, 928080), (8633, 1, 1006416), (8286, 7, 2569290)]"
1641 "[(8446, 4, 306790), (8446, 4, 306832), (8737, 0, 307639), (8737, 0, 307696), (8627, 1, 652055), (8627, 1, 652075), (9069, 6, 1169762)]"
8292 "[(68, 7, 312174), (676, 6, 1092727), (5028, 3, 1459557), (52, 3, 1461234), (423, 2, 1464923), (233, 6, 1495072), (52, 3, 1528411), (233, 6, 1585778), (52, 3, 1635829), (476, 3, 1655253), (3833, 3, 1658182), (3921, 3, 1658813), (3921, 3, 1659005), (1277, 7, 1673824), (1277, 7, 1673875), (1277, 7, 1673898), (476, 3, 1699720), (5028, 3, 1740996), (4941, 3, 1847228), (233, 6, 1924508), (256, 3, 2194970), (256, 3, 2195194), (875, 6, 2600695)]"
1683 "[(8288, 0, 316142)]"
573 "[(8572, 0, 328733), (8572, 0, 329671), (8419, 3, 1179252)]"
8352 "[(1756, 6, 330438), (17, 1, 597249)]"
8319 "[(1780, 1, 332984), (2130, 2, 416667), (2130, 2, 416997), (3114, 3, 1963493), (233, 6, 2012748), (2797, 7, 2037567), (2134, 7, 2148214), (2134, 7, 2148283), (73, 0, 2335753)]"
1797 "[(8785, 4, 334829), (8477, 3, 2518252)]"
1812 "[(8734, 2, 336823)]"
8703 "[(16, 1, 343521), (16, 1, 343564), (16, 1, 343648), (16, 1, 343901), (16, 1, 344026), (16, 1, 344062), (16, 1, 344093), (16, 1, 344212), (2000, 1, 577486), (17, 1, 609019), (16, 1, 618383), (16, 1, 837241), (16, 1, 837871), (16, 1, 842936), (16, 1, 843234), (16, 1, 844185), (5622, 0, 1531454), (248, 6, 1540991), (1943, 1, 1560205), (248, 6, 1562586), (718, 3, 1589055), (718, 3, 1589094), (718, 3, 1589116), (718, 3, 1589332), (2000, 1, 1589397), (718, 3, 1589537), (248, 6, 1750732), (2000, 1, 1801844), (346, 2, 1880741), (22, 4, 1903552), (22, 4, 1906125), (2000, 1, 1932080), (725, 3, 2011923), (2000, 1, 2135985), (17, 1, 2158645), (476, 3, 2173084), (45, 3, 2206007), (6107, 2, 2239179), (6107, 2, 2239181), (3921, 3, 2252220), (5985, 0, 2466052), (5985, 0, 2466077), (5985, 0, 2466447), (2000, 1, 2486703)]"
1862 "[(8286, 7, 346675), (8402, 4, 1211825), (9084, 6, 1897749), (9084, 6, 1898460), (9084, 6, 2106640)]"
1911 "[(8734, 2, 358027), (8734, 2, 2084615), (8883, 2, 2262334)]"
1912 "[(8249, 3, 358270), (8249, 3, 968795), (8295, 3, 1227487), (8295, 3, 1232275), (8249, 3, 1270459), (8295, 3, 1319983), (8295, 3, 1447814), (8295, 3, 1535373), (8249, 3, 1650953), (8249, 3, 1661956), (8249, 3, 1701657), (8249, 3, 1914154), (8295, 3, 2077574), (8467, 4, 2095433), (8740, 2, 2176868), (8467, 4, 2226750), (8243, 2, 2227196), (8467, 4, 2257698)]"
1925 "[(8535, 7, 362427), (8535, 7, 362436), (8535, 7, 2054165), (8535, 7, 2054479)]"
8393 "[(1933, 6, 365962), (1184, 4, 439100), (1306, 0, 568782), (68, 7, 1300462), (67, 1, 2121837)]"
762 "[(8391, 0, 366052), (8391, 0, 495638), (8413, 4, 959594), (8391, 0, 1040068), (8539, 4, 1203715), (8539, 4, 1203778), (8467, 4, 1577090), (8794, 4, 1633490), (8391, 0, 1738037), (8391, 0, 2238866), (8539, 4, 2435841), (8413, 4, 2520805)]"
8474 "[(1827, 7, 379106), (557, 4, 848207), (5424, 3, 1396190), (5424, 3, 1396737), (5424, 3, 1396796), (5424, 3, 1396859), (870, 2, 1628219), (870, 2, 1628367), (3694, 7, 1805783), (17, 1, 1980603), (337, 0, 2146420)]"
8846 "[(826, 7, 386798), (1586, 0, 451179), (233, 6, 542231), (1499, 3, 717269), (1499, 3, 718916), (73, 0, 888495), (4001, 6, 1029249), (4085, 7, 1045664), (826, 7, 1130165)]"
2035 "[(8295, 3, 396677), (8295, 3, 650397), (8295, 3, 651109), (8418, 2, 2287603), (8418, 2, 2287645)]"
291 "[(8295, 3, 399376), (8235, 1, 575216), (8471, 1, 734000), (8295, 3, 908807), (8387, 1, 1053254), (8577, 4, 1175547), (8295, 3, 1180025), (8471, 1, 1504201), (8612, 3, 1521904), (8471, 1, 1683981), (8964, 3, 1762960), (8471, 1, 1784810), (8471, 1, 1935717), (8962, 6, 2017959), (8311, 3, 2184868)]"
1897 "[(8466, 1, 401943), (8466, 1, 412991), (8466, 1, 482561), (8466, 1, 482628), (8466, 1, 578842), (8466, 1, 660209)]"
2079 "[(8295, 3, 407257), (8295, 3, 407506), (8295, 3, 671218), (8577, 4, 1264673), (8321, 1, 1264953), (8461, 1, 1265803), (8577, 4, 1270897), (8321, 1, 1271188), (8461, 1, 1271738), (8577, 4, 1393630), (8577, 4, 1446546), (8577, 4, 1479879), (8917, 3, 2392658), (8917, 3, 2394073)]"
1040 "[(8235, 1, 416625)]"
2131 "[(8639, 4, 416689), (8639, 4, 423690), (8639, 4, 423858), (8435, 1, 609534), (8639, 4, 955868), (8587, 1, 1264866), (8734, 2, 1291599), (8628, 1, 1347220), (9113, 1, 1470343), (8639, 4, 1503082), (8639, 4, 1693638)]"
2132 "[(8546, 7, 416842), (8546, 7, 417082), (8546, 7, 417143), (8546, 7, 419566), (8546, 7, 2650144), (8546, 7, 2650283)]"
1242 "[(8639, 4, 426195)]"
2078 "[(8557, 7, 429090), (8526, 6, 930153), (8402, 4, 1205346), (8261, 1, 1288623), (8575, 1, 1362296), (8575, 1, 1362540), (8575, 1, 1366704), (8575, 1, 1405476), (8575, 1, 1405530), (8733, 7, 1563916), (8676, 4, 1641575)]"
2198 "[(8801, 4, 433286), (8801, 4, 433352), (8801, 4, 433379), (8801, 4, 456392), (8402, 4, 1202700), (8985, 2, 2095226), (8985, 2, 2095294), (8491, 4, 2335432), (8491, 4, 2335509), (8491, 4, 2335582), (8491, 4, 2335814), (8491, 4, 2335848), (8491, 4, 2336215), (8565, 4, 2505191), (8565, 4, 2505245)]"
570 "[(8480, 7, 441958), (8260, 6, 803817), (8526, 6, 873479), (8356, 7, 874547), (8526, 6, 1029958), (8526, 6, 1029994), (8526, 6, 1040977), (8526, 6, 1040996), (8261, 1, 1318044), (8480, 7, 1408866), (8480, 7, 1408972), (8526, 6, 1481630), (8480, 7, 1486453), (8480, 7, 1486482), (8526, 6, 1539212), (8526, 6, 1547053), (8480, 7, 1721888), (8253, 7, 1722079), (9117, 3, 1823127), (9117, 3, 1823142), (8480, 7, 1916321), (8480, 7, 1916347), (8526, 6, 1975595), (8526, 6, 2242719), (8261, 1, 2432724), (8526, 6, 2505163), (8261, 1, 2597351)]"
8548 "[(423, 2, 445500), (423, 2, 445677), (423, 2, 445758), (423, 2, 445799), (2514, 4, 518278), (2514, 4, 522559), (2514, 4, 522777), (17, 1, 577042), (532, 1, 577374), (1276, 7, 661020), (233, 6, 887025), (3905, 3, 920896), (2230, 1, 938388), (2230, 1, 974361), (4443, 3, 1077203), (4390, 2, 1201629), (1670, 4, 1611550), (1058, 6, 1717981), (5360, 1, 2320109), (3725, 3, 2348838)]"
698 "[(8377, 2, 445987), (8377, 2, 446016)]"
1384 "[(8477, 3, 446859)]"
2263 "[(8284, 0, 457148)]"
418 "[(8852, 6, 472743), (8852, 6, 576547), (8852, 6, 763869), (8852, 6, 1190780), (8852, 6, 1706270)]"
8547 "[(353, 4, 480452), (53, 3, 634267), (353, 4, 683667), (353, 4, 739926), (3427, 3, 874941), (3774, 3, 874944), (1389, 3, 876048), (353, 4, 910085), (353, 4, 910173), (353, 4, 910246), (53, 3, 912067), (353, 4, 934868), (353, 4, 934951), (353, 4, 1105912), (353, 4, 1255206), (353, 4, 1257601), (353, 4, 1257864), (1389, 3, 1271580), (2881, 3, 1285812), (5659, 4, 1480024), (3774, 3, 1482450), (353, 4, 1519975), (17, 1, 1566855), (1389, 3, 2068344), (353, 4, 2068981), (353, 4, 2491223), (353, 4, 2496111), (8105, 3, 2604770), (8105, 3, 2606628)]"
2116 "[(8443, 7, 481799), (8443, 7, 481828), (8456, 6, 587916), (8456, 6, 587927), (8456, 6, 588011), (8456, 6, 918394), (9198, 2, 2145080)]"
8410 "[(731, 4, 486227), (731, 4, 486247), (731, 4, 486283), (731, 4, 486379), (361, 6, 802143), (383, 3, 868245), (480, 6, 894270), (835, 1, 1168566), (731, 4, 1177609), (731, 4, 1177656), (731, 4, 1180335), (4780, 3, 1185798), (2923, 6, 1560763), (4587, 6, 1972700), (45, 3, 2066480)]"
2357 "[(8896, 6, 486848)]"
2436 "[(8896, 6, 500897), (8896, 6, 500946), (9069, 6, 1198241), (9084, 6, 2668160)]"
1069 "[(8647, 0, 524336), (8382, 0, 851819), (8578, 4, 1384590), (9072, 7, 1464399), (8382, 0, 1622138), (8382, 0, 1623195)]"
2572 "[(8887, 7, 529517)]"
142 "[(8887, 7, 530058), (8887, 7, 530396), (8887, 7, 530424), (8887, 7, 530680), (8887, 7, 530748), (8887, 7, 530902), (8887, 7, 531317), (8887, 7, 531403), (8887, 7, 531508), (8887, 7, 531919), (8887, 7, 532204), (8887, 7, 532416), (8887, 7, 533115), (8887, 7, 533205), (8887, 7, 533257), (8887, 7, 533557), (8887, 7, 533582), (8887, 7, 533881), (8887, 7, 533969), (8887, 7, 534032), (8887, 7, 534325), (8887, 7, 534464), (8887, 7, 534729), (8887, 7, 534977), (8887, 7, 542009), (8887, 7, 546050), (8887, 7, 593848), (8887, 7, 601028), (8887, 7, 603326), (8887, 7, 603352), (8887, 7, 698674), (8887, 7, 909722), (8511, 2, 926058), (8511, 2, 926088), (8887, 7, 1421511), (8546, 7, 2453433)]"
8886 "[(233, 6, 540870), (233, 6, 717015), (233, 6, 809521), (383, 3, 2315092), (480, 6, 2449267), (7711, 2, 2468191), (2488, 6, 2493516)]"
2055 "[(8888, 6, 551966), (8526, 6, 1602866), (8526, 6, 1602976), (8441, 6, 2093220)]"
588 "[(8479, 2, 565577), (9048, 2, 1028970), (8806, 4, 1109348), (8268, 6, 1175233), (9072, 7, 1175612), (8734, 2, 2305573)]"
2042 "[(8377, 2, 575424), (8612, 3, 2522313), (8612, 3, 2522712), (8612, 3, 2522782)]"
2738 "[(8633, 1, 576955), (8956, 0, 653586), (8956, 0, 653628)]"
1378 "[(8734, 2, 578016), (8339, 3, 685439), (8545, 7, 1895628), (8631, 3, 2389102)]"
2764 "[(8876, 2, 581354), (8344, 4, 2454165)]"
2774 "[(8936, 1, 583564)]"
2388 "[(8541, 2, 587179), (8588, 7, 1100031), (8540, 4, 2070068)]"
8771 "[(1268, 6, 591209), (2863, 0, 599507), (3743, 6, 863407), (2134, 7, 1019824), (2230, 1, 1022711), (2230, 1, 1022770), (2863, 0, 1025118), (233, 6, 1061313), (2134, 7, 1114432), (233, 6, 1233517), (233, 6, 1416990), (2797, 7, 1541802), (1726, 7, 2137028), (2134, 7, 2230489), (2134, 7, 2230527), (2134, 7, 2230584), (2134, 7, 2230759), (2797, 7, 2239810), (2797, 7, 2239984), (2797, 7, 2240032), (2134, 7, 2384328), (233, 6, 2448765)]"
8926 "[(1038, 3, 591219), (1038, 3, 591684), (1038, 3, 591705), (1038, 3, 591911), (1038, 3, 593556), (1038, 3, 593714), (1038, 3, 594363), (1038, 3, 663021), (1038, 3, 697060), (1038, 3, 714534)]"
2065 "[(8415, 6, 594057), (8498, 7, 1615850), (8498, 7, 1626889)]"
8351 "[(2708, 4, 595117), (2899, 1, 606737), (3146, 4, 743293), (17, 1, 1697586), (1943, 1, 1847362), (68, 7, 1941102), (744, 7, 1944657), (2138, 6, 1969877), (17, 1, 2217986), (17, 1, 2218106), (2196, 7, 2220250), (2196, 7, 2220388), (3146, 4, 2420467), (2591, 6, 2539991)]"
2246 "[(8350, 3, 596211), (8350, 3, 596218), (8887, 7, 658398), (8887, 7, 658400), (8791, 2, 1620703), (8791, 2, 1620705), (8469, 2, 1789927), (8469, 2, 1789929), (8990, 2, 1962046), (8990, 2, 1962047), (8812, 7, 2220257), (8812, 7, 2220261), (8536, 2, 2327839), (8491, 4, 2407725), (8491, 4, 2407727)]"
831 "[(8936, 1, 596517), (8402, 4, 1203059)]"
2522 "[(8301, 3, 601576), (8301, 3, 686092), (8235, 1, 1614189)]"
1595 "[(8408, 7, 608935)]"
2115 "[(8752, 6, 610520), (9080, 6, 2229706), (9080, 6, 2229784), (9080, 6, 2229933), (9080, 6, 2229957), (9080, 6, 2229978), (8261, 1, 2230269)]"
8951 "[(2959, 7, 618652), (233, 6, 1662212)]"
8381 "[(68, 7, 621979), (68, 7, 1285466), (95, 3, 1722949)]"
2991 "[(8872, 6, 628530), (8535, 7, 2100282)]"
3029 "[(8752, 6, 641667), (8752, 6, 642240), (8752, 6, 642485), (8752, 6, 642580), (8752, 6, 642730), (8752, 6, 642968), (8752, 6, 643042), (8752, 6, 643117), (8752, 6, 643258), (8752, 6, 644180), (8752, 6, 644688), (8752, 6, 644785), (8752, 6, 644954), (8752, 6, 645091), (8752, 6, 645180), (8752, 6, 645243), (8752, 6, 645323), (8752, 6, 645598), (8752, 6, 722272), (8752, 6, 766638), (9096, 7, 1627005)]"
675 "[(8633, 1, 647133), (8887, 7, 776599), (8887, 7, 777797), (9048, 2, 1000858), (9048, 2, 1001423), (9072, 7, 1139935), (9072, 7, 1140543), (9072, 7, 1340622), (9072, 7, 1341074)]"
658 "[(8752, 6, 651172), (8752, 6, 651359), (9054, 6, 1016941), (9080, 6, 2253247)]"
493 "[(8752, 6, 661924), (8752, 6, 663746), (8402, 4, 1203850)]"
441 "[(8964, 3, 669121), (8639, 4, 767092), (8477, 3, 835761), (9086, 3, 1259689), (9086, 3, 1259941), (9086, 3, 1260007), (9086, 3, 1260060), (9086, 3, 1260894), (9086, 3, 1260934), (9086, 3, 1260968), (9086, 3, 1261056), (9086, 3, 1261275), (9086, 3, 1261303), (9086, 3, 1268690), (9086, 3, 1268717), (9086, 3, 1375816), (9086, 3, 1445853)]"
2571 "[(8582, 6, 678034), (8582, 6, 678521), (8582, 6, 679772), (8582, 6, 874820)]"
324 "[(8752, 6, 682063)]"
2510 "[(8593, 1, 695318)]"
2930 "[(8969, 2, 695510), (8969, 2, 695583), (8969, 2, 695792), (9077, 2, 2336164), (9077, 2, 2336204)]"
3242 "[(8295, 3, 700214), (8295, 3, 700787)]"
3259 "[(8887, 7, 706647)]"
8501 "[(68, 7, 708908), (68, 7, 2503122), (68, 7, 2510387)]"
1164 "[(8422, 0, 714002), (8508, 0, 715696), (8467, 4, 1227217), (8508, 0, 1484804)]"
8967 "[(1586, 0, 721158), (1038, 3, 761444), (1038, 3, 761729), (1038, 3, 761920), (1038, 3, 762348), (1038, 3, 762417), (1038, 3, 762632), (1038, 3, 762725), (1038, 3, 762967)]"
3360 "[(8888, 6, 739174), (8888, 6, 739199), (8888, 6, 782980), (8888, 6, 791067), (8888, 6, 791134), (9048, 2, 1026704), (9072, 7, 1196632), (8250, 3, 1561697), (8250, 3, 1561872), (8734, 2, 2133745), (8734, 2, 2133957), (8734, 2, 2163161), (8722, 2, 2163243), (8734, 2, 2235822), (8734, 2, 2235992), (8734, 2, 2236048), (8734, 2, 2236198), (8734, 2, 2310536), (8883, 2, 2322961), (8734, 2, 2323046), (8734, 2, 2343334), (8734, 2, 2403857), (8734, 2, 2428393), (8734, 2, 2487955), (8734, 2, 2487999), (8250, 3, 2521744), (8250, 3, 2521973), (8250, 3, 2522046)]"
1917 "[(8282, 3, 756116), (8282, 3, 756136)]"
1220 "[(8752, 6, 757691), (8752, 6, 757858), (8752, 6, 771411), (9185, 2, 1905802), (9185, 2, 1905974), (9185, 2, 1906042), (9185, 2, 1908136), (9185, 2, 1908341), (9185, 2, 1908378), (9185, 2, 1908468), (9185, 2, 1908485), (9185, 2, 1908570), (9185, 2, 1969568), (9185, 2, 1971431), (9185, 2, 1971619), (9185, 2, 1971822), (9185, 2, 1971943), (9185, 2, 1973529), (9185, 2, 2004925), (9185, 2, 2005156), (9185, 2, 2069437), (9185, 2, 2069524), (9185, 2, 2071869), (9185, 2, 2075473), (9185, 2, 2090192), (9185, 2, 2090218), (9185, 2, 2233093), (9185, 2, 2233190), (9185, 2, 2249020), (9185, 2, 2251501), (8734, 2, 2262959), (9185, 2, 2329486), (9185, 2, 2329524), (9185, 2, 2343977), (9185, 2, 2344529), (9185, 2, 2345118), (9185, 2, 2356171), (9185, 2, 2356324), (9185, 2, 2356407), (9185, 2, 2432577), (9185, 2, 2448145), (9185, 2, 2448374), (9185, 2, 2448514), (9054, 6, 2630016), (9054, 6, 2630063)]"
2011 "[(8969, 2, 759391), (8969, 2, 759503), (8969, 2, 759546), (9163, 7, 1695119), (9163, 7, 1695475), (9163, 7, 1709740), (8250, 3, 2158755)]"
242 "[(8576, 0, 759999), (8576, 0, 854295), (8576, 0, 854425), (8576, 0, 904957), (8576, 0, 904986), (8576, 0, 1444898), (8576, 0, 1451957), (8576, 0, 1453922), (8576, 0, 1455012), (8576, 0, 1456786), (8576, 0, 1458211), (8576, 0, 1458260), (8576, 0, 1459025), (8576, 0, 1545887), (8576, 0, 1545921), (8576, 0, 1546016), (8576, 0, 1924305), (8349, 0, 2035094), (8576, 0, 2039215), (8576, 0, 2051587), (8349, 0, 2109114), (8349, 0, 2109350), (8576, 0, 2184333)]"
5 "[(8461, 1, 781794)]"
3509 "[(8311, 3, 786949), (8311, 3, 839150)]"
89 "[(8414, 3, 795077), (8819, 2, 1110521), (9069, 6, 1119981), (8461, 1, 1624150), (8519, 3, 1661540), (8612, 3, 1702639), (9069, 6, 1808715), (8377, 2, 2309312), (8577, 4, 2670394)]"
8396 "[(233, 6, 808207)]"
9004 "[(233, 6, 808242), (233, 6, 1748129), (233, 6, 1841214), (233, 6, 2528431), (1835, 7, 2546787)]"
245 "[(8312, 4, 819244), (8697, 4, 837491), (8676, 4, 1683804), (8697, 4, 2447923), (8697, 4, 2447993), (8697, 4, 2448040)]"
8784 "[(68, 7, 823374), (68, 7, 838525), (68, 7, 875328), (289, 3, 915577), (45, 3, 922389), (1586, 0, 969559), (5429, 2, 1398007), (5429, 2, 1398266), (1778, 6, 1857264)]"
3567 "[(8241, 6, 835287), (9092, 2, 1384556), (9092, 2, 1384618), (8545, 7, 1386924), (8545, 7, 1386979), (9166, 3, 1752678), (8937, 3, 2522978)]"
8439 "[(3682, 2, 845149), (3682, 2, 845261), (3682, 2, 845279)]"
3709 "[(8246, 1, 852487), (8414, 3, 853810)]"
3722 "[(9000, 1, 855185), (8950, 7, 857268)]"
3837 "[(8295, 3, 892200)]"
1635 "[(8318, 6, 910858)]"
3966 "[(8250, 3, 935624), (8250, 3, 1008667), (8250, 3, 1010025)]"
4027 "[(8276, 3, 951804), (8849, 3, 1293542), (8477, 3, 1561377)]"
8949 "[(2577, 4, 960833), (604, 0, 1635987)]"
1339 "[(8253, 7, 965265)]"
2816 "[(8261, 1, 965663), (8261, 1, 1012774)]"
3697 "[(8282, 3, 967786)]"
4076 "[(8278, 4, 969641), (8278, 4, 969710), (8278, 4, 970057), (8288, 0, 1093768), (8288, 0, 1096819), (8591, 6, 2242297)]"
3676 "[(8721, 7, 989404), (9021, 0, 2645437)]"
806 "[(9048, 2, 1000916), (8752, 6, 1001072), (8752, 6, 1001157), (8752, 6, 1001191), (8752, 6, 1001528), (8295, 3, 1204653), (9028, 0, 2545105)]"
4209 "[(8450, 3, 1011001), (8450, 3, 1011061), (8450, 3, 1011166), (8450, 3, 1011219)]"
4225 "[(9054, 6, 1014151), (8402, 4, 1216356), (8402, 4, 1216604), (8733, 7, 1558433)]"
1143 "[(9048, 2, 1017986)]"
1188 "[(8339, 3, 1031436), (8546, 7, 1138786), (8260, 6, 1389151), (9166, 3, 1719754), (9166, 3, 1720246), (9166, 3, 1721734), (9166, 3, 1721810), (8535, 7, 1809675), (8535, 7, 1809994), (9166, 3, 1959309), (8535, 7, 2051919), (9166, 3, 2059594)]"
4315 "[(8243, 2, 1037151)]"
4327 "[(8339, 3, 1039631)]"
4329 "[(8550, 3, 1042465), (9086, 3, 1380637), (8550, 3, 1387161), (8550, 3, 1397123)]"
8502 "[(434, 3, 1053389), (4019, 4, 1213466), (4019, 4, 1213468), (68, 7, 1252398), (68, 7, 1261644), (423, 2, 1302201), (423, 2, 1335677), (1189, 1, 1633109), (2230, 1, 1664324), (56, 7, 2235030)]"
4426 "[(8341, 4, 1069626), (8397, 1, 1890423)]"
4436 "[(9048, 2, 1073166)]"
1506 "[(8377, 2, 1101464)]"
4604 "[(8333, 4, 1130191), (8612, 3, 1997932), (8741, 4, 2145321)]"
1385 "[(8806, 4, 1140645)]"
9068 "[(233, 6, 1149275), (233, 6, 1492714), (4085, 7, 1570546), (4085, 7, 2010711), (233, 6, 2185734), (73, 0, 2186487), (1131, 4, 2253318), (1131, 4, 2330096)]"
4647 "[(8612, 3, 1149659)]"
4663 "[(8612, 3, 1158267), (8612, 3, 1158771)]"
4672 "[(9072, 7, 1162590), (8937, 3, 2050415), (8937, 3, 2050939), (8937, 3, 2294468), (8546, 7, 2446440)]"
4697 "[(8752, 6, 1169786), (8752, 6, 1169823), (8575, 1, 1450449), (8563, 0, 1885506), (8563, 0, 1885567)]"
4709 "[(9069, 6, 1172605)]"
4758 "[(9045, 0, 1180272)]"
4334 "[(9072, 7, 1183464), (9072, 7, 1270417), (9072, 7, 1271069), (9072, 7, 1285923), (8261, 1, 1367476)]"
3992 "[(9069, 6, 1183637), (9069, 6, 1183772), (9080, 6, 2230169)]"
4707 "[(9080, 6, 1187765), (9080, 6, 1187833), (8506, 7, 1870158), (8506, 7, 1870394), (8506, 7, 1870424), (8506, 7, 1870437), (9077, 2, 2310564), (8740, 2, 2328901), (9077, 2, 2342510)]"
4793 "[(9069, 6, 1189238), (8402, 4, 1203525)]"
4827 "[(8249, 3, 1196284), (8249, 3, 1196311)]"
9078 "[(95, 3, 1197316), (95, 3, 1197365), (95, 3, 1197397), (1036, 6, 1228427), (1036, 6, 1228462), (1036, 6, 1228487), (1036, 6, 1228565), (17, 1, 1258061), (1682, 7, 1258251), (1682, 7, 1258738), (5071, 1, 1275519), (1921, 2, 1282242), (2578, 1, 1286315), (1036, 6, 1309935), (1036, 6, 1310666), (17, 1, 1525352), (802, 6, 1571394)]"
4837 "[(8235, 1, 1198380)]"
804 "[(8242, 3, 1202033), (9144, 3, 1559021)]"
4862 "[(8402, 4, 1202288), (8402, 4, 1202548), (8402, 4, 1213916)]"
4866 "[(8402, 4, 1203271), (8586, 3, 1566232)]"
4057 "[(8577, 4, 1204336)]"
4875 "[(8237, 7, 1205368)]"
4879 "[(8370, 4, 1206195), (8370, 4, 1211811), (8370, 4, 1212386)]"
4888 "[(8507, 0, 1207923), (8507, 0, 1277036)]"
3849 "[(8402, 4, 1212330), (9185, 2, 1920787)]"
4910 "[(9072, 7, 1212713), (9072, 7, 1213042), (9102, 4, 1469626), (9102, 4, 1469699), (9102, 4, 1665271), (8937, 3, 2092473)]"
3453 "[(8357, 3, 1230386), (8357, 3, 1230455), (8357, 3, 1271881), (8357, 3, 1271928), (8357, 3, 1282535), (8357, 3, 1282566), (8357, 3, 1601393), (8357, 3, 1601495), (8917, 3, 1643459)]"
8335 "[(233, 6, 1232455), (1950, 4, 1587160), (4173, 3, 2147850)]"
2414 "[(9086, 3, 1232541), (9086, 3, 1268719), (9086, 3, 1269079)]"
8406 "[(95, 3, 1232701), (95, 3, 1233194), (3963, 0, 1363884), (233, 6, 1496104)]"
1646 "[(8577, 4, 1233322)]"
8304 "[(2141, 4, 1258695), (2141, 4, 1258807)]"
534 "[(9096, 7, 1292437), (9096, 7, 1293434), (9096, 7, 1295700), (9096, 7, 1296421), (9096, 7, 1371600)]"
5138 "[(8806, 4, 1293961)]"
2781 "[(9086, 3, 1304858)]"
5175 "[(9086, 3, 1308039), (9086, 3, 1308102)]"
3085 "[(8247, 7, 1313083), (9096, 7, 1518428), (9096, 7, 1627914), (9096, 7, 1667127), (9096, 7, 1667972)]"
2749 "[(8603, 7, 1314376)]"
3004 "[(8806, 4, 1321837), (8806, 4, 1321866), (8341, 4, 1496703), (8806, 4, 1750935), (8574, 4, 2116156), (8574, 4, 2116223), (8592, 4, 2116401), (8592, 4, 2116506), (8592, 4, 2116743), (8592, 4, 2116885)]"
5206 "[(9096, 7, 1323021), (9096, 7, 1323065), (9096, 7, 1323115), (9096, 7, 1323163), (8295, 3, 1582612), (8295, 3, 1582899), (8644, 1, 1584124)]"
2889 "[(8581, 4, 1351759)]"
514 "[(8551, 3, 1359157), (8577, 4, 1453460)]"
1795 "[(8376, 4, 1368539), (8376, 4, 1369752)]"
2907 "[(8989, 0, 1390282)]"
2541 "[(9072, 7, 1394563), (9084, 6, 2624951)]"
2247 "[(8575, 1, 1403097)]"
8232 "[(728, 6, 1473307), (728, 6, 1475547), (401, 4, 2219001)]"
5636 "[(8618, 1, 1473659), (8555, 4, 2147516)]"
179 "[(9129, 7, 1500809)]"
9133 "[(2134, 7, 1503621), (2134, 7, 1503688), (2134, 7, 1504816), (2134, 7, 1504832), (2134, 7, 1510445), (2134, 7, 1510494), (2134, 7, 1512014), (996, 7, 1516367), (6520, 7, 1860505), (2797, 7, 1891428), (233, 6, 1923115), (996, 7, 1929727), (996, 7, 1929830), (996, 7, 1929856), (996, 7, 1929897), (996, 7, 1930135), (68, 7, 1930778), (2074, 7, 1988518), (2134, 7, 2046981), (73, 0, 2336271), (2134, 7, 2376504), (2134, 7, 2376573), (68, 7, 2383819), (826, 7, 2429742), (233, 6, 2448421), (2134, 7, 2479023), (2797, 7, 2579622), (1392, 3, 2651008), (2134, 7, 2658820)]"
5667 "[(9132, 7, 1509504)]"
931 "[(9132, 7, 1516770), (9132, 7, 1519923)]"
3811 "[(8801, 4, 1516794)]"
5782 "[(8575, 1, 1538974)]"
5795 "[(8247, 7, 1542801)]"
9071 "[(4952, 1, 1548202), (1511, 4, 1548315), (1835, 7, 1548372), (1835, 7, 1548453), (1835, 7, 1548497), (1835, 7, 1548621), (476, 3, 1548900), (119, 6, 1548925), (437, 6, 1549082), (17, 1, 1549220), (4752, 6, 1549296), (17, 1, 1549349), (437, 6, 1549830), (437, 6, 1549954), (3931, 7, 1550687), (1511, 4, 1550904), (4964, 4, 1550953), (867, 6, 1551050), (1729, 6, 1551164), (1314, 2, 1551444), (1046, 3, 1553458), (248, 6, 1554255), (3183, 4, 1554915), (1511, 4, 1556049), (2365, 6, 1556078), (17, 1, 1556188), (1511, 4, 1556633), (870, 2, 1558795), (3752, 3, 1559053), (68, 7, 1560256), (2143, 6, 1561290), (595, 6, 1561983), (4845, 6, 1562012), (595, 6, 1562203), (4845, 6, 1562238), (4845, 6, 1562422), (595, 6, 1562707), (595, 6, 1562832), (595, 6, 1562888), (1224, 7, 1562892), (4845, 6, 1563205), (4085, 7, 1566998), (5879, 6, 1573063), (4845, 6, 1575690), (4845, 6, 1575954), (4845, 6, 1576386), (4845, 6, 1578240), (4845, 6, 1578348), (2958, 1, 1579139), (3114, 3, 1589631), (3067, 1, 1591073), (1951, 4, 1594736), (3114, 3, 1595179), (3114, 3, 1595810), (3114, 3, 1596023), (3114, 3, 1596068), (482, 6, 1610818), (482, 6, 1611062), (437, 6, 1613003), (2447, 6, 1613155), (437, 6, 1617589), (3114, 3, 1619503), (3114, 3, 1622316), (644, 6, 1628897), (644, 6, 1628923), (644, 6, 1628952), (644, 6, 1629089), (644, 6, 1629178), (644, 6, 1629240), (644, 6, 1629269), (644, 6, 1629370), (644, 6, 1629390), (4845, 6, 1635703), (2365, 6, 1650829), (5772, 6, 1667439), (4845, 6, 1670049), (3748, 6, 1703893), (477, 6, 1829949), (2257, 6, 2001701), (2257, 6, 2002289), (2257, 6, 2002634), (3114, 3, 2027623), (5622, 0, 2162495), (437, 6, 2178887), (4266, 6, 2228702), (5846, 3, 2250568), (1137, 4, 2288723), (68, 7, 2289978), (1277, 7, 2395192), (1277, 7, 2395211), (437, 6, 2395676), (437, 6, 2395708), (437, 6, 2395892), (437, 6, 2397473), (437, 6, 2397557), (437, 6, 2397727), (875, 6, 2599633)]"
5583 "[(8477, 3, 1560960), (8477, 3, 1561069), (8477, 3, 1561123)]"
8731 "[(233, 6, 1578944), (40, 0, 2251643), (73, 0, 2335968), (233, 6, 2529274)]"
1885 "[(9132, 7, 1624069), (9132, 7, 1624443), (8260, 6, 1624791), (8260, 6, 1627428), (8260, 6, 1712513), (9132, 7, 1720876), (9132, 7, 1746590), (9132, 7, 1801427), (9132, 7, 1801861), (8260, 6, 2441689), (8591, 6, 2609992)]"
9155 "[(3591, 0, 1631166), (1404, 7, 1641356), (233, 6, 1666010), (3591, 0, 1704964), (5289, 3, 1719421), (5289, 3, 1719708), (5289, 3, 1719924), (5289, 3, 1720328), (5262, 4, 1834726), (5262, 4, 1834865), (5262, 4, 1834902), (5262, 4, 1834921), (5262, 4, 1872011), (4230, 2, 1884307), (3591, 0, 1903774), (1586, 0, 1920127), (749, 6, 1921966)]"
5836 "[(8806, 4, 1633261), (8806, 4, 1633768), (8343, 1, 1646281), (8247, 7, 1818507)]"
8836 "[(2141, 4, 1649268), (2141, 4, 1649308), (68, 7, 1848395), (17, 1, 2193725)]"
1283 "[(8535, 7, 1691936), (8535, 7, 1692055)]"
6164 "[(9069, 6, 1701993)]"
1785 "[(9132, 7, 1706954), (9132, 7, 1707278)]"
5176 "[(9166, 3, 1708014), (9166, 3, 1780901), (8558, 3, 1780939)]"
2580 "[(9118, 7, 1710276), (9118, 7, 1710289), (9118, 7, 2139762)]"
6248 "[(8724, 4, 1731850)]"
5864 "[(8683, 6, 1737985)]"
1405 "[(8577, 4, 1744898)]"
1814 "[(8964, 3, 1775832)]"
5935 "[(8402, 4, 1801926)]"
6411 "[(9166, 3, 1805769), (9166, 3, 1806322), (9166, 3, 2036130), (9166, 3, 2036238), (9166, 3, 2036723), (9166, 3, 2053449), (9166, 3, 2053578), (9166, 3, 2053724), (9166, 3, 2054018), (9166, 3, 2054188), (9166, 3, 2065775), (9166, 3, 2066634), (9166, 3, 2067538), (9166, 3, 2150416), (9166, 3, 2151568), (9166, 3, 2151676), (9166, 3, 2152135), (9166, 3, 2152215), (9166, 3, 2152465)]"
3779 "[(8250, 3, 1829743), (8284, 0, 2095197), (8284, 0, 2095241)]"
51 "[(9072, 7, 1838344), (9166, 3, 2103092), (9166, 3, 2103281), (9166, 3, 2103781), (9166, 3, 2104130), (9166, 3, 2104836), (9166, 3, 2105285), (9166, 3, 2117627), (9166, 3, 2118069), (9166, 3, 2283675), (9166, 3, 2283700), (9166, 3, 2283798), (9166, 3, 2283833), (9166, 3, 2285777), (9166, 3, 2285956), (9166, 3, 2285969), (9166, 3, 2285985)]"
6490 "[(9132, 7, 1839563)]"
3031 "[(8909, 6, 1873636)]"
6549 "[(8554, 6, 1878937)]"
9168 "[(466, 7, 1880844), (646, 7, 1881666), (1737, 2, 1889571), (1737, 2, 1889657), (646, 7, 1901226), (646, 7, 1907669), (646, 7, 1907801), (477, 6, 1912145), (2234, 6, 1921612), (233, 6, 1925388), (8, 3, 1934141), (8, 3, 1934323), (8, 3, 1934698), (8, 3, 1934864), (267, 4, 1937018), (267, 4, 1937113), (267, 4, 1937179), (139, 4, 1954402), (500, 4, 1961389), (646, 7, 1961972), (8, 3, 1963893), (8, 3, 1963957), (8, 3, 1964071), (8, 3, 1964103), (8, 3, 1964218), (8, 3, 1970022), (8, 3, 1970190), (5633, 7, 1972189), (5633, 7, 1973108), (43, 6, 1974813), (43, 6, 1974856), (43, 6, 1974974), (566, 4, 1978590), (1602, 2, 1981767), (1602, 2, 1981792), (1602, 2, 1982288), (1720, 6, 1986479), (935, 2, 1986780), (477, 6, 1989584), (1036, 6, 2000813), (494, 2, 2001267), (494, 2, 2001297), (6534, 6, 2008436), (1682, 7, 2017890), (8, 3, 2025378), (511, 7, 2041199), (3039, 6, 2042432), (139, 4, 2054255), (760, 6, 2055711), (1729, 6, 2070069), (1729, 6, 2070381), (1729, 6, 2070496), (43, 6, 2079317), (3932, 6, 2085477), (3932, 6, 2085554), (3932, 6, 2085715), (3932, 6, 2085742), (3932, 6, 2085954), (6113, 2, 2122245), (6113, 2, 2125337), (1184, 4, 2142418), (17, 1, 2152318), (2559, 2, 2167307), (2965, 7, 2176452), (2965, 7, 2176973), (646, 7, 2194298), (4778, 6, 2199654), (428, 7, 2221952), (428, 7, 2222121), (428, 7, 2222339), (646, 7, 2229831), (646, 7, 2230648), (1382, 6, 2239324), (2885, 7, 2245639), (5633, 7, 2265692), (4510, 4, 2269380), (303, 0, 2275572), (782, 1, 2302754), (2786, 0, 2312654), (5031, 4, 2317493), (1813, 2, 2352355), (17, 1, 2391476), (420, 7, 2391587), (17, 1, 2391794), (3532, 4, 2422580), (4390, 2, 2423336), (692, 4, 2435771), (7850, 7, 2518989), (22, 4, 2568832), (1134, 7, 2579789)]"
6019 "[(9166, 3, 1897031), (9166, 3, 2124895)]"
5854 "[(8446, 4, 1901912)]"
2051 "[(8484, 7, 1902010), (8930, 4, 2232447)]"
2693 "[(8325, 1, 1923146)]"
5731 "[(8282, 3, 1940037)]"
9181 "[(2923, 6, 1986923), (68, 7, 1989364), (4112, 0, 2008264), (537, 6, 2065951)]"
2769 "[(8682, 4, 2060784), (8446, 4, 2074847), (8446, 4, 2081623), (8618, 1, 2083528), (8446, 4, 2086396), (8801, 4, 2090971), (8985, 2, 2094146), (8637, 0, 2095687), (8718, 4, 2139577), (8801, 4, 2146996), (8801, 4, 2147154), (8325, 1, 2148987), (8325, 1, 2150095), (8379, 4, 2154142), (8801, 4, 2154213), (8801, 4, 2157479), (8446, 4, 2161322), (8734, 2, 2341334), (8446, 4, 2342937), (8446, 4, 2342962), (8446, 4, 2342976), (8446, 4, 2343002)]"
1538 "[(8801, 4, 2086665), (8801, 4, 2166809)]"
5677 "[(8718, 4, 2089550), (8964, 3, 2546434)]"
2091 "[(9166, 3, 2105808)]"
9202 "[(3591, 0, 2113772), (2038, 2, 2119236), (1404, 7, 2121051), (4248, 6, 2126335), (268, 6, 2131501), (268, 6, 2131802), (268, 6, 2132434), (268, 6, 2132478), (268, 6, 2132570), (268, 6, 2132754), (68, 7, 2133509), (268, 6, 2137260), (5552, 3, 2144016), (5552, 3, 2144093), (43, 6, 2153760), (43, 6, 2153848), (5735, 7, 2171724), (5735, 7, 2172023), (233, 6, 2185550), (268, 6, 2213730), (233, 6, 2267858)]"
9205 "[(2134, 7, 2153591), (2134, 7, 2153632), (3932, 6, 2157615), (5586, 7, 2164344), (6489, 2, 2172340), (853, 7, 2175166), (2134, 7, 2191621), (1095, 3, 2200854), (2578, 1, 2213358), (2578, 1, 2214980), (1587, 1, 2216176), (2196, 7, 2220370), (4304, 2, 2223115), (2134, 7, 2224050), (2134, 7, 2224069), (2134, 7, 2224086), (17, 1, 2238172), (1083, 2, 2239260), (3323, 3, 2239714), (3478, 6, 2245025), (56, 7, 2298671), (17, 1, 2299862), (5442, 3, 2334483), (5442, 3, 2334791), (17, 1, 2337165), (6306, 3, 2365915), (7769, 3, 2404585), (125, 1, 2415260), (143, 3, 2423175), (143, 3, 2423198), (627, 2, 2427895), (3105, 0, 2440887), (3105, 0, 2440994), (3105, 0, 2441009), (3507, 0, 2463149), (3507, 0, 2463360), (2384, 6, 2479673), (17, 1, 2589464), (646, 7, 2594515), (1343, 2, 2640062), (1343, 2, 2643214), (646, 7, 2666236), (4251, 3, 2669800)]"
313 "[(8734, 2, 2158692)]"
7205 "[(8801, 4, 2163709), (8672, 6, 2568111), (9084, 6, 2631706), (8295, 3, 2647257), (8339, 3, 2653694), (8426, 1, 2654421), (8426, 1, 2656495)]"
7176 "[(8706, 6, 2166413), (8706, 6, 2655633)]"
3042 "[(8348, 7, 2178268)]"
4481 "[(8467, 4, 2184770)]"
7265 "[(8347, 3, 2187870)]"
7295 "[(8895, 6, 2206120), (8895, 6, 2210506), (8895, 6, 2210800), (8895, 6, 2211077), (8260, 6, 2562858)]"
4921 "[(8644, 1, 2206778)]"
1632 "[(8466, 1, 2223290)]"
584 "[(9080, 6, 2230040), (9080, 6, 2230076), (9080, 6, 2394083)]"
7377 "[(9080, 6, 2231209), (9080, 6, 2231313)]"
817 "[(9080, 6, 2236033)]"
6569 "[(8590, 7, 2261540), (9028, 0, 2577187), (9028, 0, 2577212)]"
7466 "[(8243, 2, 2265961), (8618, 1, 2317657), (8734, 2, 2317735)]"
828 "[(9153, 1, 2268610), (9153, 1, 2268791), (9153, 1, 2268884), (9153, 1, 2268920), (9153, 1, 2269070), (9153, 1, 2269143), (9153, 1, 2269171), (9153, 1, 2269657), (9153, 1, 2269710), (9153, 1, 2269753), (9153, 1, 2269784), (9153, 1, 2271308), (9153, 1, 2271522)]"
4789 "[(9182, 4, 2269195)]"
9154 "[(1268, 6, 2278360), (1268, 6, 2290639)]"
816 "[(8261, 1, 2280633)]"
9036 "[(1268, 6, 2295373)]"
4554 "[(8734, 2, 2328036), (8734, 2, 2597331)]"
6369 "[(8618, 1, 2333573)]"
3974 "[(8766, 0, 2413850), (8766, 0, 2495158), (8766, 0, 2498476)]"
3471 "[(8269, 4, 2419816)]"
9224 "[(1404, 7, 2421671), (17, 1, 2424496), (22, 4, 2424888), (695, 2, 2425396), (6396, 3, 2425916), (6396, 3, 2426020), (4845, 6, 2426140), (1382, 6, 2429521), (1382, 6, 2429669), (1382, 6, 2429709), (1382, 6, 2429773), (4845, 6, 2431592), (84, 1, 2434697), (2622, 2, 2437992), (68, 7, 2438669), (4845, 6, 2438960), (2622, 2, 2439990), (1046, 3, 2448973), (1046, 3, 2449300), (480, 6, 2452376), (2958, 1, 2459046), (5273, 4, 2465009), (870, 2, 2472473), (68, 7, 2474684), (1754, 6, 2479712), (644, 6, 2484167), (644, 6, 2484953), (6396, 3, 2495776), (477, 6, 2641634)]"
6376 "[(8740, 2, 2424372), (8740, 2, 2424488)]"
8994 "[(954, 6, 2429072), (68, 7, 2558342), (250, 6, 2612541), (250, 6, 2612899), (250, 6, 2612965), (250, 6, 2613282), (250, 6, 2613339), (250, 6, 2613554), (250, 6, 2614718), (250, 6, 2614864), (250, 6, 2614996), (250, 6, 2615414), (250, 6, 2615668), (250, 6, 2615748), (250, 6, 2616177), (250, 6, 2616423), (250, 6, 2616503), (250, 6, 2616583), (250, 6, 2616837)]"
6851 "[(8964, 3, 2445757)]"
1107 "[(8683, 6, 2494841)]"
4319 "[(8418, 2, 2498839)]"
1661 "[(8250, 3, 2507475)]"
6828 "[(8298, 4, 2516615), (8937, 3, 2608571), (8971, 6, 2608586)]"
8496 "[(233, 6, 2527966)]"
8497 "[(233, 6, 2527976)]"
8010 "[(8734, 2, 2558453)]"
1039 "[(8881, 2, 2567285)]"
7283 "[(9127, 4, 2570801)]"
3218 "[(8612, 3, 2587828), (8612, 3, 2587886), (8612, 3, 2654253)]"
1461 "[(8598, 2, 2612293)]"
4361 "[(9084, 6, 2657152), (9084, 6, 2657209)]"
