55 "[(8278, 4, 4780), (8411, 5, 2672808)]"
8284 "[(17, 1, 5670), (535, 4, 347007), (535, 4, 347211), (535, 4, 347265), (535, 4, 347512), (535, 4, 347691), (535, 4, 347733), (1869, 4, 349381), (1869, 4, 352419), (1869, 4, 352473), (1869, 4, 352558), (17, 1, 369969), (996, 7, 441309), (68, 7, 442564), (401, 4, 456631), (2263, 5, 457148), (3323, 3, 808278), (1044, 4, 850236), (532, 1, 940218), (1448, 4, 1136521), (2015, 6, 1185668), (1448, 4, 1220149), (1448, 4, 1274516), (17, 1, 1358485), (535, 4, 1549807), (535, 4, 1890244), (535, 4, 1890626), (535, 4, 1894944), (3779, 5, 2095197), (3779, 5, 2095241), (1448, 4, 2150020), (1448, 4, 2180864), (1448, 4, 2181009), (233, 6, 2184944), (1448, 4, 2241781), (1448, 4, 2241804), (1448, 4, 2241894), (1869, 4, 2263822), (1869, 4, 2340321), (1448, 4, 2418856), (1448, 4, 2419064)]"
73 "[(8294, 3, 6937), (8297, 1, 7116), (8234, 3, 7128), (8433, 7, 37800), (8434, 7, 37961), (8404, 4, 37980), (8534, 6, 117372), (8407, 4, 117998), (8354, 1, 118022), (8283, 2, 118041), (8888, 6, 823795), (8462, 5, 823861), (8339, 3, 823982), (8678, 6, 823989), (8413, 4, 824051), (8603, 7, 824163), (9012, 1, 887811), (8678, 6, 887857), (8543, 2, 887975), (8429, 7, 888111), (8973, 6, 888138), (8755, 2, 888158), (8846, 5, 888495), (8688, 6, 979183), (8999, 6, 979335), (8380, 4, 979366), (9040, 6, 979473), (8429, 7, 979535), (9048, 2, 1077626), (8294, 3, 1077676), (9055, 7, 1077737), (8539, 4, 1082366), (8857, 6, 1165751), (8828, 7, 1165759), (8832, 6, 1166013), (8429, 7, 1166122), (8296, 1, 1166141), (8367, 1, 2163192), (8895, 6, 2186002), (9157, 6, 2186404), (8250, 3, 2186485), (9068, 5, 2186487), (8298, 4, 2186670), (8625, 1, 2186681), (8617, 7, 2186699), (9166, 3, 2186705), (9054, 6, 2279890), (8812, 7, 2335481), (9164, 7, 2335486), (8300, 7, 2335504), (8319, 5, 2335753), (8731, 5, 2335968), (9092, 2, 2336054), (8590, 7, 2336081), (9121, 6, 2336089), (9160, 2, 2336192), (9133, 5, 2336271), (8624, 6, 2356044), (9164, 7, 2356141), (8545, 7, 2356190), (8943, 6, 2356270), (8295, 3, 2356298), (8270, 7, 2356306), (9054, 6, 2356336), (9157, 6, 2356352), (9053, 1, 2356415), (8734, 2, 2356418), (8331, 7, 2356952), (8539, 4, 2357025)]"
8244 "[(68, 7, 20820), (233, 6, 368014), (68, 7, 659408), (983, 3, 687499), (254, 2, 723314), (254, 2, 724830), (254, 2, 725059), (233, 6, 808532), (233, 6, 1839174)]"
220 "[(8261, 1, 29756), (8261, 1, 29795), (8261, 1, 33411), (8261, 1, 40149), (8936, 1, 605896), (8936, 1, 606235), (8411, 5, 617136), (8411, 5, 617208), (8936, 1, 634984), (8794, 4, 637958), (8402, 4, 1219383), (8794, 4, 1913313), (8794, 4, 1979611)]"
40 "[(8297, 1, 31698), (8378, 1, 32297), (8414, 3, 33281), (8426, 1, 35203), (8427, 2, 35299), (8296, 1, 35678), (8405, 6, 36339), (8293, 3, 85656), (8404, 4, 85908), (8522, 6, 117105), (8367, 1, 289953), (8510, 7, 290163), (8557, 7, 338539), (8611, 4, 340343), (8611, 4, 340862), (8297, 1, 351784), (8534, 6, 369456), (8510, 7, 370548), (8514, 4, 372218), (8855, 3, 437070), (8248, 6, 452952), (8804, 6, 454937), (8855, 3, 460481), (8385, 2, 461582), (8445, 6, 463067), (8372, 5, 506058), (8843, 6, 542113), (8427, 2, 544038), (8401, 1, 545881), (8274, 1, 550424), (8274, 1, 550464), (8274, 1, 550467), (8274, 1, 550552), (8274, 1, 550595), (8274, 1, 550672), (8832, 6, 629542), (8420, 6, 631252), (8888, 6, 631635), (8688, 6, 713526), (8795, 6, 715687), (8643, 7, 716480), (8271, 1, 718237), (8688, 6, 807392), (8812, 7, 808101), (8990, 2, 811213), (8534, 6, 811379), (8420, 6, 889934), (8678, 6, 890352), (8613, 6, 939711), (8941, 3, 942531), (8624, 6, 975308), (8445, 6, 977504), (8483, 2, 1029149), (8426, 1, 1029777), (9005, 6, 1043338), (8763, 3, 1058888), (8855, 3, 1060865), (8526, 6, 1062014), (8624, 6, 1063096), (8230, 2, 1067701), (9041, 6, 1149283), (9041, 6, 1150729), (8596, 7, 1153210), (8251, 1, 1153252), (8624, 6, 1153344), (9059, 4, 1233284), (8806, 4, 1236055), (9041, 6, 1290387), (9043, 6, 1291908), (8849, 3, 1324236), (8248, 6, 1492249), (8754, 7, 1492361), (8534, 6, 1495167), (8819, 2, 1497798), (8603, 7, 1501598), (9135, 4, 1504368), (8471, 1, 1545090), (8340, 6, 1547716), (8542, 2, 1548219), (8779, 6, 1555445), (8779, 6, 1558095), (8754, 7, 1562355), (8402, 4, 1579546), (8294, 3, 1579799), (8952, 7, 1581302), (8943, 6, 1584096), (8459, 6, 1584316), (8779, 6, 1637782), (9100, 3, 1667275), (8862, 6, 1667376), (8249, 3, 1672011), (8904, 4, 1716467), (8888, 6, 1749075), (8895, 6, 1752198), (9151, 7, 1752426), (8390, 5, 1754494), (9125, 1, 1755451), (9140, 7, 1817695), (8401, 1, 1819736), (9100, 3, 1820501), (8413, 4, 1824093), (8534, 6, 1837839), (8250, 3, 1840992), (8990, 2, 1843595), (8775, 3, 1899722), (8401, 1, 1908359), (8944, 7, 1925789), (8979, 7, 1925914), (8400, 6, 1926585), (8323, 1, 1930807), (8428, 6, 1931051), (8962, 6, 1932066), (8754, 7, 1932322), (8793, 7, 2014274), (9106, 2, 2019351), (8539, 4, 2025646), (9157, 6, 2097892), (8793, 7, 2100376), (9023, 1, 2147224), (9023, 1, 2147545), (9023, 1, 2147562), (9023, 1, 2147579), (9141, 6, 2184729), (9204, 4, 2186337), (8625, 1, 2188355), (8592, 4, 2241592), (8731, 5, 2251643), (8313, 1, 2253047), (8297, 1, 2265919), (8952, 7, 2269894), (8812, 7, 2335892), (8464, 4, 2356433), (9157, 6, 2358836), (8734, 2, 2360038), (9157, 6, 2448488), (8275, 5, 2449702), (8275, 5, 2450563), (9077, 2, 2501791), (8253, 7, 2511766), (9023, 1, 2529663), (8762, 7, 2531795), (8471, 1, 2533078), (8442, 3, 2533878), (8331, 7, 2534798)]"
8448 "[(302, 3, 42618), (1102, 7, 230589), (1853, 6, 953296), (1853, 6, 953371), (4752, 6, 1755737), (4752, 6, 1755763)]"
303 "[(8385, 2, 42627), (8450, 3, 43022), (8546, 7, 207147), (8823, 2, 374062), (8879, 4, 566463), (8461, 1, 595377), (8969, 2, 808898), (8540, 4, 830594), (8996, 4, 830782), (8540, 4, 917097), (8312, 4, 917154), (8540, 4, 939914), (8540, 4, 1025467), (8483, 2, 1257216), (8702, 5, 1330488), (8996, 4, 1334600), (9064, 6, 1337851), (8581, 4, 1415688), (8401, 1, 1415773), (8971, 6, 1415933), (8816, 3, 1577662), (8344, 4, 1585575), (8666, 3, 1678804), (8514, 4, 1971049), (9194, 7, 2048575), (8286, 7, 2150176), (9168, 5, 2275572), (8526, 6, 2293545), (9125, 1, 2293572), (8555, 4, 2451026), (8324, 7, 2585211), (9034, 1, 2649019)]"
489 "[(8411, 5, 65693), (8411, 5, 65719), (9131, 6, 2242038), (9131, 6, 2242060), (9131, 6, 2242504)]"
518 "[(8423, 6, 68348), (8677, 2, 2492471)]"
8499 "[(17, 1, 70128), (532, 1, 70467), (233, 6, 2183585), (1359, 2, 2199108)]"
285 "[(8546, 7, 72489), (8546, 7, 72499), (8623, 2, 122257), (8623, 2, 122305), (8623, 2, 122317), (8411, 5, 132632), (8372, 5, 330148), (8959, 3, 671380), (8249, 3, 730046), (8959, 3, 731911), (8623, 2, 738095), (8959, 3, 749535), (8249, 3, 759795), (8249, 3, 759902), (8249, 3, 828497), (8249, 3, 828507), (8249, 3, 849214), (8623, 2, 900889), (8249, 3, 916307), (8249, 3, 916363), (8249, 3, 916389), (8249, 3, 916421), (8249, 3, 917729), (8249, 3, 980074), (9048, 2, 986683), (9048, 2, 986730), (8623, 2, 1075468), (8623, 2, 1090025), (8623, 2, 1090034), (8249, 3, 1091783), (8249, 3, 1152669), (8577, 4, 1165764), (9019, 3, 1173944), (9019, 3, 1174524), (8577, 4, 1174659), (8577, 4, 1174790), (8577, 4, 1177719), (9072, 7, 1178197), (8577, 4, 1194457), (9019, 3, 1237991), (9019, 3, 1238014), (9019, 3, 1238020), (9019, 3, 1238082), (9019, 3, 1238150), (8623, 2, 1239994), (9019, 3, 1240341), (9019, 3, 1240410), (9019, 3, 1246251), (9019, 3, 1246449), (9019, 3, 1246610), (9019, 3, 1246750), (8249, 3, 1337030), (8249, 3, 1337095), (8249, 3, 1337126), (8295, 3, 1341126), (8295, 3, 1341160), (8295, 3, 1341179), (8295, 3, 1341208), (8295, 3, 1341287), (8411, 5, 1344124), (8295, 3, 1346936), (8295, 3, 1346992), (8295, 3, 1347009), (8295, 3, 1347069), (8295, 3, 1347120), (8295, 3, 1347216), (8623, 2, 1352640), (8249, 3, 1420408), (8295, 3, 1436826), (8295, 3, 1452056), (8295, 3, 1500285), (8887, 7, 1511690), (8295, 3, 1587800), (8295, 3, 1605421), (8295, 3, 1605473), (8295, 3, 1675931), (8249, 3, 1711071), (8577, 4, 1776551), (8411, 5, 1885318), (8411, 5, 1936600), (8249, 3, 1967902), (8623, 2, 2361151), (9084, 6, 2629384), (9084, 6, 2629400), (9084, 6, 2629420)]"
496 "[(8411, 5, 78878), (8411, 5, 450974)]"
8239 "[(230, 5, 81084), (230, 5, 414595)]"
8572 "[(627, 2, 83039), (384, 3, 325144), (573, 5, 328733), (912, 3, 328826), (887, 1, 328978), (1755, 6, 329219), (573, 5, 329671), (887, 1, 331055), (318, 7, 331357), (318, 7, 331389), (318, 7, 331695), (887, 1, 333215), (318, 7, 335975), (318, 7, 336173), (1831, 6, 340193), (17, 1, 343123), (317, 1, 343311), (1277, 7, 376310), (1277, 7, 376337), (356, 7, 1000033), (384, 3, 1548042), (17, 1, 1690349), (1831, 6, 1697358), (611, 1, 2603720), (17, 1, 2664314)]"
630 "[(8454, 5, 83396), (8299, 1, 88044), (8311, 3, 100361), (8299, 1, 111793), (8299, 1, 133198), (8299, 1, 133286), (8299, 1, 152535), (8299, 1, 152819), (8299, 1, 154481), (8458, 2, 284717), (8458, 2, 285126), (8458, 2, 287778), (8311, 3, 575575), (8311, 3, 606302), (8311, 3, 787264), (8539, 4, 862638), (8458, 2, 1372489), (8539, 4, 1480307), (8539, 4, 1724501), (8539, 4, 1987057), (8539, 4, 1995560), (8539, 4, 2051285)]"
739 "[(8423, 6, 105669)]"
757 "[(8588, 7, 108677)]"
8388 "[(22, 4, 112307), (555, 5, 208431), (402, 5, 780514), (555, 5, 1889633), (555, 5, 1890019), (555, 5, 2112213), (555, 5, 2220885), (555, 5, 2567076), (555, 5, 2621890)]"
8258 "[(233, 6, 114480), (233, 6, 1921351), (233, 6, 2094310)]"
823 "[(8261, 1, 123585), (8261, 1, 202697), (8261, 1, 261726), (8372, 5, 357190), (8261, 1, 484721), (8261, 1, 701586), (8261, 1, 986161), (8261, 1, 1685211), (8261, 1, 1685305), (8648, 1, 2541930), (8261, 1, 2557989)]"
8635 "[(659, 5, 127320), (1854, 3, 461127), (233, 6, 626302), (233, 6, 810244)]"
8637 "[(17, 1, 127721), (1013, 4, 265592), (954, 6, 695761), (3717, 2, 854270), (826, 7, 1470675), (826, 7, 1562295), (826, 7, 1821989), (2687, 1, 1942515), (835, 1, 2054343), (2769, 5, 2095687), (611, 1, 2109350), (509, 6, 2117032), (17, 1, 2365577), (6213, 7, 2367344)]"
790 "[(8412, 5, 140954), (8412, 5, 154571), (8412, 5, 154609)]"
8667 "[(913, 6, 143745), (45, 3, 602717), (2881, 3, 610805), (45, 3, 647936), (1058, 6, 2135116), (1058, 6, 2135167)]"
924 "[(8412, 5, 145994), (8412, 5, 153805)]"
8422 "[(68, 7, 147073), (233, 6, 282941), (1601, 6, 397396), (1164, 5, 714002)]"
8360 "[(900, 6, 148852)]"
8389 "[(68, 7, 153938), (233, 6, 373865), (659, 5, 877078), (5475, 1, 2030347), (233, 6, 2186343)]"
989 "[(8619, 7, 154653), (8856, 3, 665555)]"
8650 "[(782, 1, 155227), (782, 1, 196155), (782, 1, 323871), (782, 1, 627454), (2153, 3, 652234), (782, 1, 1353895), (782, 1, 1358400), (782, 1, 1663295), (782, 1, 1701585), (782, 1, 1795972), (782, 1, 1871342), (782, 1, 1872991), (782, 1, 1873160), (782, 1, 1878310), (2881, 3, 1882638), (782, 1, 1883537), (2881, 3, 1883743), (782, 1, 1884071), (782, 1, 1884929), (782, 1, 1885077), (782, 1, 1885260), (17, 1, 1885433), (730, 1, 1887016), (730, 1, 1887036), (782, 1, 1947042), (782, 1, 1955401), (782, 1, 1957855), (782, 1, 2054011), (233, 6, 2095928), (782, 1, 2210686)]"
1022 "[(8412, 5, 160380), (8412, 5, 161181), (8412, 5, 161220), (8412, 5, 161415)]"
1065 "[(8285, 2, 167151), (8285, 2, 797754), (9198, 2, 2343929), (9198, 2, 2345150), (8285, 2, 2347647), (9198, 2, 2455767)]"
65 "[(8622, 5, 187689)]"
1155 "[(8645, 1, 188354), (8290, 5, 1708685)]"
1176 "[(8441, 6, 196426), (8254, 6, 196686), (8734, 2, 431334), (8433, 7, 658044), (8847, 2, 658410), (9006, 1, 845603), (8387, 1, 846065), (8623, 2, 1105340), (9140, 7, 1817811), (9140, 7, 1817858), (8937, 3, 2675734)]"
8732 "[(443, 1, 203821), (532, 1, 404747), (2110, 7, 413481), (2110, 7, 596398), (2110, 7, 598471), (2110, 7, 671630), (4085, 7, 1826748), (628, 6, 2251383)]"
8736 "[(68, 7, 209251), (196, 6, 551944), (196, 6, 552117), (196, 6, 552902), (196, 6, 553016), (196, 6, 553104), (196, 6, 553187), (196, 6, 553277), (196, 6, 553615), (196, 6, 553731), (196, 6, 554905), (196, 6, 555114), (196, 6, 555197), (196, 6, 555529), (196, 6, 591050), (196, 6, 594364), (196, 6, 641085), (196, 6, 641157), (196, 6, 641233), (196, 6, 641455), (196, 6, 641482), (196, 6, 643028), (196, 6, 643085), (196, 6, 645400), (196, 6, 645504), (196, 6, 645598), (196, 6, 645767), (196, 6, 651242), (196, 6, 652123), (196, 6, 693088), (196, 6, 693211), (17, 1, 764241), (196, 6, 850362), (196, 6, 850385), (196, 6, 850824), (196, 6, 850855), (196, 6, 867464), (196, 6, 867545), (196, 6, 867781), (196, 6, 877013), (68, 7, 877720), (17, 1, 891314), (196, 6, 950762), (196, 6, 1084810), (196, 6, 1122979), (5032, 6, 1264261), (5032, 6, 1264359), (5032, 6, 1264459), (196, 6, 1309951), (196, 6, 1310349), (233, 6, 1314716), (227, 6, 1396718), (227, 6, 1397876), (233, 6, 1417221), (1501, 3, 1469948), (1501, 3, 1469973), (196, 6, 1571718), (196, 6, 1572779), (196, 6, 1573360), (196, 6, 1575885), (196, 6, 1575906), (196, 6, 1575987), (196, 6, 1576339), (196, 6, 1576369), (196, 6, 1576766), (196, 6, 1579590), (196, 6, 1579674), (196, 6, 1584082), (196, 6, 1616015), (17, 1, 1699817), (898, 4, 1924527), (898, 4, 1925103), (1007, 7, 1999408), (1958, 1, 2478263), (4736, 6, 2658000), (4736, 6, 2658554), (4736, 6, 2659777), (4736, 6, 2660280)]"
1229 "[(8366, 1, 211509)]"
1266 "[(8741, 4, 217766)]"
1290 "[(8622, 5, 223414)]"
604 "[(8693, 6, 226830), (8294, 3, 768694), (8949, 5, 1635987)]"
1306 "[(8469, 2, 227348), (8458, 2, 393127), (8393, 5, 568782), (8469, 2, 666275)]"
1308 "[(8337, 4, 227423), (8337, 4, 238928), (8337, 4, 2472721), (8337, 4, 2472791)]"
1320 "[(8514, 4, 230569), (8514, 4, 309497), (8514, 4, 309689), (8514, 4, 310326), (8278, 4, 997936)]"
1325 "[(8638, 4, 231984), (8638, 4, 2223591)]"
1331 "[(8649, 2, 232958), (8649, 2, 233006)]"
1390 "[(8299, 1, 243366), (8299, 1, 243430), (8299, 1, 541272), (8299, 1, 579279)]"
8766 "[(437, 6, 263402), (437, 6, 269954), (437, 6, 924652), (246, 7, 986093), (17, 1, 1106252), (1276, 7, 1106338), (17, 1, 1519870), (17, 1, 1659342), (437, 6, 1742574), (437, 6, 2256588), (437, 6, 2306879), (3974, 5, 2413850), (3974, 5, 2495158), (3974, 5, 2498476)]"
1504 "[(8778, 5, 267464), (8778, 5, 267498)]"
8342 "[(425, 3, 271217), (425, 3, 271764), (425, 3, 272044), (425, 3, 272206), (425, 3, 272377), (1359, 2, 646823)]"
1547 "[(8738, 6, 277378), (8450, 3, 884665), (8401, 1, 1572001), (9182, 4, 1921352), (9182, 4, 1921467), (8401, 1, 2658273), (8587, 1, 2659732)]"
1554 "[(8622, 5, 278669), (8227, 1, 1406876)]"
57 "[(8688, 6, 282770)]"
8692 "[(233, 6, 283067), (233, 6, 368092)]"
400 "[(8785, 4, 283071), (8785, 4, 316596), (8785, 4, 316621), (8785, 4, 317224), (8785, 4, 317453), (8785, 4, 317604), (8785, 4, 317719), (8785, 4, 317768), (8785, 4, 317875), (8785, 4, 323199), (8785, 4, 323238), (8785, 4, 323254), (8785, 4, 334992), (8785, 4, 366562), (8785, 4, 453562), (8785, 4, 536046), (8785, 4, 854319), (8785, 4, 856564), (8785, 4, 857331), (8785, 4, 858726), (8785, 4, 859400), (8785, 4, 860549), (8785, 4, 883103), (8785, 4, 920809), (8785, 4, 921203), (8785, 4, 924651), (8785, 4, 1426013), (8785, 4, 1426038), (8785, 4, 1426053), (8785, 4, 1426603), (8785, 4, 1426755), (8785, 4, 1426799), (8785, 4, 1444351), (8785, 4, 1451583), (8785, 4, 1526706)]"
8523 "[(233, 6, 286297)]"
8564 "[(1601, 6, 293402), (1601, 6, 381052), (1601, 6, 381110), (233, 6, 810238), (233, 6, 1319352), (1601, 6, 1513500), (1601, 6, 1513706), (1601, 6, 1514051)]"
8430 "[(1499, 3, 297162), (233, 6, 452910), (1376, 5, 748774), (4186, 4, 1216437), (456, 6, 1617793), (68, 7, 2076256)]"
8737 "[(1641, 5, 307639), (1641, 5, 307696), (921, 1, 869477), (370, 2, 1828526)]"
8716 "[(68, 7, 309807), (5463, 1, 1416951), (3592, 4, 1702518), (4464, 2, 2629143)]"
1678 "[(8814, 6, 314470), (8814, 6, 927708), (8814, 6, 1431369)]"
8288 "[(1683, 5, 316142), (3755, 4, 867121), (17, 1, 1091842), (4076, 5, 1093768), (4076, 5, 1096819), (156, 2, 1148474)]"
339 "[(8761, 6, 329503), (8761, 6, 329650), (8761, 6, 329922), (8761, 6, 330894), (8761, 6, 330973), (8761, 6, 331072), (8761, 6, 402963), (8761, 6, 861238), (8761, 6, 861647), (8761, 6, 1304050), (8761, 6, 1304168), (8761, 6, 1304609), (8761, 6, 1451138), (8761, 6, 1451468), (8761, 6, 1451855), (8761, 6, 1452291), (8761, 6, 1452490), (9069, 6, 2581770)]"
1492 "[(8593, 1, 341051), (8482, 5, 834435), (8638, 4, 851373), (9034, 1, 1200694), (9034, 1, 1200772), (9034, 1, 1203018), (9034, 1, 1203481), (9034, 1, 1205654), (8625, 1, 1214664), (9034, 1, 1293099), (9034, 1, 1293134), (9034, 1, 1293136), (8638, 4, 1794591), (9034, 1, 2133411), (9034, 1, 2216011), (8638, 4, 2224114), (9034, 1, 2317954)]"
1270 "[(8584, 4, 341798), (8887, 7, 675528), (8887, 7, 675637), (8577, 4, 1278985), (8724, 4, 1822392), (8510, 7, 1822781), (8683, 6, 1885953), (8763, 3, 2196592), (9214, 2, 2326062)]"
8839 "[(1218, 4, 343008)]"
1857 "[(8789, 1, 346445), (8755, 2, 358269), (8470, 3, 866765), (8588, 7, 966877), (8702, 5, 1028998), (8702, 5, 1029187), (9166, 3, 1705737), (8585, 7, 2383436)]"
8391 "[(1894, 4, 355882), (1894, 4, 356049), (762, 5, 366052), (162, 5, 422543), (762, 5, 495638), (762, 5, 1040068), (68, 7, 1262664), (5193, 4, 1594348), (5193, 4, 1594508), (762, 5, 1738037), (162, 5, 1902261), (925, 3, 2168523), (925, 3, 2169301), (762, 5, 2238866)]"
1903 "[(8710, 4, 357226), (8710, 4, 751738)]"
8811 "[(233, 6, 364855)]"
8792 "[(233, 6, 370047), (233, 6, 1234225)]"
8671 "[(17, 1, 394341), (2671, 2, 558765), (2671, 2, 558850), (233, 6, 885928), (2671, 2, 1167864), (2671, 2, 1167903), (2671, 2, 1177269), (2671, 2, 1255598), (233, 6, 1922798)]"
2031 "[(8578, 4, 396240)]"
8729 "[(887, 1, 399305)]"
8869 "[(1449, 1, 400189), (253, 2, 2433684), (532, 1, 2471147)]"
8765 "[(2054, 6, 418687), (4947, 1, 1229166), (4947, 1, 1229231), (47, 1, 1282004), (47, 1, 1282091), (47, 1, 1340873), (47, 1, 1425870)]"
2158 "[(8559, 1, 424381), (8559, 1, 441302)]"
2174 "[(8274, 1, 427620), (8274, 1, 427648), (8274, 1, 2250267), (8274, 1, 2250301), (9064, 6, 2426103)]"
1761 "[(8316, 1, 434486), (9069, 6, 1169751), (9069, 6, 1170051)]"
8848 "[(1828, 7, 436341), (1828, 7, 437225), (1828, 7, 437443), (1828, 7, 437481), (1828, 7, 437540), (1828, 7, 438212), (233, 6, 454475), (156, 2, 462806), (156, 2, 463135), (156, 2, 463966), (156, 2, 464148), (156, 2, 464304), (156, 2, 464804), (156, 2, 465150), (2374, 4, 489295), (772, 2, 526653), (1828, 7, 530578), (233, 6, 541027), (772, 2, 872044), (1268, 6, 900688), (1268, 6, 1184663), (367, 7, 1606123), (1268, 6, 1624971), (1041, 2, 2239630)]"
199 "[(8297, 1, 449885), (8297, 1, 450459)]"
1586 "[(8846, 5, 451179), (8231, 6, 451490), (8967, 5, 721158), (8784, 5, 969559), (8832, 6, 1066890), (9049, 1, 1067032), (9123, 2, 1498532), (9155, 5, 1920127), (9197, 2, 2036702), (9210, 6, 2276152)]"
175 "[(8622, 5, 452150), (8733, 7, 813918), (8733, 7, 814035), (8408, 7, 816453), (8260, 6, 1870142), (8590, 7, 2636807)]"
8798 "[(233, 6, 456369), (3579, 6, 806009), (3579, 6, 806322), (233, 6, 1150611), (233, 6, 1409932)]"
8760 "[(233, 6, 456732)]"
1078 "[(8888, 6, 477507)]"
8892 "[(318, 7, 503428), (1854, 3, 2333980)]"
8556 "[(1466, 6, 509351), (1224, 7, 721730), (68, 7, 722979), (664, 4, 936180), (3326, 3, 1103277), (17, 1, 1132898), (4635, 7, 1308479), (1449, 1, 1522412), (367, 7, 1962602), (2404, 1, 2321391), (8119, 2, 2621898)]"
8481 "[(537, 6, 510385)]"
8780 "[(2483, 1, 512062), (2137, 1, 832601), (233, 6, 1233554), (233, 6, 1494938), (233, 6, 2447731)]"
8912 "[(2485, 4, 512397)]"
8759 "[(17, 1, 513522)]"
8827 "[(68, 7, 514290), (384, 3, 1555071), (1778, 6, 1781063), (384, 3, 1788281), (384, 3, 1903621), (532, 1, 2070994), (384, 3, 2217987), (384, 3, 2218031), (384, 3, 2218138), (17, 1, 2240662), (384, 3, 2241227), (384, 3, 2241472), (384, 3, 2395156), (384, 3, 2400952), (384, 3, 2485177)]"
1772 "[(8761, 6, 515237), (8761, 6, 592010), (8339, 3, 916993), (8761, 6, 1344947), (8761, 6, 1344978), (8761, 6, 1345092), (8761, 6, 1351482), (8761, 6, 1384560), (8761, 6, 1447042), (8761, 6, 1449053), (8761, 6, 1646419), (9166, 3, 1892748), (9166, 3, 1892769), (9166, 3, 1893007), (9166, 3, 1893140), (9166, 3, 1893206), (9166, 3, 1910709), (9166, 3, 1910783), (9166, 3, 1911550), (9166, 3, 1966182), (9166, 3, 1966469), (9166, 3, 1966496), (9166, 3, 1966621), (9166, 3, 1966704), (9166, 3, 1966816), (9166, 3, 1966871), (8761, 6, 1978064), (8761, 6, 1978278), (9166, 3, 2055869)]"
2508 "[(8231, 6, 516596)]"
8605 "[(750, 7, 520236), (233, 6, 1841179)]"
8647 "[(1069, 5, 524336), (1448, 4, 883833), (1448, 4, 884231), (4085, 7, 1139015)]"
8803 "[(370, 2, 553347)]"
2242 "[(8930, 4, 576530), (8373, 7, 579186), (8558, 3, 1732895), (8558, 3, 1750342), (9166, 3, 2001825), (9176, 7, 2006415), (9176, 7, 2006546), (8592, 4, 2253271)]"
1202 "[(8649, 2, 584049)]"
8658 "[(2750, 2, 584167), (752, 4, 1962618)]"
8684 "[(1276, 7, 587852), (1276, 7, 587946), (3899, 7, 918815), (4178, 1, 1005799), (4178, 1, 1006343), (4178, 1, 1006436), (4178, 1, 1539421), (4459, 1, 1610767), (749, 6, 1917532)]"
2863 "[(8771, 5, 599507), (9048, 2, 1008980), (8771, 5, 1025118), (9072, 7, 1141969)]"
86 "[(8936, 1, 600962), (8411, 5, 601267), (8699, 4, 1984054)]"
337 "[(8625, 1, 601846), (8474, 5, 2146420)]"
8487 "[(2923, 6, 612398), (2923, 6, 948925), (2277, 4, 2277231)]"
1468 "[(8656, 1, 613334), (8656, 1, 666069)]"
8787 "[(233, 6, 624825), (3612, 4, 1003064), (3612, 4, 1003586)]"
8330 "[(233, 6, 626283), (1359, 2, 760227)]"
8614 "[(1173, 7, 630493), (2196, 7, 655072), (233, 6, 716947), (5045, 4, 1268846)]"
8728 "[(17, 1, 632392)]"
8616 "[(768, 1, 641539), (1622, 1, 659963), (3387, 1, 883607), (233, 6, 1579486), (768, 1, 2210245), (768, 1, 2283980), (967, 1, 2368061), (768, 1, 2529668), (3387, 1, 2533781), (3387, 1, 2534007), (768, 1, 2613320), (768, 1, 2652212)]"
3036 "[(8241, 6, 643717), (8241, 6, 643813), (9048, 2, 1065025)]"
8266 "[(68, 7, 646298), (68, 7, 650027), (3385, 4, 746400), (68, 7, 941239), (4015, 7, 948552), (4015, 7, 948627), (2654, 3, 998097), (1552, 3, 1023106), (3502, 3, 1121539), (68, 7, 1328498), (628, 6, 2333836), (608, 7, 2427238), (664, 4, 2676698), (664, 4, 2676731)]"
8956 "[(2738, 5, 653586), (2738, 5, 653628), (482, 6, 1869412), (2348, 6, 1994349), (552, 2, 2140014), (482, 6, 2174292), (2277, 4, 2282722), (482, 6, 2321452), (233, 6, 2355767), (318, 7, 2393894), (318, 7, 2393920)]"
8807 "[(346, 2, 669066), (671, 7, 724498), (116, 2, 778103), (478, 2, 784155), (116, 2, 1037616), (116, 2, 1172575), (749, 6, 1240928), (116, 2, 1478068), (116, 2, 1478143), (116, 2, 1560482), (116, 2, 1560484), (116, 2, 1560519), (3108, 1, 1707314), (3108, 1, 1707315), (116, 2, 1864716), (346, 2, 1878180), (5538, 2, 1878293), (346, 2, 1878754), (233, 6, 2356217), (346, 2, 2479787)]"
8507 "[(1778, 6, 669600), (68, 7, 729722), (3142, 3, 800439), (3142, 3, 800739), (993, 6, 1145495), (4888, 5, 1207923), (1493, 6, 1208426), (4888, 5, 1277036), (5591, 6, 1462823), (5591, 6, 1466183), (125, 1, 1481240), (125, 1, 1481588), (1493, 6, 1544788), (1363, 4, 1804331)]"
2369 "[(8887, 7, 670249), (8526, 6, 1542715)]"
2210 "[(8339, 3, 676039), (8734, 2, 2422632), (8734, 2, 2564667)]"
8492 "[(1778, 6, 684223), (4085, 7, 1754911), (68, 7, 2050206)]"
8662 "[(425, 3, 684860), (68, 7, 1249575), (233, 6, 1662172)]"
8322 "[(703, 7, 687601)]"
3208 "[(8339, 3, 690601)]"
3269 "[(8973, 6, 710272), (8973, 6, 710304), (9049, 1, 998853)]"
3273 "[(8887, 7, 711610), (8887, 7, 711717), (8887, 7, 712288), (8887, 7, 712319), (8887, 7, 712507)]"
8508 "[(1164, 5, 715696), (1164, 5, 1484804), (559, 4, 2317205), (996, 7, 2544904), (537, 6, 2664892)]"
8717 "[(233, 6, 717101), (1647, 6, 838545), (4085, 7, 1077137), (1647, 6, 1103598), (277, 6, 1108429), (277, 6, 1108500), (484, 5, 1286226), (277, 6, 1364084), (277, 6, 1364172), (1647, 6, 1377141), (1647, 6, 1542584)]"
8698 "[(233, 6, 717561)]"
8948 "[(233, 6, 721283), (537, 6, 1160300)]"
8989 "[(3317, 2, 727391), (2939, 6, 767102), (2939, 6, 767257), (2939, 6, 767381), (2939, 6, 827480), (2939, 6, 827561), (233, 6, 882436), (233, 6, 970611), (608, 7, 1375008), (608, 7, 1375021), (2907, 5, 1390282), (870, 2, 2376451), (870, 2, 2376616), (870, 2, 2376702)]"
8747 "[(3385, 4, 746433)]"
8327 "[(1726, 7, 753568)]"
997 "[(8998, 1, 754379), (8998, 1, 970443), (8998, 1, 1583863), (8998, 1, 1611281), (8998, 1, 1613386), (8998, 1, 1613425), (8998, 1, 1613470), (8998, 1, 1614625), (8998, 1, 1614746), (8998, 1, 1614929), (8998, 1, 1615796), (8998, 1, 1617563), (8998, 1, 1620150), (8998, 1, 1622458)]"
8567 "[(1726, 7, 754452), (45, 3, 759037), (1184, 4, 940316), (26, 5, 1377129)]"
8409 "[(1726, 7, 754678)]"
1884 "[(8565, 4, 759947), (8570, 4, 1913908), (8874, 4, 2061831), (8801, 4, 2095314)]"
8576 "[(242, 5, 759999), (1277, 7, 811210), (1277, 7, 811229), (242, 5, 854295), (242, 5, 854425), (242, 5, 904957), (242, 5, 904986), (242, 5, 1444898), (242, 5, 1451957), (242, 5, 1453922), (242, 5, 1455012), (242, 5, 1456786), (242, 5, 1458211), (242, 5, 1458260), (242, 5, 1459025), (242, 5, 1545887), (242, 5, 1545921), (242, 5, 1546016), (4178, 1, 1642406), (242, 5, 1924305), (242, 5, 2039215), (242, 5, 2051587), (242, 5, 2184333), (2134, 7, 2574502), (17, 1, 2673416)]"
8770 "[(1359, 2, 760199)]"
8977 "[(1505, 6, 774948)]"
3507 "[(9006, 1, 779860), (9006, 1, 780001), (9006, 1, 780041), (9006, 1, 780168), (9006, 1, 783409), (9006, 1, 783436), (9006, 1, 851841), (9006, 1, 852103), (9006, 1, 852258), (9006, 1, 905960), (9006, 1, 915703), (9006, 1, 915770), (9006, 1, 916005), (9006, 1, 1158078), (9006, 1, 1165980), (9006, 1, 1166044), (9006, 1, 1190875), (9006, 1, 1888793), (9006, 1, 1888843), (9006, 1, 1888935), (9006, 1, 1937076), (9006, 1, 1959550), (9006, 1, 1959756), (9006, 1, 1959928), (9006, 1, 1960655), (9006, 1, 2039404), (9006, 1, 2047294), (9006, 1, 2047360), (9205, 5, 2463149), (9205, 5, 2463360)]"
3517 "[(8814, 6, 783680), (8980, 1, 1491683), (9027, 3, 1884115), (8763, 3, 2026900), (9111, 7, 2469735)]"
3542 "[(8408, 7, 792495)]"
3591 "[(8633, 1, 815499), (8402, 4, 1207659), (9099, 1, 1361385), (9144, 3, 1548614), (9155, 5, 1631166), (9155, 5, 1704964), (9140, 7, 1727840), (9155, 5, 1903774), (9202, 5, 2113772)]"
8382 "[(1069, 5, 851819), (2121, 1, 861889), (2923, 6, 942261), (2023, 2, 1011915), (2728, 2, 1011951), (2121, 1, 1120955), (1069, 5, 1622138), (1069, 5, 1623195), (1112, 2, 1642351), (233, 6, 1922804)]"
3729 "[(8649, 2, 857333)]"
8700 "[(1505, 6, 880754), (233, 6, 887444), (233, 6, 1231881)]"
8437 "[(532, 1, 890209)]"
1644 "[(8623, 2, 890721), (8623, 2, 891004)]"
9026 "[(68, 7, 927285), (870, 2, 927420), (68, 7, 928625), (659, 5, 953443), (900, 6, 1616646)]"
3939 "[(8339, 3, 930180)]"
3963 "[(8546, 7, 935037), (8406, 5, 1363884), (8514, 4, 2101191)]"
4074 "[(8887, 7, 969321)]"
9039 "[(233, 6, 973005)]"
9033 "[(233, 6, 973299), (233, 6, 1233024), (659, 5, 1252805), (1780, 1, 1358372)]"
8460 "[(68, 7, 983398)]"
4112 "[(8733, 7, 984398), (9181, 5, 2008264), (8816, 3, 2424667)]"
8992 "[(350, 5, 988761), (350, 5, 988804), (17, 1, 999154), (17, 1, 999758), (17, 1, 1000373), (17, 1, 1000678), (17, 1, 1000730), (17, 1, 1000751), (17, 1, 1000976), (17, 1, 1001482), (318, 7, 1026039), (318, 7, 1026135), (318, 7, 1026267), (318, 7, 1026424), (318, 7, 1026500), (318, 7, 1026536), (318, 7, 1026706), (318, 7, 1026926), (318, 7, 1027788), (318, 7, 1027919), (318, 7, 1028000), (318, 7, 1028110), (318, 7, 1028200), (318, 7, 1028375), (318, 7, 1028508), (318, 7, 1028544), (318, 7, 1029139), (318, 7, 1029176), (318, 7, 1029257), (318, 7, 1029482), (318, 7, 1029711), (318, 7, 1029875), (602, 4, 1081858), (423, 2, 1265160), (420, 7, 1361795), (318, 7, 1408047), (1042, 4, 1414698), (233, 6, 1416902), (4586, 1, 1446700), (17, 1, 1496952), (2390, 6, 1497258), (17, 1, 2212185), (17, 1, 2220497), (143, 3, 2482008), (532, 1, 2482197), (2114, 1, 2540440), (532, 1, 2589726)]"
9045 "[(347, 7, 1005288), (347, 7, 1005325), (2087, 7, 1023223), (750, 7, 1054641), (318, 7, 1064236), (318, 7, 1064253), (68, 7, 1075396), (68, 7, 1083416), (1804, 2, 1093212), (1804, 2, 1101420), (1804, 2, 1107228), (1804, 2, 1107462), (1804, 2, 1111410), (2973, 7, 1112330), (1804, 2, 1112402), (2973, 7, 1112790), (2973, 7, 1112922), (68, 7, 1114215), (68, 7, 1125794), (2973, 7, 1131748), (233, 6, 1153427), (537, 6, 1157654), (537, 6, 1157720), (4758, 5, 1180272), (1519, 3, 1182593), (2973, 7, 1189321), (1804, 2, 1211732), (3503, 7, 1228377), (233, 6, 1234706), (233, 6, 1240416), (17, 1, 1265413), (3503, 7, 1301568), (1036, 6, 1315205), (1036, 6, 1315278), (347, 7, 1344062), (3014, 6, 1348523), (1804, 2, 1554770), (6031, 2, 1637812), (4085, 7, 1652200), (750, 7, 1699351), (750, 7, 1699416), (1804, 2, 1706885), (6189, 7, 1818113), (2621, 7, 1879798), (2495, 3, 1978873), (233, 6, 2012865), (2878, 2, 2098858), (2878, 2, 2099852), (2878, 2, 2101080), (2878, 2, 2101168), (2878, 2, 2101419), (2878, 2, 2101762), (2878, 2, 2260383), (859, 5, 2477226), (233, 6, 2528889)]"
8659 "[(17, 1, 1006365)]"
4377 "[(8887, 7, 1052072), (8887, 7, 1052094), (8887, 7, 1052124)]"
4164 "[(8343, 1, 1052875), (8343, 1, 1052876), (8591, 6, 1677898), (8591, 6, 1735684), (9135, 4, 2274592), (8665, 2, 2284879)]"
8272 "[(4427, 4, 1071014), (233, 6, 1239619), (17, 1, 1712476)]"
2659 "[(8749, 7, 1079790), (9089, 3, 1633926), (9117, 3, 1713436)]"
4475 "[(8339, 3, 1092206)]"
31 "[(8535, 7, 1093500), (8535, 7, 1093629), (8535, 7, 1948319), (8535, 7, 1948519)]"
9007 "[(2833, 6, 1095257), (2833, 6, 1095301), (480, 6, 1711419), (6743, 6, 1961134)]"
9063 "[(83, 7, 1099677), (83, 7, 1099794), (954, 6, 1978494), (1124, 7, 2607192), (1124, 7, 2607296), (1124, 7, 2607299), (870, 2, 2642767), (870, 2, 2643002), (870, 2, 2643091), (1124, 7, 2653438)]"
1521 "[(8466, 1, 1126882)]"
4621 "[(8983, 4, 1136548), (8590, 7, 1932111)]"
8790 "[(2810, 6, 1144520), (2810, 6, 1144542), (1276, 7, 1425178), (870, 2, 2246670), (870, 2, 2246743)]"
8280 "[(233, 6, 1150264), (68, 7, 2395863)]"
9065 "[(233, 6, 1153305)]"
9075 "[(1786, 3, 1167619), (3681, 7, 1211029)]"
1971 "[(9069, 6, 1169079)]"
1183 "[(9069, 6, 1169083)]"
3025 "[(9069, 6, 1173556), (8551, 3, 2544669)]"
4763 "[(9069, 6, 1180982)]"
8563 "[(782, 1, 1190805), (4273, 7, 1197655), (835, 1, 1257928), (835, 1, 1257977), (148, 2, 1271263), (3108, 1, 1274411), (3108, 1, 1274413), (835, 1, 1327937), (835, 1, 1327960), (423, 2, 1451840), (1726, 7, 1460361), (4178, 1, 1700643), (4697, 5, 1885506), (4697, 5, 1885567), (1449, 1, 2290866), (859, 5, 2496568)]"
8907 "[(4822, 4, 1195460), (752, 4, 1395862), (752, 4, 1398933), (4085, 7, 1908055)]"
1616 "[(9048, 2, 1210473), (9048, 2, 1210570)]"
4917 "[(9079, 6, 1215497)]"
8571 "[(233, 6, 1234208), (167, 1, 1392983)]"
8517 "[(233, 6, 1235099), (1726, 7, 1458913), (233, 6, 1494716), (6323, 3, 2037470)]"
8626 "[(164, 3, 1243115), (5137, 2, 1293462), (4752, 6, 1423077), (17, 1, 1947064), (1670, 4, 2190110)]"
1442 "[(9069, 6, 1258297), (9069, 6, 1258382), (9069, 6, 1258456), (9069, 6, 1258549), (9069, 6, 1258880), (9069, 6, 1259072), (9069, 6, 1259558), (9069, 6, 1259729), (9069, 6, 1262114), (9069, 6, 1262215), (9069, 6, 1268681), (9069, 6, 1272582), (9069, 6, 1272669), (9069, 6, 1282475)]"
239 "[(8603, 7, 1260393), (8603, 7, 1346689)]"
1649 "[(8454, 5, 1279947), (8628, 1, 1808582)]"
3663 "[(8676, 4, 1294512), (8676, 4, 1294565), (8676, 4, 1294607), (8519, 3, 1559711), (8676, 4, 1640609)]"
9095 "[(233, 6, 1316143), (4085, 7, 1671766), (1137, 4, 1823662), (4186, 4, 1874175), (4186, 4, 1874633), (22, 4, 1905599), (1137, 4, 2161878)]"
8369 "[(4085, 7, 1325654), (233, 6, 2095796)]"
8349 "[(4085, 7, 1331792), (242, 5, 2035094), (242, 5, 2109114), (242, 5, 2109350), (384, 3, 2327451)]"
8929 "[(3390, 1, 1344764), (3390, 1, 1461814), (3390, 1, 1547848), (3390, 1, 1691346), (3390, 1, 1696857), (3390, 1, 2289548), (17, 1, 2660187), (3390, 1, 2677842), (3390, 1, 2677935), (3390, 1, 2677979)]"
5366 "[(8261, 1, 1375559)]"
8993 "[(611, 1, 1393733), (233, 6, 1413420), (17, 1, 2386292), (2196, 7, 2386514), (2196, 7, 2386738), (233, 6, 2440249), (2708, 4, 2477217), (703, 7, 2499671)]"
8690 "[(233, 6, 1416695)]"
1300 "[(8578, 4, 1422815), (8578, 4, 1423101), (8578, 4, 1423603), (8578, 4, 1423763), (8578, 4, 1423855), (8578, 4, 1424029), (8648, 1, 1630518), (8648, 1, 1630533)]"
210 "[(9103, 4, 1427763)]"
5550 "[(8555, 4, 1451387)]"
5622 "[(9113, 1, 1469273), (9058, 6, 1495966), (8419, 3, 1496002), (8703, 5, 1531454), (9059, 4, 1534147), (8526, 6, 1535054), (9069, 6, 1543434), (8387, 1, 1621291), (8246, 1, 1624345), (8575, 1, 1641101), (8343, 1, 1659700), (8402, 4, 1819884), (8645, 1, 1837892), (9079, 6, 1869184), (8806, 4, 1926095), (8331, 7, 1928475), (9117, 3, 1943483), (8361, 2, 1966891), (8293, 3, 2046684), (9113, 1, 2073987), (8963, 4, 2081492), (8377, 2, 2155304), (9071, 5, 2162495), (8550, 3, 2218330), (8791, 2, 2263882), (8636, 1, 2289097), (8828, 7, 2322098), (8665, 2, 2368928), (9151, 7, 2377915), (9198, 2, 2414506), (8593, 1, 2419334), (8686, 1, 2443283), (8377, 2, 2491969), (8990, 2, 2573550), (8574, 4, 2589084), (8491, 4, 2594589), (8516, 3, 2655731)]"
5699 "[(9096, 7, 1499308)]"
2040 "[(8578, 4, 1512738)]"
8756 "[(68, 7, 1541636)]"
9136 "[(497, 7, 1542872), (799, 6, 1629814), (659, 5, 1731235), (233, 6, 1839656), (4085, 7, 1843797), (799, 6, 1968331)]"
1148 "[(8778, 5, 1552585), (8778, 5, 1603310), (8778, 5, 1620524), (8589, 2, 1624762), (8778, 5, 1643181), (8778, 5, 1683383), (8586, 3, 1711445), (8778, 5, 1739371), (8778, 5, 1745791), (8778, 5, 1886482), (8711, 2, 1947866), (8778, 5, 2087214), (8778, 5, 2209359), (8778, 5, 2265418)]"
9008 "[(4085, 7, 1559225), (68, 7, 2132454)]"
9145 "[(912, 3, 1567716), (233, 6, 1577810), (68, 7, 1640434), (233, 6, 1663177), (890, 6, 2142732), (4085, 7, 2179265)]"
5869 "[(8758, 7, 1570139), (8887, 7, 1623220), (8758, 7, 2311338), (8758, 7, 2321175), (8758, 7, 2321269), (8758, 7, 2325371), (8758, 7, 2415207), (8758, 7, 2415881), (8758, 7, 2507165), (8758, 7, 2522448), (8758, 7, 2588166), (8758, 7, 2589865), (8758, 7, 2590789), (8758, 7, 2591227), (8758, 7, 2591353), (8758, 7, 2591830), (8758, 7, 2592061), (8758, 7, 2592258), (8758, 7, 2652563)]"
5932 "[(8466, 1, 1603709)]"
9159 "[(45, 3, 1664736), (537, 6, 1674012), (890, 6, 1703825), (745, 2, 1738560), (745, 2, 1738763), (745, 2, 1738908), (745, 2, 1739404), (772, 2, 1829551)]"
5909 "[(8470, 3, 1679579)]"
6011 "[(8617, 7, 1679763)]"
5017 "[(8390, 5, 1685699)]"
9137 "[(1778, 6, 1791084), (139, 4, 2060319), (890, 6, 2142605), (890, 6, 2142915), (233, 6, 2441714)]"
6385 "[(8682, 4, 1793941), (8306, 1, 2047130), (8985, 2, 2217152), (8595, 4, 2217207)]"
6423 "[(8532, 2, 1811529)]"
6007 "[(9140, 7, 1813262), (9140, 7, 1813333), (8587, 1, 2061179)]"
8898 "[(233, 6, 1835158)]"
8707 "[(233, 6, 1836113)]"
8774 "[(1655, 6, 1863099), (1655, 6, 1863189), (1655, 6, 1863438), (1655, 6, 1863527), (1655, 6, 2014429)]"
5083 "[(8241, 6, 1875461), (8241, 6, 1875573), (8241, 6, 1875689), (8241, 6, 1875859), (9080, 6, 2234704), (9080, 6, 2236224), (9080, 6, 2236369), (9080, 6, 2236663), (9080, 6, 2236811), (9080, 6, 2237946), (9080, 6, 2238121), (9080, 6, 2312494), (9080, 6, 2312864), (9080, 6, 2313915), (9080, 6, 2322160), (9080, 6, 2323124), (9080, 6, 2325557), (9080, 6, 2327230), (9080, 6, 2330238), (9080, 6, 2330309), (9080, 6, 2331015), (9080, 6, 2331413), (9080, 6, 2331553)]"
2190 "[(8528, 5, 1888472)]"
6556 "[(9166, 3, 1894084), (9166, 3, 1894193), (9166, 3, 1894276), (9166, 3, 1894398), (9166, 3, 1894503), (9166, 3, 1894686)]"
6155 "[(8998, 1, 1900023)]"
6564 "[(8639, 4, 1909782), (8639, 4, 1909888)]"
8704 "[(2819, 4, 1939613), (6368, 4, 2667696)]"
310 "[(8347, 3, 1943053), (8452, 7, 2109848), (9223, 4, 2455600)]"
9014 "[(954, 6, 1972729)]"
4599 "[(8887, 7, 1991011)]"
9187 "[(4085, 7, 2007004)]"
9184 "[(233, 6, 2013893), (4085, 7, 2033817)]"
6010 "[(8640, 7, 2027882)]"
8877 "[(4085, 7, 2033504)]"
8383 "[(835, 1, 2054338)]"
2434 "[(9115, 7, 2070465), (9115, 7, 2070687)]"
2169 "[(8540, 4, 2071512), (8540, 4, 2071576), (8540, 4, 2071670)]"
696 "[(8985, 2, 2090649)]"
3351 "[(8628, 1, 2112761)]"
9203 "[(450, 3, 2135234), (4085, 7, 2356438)]"
5169 "[(8419, 3, 2157129)]"
4528 "[(8887, 7, 2171744)]"
8817 "[(370, 2, 2174988), (370, 2, 2175330), (2899, 1, 2412662), (1921, 2, 2495203)]"
8489 "[(370, 2, 2175435), (370, 2, 2175447), (370, 2, 2312900), (4390, 2, 2490082)]"
344 "[(9198, 2, 2187258), (9198, 2, 2191938), (9198, 2, 2192091), (9198, 2, 2192170), (9198, 2, 2192201)]"
5698 "[(8632, 7, 2199880)]"
1219 "[(8823, 2, 2217218)]"
8451 "[(233, 6, 2266764)]"
8773 "[(17, 1, 2275842)]"
7458 "[(8367, 1, 2307897)]"
2786 "[(9168, 5, 2312654)]"
2438 "[(8706, 6, 2312759)]"
4735 "[(9214, 2, 2319635), (9214, 2, 2320519)]"
6147 "[(8324, 7, 2325368), (8656, 1, 2331064)]"
8436 "[(4085, 7, 2372747)]"
9215 "[(1831, 6, 2399996), (835, 1, 2467100), (835, 1, 2467113), (1921, 2, 2503965), (318, 7, 2563459), (318, 7, 2563546), (318, 7, 2563565), (318, 7, 2563592), (318, 7, 2563625), (318, 7, 2563800), (318, 7, 2563863), (318, 7, 2564059), (318, 7, 2564081), (318, 7, 2564161), (1134, 7, 2575769), (1134, 7, 2575894), (318, 7, 2575911), (318, 7, 2575955), (1134, 7, 2576412), (318, 7, 2668841)]"
7557 "[(8639, 4, 2419793)]"
8853 "[(233, 6, 2440150), (783, 4, 2535695), (777, 1, 2577361), (6249, 6, 2618472)]"
3105 "[(9205, 5, 2440887), (9205, 5, 2440994), (9205, 5, 2441009)]"
1386 "[(8271, 1, 2465279)]"
5985 "[(8703, 5, 2466052), (8703, 5, 2466077), (8703, 5, 2466447)]"
1673 "[(8555, 4, 2482186)]"
9028 "[(7488, 2, 2544947), (806, 5, 2545105), (156, 2, 2545170), (17, 1, 2545614), (17, 1, 2545677), (156, 2, 2545755), (1277, 7, 2550903), (1277, 7, 2550921), (318, 7, 2553074), (482, 6, 2553457), (482, 6, 2553978), (482, 6, 2563893), (6569, 5, 2577187), (6569, 5, 2577212), (1973, 6, 2610667), (1973, 6, 2610816), (6118, 6, 2635195), (482, 6, 2660042), (482, 6, 2660169)]"
8680 "[(1058, 6, 2555446)]"
5327 "[(8618, 1, 2564474), (8806, 4, 2564565)]"
9021 "[(68, 7, 2595191), (3676, 5, 2645437)]"
8900 "[(3015, 1, 2623804), (3015, 1, 2623842)]"
8914 "[(68, 7, 2644418)]"
5891 "[(8324, 7, 2649793)]"
8188 "[(8873, 1, 2656126)]"
7787 "[(9084, 6, 2659905)]"
