16 "[(8242, 3, 1153), (8249, 3, 2022), (8249, 3, 2131), (8249, 3, 2367), (8249, 3, 2471), (8249, 3, 2521), (8249, 3, 2570), (8249, 3, 2900), (8249, 3, 2915), (8249, 3, 3017), (8249, 3, 3108), (8249, 3, 3229), (8249, 3, 3422), (8249, 3, 3559), (8249, 3, 3767), (8249, 3, 3835), (8249, 3, 3851), (8249, 3, 3994), (8249, 3, 4030), (8249, 3, 4058), (8249, 3, 4442), (8249, 3, 4505), (8249, 3, 4584), (8249, 3, 4755), (8249, 3, 4813), (8249, 3, 4899), (8249, 3, 4925), (8249, 3, 4968), (8249, 3, 5066), (8249, 3, 5101), (8249, 3, 174963), (8249, 3, 175019), (8249, 3, 268066), (8249, 3, 268097), (8703, 5, 343521), (8703, 5, 343564), (8703, 5, 343648), (8703, 5, 343901), (8703, 5, 344026), (8703, 5, 344062), (8703, 5, 344093), (8703, 5, 344212), (8703, 5, 618383), (8703, 5, 837241), (8703, 5, 837871), (8703, 5, 842936), (8703, 5, 843234), (8703, 5, 844185), (8413, 4, 854631), (8413, 4, 854698), (8249, 3, 861189), (8249, 3, 1291466), (8249, 3, 1292233), (8249, 3, 1292341), (8249, 3, 1638516), (8249, 3, 1642914), (8249, 3, 2085959), (8801, 4, 2234765), (8249, 3, 2306108)]"
17 "[(8243, 2, 1177), (8249, 3, 1451), (8284, 0, 5670), (8341, 4, 16814), (8402, 4, 30558), (8318, 6, 37052), (8438, 7, 40111), (8446, 4, 41785), (8499, 0, 70128), (8358, 5, 88465), (8361, 2, 95431), (8589, 2, 106658), (8275, 5, 124186), (8637, 0, 127721), (8622, 5, 138587), (8411, 5, 148451), (8411, 5, 150750), (8682, 4, 153558), (8685, 4, 156157), (8676, 4, 165616), (8283, 2, 170050), (8622, 5, 182370), (8411, 5, 186170), (8720, 6, 186869), (8726, 4, 195902), (8243, 2, 205623), (8438, 7, 214194), (8348, 7, 222144), (8754, 7, 237900), (8411, 5, 250645), (8622, 5, 259231), (8685, 4, 262248), (8446, 4, 263090), (8622, 5, 264623), (8722, 2, 270554), (8446, 4, 272005), (8554, 6, 277089), (8295, 3, 280653), (8446, 4, 281680), (8411, 5, 302573), (8411, 5, 316136), (8622, 5, 327702), (8814, 6, 328209), (8331, 7, 331428), (8622, 5, 341903), (8572, 0, 343123), (8726, 4, 346243), (8411, 5, 347927), (8622, 5, 349161), (8622, 5, 349446), (8622, 5, 349463), (8781, 2, 368350), (8284, 0, 369969), (8411, 5, 386921), (8671, 0, 394341), (8429, 7, 396941), (8591, 6, 399642), (8314, 5, 409032), (8652, 2, 409723), (8356, 7, 415752), (8482, 5, 417663), (8606, 7, 424239), (8801, 4, 425109), (8243, 2, 430636), (8777, 4, 444777), (8639, 4, 450448), (8234, 3, 463581), (8896, 6, 483671), (8888, 6, 487791), (8881, 2, 495688), (8888, 6, 497075), (8677, 2, 500223), (8356, 7, 502589), (8243, 2, 505770), (8883, 2, 512569), (8759, 0, 513522), (8318, 6, 519929), (8301, 3, 522829), (8591, 6, 545464), (8888, 6, 545671), (8491, 4, 574110), (8548, 5, 577042), (8285, 2, 580995), (8888, 6, 581995), (8813, 6, 586709), (8320, 6, 591771), (8352, 5, 597249), (8888, 6, 600344), (8703, 5, 609019), (8390, 5, 624975), (8728, 0, 632392), (8639, 4, 650776), (8887, 7, 657375), (8887, 7, 657593), (8361, 2, 675391), (8554, 6, 675486), (8320, 6, 676229), (8852, 6, 679787), (8339, 3, 684551), (8943, 6, 685350), (8263, 2, 688553), (8341, 4, 689784), (8339, 3, 698451), (8237, 7, 704521), (8248, 6, 705971), (8339, 3, 715913), (8339, 3, 737406), (8301, 3, 747410), (8777, 4, 752573), (8267, 7, 755056), (8504, 2, 760194), (8736, 0, 764241), (8318, 6, 766357), (8595, 4, 771247), (8726, 4, 773973), (8295, 3, 774571), (8726, 4, 779528), (8421, 3, 780099), (8676, 4, 783903), (8237, 7, 793047), (8237, 7, 797183), (8295, 3, 822677), (8777, 4, 825063), (8971, 6, 825994), (8341, 4, 863564), (8419, 3, 871402), (8243, 2, 873642), (8602, 4, 878497), (8726, 4, 878525), (8339, 3, 879534), (8676, 4, 881064), (8736, 0, 891314), (8429, 7, 892574), (8588, 7, 912007), (8339, 3, 916514), (8852, 6, 926450), (8339, 3, 932185), (8554, 6, 935577), (8602, 4, 937114), (8446, 4, 938933), (8339, 3, 940838), (8777, 4, 943887), (8243, 2, 944414), (8887, 7, 945200), (8491, 4, 945278), (8341, 4, 947089), (8828, 7, 949674), (8339, 3, 952992), (8777, 4, 960272), (8974, 4, 962914), (8849, 3, 966052), (8341, 4, 969832), (8638, 4, 984715), (8339, 3, 986486), (8812, 7, 999102), (8992, 0, 999154), (8992, 0, 999758), (8339, 3, 1000228), (8992, 0, 1000373), (8992, 0, 1000678), (8992, 0, 1000730), (8992, 0, 1000751), (8893, 2, 1000847), (8992, 0, 1000976), (8992, 0, 1001482), (8260, 6, 1003483), (8659, 0, 1006365), (8339, 3, 1010178), (9054, 6, 1015091), (9054, 6, 1016013), (8237, 7, 1018203), (8719, 2, 1023542), (8545, 7, 1024462), (8812, 7, 1025418), (8602, 4, 1025459), (8237, 7, 1035624), (8370, 4, 1039706), (8347, 3, 1039949), (8718, 4, 1040206), (8358, 5, 1062475), (8467, 4, 1080478), (9054, 6, 1081021), (9054, 6, 1081992), (8288, 0, 1091842), (8339, 3, 1092220), (8876, 2, 1097091), (8282, 3, 1097572), (8339, 3, 1098852), (8766, 0, 1106252), (8806, 4, 1115592), (8278, 4, 1118203), (8806, 4, 1118243), (8806, 4, 1125442), (8357, 3, 1126298), (8556, 0, 1132898), (8446, 4, 1134208), (8263, 2, 1137392), (8295, 3, 1143093), (8371, 5, 1158969), (8852, 6, 1161250), (8611, 4, 1161499), (8301, 3, 1165148), (8268, 6, 1167999), (8537, 3, 1177025), (8577, 4, 1177111), (8545, 7, 1177348), (8577, 4, 1178609), (8282, 3, 1185294), (8950, 7, 1191265), (8876, 2, 1204189), (8279, 7, 1205398), (8358, 5, 1207695), (8257, 5, 1214745), (8419, 3, 1229217), (8906, 3, 1233299), (8601, 7, 1235203), (9086, 3, 1239819), (9086, 3, 1240203), (9086, 3, 1240486), (9086, 3, 1240628), (9086, 3, 1240676), (9086, 3, 1241046), (9086, 3, 1241074), (9078, 5, 1258061), (8358, 5, 1262198), (8318, 6, 1262916), (9045, 0, 1265413), (8952, 7, 1271867), (8952, 7, 1274581), (8577, 4, 1274585), (8558, 3, 1277732), (8785, 4, 1284382), (8639, 4, 1289579), (8243, 2, 1290879), (8282, 3, 1307327), (8243, 2, 1318486), (8685, 4, 1332614), (8685, 4, 1334654), (8361, 2, 1338845), (8361, 2, 1340223), (9096, 7, 1343767), (8361, 2, 1353110), (8284, 0, 1358485), (8828, 7, 1360669), (8952, 7, 1363706), (8964, 3, 1371820), (8778, 5, 1374825), (9059, 4, 1382073), (8446, 4, 1383723), (8801, 4, 1385013), (8777, 4, 1390432), (8801, 4, 1393972), (8906, 3, 1398969), (8467, 4, 1400037), (8370, 4, 1422914), (8577, 4, 1429761), (8308, 3, 1449232), (8682, 4, 1468658), (8963, 4, 1470771), (8283, 2, 1482699), (8828, 7, 1496494), (8561, 4, 1496593), (8992, 0, 1496952), (8438, 7, 1498908), (8893, 2, 1511272), (8974, 4, 1517603), (8766, 0, 1519870), (8370, 4, 1522895), (9078, 5, 1525352), (8801, 4, 1527274), (8545, 7, 1534863), (8602, 4, 1535197), (8545, 7, 1540077), (8676, 4, 1546887), (9069, 6, 1548501), (9071, 5, 1549220), (9071, 5, 1549349), (8682, 4, 1549470), (9071, 5, 1556188), (8682, 4, 1561457), (8547, 5, 1566855), (9069, 6, 1569102), (8602, 4, 1587987), (8421, 3, 1593742), (8295, 3, 1595274), (8282, 3, 1609607), (8682, 4, 1632837), (8682, 4, 1633970), (8577, 4, 1638104), (8243, 2, 1646341), (8766, 0, 1659342), (9069, 6, 1660299), (8249, 3, 1672796), (8572, 0, 1690349), (9151, 7, 1696480), (8351, 5, 1697586), (8736, 0, 1699817), (8272, 0, 1712476), (8682, 4, 1712999), (8491, 4, 1719479), (8446, 4, 1722039), (8734, 2, 1729681), (8541, 2, 1730306), (8282, 3, 1737907), (8301, 3, 1738253), (8540, 4, 1741585), (9166, 3, 1783816), (8687, 5, 1790433), (8650, 0, 1885433), (8402, 4, 1889772), (8333, 4, 1892392), (9163, 7, 1895544), (9080, 6, 1896045), (8841, 3, 1899807), (8639, 4, 1909783), (8841, 3, 1913664), (8626, 0, 1947064), (8849, 3, 1951655), (8467, 4, 1966071), (8591, 6, 1973951), (8971, 6, 1975738), (8474, 5, 1980603), (9166, 3, 1981308), (8446, 4, 1982818), (8777, 4, 1992469), (8682, 4, 1992928), (8467, 4, 2044507), (8812, 7, 2047889), (9059, 4, 2049669), (8812, 7, 2051599), (8806, 4, 2056249), (8801, 4, 2066927), (8541, 2, 2068785), (8754, 7, 2070976), (8361, 2, 2071333), (8260, 6, 2074765), (8357, 3, 2077717), (8639, 4, 2084161), (8801, 4, 2085862), (8718, 4, 2089045), (8801, 4, 2108109), (8801, 4, 2108498), (8801, 4, 2108531), (8295, 3, 2108938), (8243, 2, 2109754), (8801, 4, 2110795), (8814, 6, 2121554), (8591, 6, 2133305), (9166, 3, 2139030), (8243, 2, 2142325), (8812, 7, 2143379), (8463, 5, 2143495), (9168, 5, 2152318), (8682, 4, 2157066), (8703, 5, 2158645), (8975, 3, 2164279), (8602, 4, 2164752), (8685, 4, 2173400), (8801, 4, 2173608), (8974, 4, 2176182), (8801, 4, 2180112), (8682, 4, 2189109), (9198, 2, 2191837), (8836, 5, 2193725), (8682, 4, 2198183), (8333, 4, 2211443), (8992, 0, 2212185), (8347, 3, 2215625), (8351, 5, 2217986), (8351, 5, 2218106), (8812, 7, 2218411), (8243, 2, 2218961), (8992, 0, 2220497), (8541, 2, 2223062), (8347, 3, 2225381), (8652, 2, 2234795), (8361, 2, 2235673), (9205, 5, 2238172), (8639, 4, 2239009), (8917, 3, 2239094), (8827, 0, 2240662), (8427, 2, 2243303), (8876, 2, 2246265), (8361, 2, 2249684), (8361, 2, 2250936), (8361, 2, 2251075), (8361, 2, 2251370), (8361, 2, 2251959), (8361, 2, 2252579), (8361, 2, 2257817), (8849, 3, 2261258), (8243, 2, 2264647), (8307, 3, 2265161), (8318, 6, 2268685), (8665, 2, 2272941), (8665, 2, 2274740), (8773, 0, 2275842), (8883, 2, 2275900), (8665, 2, 2278000), (8665, 2, 2279923), (8665, 2, 2280758), (8665, 2, 2281415), (8665, 2, 2281720), (8561, 4, 2299797), (9205, 5, 2299862), (8883, 2, 2300364), (8677, 2, 2315568), (8347, 3, 2318254), (8985, 2, 2318770), (8726, 4, 2321256), (9205, 5, 2337165), (8491, 4, 2339543), (8307, 3, 2341699), (8561, 4, 2343821), (8347, 3, 2344697), (8814, 6, 2347379), (8250, 3, 2351229), (8637, 0, 2365577), (8347, 3, 2385390), (8993, 0, 2386292), (8516, 3, 2387964), (8491, 4, 2388613), (8347, 3, 2389871), (9168, 5, 2391476), (9168, 5, 2391794), (8295, 3, 2395533), (8446, 4, 2404179), (8250, 3, 2406176), (8570, 4, 2412625), (8672, 6, 2415713), (8876, 2, 2418867), (9224, 5, 2424496), (8318, 6, 2449659), (8250, 3, 2477785), (9197, 2, 2493185), (8347, 3, 2494672), (8577, 4, 2497857), (8347, 3, 2502584), (8963, 4, 2512326), (8298, 4, 2516685), (8606, 7, 2524152), (9028, 0, 2545614), (9028, 0, 2545677), (8528, 5, 2546374), (8581, 4, 2549562), (8295, 3, 2568572), (8706, 6, 2571847), (8606, 7, 2576448), (8260, 6, 2583263), (8555, 4, 2583732), (9205, 5, 2589464), (8669, 6, 2606863), (8639, 4, 2617955), (8706, 6, 2622941), (9088, 7, 2623433), (8612, 3, 2629352), (8577, 4, 2631746), (9084, 6, 2653565), (8929, 0, 2660187), (8572, 0, 2664314), (8260, 6, 2665755), (8333, 4, 2666260), (8639, 4, 2672189), (8576, 0, 2673416), (8676, 4, 2678000)]"
67 "[(8236, 6, 6254), (8295, 3, 15845), (8509, 4, 73249), (8643, 7, 141988), (8390, 5, 230961), (8390, 5, 311396), (8320, 6, 330046), (8868, 7, 756154), (8805, 7, 756327), (8295, 3, 756441), (8990, 2, 776806), (8990, 2, 777076), (8990, 2, 777091), (8333, 4, 1610701), (8631, 3, 1611273), (8411, 5, 1868142), (9165, 6, 1868734), (9165, 6, 1868826), (8762, 7, 2045099), (8847, 2, 2045486), (9166, 3, 2069764), (8933, 6, 2071732), (8734, 2, 2076076), (8393, 5, 2121837), (8987, 6, 2122257), (8987, 6, 2122316), (8987, 6, 2122344)]"
8297 "[(73, 0, 7116), (40, 0, 31698), (68, 7, 316704), (40, 0, 351784), (1864, 4, 393999), (199, 0, 449885), (199, 0, 450459), (2708, 4, 729012), (3483, 2, 805220), (68, 7, 1282651), (40, 0, 2265919)]"
8343 "[(141, 3, 17281), (156, 2, 247291), (148, 2, 415910), (22, 4, 442228), (1929, 6, 449525), (148, 2, 578211), (233, 6, 625869), (1856, 7, 924717), (331, 5, 1017658), (870, 2, 1033103), (870, 2, 1033261), (2202, 2, 1037627), (2577, 4, 1044134), (2577, 4, 1044144), (3061, 4, 1047803), (4336, 4, 1048101), (22, 4, 1050151), (4164, 0, 1052875), (4164, 0, 1052876), (1778, 6, 1053278), (2277, 4, 1084772), (68, 7, 1096687), (233, 6, 1152511), (1778, 6, 1313240), (267, 4, 1320546), (4343, 4, 1501613), (4645, 4, 1561476), (5836, 5, 1646281), (5622, 0, 1659700), (156, 2, 1840813), (4343, 4, 1887466), (233, 6, 2097298), (826, 7, 2602552), (22, 4, 2613750), (22, 4, 2613936)]"
8261 "[(95, 3, 17757), (152, 3, 18547), (165, 6, 20232), (187, 4, 23332), (220, 0, 29756), (220, 0, 29795), (220, 0, 33411), (220, 0, 40149), (384, 3, 56581), (823, 0, 123585), (319, 5, 130647), (462, 5, 145212), (823, 0, 202697), (823, 0, 261726), (319, 5, 315730), (319, 5, 388752), (823, 0, 484721), (319, 5, 565209), (318, 7, 617452), (233, 6, 618702), (319, 5, 667397), (319, 5, 667414), (319, 5, 669728), (823, 0, 701586), (319, 5, 752566), (319, 5, 752727), (562, 7, 822731), (562, 7, 822912), (562, 7, 854183), (2816, 5, 965663), (823, 0, 986161), (2816, 5, 1012774), (319, 5, 1014086), (2078, 5, 1288623), (570, 5, 1318044), (4334, 5, 1367476), (5366, 0, 1375559), (562, 7, 1410276), (319, 5, 1548972), (2196, 7, 1554290), (823, 0, 1685211), (823, 0, 1685305), (319, 5, 1707312), (2115, 5, 2230269), (816, 5, 2280633), (570, 5, 2432724), (823, 0, 2557989), (570, 5, 2597351), (429, 5, 2637103)]"
8299 "[(68, 7, 18679), (630, 0, 88044), (630, 0, 111793), (630, 0, 133198), (630, 0, 133286), (630, 0, 152535), (630, 0, 152819), (630, 0, 154481), (1007, 7, 157696), (1277, 7, 219357), (1277, 7, 219376), (1390, 0, 243366), (1390, 0, 243430), (1399, 7, 245065), (2013, 6, 392842), (356, 7, 481492), (1390, 0, 541272), (1390, 0, 579279), (4085, 7, 1468910), (1546, 7, 1823328), (750, 7, 1826666)]"
8346 "[(156, 2, 18882), (156, 2, 276685), (233, 6, 281150), (423, 2, 437468), (2069, 3, 483887), (2069, 3, 483964), (423, 2, 604030), (826, 7, 700090), (608, 7, 746290), (497, 7, 845799), (45, 3, 919970), (1185, 6, 1004756), (1185, 6, 1084837), (1185, 6, 1085171), (1185, 6, 1155889), (398, 2, 1292778), (398, 2, 1292820), (367, 7, 1502400), (1185, 6, 1583268), (1185, 6, 1585239), (1185, 6, 1585339), (5037, 2, 1751593), (1185, 6, 1782761), (3512, 4, 1900513), (22, 4, 1958947), (1314, 2, 1970898), (1314, 2, 1971083)]"
167 "[(8355, 2, 20569), (8722, 2, 257299), (8734, 2, 257410), (8293, 3, 319472), (8314, 5, 494801), (8264, 5, 562251), (8888, 6, 563151), (8237, 7, 706671), (8237, 7, 706752), (8237, 7, 707249), (8237, 7, 707584), (8812, 7, 999206), (8276, 3, 1173719), (8446, 4, 1177281), (8446, 4, 1177283), (8806, 4, 1180021), (8806, 4, 1180034), (8588, 7, 1184585), (8591, 6, 1267714), (8295, 3, 1386572), (8571, 0, 1392983), (8243, 2, 1469597), (8577, 4, 1699610), (8577, 4, 1720290), (8592, 4, 1748549), (8883, 2, 1786643), (9166, 3, 1810192), (8801, 4, 2325040)]"
8273 "[(22, 4, 29543), (1036, 6, 161791), (1036, 6, 161839), (1036, 6, 161871), (1567, 3, 283017), (1549, 6, 294519), (1036, 6, 356671), (156, 2, 381855), (745, 2, 531852), (745, 2, 531880), (68, 7, 719724), (423, 2, 1018836), (608, 7, 1231942), (3681, 7, 1274729), (3681, 7, 1275228), (1948, 6, 1511366), (608, 7, 1796135), (2923, 6, 1894008), (671, 7, 1923694), (3681, 7, 1968275), (3681, 7, 1968423), (1948, 6, 2118332), (7977, 6, 2534873)]"
8235 "[(235, 5, 30675), (233, 6, 32718), (371, 5, 52200), (371, 5, 54257), (1040, 5, 416625), (2141, 4, 573160), (291, 5, 575216), (1184, 4, 588843), (233, 6, 626753), (233, 6, 717838), (68, 7, 911522), (371, 5, 1167962), (4837, 5, 1198380), (422, 7, 1265067), (422, 7, 1265661), (422, 7, 1265736), (233, 6, 1578140), (2522, 5, 1614189), (68, 7, 1908387), (4085, 7, 2086167), (4085, 7, 2166250), (68, 7, 2209781)]"
8378 "[(40, 0, 32297)]"
8426 "[(40, 0, 35203), (233, 6, 284466), (3249, 7, 703403), (1471, 6, 876048), (40, 0, 1029777), (233, 6, 2014448), (233, 6, 2185858), (367, 7, 2300180), (109, 3, 2565117), (109, 3, 2565159), (7205, 5, 2654421), (7205, 5, 2656495)]"
8296 "[(40, 0, 35678), (68, 7, 63410), (68, 7, 258284), (750, 7, 276605), (73, 0, 1166141), (2923, 6, 1732012)]"
261 "[(8423, 6, 35682), (8423, 6, 68343), (8423, 6, 68376), (8777, 4, 275125), (8777, 4, 275173), (8682, 4, 1643914)]"
262 "[(8302, 7, 35966)]"
8374 "[(321, 7, 44562), (321, 7, 109812), (233, 6, 365385), (1853, 6, 609175), (423, 2, 878115), (233, 6, 1321157), (1803, 7, 1565013), (1950, 4, 1578535), (1950, 4, 1578707), (1950, 4, 1578725), (233, 6, 1661205), (68, 7, 1687869), (6612, 7, 1903497), (6664, 2, 1922831), (1803, 7, 1966342), (68, 7, 1988914), (509, 6, 2463372)]"
8461 "[(335, 3, 46642), (61, 2, 106836), (61, 2, 106918), (335, 3, 111400), (335, 3, 165426), (476, 3, 232934), (476, 3, 232947), (719, 5, 237486), (335, 3, 248381), (719, 5, 270990), (719, 5, 271023), (1046, 3, 457178), (1046, 3, 457587), (1046, 3, 457675), (1046, 3, 457805), (1046, 3, 457860), (303, 0, 595377), (61, 2, 748470), (335, 3, 761187), (5, 5, 781794), (233, 6, 808669), (335, 3, 849034), (719, 5, 853704), (335, 3, 904248), (61, 2, 1181160), (61, 2, 1181638), (2079, 5, 1265803), (2079, 5, 1271738), (335, 3, 1290365), (3921, 3, 1302158), (335, 3, 1364724), (335, 3, 1442260), (281, 3, 1495322), (335, 3, 1531929), (89, 5, 1624150), (335, 3, 1730264), (335, 3, 1814627), (335, 3, 1987396), (335, 3, 2047634), (335, 3, 2144060), (402, 5, 2266275), (335, 3, 2429460), (145, 3, 2525690), (145, 3, 2525731), (68, 7, 2526351), (335, 3, 2566364), (476, 3, 2651013), (476, 3, 2651026), (335, 3, 2663507)]"
8466 "[(350, 5, 48938), (885, 7, 138806), (885, 7, 143972), (1185, 6, 199886), (1185, 6, 200296), (1276, 7, 219264), (885, 7, 338503), (1929, 6, 364538), (1897, 5, 401943), (1897, 5, 412991), (1897, 5, 482561), (1897, 5, 482628), (745, 2, 531941), (745, 2, 532000), (1897, 5, 578842), (384, 3, 596693), (384, 3, 629133), (1897, 5, 660209), (227, 6, 781360), (1521, 0, 1126882), (68, 7, 1281207), (2708, 4, 1289606), (2130, 2, 1300871), (322, 5, 1315603), (4019, 4, 1323555), (4019, 4, 1323563), (1007, 7, 1362202), (1007, 7, 1406428), (1007, 7, 1406493), (5932, 0, 1603709), (3592, 4, 1959608), (954, 6, 1972872), (1007, 7, 1976151), (1632, 5, 2223290), (541, 6, 2472011)]"
8325 "[(383, 3, 53563), (331, 5, 144067), (331, 5, 144180), (331, 5, 480218), (1647, 6, 826775), (331, 5, 849804), (331, 5, 864122), (483, 2, 940457), (331, 5, 1106380), (331, 5, 1111427), (331, 5, 1196211), (22, 4, 1362250), (2076, 6, 1407947), (2076, 6, 1408131), (1647, 6, 1521085), (1647, 6, 1521139), (331, 5, 1713334), (552, 2, 1800382), (331, 5, 1851831), (2693, 5, 1923146), (68, 7, 1924111), (331, 5, 1970282), (331, 5, 1979374), (2769, 5, 2148987), (331, 5, 2149566), (2769, 5, 2150095), (6470, 2, 2281723), (331, 5, 2314975), (331, 5, 2469980)]"
443 "[(8331, 7, 61952), (8434, 7, 72482), (8612, 3, 108828), (8390, 5, 156613), (8331, 7, 201960), (8732, 0, 203821), (8434, 7, 204730), (8282, 3, 331737), (8463, 5, 575131), (8390, 5, 592398), (8390, 5, 592691), (8498, 7, 599426), (8390, 5, 602613), (8434, 7, 809576), (8282, 3, 876673), (8390, 5, 891337), (8390, 5, 972569), (8498, 7, 1010985), (8498, 7, 1402429), (8434, 7, 1613079), (8264, 5, 1710772), (8741, 4, 1873791), (8282, 3, 1985424), (8741, 4, 1986421), (8264, 5, 2125899), (8741, 4, 2126206), (8264, 5, 2126887), (8498, 7, 2224560), (8498, 7, 2224724)]"
8317 "[(450, 3, 62439), (22, 4, 479761), (68, 7, 1394448)]"
517 "[(8528, 5, 68304), (8528, 5, 68358), (8423, 6, 68660), (8423, 6, 68662), (8482, 5, 81328), (8528, 5, 100675), (8528, 5, 231206), (8528, 5, 367051), (8528, 5, 504704), (8528, 5, 590676), (8528, 5, 590711), (9069, 6, 1174364), (8482, 5, 1174593), (8528, 5, 1284655), (8528, 5, 1470016), (8528, 5, 1717248), (8528, 5, 1717316), (8482, 5, 1803556), (8528, 5, 1898984), (8682, 4, 2065489), (8528, 5, 2258451), (8528, 5, 2258497), (8482, 5, 2258635), (8990, 2, 2258762), (8990, 2, 2258820), (8528, 5, 2417896), (9084, 6, 2653058)]"
532 "[(8499, 0, 70467), (8554, 6, 75957), (8528, 5, 79475), (8602, 4, 251499), (8722, 2, 255193), (8841, 3, 345482), (8341, 4, 400448), (8732, 0, 404747), (8548, 5, 577374), (8414, 3, 676513), (8602, 4, 714510), (8237, 7, 755107), (8331, 7, 854924), (8437, 0, 890209), (8687, 5, 926234), (8295, 3, 934096), (8284, 0, 940218), (8726, 4, 1015022), (8421, 3, 1022437), (8719, 2, 1022852), (8841, 3, 1091466), (8504, 2, 1095585), (8447, 7, 1111465), (8601, 7, 1128565), (8402, 4, 1213271), (8906, 3, 1449562), (8683, 6, 1491465), (8682, 4, 1522372), (8418, 2, 1995893), (8591, 6, 2008038), (8535, 7, 2047472), (8827, 0, 2070994), (8985, 2, 2229510), (8950, 7, 2350119), (8528, 5, 2392278), (8365, 2, 2397481), (8869, 0, 2471147), (8639, 4, 2479041), (8992, 0, 2482197), (8894, 7, 2485122), (8606, 7, 2525086), (8992, 0, 2589726), (8632, 7, 2594147), (8554, 6, 2596492), (8841, 3, 2597897), (9197, 2, 2645344)]"
8544 "[(541, 6, 71418), (541, 6, 71470), (541, 6, 71565), (541, 6, 71672), (356, 7, 1172592), (4752, 6, 1440137), (627, 2, 1444394), (627, 2, 1444522), (627, 2, 1444595), (5532, 2, 1462579), (1314, 2, 1463915), (1314, 2, 1464023), (1314, 2, 1464265), (1314, 2, 1464317), (423, 2, 1464890), (2495, 3, 1464939), (1314, 2, 1464959), (1314, 2, 1465065), (3238, 4, 1465104), (3238, 4, 1465169), (1314, 2, 1465433), (4065, 2, 1475710), (4065, 2, 1475811), (1570, 5, 1532310)]"
8559 "[(596, 3, 78366), (2158, 0, 424381), (2158, 0, 441302), (2232, 7, 445502), (2232, 7, 445825), (1471, 6, 447590), (2408, 3, 494840), (2615, 3, 540264), (2408, 3, 658826), (2232, 7, 695565), (3374, 2, 743217), (3374, 2, 743386), (660, 6, 873317), (1268, 6, 900615), (68, 7, 1002003), (45, 3, 1030277), (2232, 7, 1037654), (1853, 6, 1075273), (2232, 7, 1444168), (1726, 7, 1638114), (1268, 6, 1756769), (1268, 6, 1761163), (68, 7, 1824097), (628, 6, 2260092)]"
8575 "[(635, 5, 84692), (4739, 4, 1209765), (1046, 3, 1332078), (1434, 7, 1336113), (4657, 6, 1347834), (450, 3, 1356964), (2078, 5, 1362296), (2078, 5, 1362540), (2078, 5, 1366704), (664, 4, 1366857), (68, 7, 1374388), (867, 6, 1378366), (5396, 6, 1381680), (5396, 6, 1381716), (5399, 7, 1382581), (3203, 7, 1385916), (3203, 7, 1385996), (1754, 6, 1387098), (4739, 4, 1394088), (4739, 4, 1394140), (4739, 4, 1394448), (4739, 4, 1397452), (5399, 7, 1400257), (2270, 6, 1401045), (2270, 6, 1401062), (3203, 7, 1402793), (2247, 5, 1403097), (5442, 3, 1404738), (2078, 5, 1405476), (2078, 5, 1405530), (4739, 4, 1417701), (4697, 5, 1450449), (5399, 7, 1479048), (4739, 4, 1508100), (5782, 5, 1538974), (5373, 7, 1609131), (4252, 7, 1626508), (1680, 3, 1628791), (1680, 3, 1628819), (1680, 3, 1637609), (4739, 4, 1640745), (4739, 4, 1640769), (5622, 0, 1641101), (5847, 3, 1663216), (4085, 7, 1665266), (3203, 7, 1667487), (3203, 7, 1667711), (3203, 7, 1667774), (3203, 7, 1667908), (635, 5, 1742619), (635, 5, 1745123), (635, 5, 1745916), (4739, 4, 1755117), (4739, 4, 1784021), (5399, 7, 1814940), (499, 2, 1817133), (499, 2, 1903152), (6464, 7, 1989353), (6464, 7, 1990507)]"
8246 "[(664, 4, 90555), (1247, 2, 214172), (1482, 5, 262189), (1482, 5, 262206), (1494, 2, 265859), (156, 2, 465630), (2153, 3, 487364), (2153, 3, 597143), (502, 3, 614373), (68, 7, 673908), (3222, 2, 694147), (1185, 6, 720972), (1835, 7, 757900), (1931, 6, 800270), (3323, 3, 811416), (1835, 7, 838936), (3709, 5, 852487), (2196, 7, 858893), (3756, 2, 867722), (3227, 7, 1012726), (1571, 3, 1315020), (3222, 2, 1448585), (5622, 0, 1624345), (3756, 2, 1792252), (718, 3, 2091819), (7036, 3, 2159790), (383, 3, 2172199), (374, 5, 2215987)]"
8444 "[(671, 7, 91888), (233, 6, 116404), (233, 6, 284483), (233, 6, 545228), (3114, 3, 671266), (233, 6, 721342), (233, 6, 1495594), (3129, 6, 2163318), (233, 6, 2356034)]"
8587 "[(61, 2, 93122), (1046, 3, 456233), (1046, 3, 456323), (912, 3, 514320), (61, 2, 659605), (61, 2, 1180949), (1046, 3, 1216190), (2131, 5, 1264866), (233, 6, 1316209), (3774, 3, 1456240), (1778, 6, 1684013), (6007, 0, 2061179), (4085, 7, 2417198), (26, 5, 2594052), (3718, 3, 2604367), (1547, 0, 2659732)]"
691 "[(8591, 6, 95579), (8676, 4, 1281909), (8676, 4, 2416495), (8355, 2, 2442263), (8355, 2, 2442338), (8355, 2, 2442385), (8355, 2, 2529877), (8298, 4, 2677574)]"
125 "[(8361, 2, 95854), (8591, 6, 96076), (8676, 4, 273368), (8622, 5, 355098), (8356, 7, 360329), (8558, 3, 514057), (8602, 4, 612770), (8874, 4, 688132), (8588, 7, 690275), (8339, 3, 789505), (8421, 3, 880957), (8570, 4, 882705), (8974, 4, 962660), (8974, 4, 963053), (8806, 4, 1120998), (8243, 2, 1121750), (8883, 2, 1276596), (8507, 0, 1481240), (8507, 0, 1481588), (8591, 6, 1744956), (8402, 4, 2001858), (8855, 3, 2002401), (8355, 2, 2107072), (8917, 3, 2173937), (8985, 2, 2259255), (9205, 5, 2415260), (8676, 4, 2606015)]"
8594 "[(703, 7, 99379), (3209, 7, 1098913), (1276, 7, 1270182), (1276, 7, 1270337), (4515, 3, 1618047), (22, 4, 1984549), (4085, 7, 2266112), (367, 7, 2543776), (2892, 3, 2636562)]"
8583 "[(717, 4, 101785), (717, 4, 101900), (717, 4, 102388), (717, 4, 102632), (717, 4, 158186), (148, 2, 159529), (68, 7, 166563), (1479, 7, 261981), (1479, 7, 261998), (1277, 7, 374929), (1277, 7, 374953), (356, 7, 999954), (398, 2, 1028646), (7036, 3, 2092954)]"
730 "[(8283, 2, 104075), (8283, 2, 104095), (8370, 4, 1042434), (8370, 4, 1042451), (8718, 4, 1043001), (8718, 4, 1043021), (8361, 2, 1360368), (8361, 2, 1360387), (8358, 5, 1518085), (8358, 5, 1518103), (9079, 6, 1597974), (9079, 6, 1597992), (9151, 7, 1771449), (9151, 7, 1771467), (8650, 0, 1887016), (8650, 0, 1887036), (8781, 2, 2231630), (8781, 2, 2231651), (8377, 2, 2232445), (8377, 2, 2232465), (8602, 4, 2481472), (8602, 4, 2481495)]"
742 "[(8607, 6, 107196), (8607, 6, 107266), (8607, 6, 107342), (8607, 6, 107396), (8964, 3, 1089860), (8285, 2, 1493964)]"
611 "[(8609, 7, 107660), (8355, 2, 201029), (8586, 3, 247335), (8295, 3, 291334), (8434, 7, 300926), (8434, 7, 302181), (8355, 2, 346964), (8355, 2, 350499), (8847, 2, 381028), (8875, 7, 422221), (8358, 5, 423564), (8837, 4, 423710), (8606, 7, 424068), (8726, 4, 512175), (8606, 7, 512840), (8606, 7, 513116), (8685, 4, 636003), (8777, 4, 636332), (8888, 6, 781330), (8263, 2, 781338), (8620, 7, 810574), (8620, 7, 810774), (8269, 4, 860649), (8561, 4, 880093), (8611, 4, 896002), (8974, 4, 901704), (8339, 3, 965028), (8801, 4, 986435), (8685, 4, 1031099), (8562, 4, 1031100), (8950, 7, 1032368), (8336, 5, 1063459), (8801, 4, 1068280), (8504, 2, 1074040), (8248, 6, 1076133), (8341, 4, 1077038), (8963, 4, 1116072), (8510, 7, 1122197), (8606, 7, 1199146), (8950, 7, 1205391), (8295, 3, 1312393), (8295, 3, 1312506), (8295, 3, 1312574), (8721, 7, 1312708), (8685, 4, 1325532), (8552, 6, 1325615), (8528, 5, 1326664), (8685, 4, 1338720), (9059, 4, 1381663), (9048, 2, 1392472), (8993, 0, 1393733), (8917, 3, 1463793), (8682, 4, 1466932), (8606, 7, 1504154), (8682, 4, 1572924), (8438, 7, 1587934), (8419, 3, 1588048), (8438, 7, 1589109), (8687, 5, 1597456), (8285, 2, 1636311), (8602, 4, 1676466), (8602, 4, 1677639), (9166, 3, 1827940), (9166, 3, 1828066), (8554, 6, 1900010), (8446, 4, 1920028), (8718, 4, 1935019), (8876, 2, 2000694), (8841, 3, 2001216), (8855, 3, 2002317), (8637, 0, 2109350), (9143, 3, 2109691), (9166, 3, 2114069), (8498, 7, 2152841), (8324, 7, 2193663), (9151, 7, 2199968), (8612, 3, 2232545), (8361, 2, 2286855), (8819, 2, 2336443), (8665, 2, 2373242), (8665, 2, 2373455), (8962, 6, 2410003), (8875, 7, 2410805), (8446, 4, 2500356), (8963, 4, 2512751), (8561, 4, 2515779), (8572, 0, 2603720), (8283, 2, 2667393)]"
8618 "[(659, 5, 114640), (146, 4, 869306), (4215, 4, 1013287), (4215, 4, 1013848), (4215, 4, 1013891), (4215, 4, 1183416), (4215, 4, 1184263), (4215, 4, 1184356), (5532, 2, 1446197), (4752, 6, 1449363), (2239, 4, 1463798), (5636, 5, 1473659), (4215, 4, 1634155), (1276, 7, 1708239), (1543, 4, 2079740), (2196, 7, 2080880), (1543, 4, 2081483), (1543, 4, 2083506), (2769, 5, 2083528), (2141, 4, 2083554), (146, 4, 2102084), (146, 4, 2102785), (146, 4, 2103202), (146, 4, 2182965), (1760, 4, 2184745), (1760, 4, 2184773), (146, 4, 2190998), (7466, 5, 2317657), (6369, 5, 2333573), (2196, 7, 2387279), (4085, 7, 2401122), (284, 7, 2404784), (2374, 4, 2413479), (5327, 0, 2564474), (1044, 4, 2570252)]"
39 "[(8434, 7, 117975), (8434, 7, 292810), (8612, 3, 2459831)]"
8354 "[(73, 0, 118022), (3129, 6, 2163243)]"
800 "[(8411, 5, 118419)]"
835 "[(8372, 5, 126515), (8373, 7, 751379), (8324, 7, 997496), (8410, 5, 1168566), (8563, 0, 1257928), (8563, 0, 1257977), (8446, 4, 1327650), (8563, 0, 1327937), (8563, 0, 1327960), (8383, 0, 2054338), (8637, 0, 2054343), (9215, 0, 2467100), (9215, 0, 2467113), (8411, 5, 2634545), (8456, 6, 2637092), (8456, 6, 2638972)]"
845 "[(8552, 6, 128748)]"
8384 "[(68, 7, 129272), (356, 7, 351818), (423, 2, 351880), (1803, 7, 690631), (423, 2, 1640740), (627, 2, 1724958), (233, 6, 1749641), (912, 3, 1811225), (912, 3, 1811271), (1803, 7, 1965517), (423, 2, 2491156)]"
852 "[(8295, 3, 130165)]"
808 "[(8462, 5, 135518)]"
887 "[(8243, 2, 138885), (8243, 2, 138905), (8572, 0, 328978), (8572, 0, 331055), (8572, 0, 333215), (8729, 0, 399305), (8676, 4, 1434117), (8243, 2, 2675018)]"
940 "[(8291, 2, 147929), (8470, 3, 152465), (8363, 5, 233801), (8699, 4, 297452)]"
782 "[(8650, 0, 155227), (8650, 0, 196155), (8650, 0, 323871), (8530, 7, 479726), (8650, 0, 627454), (8825, 3, 846329), (8530, 7, 975648), (8849, 3, 1176056), (8563, 0, 1190805), (8650, 0, 1353895), (8650, 0, 1358400), (8405, 6, 1537064), (8301, 3, 1573425), (8962, 6, 1577037), (8962, 6, 1577104), (8282, 3, 1619331), (8650, 0, 1663295), (8650, 0, 1701585), (8650, 0, 1795972), (8650, 0, 1871342), (8650, 0, 1872991), (8650, 0, 1873160), (8650, 0, 1878310), (8650, 0, 1883537), (8650, 0, 1884071), (8650, 0, 1884929), (8650, 0, 1885077), (8650, 0, 1885260), (8650, 0, 1947042), (8650, 0, 1955401), (8650, 0, 1957855), (8650, 0, 2054011), (8650, 0, 2210686), (9168, 5, 2302754), (8555, 4, 2532013), (8462, 5, 2553277), (8390, 5, 2553890)]"
1004 "[(8386, 7, 157319), (8293, 3, 158998), (8238, 4, 162038), (8595, 4, 354369), (8761, 6, 368655), (9040, 6, 1045047), (8591, 6, 1470492)]"
8633 "[(1043, 5, 163701), (867, 6, 175227), (867, 6, 175277), (867, 6, 256426), (388, 5, 299848), (867, 6, 341588), (388, 5, 395803), (388, 5, 395866), (388, 5, 396098), (388, 5, 396766), (388, 5, 397147), (388, 5, 397261), (388, 5, 397414), (388, 5, 397738), (388, 5, 397794), (388, 5, 397842), (388, 5, 398063), (388, 5, 398331), (388, 5, 399044), (388, 5, 399952), (388, 5, 400031), (2068, 2, 404799), (2068, 2, 404826), (867, 6, 408878), (867, 6, 408885), (388, 5, 413386), (388, 5, 413567), (388, 5, 413679), (388, 5, 415158), (487, 6, 432470), (2293, 6, 471082), (388, 5, 473063), (388, 5, 473127), (388, 5, 495353), (912, 3, 503411), (233, 6, 545443), (2738, 5, 576955), (331, 5, 587006), (484, 5, 598019), (484, 5, 598130), (484, 5, 598169), (484, 5, 598262), (484, 5, 598472), (482, 6, 607091), (43, 6, 616251), (388, 5, 637821), (388, 5, 639290), (388, 5, 639391), (388, 5, 639413), (388, 5, 639560), (388, 5, 643717), (388, 5, 644038), (675, 5, 647133), (482, 6, 659148), (482, 6, 659656), (233, 6, 721501), (388, 5, 772449), (388, 5, 772607), (388, 5, 772733), (3591, 0, 815499), (388, 5, 816780), (36, 5, 901786), (2447, 6, 910704), (388, 5, 928080), (119, 6, 967064), (388, 5, 1006416), (2836, 3, 1575363)]"
8316 "[(1047, 2, 164441), (1140, 2, 197622), (1066, 2, 279169), (1263, 2, 323336), (1263, 2, 323352), (1263, 2, 323515), (1921, 2, 361878), (346, 2, 408042), (1761, 0, 434486), (346, 2, 441770), (552, 2, 506544), (527, 3, 559791), (4250, 2, 1022704), (4250, 2, 1023231), (1066, 2, 1498987), (1066, 2, 1561935), (143, 3, 1722410), (1066, 2, 1723470), (1066, 2, 1726388), (1066, 2, 1727044), (1066, 2, 1829375), (1066, 2, 1901531), (2943, 2, 2006087), (2943, 2, 2142471), (1066, 2, 2177218)]"
8568 "[(162, 5, 165301), (162, 5, 354869), (162, 5, 1244773), (162, 5, 1297054), (162, 5, 1297877), (162, 5, 1454918), (162, 5, 1662672)]"
1070 "[(8411, 5, 167811)]"
8274 "[(1007, 7, 168956), (1007, 7, 199437), (2174, 0, 427620), (2174, 0, 427648), (745, 2, 531941), (40, 0, 550424), (40, 0, 550464), (40, 0, 550467), (40, 0, 550552), (40, 0, 550595), (40, 0, 550672), (233, 6, 887619), (68, 7, 954363), (2174, 0, 2250267), (2174, 0, 2250301)]"
1103 "[(8566, 6, 174539), (8549, 5, 1255943), (9210, 6, 2279380), (8676, 4, 2308866)]"
8644 "[(198, 4, 180961), (509, 6, 302332), (2179, 7, 429179), (3010, 3, 670630), (3010, 3, 670844), (3010, 3, 670873), (233, 6, 717760), (1046, 3, 880189), (4331, 3, 1052244), (2202, 2, 1125164), (2678, 3, 1155035), (284, 7, 1200394), (227, 6, 1473018), (509, 6, 1515588), (5206, 5, 1584124), (4085, 7, 1595362), (1046, 3, 1645743), (1046, 3, 1660263), (4515, 3, 1681442), (68, 7, 1750109), (227, 6, 1824664), (227, 6, 1824942), (233, 6, 1837020), (4921, 5, 2206778)]"
8660 "[(1137, 4, 185604), (537, 6, 217139)]"
8645 "[(1155, 0, 188354), (826, 7, 444387), (1778, 6, 570892), (1347, 7, 585535), (1347, 7, 585637), (2069, 3, 1521540), (2069, 3, 1521894), (3592, 4, 1701630), (1059, 5, 1766476), (1778, 6, 1792075), (5622, 0, 1837892), (233, 6, 2014876), (68, 7, 2141605), (2390, 6, 2374681), (826, 7, 2555713)]"
1189 "[(8591, 6, 199972), (8596, 7, 344250), (8596, 7, 344263), (8596, 7, 344295), (8596, 7, 344326), (8596, 7, 344437), (8596, 7, 344481), (8596, 7, 344505), (8596, 7, 344588), (8498, 7, 1146172), (8502, 5, 1633109), (9140, 7, 1799990), (9140, 7, 1800024), (9140, 7, 1800424), (9140, 7, 1800482), (9140, 7, 1800543), (9140, 7, 1849298), (9140, 7, 1849393), (9140, 7, 1849482), (9140, 7, 1849543), (9140, 7, 1850013), (9140, 7, 1850044), (9140, 7, 1850091), (9140, 7, 1850158), (9140, 7, 1850254), (9140, 7, 1850439), (9140, 7, 1850532), (9140, 7, 1850641), (9140, 7, 1850677), (9140, 7, 1850757), (9140, 7, 1850811), (9140, 7, 1850863), (9140, 7, 1850909)]"
8417 "[(799, 6, 203846), (402, 5, 229832), (1471, 6, 260673), (233, 6, 280500), (1184, 4, 419073)]"
328 "[(8234, 3, 206851), (8234, 3, 218905)]"
620 "[(8733, 7, 211046), (8733, 7, 1941559)]"
8366 "[(1229, 0, 211509), (731, 4, 307276), (1013, 4, 2409635)]"
1237 "[(8282, 3, 212684)]"
8397 "[(484, 5, 215570), (484, 5, 219341), (1305, 4, 226966), (156, 2, 360850), (356, 7, 567830), (1305, 4, 739282), (1305, 4, 862910), (2708, 4, 1273978), (1305, 4, 1562097), (1305, 4, 1562191), (1305, 4, 1785630), (4426, 5, 1890423)]"
1280 "[(8622, 5, 219712), (8888, 6, 822804), (8339, 3, 824092), (8551, 3, 1109219), (8268, 6, 1345302), (8411, 5, 2371566)]"
1319 "[(8604, 7, 229973), (8604, 7, 311996), (8604, 7, 312120)]"
798 "[(8248, 6, 231012)]"
1332 "[(8301, 3, 233277)]"
349 "[(8611, 4, 237033), (8248, 6, 468139), (8248, 6, 1175913), (8248, 6, 1241512), (8248, 6, 1416025), (8248, 6, 1769395), (8248, 6, 1782136), (8348, 7, 2218976)]"
8367 "[(1344, 2, 237408), (40, 0, 289953), (1184, 4, 348512), (1684, 4, 492689), (1684, 4, 492703), (1684, 4, 501560), (1684, 4, 501593), (1684, 4, 501622), (2457, 4, 504937), (1684, 4, 589995), (1684, 4, 676762), (1684, 4, 1117631), (1663, 4, 1181382), (22, 4, 1182221), (4945, 7, 1271202), (4085, 7, 1320959), (233, 6, 1494723), (1344, 2, 1563766), (4085, 7, 1594754), (1684, 4, 1725329), (4085, 7, 1825682), (233, 6, 2014870), (1684, 4, 2130429), (1684, 4, 2139285), (1684, 4, 2139341), (1684, 4, 2139387), (1684, 4, 2139407), (73, 0, 2163192), (7458, 0, 2307897), (4085, 7, 2583950)]"
1355 "[(8622, 5, 238339)]"
8625 "[(156, 2, 238989), (337, 0, 601846), (1663, 4, 1094596), (1492, 0, 1214664), (4085, 7, 1841765), (73, 0, 2186681), (40, 0, 2188355), (233, 6, 2268883), (4085, 7, 2293516)]"
8457 "[(1371, 6, 240672), (385, 6, 253062), (233, 6, 453076), (1371, 6, 633573), (1371, 6, 2303966)]"
1379 "[(8411, 5, 241188)]"
8435 "[(370, 2, 243269), (233, 6, 545192), (2468, 4, 559407), (2468, 4, 559428), (2131, 5, 609534), (1314, 2, 682779), (703, 7, 862657), (703, 7, 1041475), (703, 7, 1042187), (1726, 7, 1295153), (954, 6, 1972787), (233, 6, 2353460)]"
1397 "[(8651, 6, 244775), (8651, 6, 244850), (8541, 2, 498236), (8541, 2, 498437), (8623, 2, 541185), (8241, 6, 688835), (8236, 6, 709904), (8805, 7, 710091), (8805, 7, 710199), (8591, 6, 945891), (9086, 3, 1544482), (8498, 7, 1724131), (8719, 2, 2137195), (8883, 2, 2329374), (8883, 2, 2329798), (8719, 2, 2330869)]"
1449 "[(8300, 7, 255741), (8869, 0, 400189), (8286, 7, 745284), (8361, 2, 869317), (8545, 7, 923899), (8414, 3, 1459351), (9051, 7, 1476927), (8556, 0, 1522412), (8785, 4, 1658146), (8467, 4, 1966363), (8563, 0, 2290866), (8876, 2, 2325570), (9088, 7, 2382298)]"
8440 "[(938, 7, 265839), (938, 7, 366531), (938, 7, 666970), (938, 7, 739367), (938, 7, 979403), (938, 7, 979462), (233, 6, 1060084), (938, 7, 1136035), (938, 7, 1142562), (938, 7, 1148457), (4085, 7, 1221992), (938, 7, 1488607), (938, 7, 1489091), (938, 7, 1574133), (938, 7, 1582661), (938, 7, 1755919), (938, 7, 1961728), (938, 7, 2447660)]"
1537 "[(8588, 7, 274351), (8588, 7, 321184), (8588, 7, 321221), (8588, 7, 321369), (8588, 7, 322373), (8588, 7, 322839), (8588, 7, 322897), (8588, 7, 323197), (8588, 7, 714370), (8588, 7, 816761)]"
713 "[(8260, 6, 276986), (8320, 6, 341052), (8582, 6, 351151), (8612, 3, 965138), (8414, 3, 1687176), (9197, 2, 2522376)]"
8313 "[(321, 7, 279996), (321, 7, 285946), (321, 7, 286680), (321, 7, 307821), (156, 2, 1509531), (40, 0, 2253047)]"
8321 "[(233, 6, 280722), (233, 6, 616842), (61, 2, 1011329), (2079, 5, 1264953), (2079, 5, 1271188), (233, 6, 1661009), (5665, 3, 2604176)]"
1561 "[(8579, 2, 282075), (8262, 2, 297620), (8623, 2, 297749)]"
8251 "[(233, 6, 285898), (68, 7, 351039), (445, 7, 513002), (445, 7, 513120), (2936, 7, 861088), (68, 7, 952341), (983, 3, 1124172), (40, 0, 1153252), (1036, 6, 1386965), (1853, 6, 1424892), (4019, 4, 1638905), (4019, 4, 1638906), (423, 2, 1812398), (68, 7, 1814490), (68, 7, 1894797), (4019, 4, 1908748), (4019, 4, 1909368), (4019, 4, 1923174), (4019, 4, 1923197), (68, 7, 1986006), (4019, 4, 2008050), (68, 7, 2194558), (1726, 7, 2662951)]"
8593 "[(233, 6, 286149), (1492, 0, 341051), (2105, 3, 463832), (22, 4, 481602), (22, 4, 482064), (53, 3, 534616), (1157, 7, 534949), (2603, 3, 536106), (745, 2, 537565), (745, 2, 537719), (1314, 2, 684399), (912, 3, 684482), (2510, 5, 695318), (2153, 3, 1200529), (4390, 2, 1202183), (423, 2, 1203009), (3402, 3, 1269674), (2153, 3, 1349148), (5622, 0, 2419334), (824, 3, 2668828)]"
8654 "[(233, 6, 286488), (233, 6, 453034), (423, 2, 529248), (2365, 6, 531391)]"
1587 "[(8276, 3, 289131), (9205, 5, 2216176)]"
1594 "[(8331, 7, 291806), (8603, 7, 403251), (8291, 2, 417767), (8720, 6, 1684367), (8663, 6, 1697261), (8573, 3, 2245366), (8623, 2, 2531252)]"
1610 "[(8588, 7, 294898), (8588, 7, 295792), (8588, 7, 295834), (8588, 7, 295941), (8588, 7, 296017), (8588, 7, 302059), (8588, 7, 371973), (8411, 5, 381190), (8588, 7, 558084), (8588, 7, 617861), (8588, 7, 618173), (8887, 7, 618758), (8887, 7, 618850)]"
1583 "[(8433, 7, 315381)]"
1698 "[(8236, 6, 318409), (8812, 7, 2133572), (8344, 4, 2485058)]"
1702 "[(8411, 5, 319504), (8411, 5, 1244071), (8411, 5, 1517371), (8411, 5, 2128802), (8411, 5, 2130316), (8411, 5, 2130395)]"
8634 "[(1264, 7, 324553), (1264, 7, 416102), (1264, 7, 573865), (1659, 7, 591546), (1264, 7, 598055), (7127, 2, 2133698), (371, 5, 2203666), (371, 5, 2241726), (1264, 7, 2627997)]"
1780 "[(8319, 5, 332984), (9033, 0, 1358372), (8973, 6, 1401125), (8965, 7, 1401373), (8250, 3, 1401652)]"
317 "[(8572, 0, 343311), (8883, 2, 513154), (8883, 2, 513155), (8260, 6, 1632528), (8260, 6, 1632600), (8665, 2, 2275413)]"
1860 "[(8622, 5, 346308), (9041, 6, 1294515), (9041, 6, 1294560), (9041, 6, 1294731), (9041, 6, 1373828), (9165, 6, 1831772), (9165, 6, 1833224), (9165, 6, 1833896), (9165, 6, 1834121), (9165, 6, 1939608), (9165, 6, 2219078), (9165, 6, 2261835)]"
8789 "[(1857, 0, 346445), (233, 6, 364787), (870, 2, 408311)]"
8338 "[(659, 5, 353872), (26, 5, 865680), (233, 6, 1144228), (2605, 7, 1293079), (2605, 7, 1293162), (2605, 7, 1406084)]"
8822 "[(233, 6, 368838), (608, 7, 2130604)]"
1943 "[(8380, 4, 371739), (8703, 5, 1560205), (8351, 5, 1847362)]"
8310 "[(68, 7, 374769), (68, 7, 691562), (68, 7, 2344181), (1713, 2, 2397754), (1713, 2, 2398315), (1713, 2, 2398482)]"
1210 "[(8242, 3, 376811), (8623, 2, 610259)]"
1958 "[(8719, 2, 378266), (8267, 7, 1292594), (8736, 0, 2478263)]"
1992 "[(8588, 7, 387645), (8588, 7, 462006), (8588, 7, 462116), (8588, 7, 535971), (8588, 7, 538593), (8588, 7, 558615), (8588, 7, 558830), (8588, 7, 1115743), (9072, 7, 1297489), (9151, 7, 2058210), (9151, 7, 2058421), (9151, 7, 2059595), (9151, 7, 2059926)]"
8227 "[(2012, 7, 392701), (731, 4, 393985), (938, 7, 463796), (938, 7, 464028), (938, 7, 464054), (938, 7, 529738), (731, 4, 1051083), (1554, 0, 1406876)]"
2028 "[(8777, 4, 395866), (8591, 6, 572769), (8591, 6, 573165), (8777, 4, 1011553), (8777, 4, 1181677)]"
183 "[(8601, 7, 395921), (8601, 7, 398602), (8269, 4, 2408901), (8269, 4, 2408981)]"
365 "[(8295, 3, 399107), (8962, 6, 1866875), (8962, 6, 1954828), (8962, 6, 2045735), (8962, 6, 2045836), (8962, 6, 2045940), (8962, 6, 2046077), (8962, 6, 2093648), (8962, 6, 2093734), (8962, 6, 2138470), (8962, 6, 2139172), (8962, 6, 2548031), (8962, 6, 2548146), (8962, 6, 2548234), (8962, 6, 2548366), (8962, 6, 2548412), (8962, 6, 2548593)]"
8471 "[(2069, 3, 405119), (826, 7, 444404), (233, 6, 618930), (509, 6, 650277), (1347, 7, 709482), (898, 4, 718105), (291, 5, 734000), (2708, 4, 743126), (497, 7, 758080), (156, 2, 789009), (233, 6, 810888), (537, 6, 1090670), (233, 6, 1417696), (291, 5, 1504201), (40, 0, 1545090), (291, 5, 1683981), (291, 5, 1784810), (291, 5, 1935717), (1046, 3, 2065554), (2196, 7, 2220213), (2196, 7, 2220294), (2196, 7, 2220367), (233, 6, 2528895), (40, 0, 2533078)]"
2137 "[(8588, 7, 418140), (8905, 2, 739946), (8721, 7, 756806), (8485, 6, 788564), (8780, 0, 832601), (8442, 3, 872070), (8624, 6, 872886), (8341, 4, 948033), (8341, 4, 948079), (8941, 3, 1034979), (8832, 6, 1166182)]"
2200 "[(8468, 6, 433639), (8318, 6, 439873)]"
1267 "[(8842, 7, 434727), (8842, 7, 507701), (8842, 7, 508053), (8842, 7, 598917), (8791, 2, 867131)]"
2209 "[(8257, 5, 435914)]"
8323 "[(233, 6, 453110), (68, 7, 1117731), (68, 7, 1350114), (68, 7, 1386446), (45, 3, 1790600), (40, 0, 1930807)]"
684 "[(8331, 7, 460483), (8331, 7, 460522), (8632, 7, 1134328), (8632, 7, 1134727), (9051, 7, 1306859), (8632, 7, 1499418), (8632, 7, 1499479), (8632, 7, 2187907), (8632, 7, 2623323), (9051, 7, 2623458)]"
837 "[(8682, 4, 478186)]"
994 "[(8286, 7, 484056), (8286, 7, 484218), (8286, 7, 484270), (8733, 7, 586882), (8733, 7, 587116), (8286, 7, 755286), (9054, 6, 1014191), (8733, 7, 1793258), (8733, 7, 1793332), (8733, 7, 1793602), (8733, 7, 2139562), (9084, 6, 2666950), (9084, 6, 2672212), (9084, 6, 2672340), (9084, 6, 2672408), (9084, 6, 2672581), (9084, 6, 2672754), (9084, 6, 2672853)]"
84 "[(8896, 6, 492179), (9224, 5, 2434697)]"
2403 "[(8277, 2, 494104)]"
2427 "[(8854, 6, 499069), (8950, 7, 2491196)]"
2483 "[(8780, 0, 512062), (8888, 6, 701403), (8603, 7, 1388132)]"
8691 "[(2507, 7, 516290)]"
2526 "[(8582, 6, 520495), (8582, 6, 520738), (8582, 6, 520849), (8411, 5, 1044521), (8590, 7, 1515576), (8683, 6, 1612326), (8683, 6, 1613130), (8683, 6, 1615260), (8683, 6, 1617094), (8683, 6, 1623960), (8683, 6, 1624028), (8683, 6, 1624240), (8683, 6, 1624520), (8683, 6, 1681691), (8590, 7, 1695020), (8590, 7, 2365677)]"
2578 "[(8441, 6, 530985), (8441, 6, 531036), (8441, 6, 580302), (8441, 6, 580566), (8441, 6, 583441), (8441, 6, 617031), (9078, 5, 1286315), (8347, 3, 2046411), (8347, 3, 2046616), (8347, 3, 2046756), (8347, 3, 2046953), (8347, 3, 2046989), (8347, 3, 2055527), (9165, 6, 2164484), (9165, 6, 2167680), (9205, 5, 2213358), (9205, 5, 2214980), (9165, 6, 2227070)]"
8670 "[(156, 2, 541788), (3264, 3, 708648), (68, 7, 709868), (506, 2, 817496), (506, 2, 857024), (506, 2, 937972), (506, 2, 990955), (506, 2, 993675), (2365, 6, 1054796), (506, 2, 1077141), (506, 2, 1077193), (920, 7, 1089386), (506, 2, 1697182), (1726, 7, 1880765), (367, 7, 2454599)]"
8401 "[(233, 6, 543472), (40, 0, 545881), (2708, 4, 743313), (703, 7, 837633), (703, 7, 839970), (1970, 3, 1049520), (233, 6, 1231871), (1970, 3, 1317214), (303, 0, 1415773), (68, 7, 1423641), (537, 6, 1448172), (233, 6, 1490748), (68, 7, 1491698), (4100, 3, 1532850), (1547, 0, 1572001), (4085, 7, 1661395), (40, 0, 1819736), (40, 0, 1908359), (68, 7, 2377337), (2390, 6, 2557173), (4752, 6, 2627689), (1547, 0, 2658273)]"
2629 "[(8601, 7, 545351)]"
2624 "[(8591, 6, 545451)]"
8265 "[(509, 6, 562303), (22, 4, 1364003), (2708, 4, 1420010), (22, 4, 2345345)]"
2339 "[(8639, 4, 569089), (8421, 3, 651390), (8718, 4, 2118461)]"
103 "[(8504, 2, 573198), (8887, 7, 657729), (8887, 7, 658021), (8380, 4, 919476), (8761, 6, 1343595), (9077, 2, 2014696)]"
2730 "[(8855, 3, 574683), (8855, 3, 574816)]"
2000 "[(8703, 5, 577486), (8703, 5, 1589397), (8703, 5, 1801844), (8703, 5, 1932080), (8703, 5, 2135985), (8703, 5, 2486703)]"
8936 "[(2774, 5, 583564), (119, 6, 593957), (119, 6, 594008), (119, 6, 594053), (119, 6, 594093), (119, 6, 594125), (119, 6, 594152), (119, 6, 594686), (119, 6, 594712), (119, 6, 594823), (119, 6, 594880), (119, 6, 594893), (119, 6, 594912), (119, 6, 594977), (119, 6, 595008), (539, 5, 595682), (831, 5, 596517), (539, 5, 598588), (68, 7, 599795), (86, 0, 600962), (220, 0, 605896), (220, 0, 606235), (938, 7, 614473), (938, 7, 614512), (539, 5, 618485), (119, 6, 623499), (68, 7, 626152), (938, 7, 627908), (220, 0, 634984), (539, 5, 703094), (539, 5, 703110), (233, 6, 714563), (3324, 7, 728921), (1835, 7, 728974), (938, 7, 751483), (1647, 6, 828853), (26, 5, 871092), (938, 7, 926892), (331, 5, 928420), (938, 7, 1044149), (938, 7, 1124384), (938, 7, 1166105), (938, 7, 1214967), (938, 7, 1472873), (938, 7, 1854615), (1835, 7, 1957920), (5578, 7, 2626122)]"
8873 "[(1778, 6, 591920), (68, 7, 641857), (237, 6, 662775), (237, 6, 663651), (237, 6, 664453), (237, 6, 664664), (237, 6, 665801), (237, 6, 665850), (237, 6, 665974), (237, 6, 666042), (237, 6, 666805), (237, 6, 666941), (237, 6, 667116), (237, 6, 667142), (237, 6, 667640), (237, 6, 667811), (237, 6, 731425), (237, 6, 736388), (237, 6, 798265), (4162, 7, 1000601), (4162, 7, 1000631), (3612, 4, 1001803), (3612, 4, 1001821), (68, 7, 1016863), (68, 7, 1028879), (233, 6, 1059182), (3874, 3, 1086519), (68, 7, 1129370), (68, 7, 1160265), (627, 2, 1235392), (8188, 0, 2656126)]"
768 "[(8411, 5, 594355), (8411, 5, 594371), (8411, 5, 594672), (8411, 5, 594794), (8616, 0, 641539), (9072, 7, 1527167), (9051, 7, 1855126), (8616, 0, 2210245), (8616, 0, 2283980), (8616, 0, 2529668), (8616, 0, 2613320), (8616, 0, 2652212)]"
2840 "[(8806, 4, 596290)]"
2899 "[(8351, 5, 606737), (8888, 6, 606940), (8817, 0, 2412662)]"
8656 "[(1468, 0, 613334), (1468, 0, 666069), (537, 6, 740751), (68, 7, 1202397), (6147, 0, 2331064), (68, 7, 2451109), (68, 7, 2556084), (68, 7, 2663467)]"
3015 "[(8269, 4, 637417), (8269, 4, 637697), (8269, 4, 637721), (8269, 4, 637782), (8504, 2, 2339731), (8355, 2, 2464400), (8900, 0, 2623804), (8900, 0, 2623842)]"
3027 "[(8390, 5, 641143)]"
8387 "[(194, 3, 649211), (194, 3, 835434), (1176, 0, 846065), (233, 6, 884786), (1046, 3, 952812), (1046, 3, 952902), (912, 3, 1050978), (291, 5, 1053254), (233, 6, 1060983), (1726, 7, 1293770), (233, 6, 1314153), (2731, 4, 1504574), (5622, 0, 1621291), (233, 6, 1664563), (233, 6, 1837116), (194, 3, 1957793), (194, 3, 2047313)]"
8627 "[(1641, 5, 652055), (1641, 5, 652075), (68, 7, 701447), (45, 3, 919611), (6470, 2, 2185826), (68, 7, 2371377)]"
1622 "[(8616, 0, 659963)]"
3046 "[(8962, 6, 668216), (8962, 6, 668249), (8962, 6, 668378), (8962, 6, 669651), (8962, 6, 669803)]"
8932 "[(983, 3, 677316), (233, 6, 715519), (993, 6, 2254063)]"
8970 "[(912, 3, 680058), (3178, 2, 684274), (233, 6, 711967), (233, 6, 1059678), (954, 6, 1129204), (4085, 7, 1220665), (826, 7, 1385864), (233, 6, 1923889)]"
2101 "[(8940, 3, 681137), (8940, 3, 681165), (8940, 3, 681449), (8940, 3, 754403)]"
2230 "[(8529, 3, 691130), (8339, 3, 771157), (8339, 3, 774254), (8548, 5, 938388), (8548, 5, 974361), (8771, 5, 1022711), (8771, 5, 1022770), (8355, 2, 1035919), (8257, 5, 1183548), (8603, 7, 1404652), (8603, 7, 1404856), (8695, 6, 1529136), (8298, 4, 1572347), (8806, 4, 1627568), (8243, 2, 1659161), (8502, 5, 1664324), (8476, 3, 1758015), (9166, 3, 1787930), (8341, 4, 2264861), (8355, 2, 2344415), (8937, 3, 2428750), (8676, 4, 2655498)]"
3043 "[(8434, 7, 713210), (8434, 7, 713261), (8434, 7, 2354617)]"
3285 "[(8888, 6, 716956)]"
8271 "[(233, 6, 717818), (40, 0, 718237), (1386, 0, 2465279)]"
8809 "[(233, 6, 718980), (480, 6, 2540801)]"
8797 "[(68, 7, 721701)]"
3318 "[(8339, 3, 728095), (9096, 7, 1523552), (9096, 7, 1526517), (9096, 7, 1526780)]"
2114 "[(8687, 5, 736462), (9031, 7, 1170607), (8365, 2, 2042772), (8778, 5, 2045699), (8602, 4, 2299698), (8992, 0, 2540440)]"
8998 "[(997, 0, 754379), (997, 0, 970443), (997, 0, 1583863), (997, 0, 1611281), (997, 0, 1613386), (997, 0, 1613425), (997, 0, 1613470), (997, 0, 1614625), (997, 0, 1614746), (997, 0, 1614929), (997, 0, 1615796), (997, 0, 1617563), (68, 7, 1620002), (997, 0, 1620150), (997, 0, 1622458), (233, 6, 1748605), (938, 7, 1768838), (938, 7, 1855049), (938, 7, 1855151), (6155, 0, 1900023), (938, 7, 1924173), (938, 7, 2129063), (370, 2, 2225605), (1448, 4, 2232679), (1448, 4, 2232773), (1448, 4, 2232889), (1448, 4, 2233141), (1448, 4, 2233224), (1448, 4, 2233301), (1448, 4, 2234682), (1448, 4, 2235068), (1448, 4, 2235377), (1448, 4, 2238528), (1448, 4, 2238621), (1448, 4, 2238658), (1448, 4, 2238707), (1448, 4, 2239183), (1448, 4, 2239302), (1448, 4, 2239341), (1448, 4, 2239430), (1448, 4, 2239465), (1448, 4, 2239559), (1448, 4, 2239570), (233, 6, 2267275), (1448, 4, 2409779), (1448, 4, 2409815), (1448, 4, 2409855), (1448, 4, 2409877), (1448, 4, 2409904), (1448, 4, 2409940), (1448, 4, 2409963), (1448, 4, 2410036), (1448, 4, 2412227), (1448, 4, 2439690), (938, 7, 2603218)]"
3464 "[(8721, 7, 765613)]"
2089 "[(8434, 7, 766254), (8434, 7, 766369), (8434, 7, 768749), (8434, 7, 2604818)]"
9000 "[(497, 7, 772195), (233, 6, 813989), (3722, 5, 855185)]"
8306 "[(1505, 6, 777935), (2447, 6, 913976), (6385, 0, 2047130), (233, 6, 2097679), (68, 7, 2144676), (3244, 2, 2183708), (233, 6, 2446250)]"
9006 "[(3507, 0, 779860), (3507, 0, 780001), (3507, 0, 780041), (3507, 0, 780168), (3507, 0, 783409), (3507, 0, 783436), (625, 7, 836048), (625, 7, 836069), (625, 7, 836132), (625, 7, 836147), (625, 7, 836179), (625, 7, 836285), (625, 7, 836323), (625, 7, 837085), (625, 7, 837342), (625, 7, 839173), (1176, 0, 845603), (3507, 0, 851841), (3507, 0, 852103), (3507, 0, 852258), (749, 6, 874460), (233, 6, 886169), (3507, 0, 905960), (3507, 0, 915703), (3507, 0, 915770), (3507, 0, 916005), (233, 6, 970408), (1552, 3, 1020278), (3507, 0, 1158078), (3507, 0, 1165980), (3507, 0, 1166044), (3507, 0, 1190875), (625, 7, 1880397), (3507, 0, 1888793), (3507, 0, 1888843), (3507, 0, 1888935), (3507, 0, 1937076), (3507, 0, 1959550), (3507, 0, 1959756), (3507, 0, 1959928), (3507, 0, 1960655), (68, 7, 1987653), (3507, 0, 2039404), (3507, 0, 2047294), (3507, 0, 2047360)]"
8739 "[(233, 6, 810214), (402, 5, 878050)]"
3613 "[(8295, 3, 823406), (9062, 2, 1085071), (8997, 6, 1129845)]"
8486 "[(509, 6, 824234), (4752, 6, 1423181), (938, 7, 2236540)]"
9012 "[(509, 6, 825575), (509, 6, 825746), (1173, 7, 847154), (1173, 7, 847155), (233, 6, 886407), (73, 0, 887811)]"
3735 "[(8649, 2, 858435), (9084, 6, 2661310)]"
2121 "[(8382, 0, 861889), (8382, 0, 1120955)]"
9023 "[(402, 5, 867196), (402, 5, 871550), (402, 5, 871580), (874, 3, 913754), (1647, 6, 1007321), (4085, 7, 1653595), (68, 7, 2061492), (799, 6, 2061840), (68, 7, 2074656), (233, 6, 2094933), (40, 0, 2147224), (40, 0, 2147545), (40, 0, 2147562), (40, 0, 2147579), (4085, 7, 2197456), (402, 5, 2226972), (799, 6, 2278492), (4085, 7, 2292071), (5394, 3, 2464609), (40, 0, 2529663), (4186, 4, 2647968)]"
921 "[(8737, 0, 869477)]"
3764 "[(8267, 7, 870614)]"
3387 "[(8616, 0, 883607), (8616, 0, 2533781), (8616, 0, 2534007)]"
2133 "[(8623, 2, 892226), (9069, 6, 1169317), (9069, 6, 1169689), (9069, 6, 1170753), (9069, 6, 1172474), (9069, 6, 1173387), (8411, 5, 2625298), (8411, 5, 2625449)]"
3856 "[(8541, 2, 900033)]"
9034 "[(3874, 3, 907200), (3874, 3, 907371), (22, 4, 997942), (22, 4, 998214), (3896, 2, 998276), (1492, 0, 1200694), (1492, 0, 1200772), (1492, 0, 1203018), (4273, 7, 1203156), (1492, 0, 1203481), (1492, 0, 1205654), (22, 4, 1256961), (4266, 6, 1260548), (5020, 2, 1261036), (5020, 2, 1261078), (420, 7, 1264321), (5037, 2, 1265237), (1492, 0, 1293099), (1492, 0, 1293134), (1492, 0, 1293136), (1492, 0, 2133411), (6309, 7, 2139702), (7307, 4, 2211884), (7308, 6, 2211932), (1492, 0, 2216011), (1663, 4, 2303145), (1492, 0, 2317954), (303, 0, 2649019)]"
3909 "[(8418, 2, 921678)]"
9038 "[(497, 7, 941269), (4085, 7, 1078316), (233, 6, 1748191)]"
4020 "[(8601, 7, 949408)]"
4025 "[(8411, 5, 951279)]"
387 "[(8414, 3, 972508), (8550, 3, 1143616), (8414, 3, 1143840), (8577, 4, 1809239), (8577, 4, 1809251), (8908, 6, 2587518)]"
8824 "[(233, 6, 974536), (2196, 7, 1213962)]"
697 "[(8551, 3, 975750), (8985, 2, 1114883), (9069, 6, 1173889), (9069, 6, 1214307), (9086, 3, 1228677), (8295, 3, 1306335), (8290, 5, 1534141), (8290, 5, 1534210), (8985, 2, 2093155), (8985, 2, 2256012)]"
4109 "[(8589, 2, 994863), (8812, 7, 1007592), (8257, 5, 1079801), (8883, 2, 1251891), (8887, 7, 2468398)]"
8368 "[(2923, 6, 996103), (423, 2, 1422233), (537, 6, 1696915)]"
9049 "[(3269, 0, 998853), (497, 7, 1035815), (1586, 0, 1067032), (233, 6, 1150719), (233, 6, 1415157), (233, 6, 1491312), (233, 6, 1837648), (233, 6, 2528006), (233, 6, 2528755)]"
4178 "[(8684, 0, 1005799), (8684, 0, 1006343), (8684, 0, 1006436), (8684, 0, 1539421), (8576, 0, 1642406), (8563, 0, 1700643), (8452, 7, 2078752), (8452, 7, 2078773), (8452, 7, 2078820)]"
9053 "[(1970, 3, 1012518), (497, 7, 1014764), (1970, 3, 1117691), (233, 6, 1152471), (68, 7, 1182190), (870, 2, 1187732), (608, 7, 1204693), (608, 7, 1204769), (608, 7, 1204783), (608, 7, 1204797), (608, 7, 1204872), (608, 7, 1204887), (608, 7, 1204961), (608, 7, 1205036), (608, 7, 1205052), (68, 7, 1210759), (233, 6, 1233958), (537, 6, 1244090), (1726, 7, 1456523), (68, 7, 1529663), (233, 6, 1578531), (608, 7, 1817297), (73, 0, 2356415), (954, 6, 2428630)]"
8851 "[(4001, 6, 1015767), (1058, 6, 2158358), (44, 4, 2180664), (68, 7, 2653283)]"
2512 "[(8806, 4, 1022591)]"
4259 "[(8339, 3, 1024035), (8252, 2, 2319945), (8683, 6, 2362678)]"
4296 "[(9048, 2, 1034129)]"
4345 "[(8806, 4, 1043305), (9206, 6, 2155266)]"
4353 "[(8983, 4, 1044474)]"
4380 "[(8752, 6, 1050762)]"
8742 "[(749, 6, 1055085)]"
4412 "[(8248, 6, 1060740)]"
104 "[(8585, 7, 1070408), (9072, 7, 1160991), (9072, 7, 1161008)]"
2103 "[(9054, 6, 1081093), (8639, 4, 1167566), (9054, 6, 1178165), (9054, 6, 1178594), (9069, 6, 1257881), (9069, 6, 1339123), (9084, 6, 2635499)]"
4468 "[(8806, 4, 1088661)]"
4473 "[(8588, 7, 1091600), (8520, 3, 2472535)]"
3871 "[(8423, 6, 1093167), (8423, 6, 1094525), (8318, 6, 1105810), (8318, 6, 2546632)]"
8425 "[(2138, 6, 1097800), (4504, 7, 1099259), (497, 7, 1099586), (2138, 6, 1099625), (2138, 6, 1099698)]"
8628 "[(4506, 7, 1100157), (2131, 5, 1347220), (68, 7, 1470944), (1649, 0, 1808582), (233, 6, 1839294), (867, 6, 1983098), (4085, 7, 2100276), (3351, 0, 2112761), (68, 7, 2121954), (68, 7, 2208981)]"
4586 "[(8268, 6, 1124146), (8992, 0, 1446700), (8545, 7, 1534925), (8545, 7, 1535334), (8734, 2, 1729905)]"
2893 "[(8257, 5, 1127027), (8257, 5, 1220544)]"
8723 "[(336, 2, 1128542), (870, 2, 1263787)]"
181 "[(9072, 7, 1148904), (9072, 7, 1149048), (9072, 7, 1161667), (9072, 7, 1176770), (8577, 4, 1177257), (9072, 7, 1184509), (9072, 7, 1184556), (9072, 7, 1184620)]"
8686 "[(2595, 4, 1149520), (4464, 2, 1178642), (2708, 4, 1328279), (22, 4, 1367881), (3592, 4, 1701479), (1684, 4, 1703008), (1684, 4, 1891024), (4085, 7, 1997255), (4085, 7, 2187009), (4085, 7, 2360908), (3039, 6, 2442732), (3039, 6, 2443033), (5622, 0, 2443283), (3039, 6, 2476567), (3039, 6, 2476895), (233, 6, 2529824), (1549, 6, 2673220)]"
4674 "[(8971, 6, 1163513), (8365, 2, 2451414)]"
8850 "[(1674, 7, 1164275), (1726, 7, 2663552)]"
4742 "[(9069, 6, 1177491)]"
3108 "[(8777, 4, 1189408), (8777, 4, 1189410), (8563, 0, 1274411), (8563, 0, 1274413), (8241, 6, 1274521), (8241, 6, 1274525), (8819, 2, 1274762), (8819, 2, 1274763), (9069, 6, 1538020), (9069, 6, 1538042), (8807, 0, 1707314), (8807, 0, 1707315), (9166, 3, 2651697)]"
4825 "[(8841, 3, 1195844), (8462, 5, 1304340), (8411, 5, 2529492)]"
2637 "[(9072, 7, 1213457), (8355, 2, 2442120)]"
4947 "[(8765, 0, 1229166), (8765, 0, 1229231)]"
8648 "[(391, 7, 1243311), (423, 2, 1451994), (859, 5, 1504113), (233, 6, 1575061), (1300, 0, 1630518), (1300, 0, 1630533), (4085, 7, 1741088), (823, 0, 2541930)]"
4999 "[(9069, 6, 1251553)]"
5071 "[(9078, 5, 1275519)]"
47 "[(8765, 0, 1282004), (8765, 0, 1282091), (8765, 0, 1340873), (8765, 0, 1425870)]"
4748 "[(8779, 6, 1283141)]"
50 "[(8604, 7, 1285287)]"
8708 "[(4250, 2, 1298677), (5983, 3, 1736184), (3928, 2, 2399741)]"
9099 "[(68, 7, 1316607), (4085, 7, 1320150), (3591, 0, 1361385), (68, 7, 1392665), (233, 6, 1923158), (68, 7, 1988305), (608, 7, 2247541), (608, 7, 2247554), (608, 7, 2247566), (68, 7, 2420231)]"
5244 "[(8603, 7, 1342188)]"
3390 "[(8929, 0, 1344764), (8929, 0, 1461814), (8929, 0, 1547848), (8929, 0, 1691346), (8929, 0, 1696857), (8929, 0, 2289548), (8929, 0, 2677842), (8929, 0, 2677935), (8929, 0, 2677979)]"
5276 "[(8603, 7, 1351824)]"
3472 "[(8917, 3, 1374255), (8917, 3, 1374290)]"
5358 "[(8603, 7, 1374479), (8603, 7, 1374719)]"
75 "[(8356, 7, 1394539)]"
5463 "[(8716, 0, 1416951), (8516, 3, 1798254)]"
702 "[(8540, 4, 1453373)]"
9113 "[(5622, 0, 1469273), (867, 6, 1469400), (2131, 5, 1470343), (68, 7, 1473819), (606, 2, 1484774), (1185, 6, 1497531), (1185, 6, 1497631), (1185, 6, 1497961), (1185, 6, 1498140), (1185, 6, 1498212), (1185, 6, 1498488), (2925, 7, 1596926), (2925, 7, 1597619), (2591, 6, 1625763), (2591, 6, 1625827), (2591, 6, 1625919), (2591, 6, 1625996), (2591, 6, 1627202), (2591, 6, 1627636), (2925, 7, 1789355), (2925, 7, 1809357), (2485, 4, 1976153), (867, 6, 2023614), (5622, 0, 2073987)]"
20 "[(9086, 3, 1474157)]"
8980 "[(3517, 0, 1491683), (5262, 4, 1612034), (954, 6, 1914721), (826, 7, 2329064), (2461, 3, 2649631), (2461, 3, 2649769)]"
3067 "[(8588, 7, 1517241), (8588, 7, 1517266), (9071, 5, 1591073)]"
8925 "[(5751, 7, 1523360), (938, 7, 2043835)]"
4952 "[(9071, 5, 1548202), (8411, 5, 1548612)]"
5827 "[(8295, 3, 1553913)]"
1338 "[(8411, 5, 1555197), (8411, 5, 2642828)]"
5880 "[(8301, 3, 1573095)]"
2958 "[(9071, 5, 1579139), (9224, 5, 2459046)]"
4411 "[(9144, 3, 1581811)]"
967 "[(8632, 7, 1603962), (9051, 7, 2028455), (9051, 7, 2029541), (8632, 7, 2096358), (8616, 0, 2368061)]"
4459 "[(8684, 0, 1610767)]"
576 "[(8510, 7, 1611861), (8510, 7, 1921421), (8510, 7, 2428463)]"
3734 "[(8514, 4, 1628356)]"
215 "[(9163, 7, 1667004)]"
252 "[(8840, 6, 1671575), (8611, 4, 2541830)]"
9167 "[(119, 6, 1704738), (119, 6, 1704755), (1647, 6, 1705283), (1647, 6, 1705388), (68, 7, 1706898), (233, 6, 1749773), (1359, 2, 1796247), (1647, 6, 1914022), (1647, 6, 1914050), (1647, 6, 1914098), (1647, 6, 1914636), (1647, 6, 1914678), (1647, 6, 1938862), (1647, 6, 1938935), (1647, 6, 1938969), (1647, 6, 1939780), (749, 6, 1973291)]"
777 "[(9151, 7, 1708901), (9151, 7, 1763675), (9151, 7, 2533761), (8853, 0, 2577361)]"
195 "[(8331, 7, 1733614), (8331, 7, 1733714), (8434, 7, 1914695)]"
7 "[(8919, 6, 1742213), (8919, 6, 1745217), (9062, 2, 2267505)]"
96 "[(8348, 7, 1742555), (8348, 7, 1742604), (9163, 7, 1815192), (9163, 7, 1815203), (9163, 7, 1815348), (8529, 3, 2003611), (8348, 7, 2171364)]"
699 "[(8411, 5, 1751628), (8411, 5, 2093670), (8411, 5, 2093709), (8411, 5, 2093747)]"
9125 "[(40, 0, 1755451), (4085, 7, 2084187), (303, 0, 2293572)]"
3967 "[(8677, 2, 1763961)]"
6395 "[(8537, 3, 1798608)]"
1460 "[(8868, 7, 1799976)]"
8957 "[(913, 6, 1810125), (1726, 7, 2140521)]"
4666 "[(8347, 3, 1860297)]"
2478 "[(8293, 3, 1877383)]"
8636 "[(5058, 7, 1881237), (4325, 7, 1921005), (744, 7, 1946140), (744, 7, 1946175), (4494, 3, 1954365), (5622, 0, 2289097)]"
4861 "[(8815, 7, 1894217)]"
6614 "[(8295, 3, 1923466), (8295, 3, 1925450)]"
2687 "[(8637, 0, 1942515)]"
1003 "[(8400, 6, 1959861)]"
2839 "[(8411, 5, 2018888), (8411, 5, 2018914), (8411, 5, 2019129)]"
5475 "[(8389, 0, 2030347)]"
1160 "[(8248, 6, 2072750), (8248, 6, 2072790), (8248, 6, 2082388)]"
92 "[(8591, 6, 2147268)]"
2955 "[(8592, 4, 2165773)]"
154 "[(9124, 2, 2166967)]"
9153 "[(383, 3, 2172297), (383, 3, 2256378), (828, 5, 2268610), (828, 5, 2268791), (828, 5, 2268884), (828, 5, 2268920), (828, 5, 2269070), (828, 5, 2269143), (828, 5, 2269171), (828, 5, 2269657), (828, 5, 2269710), (828, 5, 2269753), (828, 5, 2269784), (828, 5, 2271308), (828, 5, 2271522), (383, 3, 2322442)]"
5397 "[(8812, 7, 2218534)]"
7523 "[(9102, 4, 2292833)]"
6191 "[(8371, 5, 2304430)]"
4432 "[(8298, 4, 2308435)]"
5360 "[(8548, 5, 2320109)]"
2404 "[(8556, 0, 2321391)]"
6753 "[(8347, 3, 2429112)]"
115 "[(9019, 3, 2520517)]"
5319 "[(8603, 7, 2573333)]"
2837 "[(8632, 7, 2609817)]"
4202 "[(8248, 6, 2624342), (8248, 6, 2628089)]"
2425 "[(9084, 6, 2626614)]"
3352 "[(8772, 7, 2627879)]"
5407 "[(9084, 6, 2635469)]"
5720 "[(8591, 6, 2642718)]"
