8253 "[(26, 5, 1651), (233, 6, 280810), (233, 6, 452148), (3364, 6, 789926), (1339, 5, 965265), (570, 5, 1722079), (772, 2, 2269262), (772, 2, 2269906), (772, 2, 2269964), (40, 0, 2511766), (267, 4, 2614556)]"
8286 "[(62, 3, 5855), (62, 3, 6443), (62, 3, 6476), (62, 3, 6615), (1862, 5, 346675), (994, 1, 484056), (994, 1, 484218), (994, 1, 484270), (1449, 1, 745284), (994, 1, 755286), (429, 5, 904484), (429, 5, 904521), (537, 6, 982750), (429, 5, 1244643), (429, 5, 1246707), (429, 5, 1262296), (429, 5, 1673145), (429, 5, 1871953), (6593, 2, 1968477), (303, 0, 2150176), (5447, 3, 2214227), (429, 5, 2279617), (429, 5, 2545907), (388, 5, 2569290)]"
68 "[(8249, 3, 6344), (8308, 3, 10918), (8299, 1, 18679), (8244, 0, 20820), (8350, 3, 40290), (8427, 2, 45737), (8428, 6, 50991), (8296, 1, 63410), (8551, 3, 75644), (8423, 6, 76041), (8454, 5, 78346), (8423, 6, 79594), (8400, 6, 84865), (8423, 6, 87042), (8256, 5, 107459), (8441, 6, 115037), (8384, 1, 129272), (8423, 6, 137210), (8422, 0, 147073), (8320, 6, 149779), (8389, 0, 153938), (8446, 4, 161642), (8583, 1, 166563), (8702, 5, 167269), (8579, 2, 173024), (8450, 3, 182552), (8701, 2, 185644), (8301, 3, 189156), (8622, 5, 196959), (8736, 0, 209251), (8541, 2, 219158), (8622, 5, 220527), (8745, 6, 225674), (8308, 3, 245496), (8332, 4, 250300), (8283, 2, 254466), (8296, 1, 258284), (8320, 6, 260728), (8411, 5, 263314), (8540, 4, 264033), (8403, 4, 268039), (8722, 2, 273144), (8761, 6, 273267), (8350, 3, 274376), (8719, 2, 288264), (8631, 3, 288583), (8716, 0, 309807), (8292, 5, 312174), (8275, 5, 315918), (8297, 1, 316704), (8631, 3, 321146), (8308, 3, 323973), (8734, 2, 326679), (8262, 2, 337326), (8350, 3, 339947), (8251, 1, 351039), (8257, 5, 365291), (8549, 5, 373461), (8310, 1, 374769), (8589, 2, 387912), (8801, 4, 388622), (8592, 4, 392710), (8734, 2, 402134), (8431, 6, 409193), (8855, 3, 423601), (8734, 2, 432593), (8284, 0, 442564), (8719, 2, 446261), (8301, 3, 453590), (8814, 6, 464354), (8755, 2, 464426), (8753, 6, 476006), (8888, 6, 484336), (8526, 6, 502140), (8427, 2, 504692), (8896, 6, 504721), (8827, 0, 514290), (8734, 2, 514748), (8687, 5, 516862), (8855, 3, 523852), (8350, 3, 536703), (8879, 4, 537791), (8719, 2, 564751), (8734, 2, 574031), (8468, 6, 578617), (8301, 3, 580792), (8734, 2, 588173), (8308, 3, 589436), (8537, 3, 589624), (8623, 2, 598812), (8936, 1, 599795), (8347, 3, 616824), (8381, 5, 621979), (8936, 1, 626152), (8332, 4, 627339), (8872, 6, 636702), (8955, 6, 639507), (8873, 1, 641857), (8955, 6, 644719), (8266, 0, 646298), (8266, 0, 650027), (8332, 4, 650181), (8244, 0, 659408), (8623, 2, 666478), (8745, 6, 669242), (8301, 3, 673673), (8246, 1, 673908), (8526, 6, 675935), (8339, 3, 680993), (8881, 2, 685679), (8755, 2, 687587), (8310, 1, 691562), (8549, 5, 699481), (8627, 1, 701447), (8501, 5, 708908), (8670, 1, 709868), (8904, 4, 717445), (8347, 3, 717527), (8273, 1, 719724), (8797, 1, 721701), (8556, 0, 722979), (8260, 6, 723392), (8507, 0, 729722), (8339, 3, 740237), (8755, 2, 759497), (8308, 3, 762759), (8260, 6, 769880), (8318, 6, 777361), (8858, 6, 784050), (8276, 3, 796450), (8837, 4, 797140), (8688, 6, 809335), (8885, 6, 809865), (8784, 5, 823374), (8524, 6, 834917), (8784, 5, 838525), (8295, 3, 839437), (8295, 3, 854162), (8539, 4, 854201), (8985, 2, 866018), (8504, 2, 873885), (8784, 5, 875328), (8736, 0, 877720), (8908, 6, 886345), (8855, 3, 896038), (8235, 1, 911522), (9026, 0, 927285), (8454, 5, 927591), (9026, 0, 928625), (8339, 3, 928886), (8524, 6, 929940), (8985, 2, 940756), (8639, 4, 941169), (8266, 0, 941239), (8295, 3, 944604), (8985, 2, 945262), (8251, 1, 952341), (8274, 1, 954363), (8442, 3, 964495), (8602, 4, 973235), (8295, 3, 974058), (8688, 6, 974832), (8460, 0, 983398), (8855, 3, 994269), (8559, 1, 1002003), (8260, 6, 1010707), (8450, 3, 1012468), (8873, 1, 1016863), (8678, 6, 1017688), (8871, 6, 1022499), (8873, 1, 1028879), (9054, 6, 1030921), (9048, 2, 1031226), (8527, 4, 1038103), (8450, 3, 1039078), (8446, 4, 1042935), (8806, 4, 1061481), (8940, 3, 1061779), (9045, 0, 1075396), (9045, 0, 1083416), (8527, 4, 1094732), (8694, 5, 1095901), (8343, 1, 1096687), (8370, 4, 1099348), (9066, 4, 1110770), (9045, 0, 1114215), (8323, 1, 1117731), (8295, 3, 1117964), (9045, 0, 1125794), (8873, 1, 1129370), (8873, 1, 1160265), (8983, 4, 1181547), (8370, 4, 1181851), (9053, 1, 1182190), (8985, 2, 1185933), (8549, 5, 1188686), (9069, 6, 1189146), (8928, 2, 1190442), (8268, 6, 1200380), (8268, 6, 1202127), (8656, 1, 1202397), (9069, 6, 1204509), (8978, 2, 1208001), (8579, 2, 1209997), (9053, 1, 1210759), (9069, 6, 1222804), (8415, 6, 1226638), (8415, 6, 1228846), (8541, 2, 1229371), (8695, 6, 1229750), (8662, 0, 1249575), (8502, 5, 1252398), (8502, 5, 1261644), (8308, 3, 1262272), (9086, 3, 1262570), (8391, 0, 1262664), (9064, 6, 1268543), (9054, 6, 1269582), (8241, 6, 1278025), (8466, 1, 1281207), (8612, 3, 1281570), (8297, 1, 1282651), (8400, 6, 1282691), (8612, 3, 1283810), (8985, 2, 1284400), (8381, 5, 1285466), (8715, 2, 1290538), (9041, 6, 1295938), (8393, 5, 1300462), (9092, 2, 1304488), (8347, 3, 1309464), (8453, 4, 1311232), (9099, 1, 1316607), (8347, 3, 1321702), (8855, 3, 1322015), (8266, 0, 1328498), (8323, 1, 1350114), (8602, 4, 1351331), (8364, 4, 1359230), (8364, 4, 1360677), (8364, 4, 1365013), (8702, 5, 1370110), (8575, 1, 1374388), (8260, 6, 1378621), (8364, 4, 1384132), (8323, 1, 1386446), (8819, 2, 1388823), (9099, 1, 1392665), (8364, 4, 1393109), (8317, 1, 1394448), (8401, 1, 1423641), (8364, 4, 1438041), (8295, 3, 1442294), (9092, 2, 1465130), (8628, 1, 1470944), (9113, 1, 1473819), (8814, 6, 1477463), (8695, 6, 1477487), (8401, 1, 1491698), (8549, 5, 1503468), (8928, 2, 1506524), (9053, 1, 1529663), (8357, 3, 1533947), (8963, 4, 1535276), (8756, 0, 1541636), (8347, 3, 1541884), (8699, 4, 1552348), (9071, 5, 1560256), (8719, 2, 1577037), (8734, 2, 1577759), (9149, 2, 1579230), (8955, 6, 1582532), (8365, 2, 1597258), (8855, 3, 1615939), (8998, 1, 1620002), (8554, 6, 1623782), (8312, 4, 1625436), (8312, 4, 1630263), (8813, 6, 1633060), (8779, 6, 1633127), (9145, 0, 1640434), (8687, 5, 1642200), (8908, 6, 1647028), (8347, 3, 1654923), (8598, 2, 1659333), (8755, 2, 1663576), (8574, 4, 1666461), (8411, 5, 1666469), (8734, 2, 1681635), (8374, 1, 1687869), (8755, 2, 1690195), (8986, 6, 1695297), (8608, 6, 1697739), (8608, 6, 1701758), (8308, 3, 1706706), (9167, 1, 1706898), (8985, 2, 1708116), (8277, 2, 1716009), (8608, 6, 1718811), (8347, 3, 1719466), (8308, 3, 1727327), (8857, 6, 1738531), (9166, 3, 1743739), (8644, 1, 1750109), (8347, 3, 1753787), (8370, 4, 1757340), (8734, 2, 1788860), (8615, 2, 1792352), (8251, 1, 1814490), (8559, 1, 1824097), (8836, 5, 1848395), (9177, 2, 1875928), (8251, 1, 1894797), (8669, 6, 1897831), (8235, 1, 1908387), (8928, 2, 1920649), (8325, 1, 1924111), (9133, 5, 1930778), (8351, 5, 1941102), (9141, 6, 1956190), (8672, 6, 1970615), (8400, 6, 1976420), (8251, 1, 1986006), (9006, 1, 1987653), (9165, 6, 1988019), (8257, 5, 1988074), (8511, 2, 1988082), (9099, 1, 1988305), (8415, 6, 1988326), (8734, 2, 1988906), (8374, 1, 1988914), (9142, 3, 1989128), (8906, 3, 1989198), (9181, 5, 1989364), (8866, 4, 1989368), (8841, 3, 1990211), (8986, 6, 1992150), (8986, 6, 1993698), (9085, 3, 1995222), (9092, 2, 2009970), (9183, 6, 2010571), (8469, 2, 2012472), (8511, 2, 2012545), (9062, 2, 2023084), (8857, 6, 2035196), (8999, 6, 2046743), (8492, 0, 2050206), (8364, 4, 2052815), (9023, 1, 2061492), (8311, 3, 2070883), (9023, 1, 2074656), (8430, 0, 2076256), (8642, 3, 2099271), (9166, 3, 2101614), (8427, 2, 2105073), (9062, 2, 2106364), (8628, 1, 2121954), (9092, 2, 2122625), (8608, 6, 2126685), (8937, 3, 2127873), (9008, 0, 2132454), (9090, 3, 2133430), (9202, 5, 2133509), (9142, 3, 2136739), (8250, 3, 2140308), (8645, 1, 2141605), (8306, 1, 2144676), (8608, 6, 2145673), (8985, 2, 2150947), (8740, 2, 2162003), (9092, 2, 2168340), (8446, 4, 2172805), (8962, 6, 2185064), (8251, 1, 2194558), (8628, 1, 2208981), (8985, 2, 2209710), (8235, 1, 2209781), (8895, 6, 2212293), (8806, 4, 2230588), (9090, 3, 2232048), (8943, 6, 2243377), (9080, 6, 2243976), (9080, 6, 2252179), (9090, 3, 2252319), (8983, 4, 2254433), (8340, 6, 2257021), (8985, 2, 2261296), (8801, 4, 2270673), (8668, 3, 2273702), (9080, 6, 2278556), (9071, 5, 2289978), (9085, 3, 2294447), (9149, 2, 2297324), (8740, 2, 2306425), (8988, 6, 2309133), (8988, 6, 2310944), (8881, 2, 2311128), (9144, 3, 2313101), (9080, 6, 2316749), (9144, 3, 2319468), (8734, 2, 2321959), (8268, 6, 2324251), (9144, 3, 2326083), (9080, 6, 2326764), (8431, 6, 2326911), (9080, 6, 2332813), (8310, 1, 2344181), (9077, 2, 2347883), (8312, 4, 2353522), (8734, 2, 2353693), (8476, 3, 2355758), (8608, 6, 2358073), (8627, 1, 2371377), (8401, 1, 2377337), (9133, 5, 2383819), (8280, 0, 2395863), (8421, 3, 2402152), (8881, 2, 2405481), (9099, 1, 2420231), (8332, 4, 2425804), (8881, 2, 2425951), (9090, 3, 2430966), (8411, 5, 2434542), (8469, 2, 2436184), (8526, 6, 2436488), (9224, 5, 2438669), (8656, 1, 2451109), (8347, 3, 2452339), (8536, 2, 2454233), (8536, 2, 2464333), (9224, 5, 2474684), (9061, 6, 2478781), (8985, 2, 2482895), (8612, 3, 2483394), (9226, 6, 2495422), (8347, 3, 2499502), (8501, 5, 2503122), (8421, 3, 2503889), (8241, 6, 2505211), (8501, 5, 2510387), (8415, 6, 2512559), (9218, 2, 2515340), (8365, 2, 2516276), (9166, 3, 2516860), (8461, 1, 2526351), (8881, 2, 2528815), (9219, 6, 2532796), (8260, 6, 2542210), (9160, 2, 2552284), (8656, 1, 2556084), (8994, 5, 2558342), (9226, 6, 2573027), (8421, 3, 2575403), (9223, 4, 2577077), (8909, 6, 2581557), (9092, 2, 2594298), (9021, 0, 2595191), (8347, 3, 2602933), (9148, 2, 2611045), (8937, 3, 2631231), (8914, 0, 2644418), (8851, 1, 2653283), (8656, 1, 2663467), (8591, 6, 2664822), (9084, 6, 2668823), (8260, 6, 2674963)]"
80 "[(8298, 4, 7564), (8320, 6, 11996), (8320, 6, 63695), (8320, 6, 64553), (8320, 6, 64585), (8320, 6, 73844), (8591, 6, 106368), (8320, 6, 248818), (8453, 4, 347516), (8562, 4, 862662), (8874, 4, 938287), (8874, 4, 943788), (8874, 4, 944905), (8874, 4, 949022), (8874, 4, 949288), (8874, 4, 949362), (8453, 4, 1374340), (8529, 3, 1375479), (8917, 3, 1457798), (8591, 6, 1471808), (8453, 4, 1564984), (8874, 4, 1630652), (8453, 4, 1648393), (8453, 4, 1648632), (8453, 4, 1648764), (8453, 4, 1648866), (8874, 4, 1678700), (8320, 6, 1896946), (8592, 4, 1912233), (8592, 4, 1912331), (8592, 4, 1913057), (8592, 4, 1913415), (8592, 4, 1913652), (8320, 6, 2283397), (8591, 6, 2582214), (8591, 6, 2582574), (8591, 6, 2582622)]"
8302 "[(87, 5, 8942), (110, 6, 12681), (130, 3, 16406), (221, 2, 27897), (241, 3, 31670), (262, 1, 35966), (296, 6, 41910), (296, 6, 42002), (296, 6, 42082), (296, 6, 43196), (296, 6, 43270), (296, 6, 53927), (296, 6, 54144), (221, 2, 100339), (221, 2, 109251), (221, 2, 113986), (221, 2, 192109), (221, 2, 197426), (130, 3, 220836), (221, 2, 240453), (1376, 5, 241122), (1376, 5, 241132), (221, 2, 243370), (221, 2, 243394), (221, 2, 249062), (1552, 3, 278256), (1552, 3, 280461), (480, 6, 291083), (233, 6, 711963), (1552, 3, 763735), (4248, 6, 2490083), (4248, 6, 2490325)]"
8433 "[(73, 0, 37800), (385, 6, 55360), (36, 5, 270594), (233, 6, 283737), (36, 5, 300208), (1583, 1, 315381), (36, 5, 342930), (36, 5, 343069), (36, 5, 343428), (36, 5, 362482), (36, 5, 363021), (467, 3, 438413), (467, 3, 439349), (233, 6, 452780), (628, 6, 501202), (1929, 6, 547516), (1929, 6, 614964), (1176, 0, 658044), (36, 5, 696656), (36, 5, 696802), (36, 5, 696988), (36, 5, 783155), (36, 5, 793448), (36, 5, 793801), (36, 5, 797130), (233, 6, 805225), (233, 6, 807270), (36, 5, 822429), (36, 5, 822517), (954, 6, 1309157), (233, 6, 1751755), (233, 6, 2097499), (749, 6, 2515658)]"
8434 "[(73, 0, 37961), (443, 1, 72482), (39, 1, 117975), (443, 1, 204730), (39, 1, 292810), (611, 1, 300926), (611, 1, 302181), (3043, 1, 713210), (3043, 1, 713261), (2089, 1, 766254), (2089, 1, 766369), (2089, 1, 768749), (443, 1, 809576), (443, 1, 1613079), (195, 1, 1914695), (898, 4, 1940696), (6654, 2, 1945264), (6654, 2, 1945268), (233, 6, 2097119), (3043, 1, 2354617), (2089, 1, 2604818)]"
8438 "[(17, 1, 40111), (351, 5, 49009), (22, 4, 57916), (17, 1, 214194), (233, 6, 454585), (233, 6, 715110), (233, 6, 805260), (233, 6, 882512), (233, 6, 974240), (4186, 4, 1007299), (2878, 2, 1119906), (2878, 2, 1120002), (2878, 2, 1120107), (2878, 2, 1120258), (2878, 2, 1120392), (2878, 2, 1120898), (2878, 2, 1121148), (2878, 2, 1121425), (2878, 2, 1121502), (870, 2, 1126041), (870, 2, 1126191), (870, 2, 1126464), (870, 2, 1126578), (2878, 2, 1137543), (2878, 2, 1137575), (2878, 2, 1142875), (2878, 2, 1145026), (2878, 2, 1145178), (233, 6, 1417327), (2878, 2, 1469111), (233, 6, 1492710), (17, 1, 1498908), (233, 6, 1578389), (611, 1, 1587934), (611, 1, 1589109), (2878, 2, 1909454), (2878, 2, 1915211), (2878, 2, 1916875), (2878, 2, 1916924), (2878, 2, 1917093), (2878, 2, 1917227), (2878, 2, 1917803), (2878, 2, 1917988), (2878, 2, 1918653), (2878, 2, 1923620), (2878, 2, 1923987), (2878, 2, 1924034), (2878, 2, 1924080)]"
284 "[(8350, 3, 40549), (8622, 5, 132863), (8622, 5, 135885), (8622, 5, 238938), (8622, 5, 678255), (8683, 6, 825534), (8241, 6, 829699), (8683, 6, 935812), (8644, 1, 1200394), (8260, 6, 1335420), (8260, 6, 1335917), (8275, 5, 1892554), (8350, 3, 2048932), (8618, 1, 2404784), (8781, 2, 2647745)]"
321 "[(8374, 1, 44562), (8476, 3, 53098), (8374, 1, 109812), (8313, 1, 279996), (8313, 1, 285946), (8313, 1, 286680), (8313, 1, 307821)]"
367 "[(8234, 3, 51685), (8275, 5, 152171), (8346, 1, 1502400), (8814, 6, 1502688), (8254, 6, 1530226), (8395, 6, 1582090), (8339, 3, 1587435), (8482, 5, 1591436), (9041, 6, 1594631), (8832, 6, 1594691), (8848, 0, 1606123), (8305, 6, 1689241), (8262, 2, 1705569), (8904, 4, 1756193), (8611, 4, 1854310), (8556, 0, 1962602), (9200, 3, 2108004), (8426, 1, 2300180), (8670, 1, 2454599), (9032, 6, 2542403), (8594, 1, 2543776)]"
381 "[(8479, 2, 53414)]"
420 "[(8423, 6, 59581), (8423, 6, 59676), (8423, 6, 59841), (9034, 1, 1264321), (8992, 0, 1361795), (8243, 2, 1527099), (9168, 5, 2391587)]"
8331 "[(443, 1, 61952), (443, 1, 201960), (1594, 1, 291806), (17, 1, 331428), (684, 1, 460483), (684, 1, 460522), (233, 6, 545051), (532, 1, 854924), (3743, 6, 889418), (509, 6, 1084265), (233, 6, 1241864), (3114, 3, 1269823), (5117, 4, 1290739), (4019, 4, 1323069), (4019, 4, 1323072), (1950, 4, 1578352), (1950, 4, 1578587), (537, 6, 1609276), (233, 6, 1666025), (195, 1, 1733614), (195, 1, 1733714), (233, 6, 1847493), (5622, 0, 1928475), (6654, 2, 1945300), (6654, 2, 1945306), (73, 0, 2356952), (40, 0, 2534798)]"
466 "[(8423, 6, 63593), (8896, 6, 476672), (8250, 3, 1385995), (9166, 3, 1855037), (9168, 5, 1880844)]"
8429 "[(467, 3, 63722), (467, 3, 63894), (17, 1, 396941), (1240, 4, 397149), (1240, 4, 397490), (73, 0, 888111), (17, 1, 892574), (73, 0, 979535), (73, 0, 1166122), (233, 6, 1240447), (207, 6, 1314558), (1240, 4, 2125088), (1240, 4, 2212977), (1240, 4, 2213366)]"
470 "[(8423, 6, 64053)]"
497 "[(8407, 4, 66602), (8339, 3, 584439), (8726, 4, 584591), (8888, 6, 596949), (8471, 1, 758080), (9000, 1, 772195), (8346, 1, 845799), (9038, 1, 941269), (9053, 1, 1014764), (9049, 1, 1035815), (8425, 1, 1099586), (8806, 4, 1113678), (8318, 6, 1188173), (8295, 3, 1367455), (8801, 4, 1450785), (8682, 4, 1536029), (9136, 0, 1542872), (8504, 2, 1630661), (8806, 4, 2226320), (8705, 6, 2495893)]"
511 "[(8423, 6, 67917), (9168, 5, 2041199)]"
8546 "[(285, 0, 72489), (285, 0, 72499), (303, 0, 207147), (233, 6, 372712), (2132, 5, 416842), (2132, 5, 417082), (2132, 5, 417143), (2132, 5, 419566), (233, 6, 452020), (233, 6, 624301), (3963, 0, 935037), (1188, 5, 1138786), (4672, 5, 2446440), (142, 5, 2453433), (2132, 5, 2650144), (2132, 5, 2650283)]"
590 "[(8427, 2, 77229), (8427, 2, 77265), (8427, 2, 77297), (8888, 6, 473050)]"
597 "[(8560, 5, 78499)]"
608 "[(8291, 2, 79670), (8291, 2, 79687), (8269, 4, 210111), (8248, 6, 386632), (8602, 4, 525002), (8578, 4, 585279), (8578, 4, 656739), (8982, 4, 733989), (8346, 1, 746290), (8755, 2, 1036712), (9053, 1, 1204693), (9053, 1, 1204769), (9053, 1, 1204783), (9053, 1, 1204797), (9053, 1, 1204872), (9053, 1, 1204887), (9053, 1, 1204961), (9053, 1, 1205036), (9053, 1, 1205052), (8273, 1, 1231942), (8989, 0, 1375008), (8989, 0, 1375021), (8420, 6, 1384584), (8999, 6, 1527196), (8341, 4, 1613048), (8927, 2, 1647574), (8927, 2, 1647648), (8562, 4, 1713138), (8273, 1, 1796135), (9053, 1, 1817297), (8963, 4, 1867720), (8973, 6, 1909523), (8927, 2, 1989141), (8607, 6, 2024515), (8822, 1, 2130604), (9099, 1, 2247541), (9099, 1, 2247554), (9099, 1, 2247566), (8870, 6, 2249004), (8266, 0, 2427238), (8350, 3, 2587360), (8631, 3, 2587380), (9182, 4, 2595607), (8256, 5, 2596705), (8972, 6, 2597282), (8718, 4, 2650585)]"
8585 "[(657, 4, 89666), (596, 3, 279598), (104, 1, 1070408), (233, 6, 1232834), (1857, 0, 2383436), (1921, 2, 2505065)]"
671 "[(8444, 1, 91888), (8807, 0, 724498), (8273, 1, 1923694)]"
472 "[(8328, 5, 98775), (8328, 5, 248862), (8328, 5, 283319), (8328, 5, 362410), (8328, 5, 625168), (8328, 5, 625224), (8328, 5, 805824), (8328, 5, 1230435), (8328, 5, 1486435), (8328, 5, 1666577), (8328, 5, 2213976)]"
703 "[(8594, 1, 99379), (8485, 6, 523038), (8919, 6, 534017), (8322, 0, 687601), (8401, 1, 837633), (8401, 1, 839970), (8435, 1, 862657), (8611, 4, 945610), (8611, 4, 945702), (8611, 4, 945759), (8435, 1, 1041475), (8435, 1, 1042187), (8928, 2, 1455872), (8928, 2, 1456038), (8275, 5, 1989230), (8275, 5, 1989471), (8340, 6, 2327401), (8993, 0, 2499671)]"
8356 "[(732, 3, 104419), (125, 1, 360329), (17, 1, 415752), (17, 1, 502589), (3129, 6, 674238), (570, 5, 874547), (2442, 6, 1206655), (2442, 6, 1206738), (2442, 6, 1207172), (2442, 6, 1207355), (2442, 6, 1207685), (2442, 6, 1207783), (2442, 6, 1207810), (4033, 6, 1268985), (1906, 6, 1294383), (22, 4, 1296617), (1906, 6, 1298399), (75, 1, 1394539), (79, 6, 1448854), (79, 6, 1449007), (6470, 2, 1829581), (1804, 2, 1884146), (1804, 2, 1884163), (1804, 2, 1886369), (5669, 2, 1978047), (5669, 2, 1978087), (5669, 2, 1978203), (5669, 2, 1978284), (5669, 2, 1978479), (5669, 2, 1978587), (5669, 2, 1978659), (5669, 2, 1978697), (5669, 2, 1978786), (5669, 2, 1978861), (5669, 2, 1978944), (5669, 2, 1979023), (5669, 2, 1979073), (5669, 2, 1979117), (5669, 2, 1979185), (5669, 2, 1979295), (5669, 2, 1979374), (5669, 2, 1979472), (5669, 2, 1979581), (5669, 2, 1979652), (5669, 2, 1979686), (5669, 2, 1979769), (5669, 2, 1979820), (5669, 2, 1979877), (5669, 2, 1979955), (5669, 2, 1980293), (5669, 2, 1980382), (5669, 2, 1980446), (5669, 2, 1980460), (5669, 2, 1980573), (5669, 2, 1980671), (5669, 2, 1980689), (5669, 2, 1980744), (5669, 2, 1980788), (5669, 2, 1980820), (5669, 2, 1980839), (5669, 2, 1981782), (5669, 2, 1981858), (5669, 2, 1982049), (79, 6, 2048742), (79, 6, 2049611), (79, 6, 2049892), (79, 6, 2117659), (2442, 6, 2145515), (2442, 6, 2325411), (79, 6, 2646306), (79, 6, 2646417)]"
8603 "[(733, 5, 104717), (1594, 1, 403251), (635, 5, 425093), (635, 5, 614809), (73, 0, 824163), (635, 5, 1004828), (239, 0, 1260393), (2749, 5, 1314376), (5244, 1, 1342188), (239, 0, 1346689), (480, 6, 1347483), (5276, 1, 1351824), (5358, 1, 1374479), (5358, 1, 1374719), (635, 5, 1381958), (2483, 1, 1388132), (2230, 1, 1404652), (2230, 1, 1404856), (233, 6, 1489350), (40, 0, 1501598), (5725, 3, 1511262), (5209, 4, 1805228), (5209, 4, 1805336), (5188, 4, 1821867), (5188, 4, 1821912), (5262, 4, 1832603), (5262, 4, 1832688), (233, 6, 1923844), (5534, 3, 1925408), (5534, 3, 1925592), (5534, 3, 1925808), (635, 5, 2252300), (635, 5, 2550076), (5319, 1, 2573333), (635, 5, 2596637)]"
8606 "[(749, 6, 107006), (611, 1, 424068), (17, 1, 424239), (611, 1, 512840), (611, 1, 513116), (611, 1, 1199146), (233, 6, 1495116), (611, 1, 1504154), (596, 3, 1906245), (1471, 6, 1916389), (596, 3, 2341517), (17, 1, 2524152), (532, 1, 2525086), (17, 1, 2576448)]"
750 "[(8598, 2, 107343), (8477, 3, 271077), (8296, 1, 276605), (8605, 0, 520236), (9045, 0, 1054641), (9045, 0, 1699351), (9045, 0, 1699416), (8299, 1, 1826666), (9085, 3, 2348443)]"
8601 "[(751, 4, 107439), (751, 4, 116107), (1961, 4, 378700), (183, 1, 395921), (183, 1, 398602), (2629, 1, 545351), (1961, 4, 604405), (1933, 6, 766651), (4020, 1, 949408), (532, 1, 1128565), (17, 1, 1235203)]"
744 "[(8608, 6, 107597), (8312, 4, 190212), (8722, 2, 190471), (8333, 4, 365842), (8290, 5, 1355011), (8814, 6, 1578463), (8351, 5, 1944657), (8612, 3, 1945274), (8636, 1, 1946140), (8636, 1, 1946175), (8801, 4, 2269506), (9214, 2, 2355881)]"
8609 "[(611, 1, 107660), (1663, 4, 311735), (2864, 2, 600016), (3100, 2, 668676), (2864, 2, 742186), (402, 5, 1708164), (402, 5, 1708272), (402, 5, 1911708), (402, 5, 1911745), (402, 5, 1912040), (660, 6, 1912182), (2864, 2, 1959289), (286, 3, 2033200), (286, 3, 2060366), (2864, 2, 2062082), (2864, 2, 2076236), (2864, 2, 2167725), (2864, 2, 2168048), (6787, 3, 2216309), (1823, 6, 2222608), (2864, 2, 2303156), (2864, 2, 2303190), (2864, 2, 2597595), (2864, 2, 2597869)]"
8588 "[(754, 2, 108027), (757, 0, 108677), (36, 5, 209832), (228, 6, 209906), (228, 6, 209978), (1537, 1, 274351), (1556, 3, 279237), (1610, 1, 294898), (1610, 1, 295792), (1610, 1, 295834), (1610, 1, 295941), (1610, 1, 296017), (1610, 1, 302059), (480, 6, 311410), (1392, 3, 311614), (480, 6, 311847), (1392, 3, 317047), (1537, 1, 321184), (1537, 1, 321221), (1537, 1, 321369), (1537, 1, 322373), (1537, 1, 322839), (1537, 1, 322897), (1537, 1, 323197), (1793, 3, 334288), (1392, 3, 336137), (552, 2, 346614), (164, 3, 349437), (36, 5, 351658), (36, 5, 359642), (1610, 1, 371973), (1992, 1, 387645), (36, 5, 388711), (754, 2, 409519), (2137, 1, 418140), (271, 6, 420947), (271, 6, 421002), (1992, 1, 462006), (1992, 1, 462116), (935, 2, 497569), (1992, 1, 535971), (1992, 1, 538593), (1610, 1, 558084), (1992, 1, 558615), (1992, 1, 558830), (664, 4, 572038), (109, 3, 599441), (109, 3, 599700), (109, 3, 599813), (109, 3, 600057), (109, 3, 600186), (1610, 1, 617861), (1610, 1, 618173), (125, 1, 690275), (1537, 1, 714370), (1392, 3, 747266), (1392, 3, 753488), (450, 3, 799393), (1537, 1, 816761), (1793, 3, 839422), (1793, 3, 839505), (17, 1, 912007), (3896, 2, 918433), (2505, 3, 926923), (1036, 6, 949943), (1036, 6, 949982), (1857, 0, 966877), (233, 6, 973081), (4473, 1, 1091600), (1392, 3, 1097892), (2388, 5, 1100031), (1596, 3, 1111082), (1992, 1, 1115743), (109, 3, 1153274), (167, 1, 1184585), (3067, 1, 1517241), (3067, 1, 1517266), (2708, 4, 1872657), (912, 3, 1957911)]"
8530 "[(233, 6, 113374), (1137, 4, 358525), (233, 6, 370625), (1137, 4, 389833), (782, 1, 479726), (1184, 4, 590251), (1137, 4, 702583), (782, 1, 975648), (1058, 6, 1104145)]"
792 "[(8622, 5, 116052)]"
885 "[(8466, 1, 138806), (8466, 1, 143972), (8446, 4, 337662), (8466, 1, 338503), (9102, 4, 1420090), (8734, 2, 2302756)]"
8643 "[(67, 1, 141988), (913, 6, 297703), (435, 2, 319832), (1778, 6, 426503), (233, 6, 453889), (233, 6, 540349), (233, 6, 624631), (40, 0, 716480), (233, 6, 808735), (1778, 6, 1290619), (375, 3, 2058153)]"
920 "[(8249, 3, 145165), (8816, 3, 409224), (8777, 4, 575322), (8653, 6, 739103), (8670, 1, 1089386), (8986, 6, 1519436), (8761, 6, 1865949), (9116, 2, 2034650), (9090, 3, 2474582), (9124, 2, 2484959)]"
8604 "[(941, 3, 148893), (1206, 2, 223082), (1319, 1, 229973), (1319, 1, 311996), (1319, 1, 312120), (8, 3, 428345), (1206, 2, 1075675), (1206, 2, 1088594), (1206, 2, 1088839), (50, 1, 1285287), (1184, 4, 1293785)]"
8610 "[(954, 6, 150828), (233, 6, 885993)]"
974 "[(8622, 5, 152526), (8622, 5, 160625), (8622, 5, 175866), (8734, 2, 411165), (8734, 2, 411331), (8734, 2, 411451), (9048, 2, 1014640), (9048, 2, 1014758), (9048, 2, 1014788), (8411, 5, 1275503), (9166, 3, 1794040), (8937, 3, 2051702), (8937, 3, 2051740), (8870, 6, 2656436), (8870, 6, 2656506)]"
318 "[(8372, 5, 152603), (8622, 5, 153166), (8622, 5, 164278), (8622, 5, 164404), (8572, 0, 331357), (8572, 0, 331389), (8572, 0, 331695), (8572, 0, 335975), (8572, 0, 336173), (8892, 0, 503428), (8261, 1, 617452), (8339, 3, 738459), (8992, 0, 1026039), (8992, 0, 1026135), (8992, 0, 1026267), (8992, 0, 1026424), (8992, 0, 1026500), (8992, 0, 1026536), (8992, 0, 1026706), (8992, 0, 1026926), (8992, 0, 1027788), (8992, 0, 1027919), (8992, 0, 1028000), (8992, 0, 1028110), (8992, 0, 1028200), (8992, 0, 1028375), (8992, 0, 1028508), (8992, 0, 1028544), (8992, 0, 1029139), (8992, 0, 1029176), (8992, 0, 1029257), (8992, 0, 1029482), (8992, 0, 1029711), (8992, 0, 1029875), (9045, 0, 1064236), (9045, 0, 1064253), (8806, 4, 1066040), (8806, 4, 1066587), (8806, 4, 1066954), (9069, 6, 1211388), (9069, 6, 1211613), (9069, 6, 1304295), (8992, 0, 1408047), (9080, 6, 2232895), (9080, 6, 2232956), (8956, 0, 2393894), (8956, 0, 2393920), (9028, 0, 2553074), (9215, 0, 2563459), (9215, 0, 2563546), (9215, 0, 2563565), (9215, 0, 2563592), (9215, 0, 2563625), (9215, 0, 2563800), (9215, 0, 2563863), (9215, 0, 2564059), (9215, 0, 2564081), (9215, 0, 2564161), (9215, 0, 2575911), (9215, 0, 2575955), (9084, 6, 2637403), (9084, 6, 2637449), (9084, 6, 2638487), (9084, 6, 2638915), (9084, 6, 2639140), (9084, 6, 2639171), (9084, 6, 2639281), (9084, 6, 2639951), (9215, 0, 2668841), (9084, 6, 2670628), (9084, 6, 2670863), (9084, 6, 2671177), (9084, 6, 2671373)]"
985 "[(8622, 5, 154223), (8622, 5, 155003), (8622, 5, 188256)]"
8619 "[(989, 0, 154653), (450, 3, 165080), (233, 6, 374583), (467, 3, 918217), (467, 3, 918375), (233, 6, 1059650), (233, 6, 1664177)]"
8545 "[(990, 3, 154776), (1536, 5, 274331), (233, 6, 454000), (2024, 6, 509369), (2024, 6, 611380), (2024, 6, 611523), (233, 6, 626501), (990, 3, 660189), (990, 3, 660457), (990, 3, 660607), (3237, 6, 698718), (3237, 6, 698787), (3237, 6, 698881), (3237, 6, 708211), (3237, 6, 708320), (990, 3, 739388), (3407, 2, 752607), (990, 3, 766521), (3407, 2, 847112), (537, 6, 919517), (1449, 1, 923899), (990, 3, 930892), (990, 3, 931031), (990, 3, 931262), (990, 3, 996488), (17, 1, 1024462), (483, 2, 1024655), (1013, 4, 1024873), (3237, 6, 1145926), (17, 1, 1177348), (483, 2, 1178501), (3567, 5, 1386924), (3567, 5, 1386979), (233, 6, 1492055), (17, 1, 1534863), (4586, 1, 1534925), (4586, 1, 1535334), (17, 1, 1540077), (990, 3, 1549573), (990, 3, 1555390), (1378, 5, 1895628), (3407, 2, 1900847), (954, 6, 1989592), (552, 2, 2032607), (4515, 3, 2129992), (990, 3, 2247145), (990, 3, 2247195), (990, 3, 2248047), (990, 3, 2248088), (990, 3, 2248741), (990, 3, 2249978), (990, 3, 2298873), (990, 3, 2299008), (990, 3, 2299466), (1813, 2, 2352337), (73, 0, 2356190), (233, 6, 2357024), (1552, 3, 2445435), (233, 6, 2445453), (1552, 3, 2445475), (1552, 3, 2445501), (916, 3, 2573165), (916, 3, 2573222)]"
8424 "[(954, 6, 154913), (3483, 2, 1674394), (3483, 2, 1675669), (3483, 2, 1675828), (233, 6, 1749498)]"
8386 "[(1004, 1, 157319), (233, 6, 1666201), (233, 6, 2013236)]"
1007 "[(8299, 1, 157696), (8274, 1, 168956), (8257, 5, 180600), (8411, 5, 186302), (8274, 1, 199437), (8411, 5, 234415), (8411, 5, 236425), (8466, 1, 1362202), (8466, 1, 1406428), (8466, 1, 1406493), (8466, 1, 1976151), (8736, 0, 1999408), (8734, 2, 2076174), (8866, 4, 2574509), (8537, 3, 2677403), (8537, 3, 2677633)]"
1009 "[(8683, 6, 157861)]"
526 "[(8328, 5, 159009), (8328, 5, 159090), (8328, 5, 852224), (8328, 5, 852628), (8328, 5, 852696), (8328, 5, 1036682), (8328, 5, 2019936), (8328, 5, 2066764), (8328, 5, 2067377), (8328, 5, 2067485), (8328, 5, 2204842), (8328, 5, 2374144), (8328, 5, 2380245), (8328, 5, 2380271), (8328, 5, 2380556)]"
1075 "[(8332, 4, 168464)]"
8447 "[(1083, 2, 169858), (1083, 2, 170391), (1083, 2, 171260), (1083, 2, 171624), (983, 3, 188893), (749, 6, 254218), (2989, 2, 628192), (233, 6, 808589), (233, 6, 973172), (664, 4, 1095314), (532, 1, 1111465), (233, 6, 2267409)]"
1101 "[(8622, 5, 173692)]"
996 "[(8622, 5, 180653), (8622, 5, 180711), (8622, 5, 180767), (8622, 5, 180844), (8622, 5, 180929), (8622, 5, 181166), (8622, 5, 181222), (8622, 5, 181248), (8540, 4, 262235), (8591, 6, 329492), (8591, 6, 329644), (8591, 6, 329851), (8591, 6, 329904), (8284, 0, 441309), (8411, 5, 1381155), (8411, 5, 1491983), (8411, 5, 1492033), (8411, 5, 1492489), (9133, 5, 1516367), (8234, 3, 1670066), (9133, 5, 1929727), (9133, 5, 1929830), (9133, 5, 1929856), (9133, 5, 1929897), (9133, 5, 1930135), (8508, 0, 2544904)]"
8398 "[(1036, 6, 182378), (1036, 6, 182401), (1036, 6, 182435), (1036, 6, 182540), (900, 6, 2325941)]"
1134 "[(8260, 6, 183174), (8519, 3, 1217344), (9215, 0, 2575769), (9215, 0, 2575894), (9215, 0, 2576412), (9168, 5, 2579789)]"
8557 "[(983, 3, 188975), (233, 6, 281939), (40, 0, 338539), (2078, 5, 429090), (954, 6, 1310878)]"
8721 "[(346, 2, 189281), (346, 2, 207219), (307, 2, 214780), (2137, 1, 756806), (3464, 1, 765613), (233, 6, 971809), (3676, 5, 989404), (611, 1, 1312708), (3317, 2, 2579476)]"
8247 "[(322, 5, 189505), (402, 5, 232293), (109, 3, 320938), (109, 3, 321022), (552, 2, 324234), (552, 2, 324290), (1823, 6, 338327), (3085, 5, 1313083), (3748, 6, 1530202), (5795, 5, 1542801), (322, 5, 1686995), (5836, 5, 1818507), (3407, 2, 1952082), (3407, 2, 2216049), (233, 6, 2267935), (3407, 2, 2369387), (3407, 2, 2473020), (3407, 2, 2485230)]"
1173 "[(8727, 5, 196212), (8614, 0, 630493), (8543, 2, 677181), (8930, 4, 677505), (8939, 2, 678921), (9012, 1, 847154), (9012, 1, 847155), (8696, 4, 1037709), (9107, 2, 2101505), (9198, 2, 2173997)]"
8733 "[(1216, 5, 207196), (620, 1, 211046), (1820, 4, 338051), (994, 1, 586882), (994, 1, 587116), (175, 0, 813918), (175, 0, 814035), (105, 6, 924091), (3920, 3, 925062), (105, 6, 941748), (3920, 3, 941831), (3920, 3, 942787), (484, 5, 948781), (109, 3, 951015), (271, 6, 976503), (4112, 0, 984398), (4464, 2, 1087596), (109, 3, 1325170), (4248, 6, 1533718), (4248, 6, 1533896), (4225, 5, 1558433), (2078, 5, 1563916), (994, 1, 1793258), (994, 1, 1793332), (994, 1, 1793602), (109, 3, 1839201), (620, 1, 1941559), (3748, 6, 1974146), (331, 5, 1984263), (994, 1, 2139562)]"
1224 "[(8622, 5, 209379), (8556, 0, 721730), (9069, 6, 1178216), (9071, 5, 1562892)]"
1261 "[(8719, 2, 216998), (8339, 3, 848785), (8779, 6, 1339696)]"
1276 "[(8466, 1, 219264), (8341, 4, 397878), (8684, 0, 587852), (8684, 0, 587946), (8548, 5, 661020), (8295, 3, 822586), (8766, 0, 1106338), (8594, 1, 1270182), (8594, 1, 1270337), (8790, 0, 1425178), (8618, 1, 1708239), (8347, 3, 2318321), (8706, 6, 2621950), (8706, 6, 2622088), (8706, 6, 2622145), (8243, 2, 2624182), (9084, 6, 2634209)]"
1277 "[(8299, 1, 219357), (8299, 1, 219376), (8583, 1, 374929), (8583, 1, 374953), (8572, 0, 376310), (8572, 0, 376337), (8622, 5, 384769), (8622, 5, 384789), (8411, 5, 388982), (8411, 5, 389005), (8622, 5, 397082), (8622, 5, 397107), (8791, 2, 406271), (8791, 2, 406292), (8791, 2, 406308), (8534, 6, 727508), (8534, 6, 727578), (8576, 0, 811210), (8576, 0, 811229), (9048, 2, 1019608), (9048, 2, 1019640), (8269, 4, 1065979), (8269, 4, 1066002), (8404, 4, 1105929), (8404, 4, 1105951), (8292, 5, 1673824), (8292, 5, 1673875), (8292, 5, 1673898), (8467, 4, 2277166), (8467, 4, 2277188), (8975, 3, 2294161), (8975, 3, 2294189), (8975, 3, 2316718), (8975, 3, 2323203), (8975, 3, 2323899), (8516, 3, 2392849), (8516, 3, 2392867), (9071, 5, 2395192), (9071, 5, 2395211), (9028, 0, 2550903), (9028, 0, 2550921)]"
8348 "[(17, 1, 222144), (2138, 6, 755308), (96, 1, 1742555), (96, 1, 1742604), (6256, 3, 1842760), (6256, 3, 1873050), (96, 1, 2171364), (3042, 5, 2178268), (349, 1, 2218976), (3180, 6, 2321179)]"
356 "[(8592, 4, 222227), (8384, 1, 351818), (8299, 1, 481492), (8397, 1, 567830), (8404, 4, 870370), (8734, 2, 913500), (8446, 4, 913535), (8622, 5, 999928), (8583, 1, 999954), (8572, 0, 1000033), (8544, 1, 1172592), (8550, 3, 2079789), (8358, 5, 2166189), (8277, 2, 2425411)]"
8484 "[(1284, 6, 228495), (1359, 2, 239705), (233, 6, 368361), (537, 6, 408146), (2051, 5, 1902010)]"
1102 "[(8448, 0, 230589)]"
1347 "[(8488, 6, 236071), (8645, 1, 585535), (8645, 1, 585637), (8471, 1, 709482)]"
8754 "[(17, 1, 237900), (1778, 6, 567141), (40, 0, 1492361), (40, 0, 1562355), (233, 6, 1578282), (233, 6, 1837222), (40, 0, 1932322), (728, 6, 2016340), (728, 6, 2016403), (17, 1, 2070976), (1663, 4, 2071415)]"
1362 "[(8734, 2, 238978), (8263, 2, 602137)]"
1399 "[(8299, 1, 245065)]"
1417 "[(8260, 6, 247693), (8526, 6, 1046796)]"
1180 "[(8249, 3, 248982)]"
8408 "[(385, 6, 253184), (1595, 5, 608935), (3542, 0, 792495), (175, 0, 816453), (4311, 4, 1036677), (1933, 6, 1997330), (1474, 4, 2169527)]"
1443 "[(8734, 2, 253655), (8734, 2, 253708), (8734, 2, 253783), (8734, 2, 253899), (8734, 2, 253968), (8734, 2, 254035), (8734, 2, 254522), (8734, 2, 255126), (8734, 2, 255275), (8734, 2, 255593), (8734, 2, 255789), (8734, 2, 256387), (8734, 2, 256732), (8734, 2, 257264), (8734, 2, 269228), (8734, 2, 269773), (8734, 2, 270253), (8734, 2, 334749), (8734, 2, 335005), (8734, 2, 335079), (8734, 2, 336700), (8734, 2, 337168), (8734, 2, 422474), (8734, 2, 669984), (8734, 2, 845186)]"
897 "[(8734, 2, 254662), (8734, 2, 293344), (8734, 2, 293938), (8734, 2, 294944), (8719, 2, 295343), (8791, 2, 296986), (8734, 2, 297167), (8791, 2, 322093), (8734, 2, 568542), (8719, 2, 569259), (8624, 6, 2535032)]"
8300 "[(1449, 1, 255741), (73, 0, 2335504)]"
1479 "[(8583, 1, 261981), (8583, 1, 261998)]"
938 "[(8440, 1, 265839), (8440, 1, 366531), (8227, 1, 463796), (8227, 1, 464028), (8227, 1, 464054), (8227, 1, 529738), (8936, 1, 614473), (8936, 1, 614512), (8936, 1, 627908), (8440, 1, 666970), (8440, 1, 739367), (8936, 1, 751483), (8936, 1, 926892), (8440, 1, 979403), (8440, 1, 979462), (8936, 1, 1044149), (8936, 1, 1124384), (8440, 1, 1136035), (8440, 1, 1142562), (8440, 1, 1148457), (8936, 1, 1166105), (8936, 1, 1214967), (8936, 1, 1472873), (8440, 1, 1488607), (8440, 1, 1489091), (8440, 1, 1574133), (8440, 1, 1582661), (8440, 1, 1755919), (8998, 1, 1768838), (8936, 1, 1854615), (8998, 1, 1855049), (8998, 1, 1855151), (8998, 1, 1924173), (8440, 1, 1961728), (8925, 1, 2043835), (8998, 1, 2129063), (8486, 1, 2236540), (8440, 1, 2447660), (8998, 1, 2603218)]"
8315 "[(1505, 6, 268003), (233, 6, 545289), (233, 6, 1057136)]"
571 "[(8779, 6, 270438)]"
1527 "[(8622, 5, 272870), (8622, 5, 273015)]"
8620 "[(233, 6, 281828), (346, 2, 385190), (346, 2, 448303), (346, 2, 666860), (346, 2, 720188), (346, 2, 740613), (346, 2, 784745), (156, 2, 806596), (156, 2, 809135), (156, 2, 809192), (156, 2, 809297), (611, 1, 810574), (611, 1, 810774)]"
8748 "[(233, 6, 285638), (230, 5, 594813)]"
8735 "[(233, 6, 285651), (717, 4, 1792488), (717, 4, 1792620), (512, 4, 1792809), (4186, 4, 2647165)]"
8793 "[(1572, 2, 285748), (2488, 6, 905376), (40, 0, 2014274), (40, 0, 2100376), (954, 6, 2429262)]"
8510 "[(40, 0, 290163), (1906, 6, 363955), (233, 6, 368434), (40, 0, 370548), (233, 6, 453979), (233, 6, 624779), (983, 3, 675231), (233, 6, 715368), (233, 6, 886280), (233, 6, 973498), (233, 6, 1059034), (1906, 6, 1119179), (611, 1, 1122197), (233, 6, 1151898), (1906, 6, 1218276), (233, 6, 1233230), (979, 5, 1295395), (979, 5, 1369574), (1342, 6, 1383653), (233, 6, 1416680), (1970, 3, 1485287), (979, 5, 1550939), (576, 1, 1611861), (2761, 6, 1633883), (1906, 6, 1656234), (1906, 6, 1656366), (233, 6, 1663225), (1906, 6, 1802651), (1270, 0, 1822781), (233, 6, 1838120), (3812, 6, 1919318), (576, 1, 1921421), (233, 6, 1923185), (1906, 6, 1970043), (1906, 6, 1978981), (627, 2, 2149006), (1804, 2, 2155385), (1804, 2, 2156718), (161, 3, 2205094), (161, 3, 2205446), (161, 3, 2210835), (161, 3, 2211145), (1906, 6, 2252578), (161, 3, 2303316), (421, 6, 2305126), (3757, 2, 2337570), (3757, 2, 2338162), (1906, 6, 2348058), (233, 6, 2355546), (576, 1, 2428463), (233, 6, 2445418), (402, 5, 2485563), (402, 5, 2486329), (1906, 6, 2514587)]"
1674 "[(8411, 5, 313953), (8850, 1, 1164275)]"
8805 "[(537, 6, 317096), (537, 6, 317154), (537, 6, 321374), (233, 6, 367660), (537, 6, 379291), (799, 6, 679449), (1397, 1, 710091), (1397, 1, 710199), (233, 6, 718785), (67, 1, 756327), (233, 6, 887522), (3317, 2, 1190057)]"
8762 "[(537, 6, 319296), (537, 6, 319358), (233, 6, 364825), (537, 6, 984506), (67, 1, 2045099), (233, 6, 2097036), (40, 0, 2531795)]"
1264 "[(8634, 1, 324553), (8634, 1, 416102), (8634, 1, 573865), (8634, 1, 598055), (8634, 1, 2627997), (9084, 6, 2628678), (9084, 6, 2628699)]"
1726 "[(8256, 5, 325298), (8291, 2, 751615), (8375, 6, 751706), (8327, 0, 753568), (8996, 4, 753596), (8567, 0, 754452), (8409, 0, 754678), (8238, 4, 754715), (8668, 3, 948593), (8646, 4, 1039601), (8537, 3, 1041295), (8565, 4, 1041497), (8908, 6, 1285258), (9083, 4, 1291117), (8295, 3, 1292885), (8387, 1, 1293770), (8536, 2, 1294003), (8435, 1, 1295153), (9074, 4, 1295228), (9053, 1, 1456523), (8552, 6, 1458033), (8517, 0, 1458913), (8563, 0, 1460361), (8866, 4, 1542050), (8559, 1, 1638114), (8688, 6, 1878070), (8670, 1, 1880765), (8260, 6, 2071528), (8771, 5, 2137028), (8734, 2, 2137107), (8607, 6, 2137993), (8540, 4, 2139167), (8592, 4, 2139238), (8347, 3, 2139769), (8957, 1, 2140521), (8268, 6, 2146844), (8537, 3, 2147052), (8470, 3, 2147102), (8251, 1, 2662951), (8850, 1, 2663552), (8260, 6, 2666480)]"
8826 "[(1786, 3, 333076)]"
1829 "[(8312, 4, 339935), (8806, 4, 1125497), (8591, 6, 2425555), (8883, 2, 2602960), (8883, 2, 2603034)]"
8828 "[(483, 2, 341987), (483, 2, 342042), (483, 2, 342171), (483, 2, 343333), (233, 6, 540253), (483, 2, 691427), (17, 1, 949674), (73, 0, 1165759), (17, 1, 1360669), (17, 1, 1496494), (233, 6, 1664604), (5622, 0, 2322098)]"
8596 "[(1189, 1, 344250), (1189, 1, 344263), (1189, 1, 344295), (1189, 1, 344326), (1189, 1, 344437), (1189, 1, 344481), (1189, 1, 344505), (1189, 1, 344588), (233, 6, 368247), (40, 0, 1153210)]"
1872 "[(8526, 6, 350535)]"
1157 "[(8622, 5, 358362), (8622, 5, 358528), (8849, 3, 359289), (8593, 1, 534949)]"
8535 "[(1925, 5, 362427), (1925, 5, 362436), (2216, 4, 438700), (233, 6, 545502), (233, 6, 623736), (233, 6, 721546), (2374, 4, 1021580), (31, 0, 1093500), (31, 0, 1093629), (5329, 6, 1365626), (1046, 3, 1546485), (1283, 5, 1691936), (1283, 5, 1692055), (1191, 5, 1711661), (1188, 5, 1809675), (1188, 5, 1809994), (2216, 4, 1818268), (2216, 4, 1818308), (31, 0, 1948319), (31, 0, 1948519), (870, 2, 1952144), (870, 2, 1952439), (6735, 6, 1956927), (532, 1, 2047472), (1188, 5, 2051919), (1925, 5, 2054165), (1925, 5, 2054479), (2991, 5, 2100282), (5394, 3, 2343927), (1191, 5, 2599504)]"
8835 "[(233, 6, 368197), (1778, 6, 426212), (423, 2, 426417), (71, 4, 507194), (71, 4, 726607), (1778, 6, 900927), (71, 4, 1383352), (71, 4, 1383751), (71, 4, 1454162), (71, 4, 1553919), (71, 4, 1796575), (71, 4, 2223579), (71, 4, 2223628)]"
1946 "[(8371, 5, 373936)]"
1827 "[(8474, 5, 379106)]"
1972 "[(8370, 4, 381107), (8370, 4, 2018254)]"
8629 "[(537, 6, 381199), (3557, 6, 2176255)]"
826 "[(8846, 5, 386798), (8645, 1, 444387), (8471, 1, 444404), (8346, 1, 700090), (8565, 4, 1032927), (8846, 5, 1130165), (8970, 1, 1385864), (8637, 0, 1470675), (8637, 0, 1562295), (8526, 6, 1735034), (8637, 0, 1821989), (8623, 2, 2078905), (8980, 1, 2329064), (9133, 5, 2429742), (8645, 1, 2555713), (8343, 1, 2602552), (8983, 4, 2602584)]"
2012 "[(8227, 1, 392701)]"
687 "[(8639, 4, 394470), (8639, 4, 577662), (8639, 4, 863903), (8639, 4, 1035930), (8639, 4, 1208721), (8639, 4, 1288477), (8639, 4, 1290958), (8639, 4, 1776286), (8639, 4, 1893294)]"
8749 "[(2085, 3, 408920), (402, 5, 785920), (2659, 0, 1079790), (2068, 2, 2239477), (2068, 2, 2239995)]"
2093 "[(8872, 6, 410307), (8722, 2, 496826), (8491, 4, 668895), (8711, 2, 771881), (8339, 3, 927790), (8442, 3, 928028), (9054, 6, 1015117), (8777, 4, 1186539), (8777, 4, 1187027), (8777, 4, 1187226), (8241, 6, 1187237), (8777, 4, 1187359)]"
2110 "[(8732, 0, 413481), (8732, 0, 596398), (8732, 0, 598471), (8890, 6, 610469), (8732, 0, 671630), (8602, 4, 699649), (8602, 4, 938457), (8341, 4, 947390), (8611, 4, 1019663), (8341, 4, 1036859), (8347, 3, 1040572), (8339, 3, 1104597), (8341, 4, 1293006), (8415, 6, 1294664), (8602, 4, 1564099), (8777, 4, 2147421), (8917, 3, 2317348), (8917, 3, 2317472)]"
2134 "[(8855, 3, 417897), (8855, 3, 418087), (8937, 3, 584878), (9048, 2, 992383), (9048, 2, 992409), (9048, 2, 992465), (9048, 2, 1015621), (8771, 5, 1019824), (8771, 5, 1114432), (8937, 3, 1419433), (8937, 3, 1419482), (9133, 5, 1503621), (9133, 5, 1503688), (9133, 5, 1504816), (9133, 5, 1504832), (9133, 5, 1510445), (9133, 5, 1510494), (9133, 5, 1512014), (8888, 6, 1718587), (8937, 3, 2019402), (8937, 3, 2019429), (9133, 5, 2046981), (8937, 3, 2058205), (8937, 3, 2058690), (8347, 3, 2059386), (8937, 3, 2059644), (8937, 3, 2059698), (8937, 3, 2059775), (8347, 3, 2059887), (8937, 3, 2134086), (8319, 5, 2148214), (8319, 5, 2148283), (9205, 5, 2153591), (9205, 5, 2153632), (8937, 3, 2191479), (9205, 5, 2191621), (8937, 3, 2191690), (9205, 5, 2224050), (9205, 5, 2224069), (9205, 5, 2224086), (8771, 5, 2230489), (8771, 5, 2230527), (8771, 5, 2230584), (8771, 5, 2230759), (9133, 5, 2376504), (9133, 5, 2376573), (8771, 5, 2384328), (8937, 3, 2384750), (8937, 3, 2460500), (8937, 3, 2460653), (8314, 5, 2461224), (8526, 6, 2461227), (9133, 5, 2479023), (9214, 2, 2480127), (8504, 2, 2480150), (8347, 3, 2554059), (8631, 3, 2574492), (8576, 0, 2574502), (8347, 3, 2586732), (8937, 3, 2639671), (9084, 6, 2643167), (9133, 5, 2658820)]"
2135 "[(8257, 5, 417904)]"
8875 "[(611, 1, 422221), (1970, 3, 447511), (233, 6, 461072), (233, 6, 540729), (233, 6, 1313737), (233, 6, 1838386), (611, 1, 2410805), (233, 6, 2445734), (1013, 4, 2657418)]"
1064 "[(8371, 5, 424648)]"
2179 "[(8644, 1, 429179), (8683, 6, 1004294)]"
2196 "[(8282, 3, 432811), (8282, 3, 433037), (8591, 6, 434348), (8614, 0, 655072), (8301, 3, 789087), (8516, 3, 789088), (8246, 1, 858893), (8540, 4, 870667), (8282, 3, 873526), (8295, 3, 880418), (9048, 2, 1009045), (8339, 3, 1010081), (8791, 2, 1116683), (8791, 2, 1116724), (8260, 6, 1116744), (8791, 2, 1116791), (8806, 4, 1117435), (8676, 4, 1130053), (8824, 1, 1213962), (8355, 2, 1219873), (8261, 1, 1554290), (8446, 4, 1989748), (8777, 4, 1992415), (8540, 4, 2079545), (8718, 4, 2079825), (8618, 1, 2080880), (8591, 6, 2081367), (8540, 4, 2082347), (8974, 4, 2083435), (8718, 4, 2088697), (8718, 4, 2089309), (8718, 4, 2089441), (8718, 4, 2089659), (8718, 4, 2089904), (8718, 4, 2090071), (8718, 4, 2091781), (8570, 4, 2153359), (8570, 4, 2153467), (8577, 4, 2153628), (8985, 2, 2208949), (8985, 2, 2209031), (8985, 2, 2211849), (8471, 1, 2220213), (8351, 5, 2220250), (8471, 1, 2220294), (8471, 1, 2220367), (9205, 5, 2220370), (8351, 5, 2220388), (8250, 3, 2221106), (8985, 2, 2254173), (8295, 3, 2385765), (8295, 3, 2385791), (8993, 0, 2386514), (9214, 2, 2386646), (8993, 0, 2386738), (8618, 1, 2387279)]"
8842 "[(1267, 1, 434727), (1267, 1, 507701), (1267, 1, 508053), (1267, 1, 598917), (233, 6, 808784)]"
1828 "[(8848, 0, 436341), (8848, 0, 437225), (8848, 0, 437443), (8848, 0, 437481), (8848, 0, 437540), (8848, 0, 438212), (8848, 0, 530578)]"
8480 "[(570, 5, 441958), (1906, 6, 1298183), (1906, 6, 1298199), (570, 5, 1408866), (570, 5, 1408972), (570, 5, 1486453), (570, 5, 1486482), (570, 5, 1721888), (570, 5, 1916321), (570, 5, 1916347), (7236, 3, 2174292), (233, 6, 2266933), (267, 4, 2614547)]"
2232 "[(8559, 1, 445502), (8559, 1, 445825), (8559, 1, 695565), (8559, 1, 1037654), (8559, 1, 1444168)]"
8887 "[(384, 3, 447521), (867, 6, 493825), (600, 4, 524872), (695, 2, 525417), (2353, 6, 528278), (2353, 6, 528342), (492, 3, 529128), (2572, 5, 529517), (142, 5, 530058), (142, 5, 530396), (142, 5, 530424), (142, 5, 530680), (142, 5, 530748), (142, 5, 530902), (142, 5, 531317), (142, 5, 531403), (142, 5, 531508), (142, 5, 531919), (142, 5, 532204), (142, 5, 532416), (142, 5, 533115), (142, 5, 533205), (142, 5, 533257), (142, 5, 533557), (142, 5, 533582), (142, 5, 533881), (142, 5, 533969), (142, 5, 534032), (142, 5, 534325), (142, 5, 534464), (142, 5, 534729), (142, 5, 534977), (142, 5, 542009), (142, 5, 546050), (142, 5, 593848), (2855, 3, 597784), (2855, 3, 597922), (2855, 3, 598023), (384, 3, 599423), (142, 5, 601028), (1998, 3, 601836), (1998, 3, 601876), (2577, 4, 602339), (2875, 6, 602815), (142, 5, 603326), (142, 5, 603352), (2908, 3, 609507), (1610, 1, 618758), (1610, 1, 618850), (2981, 2, 626056), (3016, 6, 637646), (17, 1, 657375), (17, 1, 657593), (103, 1, 657729), (103, 1, 658021), (2246, 5, 658398), (2246, 5, 658400), (350, 5, 658881), (1804, 2, 658912), (1804, 2, 659123), (1804, 2, 659226), (1804, 2, 659326), (1804, 2, 659452), (1804, 2, 659533), (2908, 3, 660386), (2369, 0, 670249), (1026, 2, 671064), (3121, 3, 672486), (1270, 0, 675528), (1270, 0, 675637), (1549, 6, 678555), (2654, 3, 681742), (1036, 6, 685511), (1036, 6, 685601), (1036, 6, 688052), (2908, 3, 696894), (2908, 3, 696929), (142, 5, 698674), (3259, 5, 706647), (1471, 6, 707607), (3266, 6, 709307), (3273, 0, 711610), (3273, 0, 711717), (3273, 0, 712288), (3273, 0, 712319), (3273, 0, 712507), (233, 6, 717145), (2855, 3, 745698), (1036, 6, 775447), (675, 5, 776599), (675, 5, 777797), (1026, 2, 798994), (233, 6, 809640), (1804, 2, 839105), (1804, 2, 840035), (423, 2, 851053), (3708, 6, 852069), (3518, 6, 869466), (142, 5, 909722), (2908, 3, 923156), (17, 1, 945200), (4039, 3, 954744), (4074, 0, 969321), (552, 2, 986782), (2908, 3, 994769), (990, 3, 996681), (990, 3, 996791), (990, 3, 996951), (2908, 3, 1026301), (2908, 3, 1026338), (2908, 3, 1026440), (2908, 3, 1026649), (3121, 3, 1043586), (4377, 0, 1052072), (4377, 0, 1052094), (4377, 0, 1052124), (233, 6, 1059369), (1804, 2, 1096424), (2878, 2, 1141712), (2878, 2, 1141819), (1036, 6, 1314968), (233, 6, 1316004), (5020, 2, 1421045), (142, 5, 1421511), (285, 0, 1511690), (233, 6, 1578298), (5869, 0, 1623220), (1519, 3, 1824836), (233, 6, 1838617), (954, 6, 1962412), (402, 5, 1979159), (4599, 0, 1991011), (119, 6, 2085180), (119, 6, 2085223), (119, 6, 2085263), (119, 6, 2085316), (119, 6, 2085445), (119, 6, 2085470), (119, 6, 2086134), (119, 6, 2086191), (119, 6, 2086291), (119, 6, 2086434), (119, 6, 2087126), (119, 6, 2087417), (119, 6, 2087460), (119, 6, 2087566), (119, 6, 2088368), (4528, 0, 2171744), (4109, 1, 2468398), (119, 6, 2585129), (119, 6, 2585180), (119, 6, 2585328), (119, 6, 2585409), (119, 6, 2642863), (119, 6, 2643087)]"
8882 "[(1471, 6, 447710)]"
8500 "[(233, 6, 452293)]"
8661 "[(233, 6, 454450), (537, 6, 640715), (233, 6, 1233655)]"
2272 "[(8446, 4, 461904)]"
2274 "[(8622, 5, 463188), (9080, 6, 2592891), (9080, 6, 2594108), (9080, 6, 2594115), (9080, 6, 2603666)]"
246 "[(8777, 4, 468238), (8607, 6, 654480), (8893, 2, 985265), (8532, 2, 985678), (8766, 0, 986093), (9166, 3, 2070825), (9166, 3, 2070920), (8955, 6, 2155833), (8347, 3, 2297627)]"
1367 "[(8888, 6, 472198), (8888, 6, 472260), (9048, 2, 984280), (9048, 2, 984347), (9048, 2, 984839), (9048, 2, 985028), (9048, 2, 985888), (9048, 2, 986036), (9048, 2, 986418), (9048, 2, 986532), (9048, 2, 986788), (9048, 2, 987012), (9048, 2, 987157), (9048, 2, 987318), (9048, 2, 987428), (9048, 2, 987505), (9048, 2, 987519), (9048, 2, 988012), (9048, 2, 1008608), (9048, 2, 1009281), (9048, 2, 1009709), (9048, 2, 1010155), (9048, 2, 1010273), (9048, 2, 1010286), (9048, 2, 1010536), (9048, 2, 1010788), (9048, 2, 1011258), (9048, 2, 1011297), (9048, 2, 1011317), (9048, 2, 1012106), (9048, 2, 1012601), (9048, 2, 1028528)]"
8443 "[(2116, 5, 481799), (2116, 5, 481828)]"
214 "[(8646, 4, 502643), (8646, 4, 502741)]"
2119 "[(8888, 6, 506770), (9048, 2, 1058123), (9048, 2, 1064707), (9048, 2, 1065045), (9048, 2, 1065201), (8268, 6, 1300411)]"
445 "[(8251, 1, 513002), (8251, 1, 513120), (8678, 6, 1016420), (8678, 6, 1016473)]"
2507 "[(8691, 1, 516290)]"
2520 "[(8697, 4, 518964)]"
2564 "[(8562, 4, 527757), (8562, 4, 527779), (8562, 4, 1926422), (8562, 4, 2018480), (8562, 4, 2018916), (8562, 4, 2031656), (8562, 4, 2032995), (8562, 4, 2034738), (8562, 4, 2034851), (8562, 4, 2035603), (8562, 4, 2035675), (8562, 4, 2096447), (8562, 4, 2097857), (8562, 4, 2098170), (8562, 4, 2098362), (8574, 4, 2118167), (8574, 4, 2118465), (8574, 4, 2118980), (8574, 4, 2211427), (8574, 4, 2211482), (8574, 4, 2265867), (8574, 4, 2266367), (8574, 4, 2267853)]"
8863 "[(233, 6, 539254)]"
8373 "[(233, 6, 540724), (2708, 4, 572614), (1764, 2, 575904), (2708, 4, 576575), (2242, 0, 579186), (1036, 6, 597260), (1036, 6, 597332), (1036, 6, 597412), (1036, 6, 597435), (1036, 6, 597628), (2864, 2, 684724), (2864, 2, 684758), (1670, 4, 712278), (835, 1, 751379)]"
2660 "[(8888, 6, 555656), (8888, 6, 558398), (8888, 6, 591224), (8888, 6, 591950), (8888, 6, 676836)]"
8237 "[(566, 4, 573574), (2834, 4, 594444), (233, 6, 625629), (1131, 4, 679459), (17, 1, 704521), (167, 1, 706671), (167, 1, 706752), (167, 1, 707249), (167, 1, 707584), (532, 1, 755107), (563, 3, 778155), (17, 1, 793047), (17, 1, 797183), (233, 6, 810807), (1131, 4, 821837), (566, 4, 920234), (1013, 4, 939054), (17, 1, 1018203), (912, 3, 1023815), (17, 1, 1035624), (2046, 2, 1083485), (1577, 5, 1115220), (1376, 5, 1117257), (4651, 3, 1150645), (500, 4, 1153330), (500, 4, 1153394), (2761, 6, 1163940), (2834, 4, 1185594), (912, 3, 1189208), (4875, 5, 1205368), (4946, 6, 1228888), (4946, 6, 1229483), (4946, 6, 1229539), (4946, 6, 1229617), (4946, 6, 1230190), (4946, 6, 1230954), (423, 2, 1703256)]"
1659 "[(8634, 1, 591546), (8852, 6, 925990)]"
2818 "[(8477, 3, 592288)]"
2848 "[(8622, 5, 596545), (9048, 2, 1122102)]"
8498 "[(443, 1, 599426), (749, 6, 712832), (443, 1, 1010985), (1189, 1, 1146172), (3592, 4, 1264121), (443, 1, 1402429), (2065, 5, 1615850), (2065, 5, 1626889), (1397, 1, 1724131), (611, 1, 2152841), (443, 1, 2224560), (443, 1, 2224724)]"
8901 "[(659, 5, 610522)]"
2936 "[(8854, 6, 613965), (8251, 1, 861088), (8986, 6, 1719987), (9182, 4, 1916081), (9182, 4, 2002250)]"
2959 "[(8951, 5, 618652)]"
2968 "[(8241, 6, 621964)]"
8950 "[(1218, 4, 636585), (912, 3, 783701), (3722, 5, 857268), (912, 3, 863147), (3874, 3, 906906), (611, 1, 1032368), (983, 3, 1112487), (17, 1, 1191265), (611, 1, 1205391), (532, 1, 2350119), (2427, 1, 2491196)]"
8812 "[(2923, 6, 658608), (40, 0, 808101), (233, 6, 886028), (2923, 6, 935202), (233, 6, 973252), (17, 1, 999102), (167, 1, 999206), (22, 4, 999351), (4109, 1, 1007592), (17, 1, 1025418), (22, 4, 1025495), (233, 6, 1151675), (615, 6, 1165849), (2153, 3, 1188702), (2923, 6, 1202565), (233, 6, 1230950), (2153, 3, 1362202), (1359, 2, 1416391), (233, 6, 1416438), (233, 6, 1491789), (233, 6, 1579675), (233, 6, 1751642), (233, 6, 1924656), (17, 1, 2047889), (17, 1, 2051599), (1698, 1, 2133572), (17, 1, 2143379), (6470, 2, 2168291), (17, 1, 2218411), (5397, 1, 2218534), (2246, 5, 2220257), (2246, 5, 2220261), (73, 0, 2335481), (40, 0, 2335892)]"
547 "[(8888, 6, 659809), (8888, 6, 659857), (8888, 6, 681919)]"
8640 "[(537, 6, 660785), (233, 6, 717959), (233, 6, 809843), (537, 6, 918941), (233, 6, 1059554), (3833, 3, 1081987), (3833, 3, 1082110), (596, 3, 1353859), (537, 6, 1704589), (3683, 4, 1727798), (3009, 2, 1983111), (6010, 0, 2027882)]"
3117 "[(8565, 4, 671691)]"
2128 "[(8969, 2, 676136), (9069, 6, 1175116), (9144, 3, 1535527), (9177, 2, 1852250)]"
3187 "[(8622, 5, 686611), (8470, 3, 851641)]"
3203 "[(8341, 4, 689018), (8575, 1, 1385916), (8575, 1, 1385996), (8575, 1, 1402793), (8575, 1, 1667487), (8575, 1, 1667711), (8575, 1, 1667774), (8575, 1, 1667908)]"
1803 "[(8384, 1, 690631), (8374, 1, 1565013), (8384, 1, 1965517), (8374, 1, 1966342)]"
3227 "[(8678, 6, 698711), (8246, 1, 1012726)]"
2973 "[(8969, 2, 699895), (9045, 0, 1112330), (9045, 0, 1112790), (9045, 0, 1112922), (9045, 0, 1131748), (9045, 0, 1189321)]"
3249 "[(8426, 1, 703403), (8405, 6, 1364835)]"
8868 "[(1471, 6, 706778), (67, 1, 756154), (1490, 2, 954038), (1853, 6, 1469906), (1460, 1, 1799976)]"
8965 "[(233, 6, 713638), (233, 6, 808231), (1359, 2, 814266), (233, 6, 885235), (1780, 1, 1401373), (1137, 4, 1445863)]"
8267 "[(233, 6, 715615), (17, 1, 755056), (233, 6, 808925), (3764, 1, 870614), (3016, 6, 900015), (3016, 6, 901319), (3016, 6, 901578), (3016, 6, 901713), (3016, 6, 925732), (233, 6, 973708), (3016, 6, 1072771), (3016, 6, 1072896), (3016, 6, 1083808), (3016, 6, 1184992), (1958, 1, 1292594), (233, 6, 1416839), (233, 6, 1492233), (233, 6, 2267882), (233, 6, 2530695)]"
8815 "[(233, 6, 717756), (2953, 6, 1189897), (4861, 1, 1894217)]"
8942 "[(233, 6, 718285), (1058, 6, 2143061)]"
1214 "[(8328, 5, 721013)]"
3255 "[(8463, 5, 722065)]"
8324 "[(2374, 4, 722890), (835, 1, 997496), (611, 1, 2193663), (6147, 0, 2325368), (303, 0, 2585211), (5891, 0, 2649793)]"
3322 "[(8888, 6, 728701)]"
3324 "[(8936, 1, 728921), (8734, 2, 2347561)]"
1835 "[(8936, 1, 728974), (8246, 1, 757900), (8246, 1, 838936), (9071, 5, 1548372), (9071, 5, 1548453), (9071, 5, 1548497), (9071, 5, 1548621), (8936, 1, 1957920), (9004, 5, 2546787)]"
3328 "[(8991, 6, 729367), (8991, 6, 777708)]"
150 "[(8973, 6, 735604)]"
168 "[(8683, 6, 741389), (8683, 6, 826280)]"
3367 "[(8250, 3, 741841), (8250, 3, 741987)]"
8880 "[(2495, 3, 749208), (5155, 6, 1300538)]"
2797 "[(8969, 2, 761812), (8771, 5, 1541802), (9133, 5, 1891428), (8319, 5, 2037567), (8771, 5, 2239810), (8771, 5, 2239984), (8771, 5, 2240032), (9133, 5, 2579622)]"
3495 "[(8888, 6, 776646), (8722, 2, 777172), (8734, 2, 777586), (8969, 2, 956873), (8806, 4, 1137339), (8806, 4, 1213259), (9149, 2, 1713278), (8883, 2, 2308310), (8937, 3, 2512695)]"
8590 "[(3497, 3, 776852), (3237, 6, 838132), (3237, 6, 838236), (2365, 6, 930755), (79, 6, 1020417), (2946, 6, 1039539), (196, 6, 1041422), (1046, 3, 1110027), (2864, 2, 1204593), (2864, 2, 1204890), (2864, 2, 1204923), (2864, 2, 1275153), (2365, 6, 1286571), (2365, 6, 1286620), (79, 6, 1448420), (1036, 6, 1460888), (1036, 6, 1460931), (2526, 1, 1515576), (79, 6, 1524641), (79, 6, 1565215), (1804, 2, 1600484), (2526, 1, 1695020), (2864, 2, 1700692), (79, 6, 1707468), (79, 6, 1710060), (79, 6, 1710297), (79, 6, 1710641), (1804, 2, 1736003), (2864, 2, 1736209), (6258, 3, 1738085), (1804, 2, 1738124), (1804, 2, 1770301), (1804, 2, 1770357), (1804, 2, 1780769), (1804, 2, 1781045), (1804, 2, 1781998), (1804, 2, 1782027), (196, 6, 1885732), (4621, 0, 1932111), (2761, 6, 1962902), (2761, 6, 1963120), (5669, 2, 1981132), (5669, 2, 1981213), (5669, 2, 1981318), (5669, 2, 1981395), (5669, 2, 1981501), (5669, 2, 1981567), (5669, 2, 1981669), (5669, 2, 1982224), (5669, 2, 1982362), (5669, 2, 1982430), (5669, 2, 1982498), (5669, 2, 1982534), (5669, 2, 1982818), (5669, 2, 1982914), (1474, 4, 2043738), (5552, 3, 2091115), (1046, 3, 2145629), (1046, 3, 2145656), (1046, 3, 2145996), (606, 2, 2180562), (6569, 5, 2261540), (233, 6, 2268621), (196, 6, 2306661), (196, 6, 2308089), (196, 6, 2308472), (196, 6, 2308596), (196, 6, 2308918), (196, 6, 2308956), (73, 0, 2336081), (2526, 1, 2365677), (196, 6, 2380402), (196, 6, 2381453), (196, 6, 2381630), (196, 6, 2381692), (196, 6, 2381864), (196, 6, 2385882), (196, 6, 2386089), (196, 6, 2392602), (196, 6, 2392747), (196, 6, 2392901), (1804, 2, 2396323), (196, 6, 2403223), (1804, 2, 2409121), (6669, 6, 2412628), (6669, 6, 2413469), (6113, 2, 2413748), (6669, 6, 2413929), (2442, 6, 2414096), (233, 6, 2448334), (1159, 2, 2518506), (1159, 2, 2518622), (772, 2, 2611364), (175, 0, 2636807), (6417, 2, 2670176), (6417, 2, 2673452), (6113, 2, 2673757)]"
479 "[(8543, 2, 781002), (8543, 2, 781004)]"
3511 "[(8413, 4, 781354)]"
8617 "[(482, 6, 781576), (6011, 0, 1679763), (73, 0, 2186699), (233, 6, 2356106), (1549, 6, 2436759), (1549, 6, 2437239), (1549, 6, 2437423)]"
9010 "[(1778, 6, 800296)]"
8966 "[(233, 6, 805310), (233, 6, 810826)]"
3593 "[(8526, 6, 816977)]"
562 "[(8261, 1, 822731), (8261, 1, 822912), (8261, 1, 854183), (8261, 1, 1410276)]"
625 "[(9006, 1, 836048), (9006, 1, 836069), (9006, 1, 836132), (9006, 1, 836147), (9006, 1, 836179), (9006, 1, 836285), (9006, 1, 836323), (9006, 1, 837085), (9006, 1, 837342), (9006, 1, 839173), (8515, 2, 1383344), (8515, 2, 1562828), (8515, 2, 1563207), (9006, 1, 1880397), (8515, 2, 2332603)]"
3681 "[(8534, 6, 844766), (8685, 4, 1116396), (8806, 4, 1117368), (9075, 0, 1211029), (8273, 1, 1274729), (8273, 1, 1275228), (8273, 1, 1968275), (8273, 1, 1968423), (8295, 3, 2054456), (8592, 4, 2199514)]"
3694 "[(8612, 3, 848752), (8456, 6, 853390), (8837, 4, 1721179), (8474, 5, 1805783)]"
1127 "[(8888, 6, 852554), (8888, 6, 912945), (8888, 6, 919201), (8991, 6, 1202243), (8991, 6, 1202401), (8991, 6, 1435460), (8991, 6, 1435494), (8991, 6, 1983168)]"
3715 "[(8858, 6, 853780), (8318, 6, 1001348), (9166, 3, 1824599), (9166, 3, 1824931), (8260, 6, 2177914)]"
8968 "[(3720, 6, 855000), (3720, 6, 855274), (993, 6, 1990178), (233, 6, 2014671)]"
2925 "[(8888, 6, 871991), (9113, 1, 1596926), (9113, 1, 1597619), (9113, 1, 1789355), (9113, 1, 1809357)]"
3863 "[(8852, 6, 903424)]"
1662 "[(8683, 6, 907114)]"
3890 "[(8852, 6, 915443)]"
3899 "[(8684, 0, 918815)]"
1856 "[(8339, 3, 923283), (8343, 1, 924717), (8785, 4, 1284449), (8260, 6, 1286162), (8591, 6, 1954860), (8260, 6, 1955235), (8791, 2, 2326930), (9084, 6, 2645626), (8676, 4, 2675882), (8676, 4, 2676915), (8676, 4, 2677022)]"
3969 "[(8870, 6, 936311), (8526, 6, 1702300)]"
4000 "[(8333, 4, 943991)]"
4015 "[(8266, 0, 948552), (8266, 0, 948627)]"
8772 "[(1778, 6, 959392), (1804, 2, 1266844), (728, 6, 1535804), (728, 6, 1535906), (4752, 6, 2627704), (3352, 1, 2627879), (541, 6, 2628548)]"
9031 "[(3238, 4, 963183), (3238, 4, 964902), (2114, 1, 1170607), (233, 6, 1321454), (233, 6, 2011868), (1533, 4, 2627302)]"
4157 "[(8683, 6, 999943), (9062, 2, 1726922), (8598, 2, 2149957)]"
4162 "[(8873, 1, 1000601), (8873, 1, 1000631)]"
735 "[(9048, 2, 1003559)]"
347 "[(9045, 0, 1005288), (9045, 0, 1005325), (9045, 0, 1344062)]"
4016 "[(9048, 2, 1006793), (9048, 2, 1011055), (9048, 2, 1017030), (9048, 2, 1017412), (9048, 2, 1017483), (9048, 2, 1017642), (9048, 2, 1017684), (9048, 2, 1017722), (9048, 2, 1018047), (9048, 2, 1018109), (9069, 6, 1171573), (9069, 6, 1175440), (9069, 6, 1184727), (9069, 6, 1265115), (9069, 6, 1269545), (8318, 6, 1519458)]"
8935 "[(3905, 3, 1019502)]"
2087 "[(9045, 0, 1023223), (8380, 4, 1627979), (8577, 4, 1629215), (8838, 4, 1701477)]"
8279 "[(4258, 2, 1023712), (17, 1, 1205398)]"
4085 "[(8668, 3, 1038335), (8260, 6, 1042896), (8846, 5, 1045664), (8570, 4, 1049225), (8570, 4, 1049296), (8889, 2, 1076879), (8717, 0, 1077137), (9038, 1, 1078316), (8840, 6, 1138154), (8647, 0, 1139015), (8972, 6, 1139649), (8414, 3, 1161797), (8970, 1, 1220665), (8440, 1, 1221992), (8423, 6, 1222842), (9069, 6, 1225486), (8734, 2, 1235032), (8823, 2, 1235175), (8905, 2, 1235299), (8611, 4, 1239186), (8921, 6, 1299641), (9085, 3, 1301038), (8631, 3, 1313329), (8943, 6, 1316275), (8910, 6, 1317954), (8847, 2, 1319398), (9099, 1, 1320150), (8367, 1, 1320959), (8458, 2, 1320989), (8369, 0, 1325654), (8349, 0, 1331792), (8285, 2, 1333248), (9041, 6, 1385012), (8399, 6, 1390338), (9040, 6, 1390965), (8972, 6, 1454684), (8340, 6, 1459851), (8299, 1, 1468910), (8285, 2, 1470349), (9008, 0, 1559225), (9126, 4, 1563066), (9071, 5, 1566998), (8260, 6, 1567487), (9068, 5, 1570546), (8741, 4, 1573254), (8589, 2, 1585291), (8242, 3, 1590806), (8367, 1, 1594754), (8644, 1, 1595362), (8295, 3, 1595378), (9083, 4, 1597319), (9019, 3, 1598683), (9045, 0, 1652200), (9023, 1, 1653595), (9018, 3, 1659453), (8401, 1, 1661395), (8575, 1, 1665266), (8676, 4, 1671160), (9095, 0, 1671766), (9067, 6, 1721228), (8608, 6, 1738339), (8800, 6, 1739553), (8648, 1, 1741088), (8413, 4, 1741096), (8290, 5, 1744968), (8250, 3, 1751163), (8492, 0, 1754911), (8364, 4, 1755165), (8534, 6, 1755254), (8631, 3, 1755578), (8985, 2, 1799290), (8367, 1, 1825682), (8732, 0, 1826748), (9139, 6, 1833073), (8978, 2, 1840051), (8625, 1, 1841765), (9136, 0, 1843797), (8857, 6, 1903561), (8907, 0, 1908055), (8668, 3, 1910040), (8608, 6, 1939064), (9185, 2, 1939704), (9177, 2, 1942045), (9069, 6, 1942950), (8686, 1, 1997255), (8309, 6, 1997767), (8814, 6, 2002803), (8847, 2, 2004544), (9187, 0, 2007004), (9068, 5, 2010711), (8877, 0, 2033504), (9184, 0, 2033817), (9125, 1, 2084187), (8235, 1, 2086167), (9186, 6, 2088986), (8628, 1, 2100276), (8985, 2, 2109921), (8235, 1, 2166250), (8608, 6, 2169554), (8470, 3, 2170819), (9183, 6, 2171333), (8238, 4, 2171657), (8991, 6, 2172613), (8411, 5, 2173181), (8996, 4, 2175715), (9145, 0, 2179265), (8372, 5, 2186331), (8686, 1, 2187009), (8473, 2, 2192865), (9023, 1, 2197456), (9165, 6, 2198012), (8350, 3, 2257880), (8631, 3, 2257891), (8594, 1, 2266112), (8699, 4, 2271658), (8847, 2, 2273931), (8734, 2, 2274712), (8340, 6, 2274821), (8390, 5, 2285500), (8264, 5, 2286341), (8720, 6, 2289944), (9128, 6, 2289971), (9023, 1, 2292071), (8625, 1, 2293516), (9203, 0, 2356438), (8686, 1, 2360908), (8801, 4, 2362270), (8285, 2, 2363236), (8436, 0, 2372747), (8618, 1, 2401122), (8587, 1, 2417198), (8847, 2, 2417601), (8702, 5, 2429438), (8411, 5, 2429943), (8741, 4, 2436282), (8939, 2, 2447703), (8423, 6, 2546431), (8367, 1, 2583950), (8734, 2, 2632919), (8985, 2, 2643044), (8552, 6, 2644290), (8919, 6, 2672925), (9061, 6, 2673581)]"
646 "[(9048, 2, 1063408), (9168, 5, 1881666), (9168, 5, 1901226), (9168, 5, 1907669), (9168, 5, 1907801), (9168, 5, 1961972), (9168, 5, 2194298), (9168, 5, 2229831), (9168, 5, 2230648), (9205, 5, 2594515), (9223, 4, 2596050), (9205, 5, 2666236)]"
4438 "[(8683, 6, 1074748), (8683, 6, 1075019)]"
9055 "[(73, 0, 1077737), (2892, 3, 1642369)]"
3209 "[(8594, 1, 1098913)]"
4504 "[(8425, 1, 1099259)]"
83 "[(9063, 0, 1099677), (9063, 0, 1099794)]"
4506 "[(8628, 1, 1100157), (8612, 3, 2480389)]"
2706 "[(9048, 2, 1108412)]"
4549 "[(9048, 2, 1112710)]"
8632 "[(684, 1, 1134328), (684, 1, 1134727), (684, 1, 1499418), (684, 1, 1499479), (233, 6, 1577430), (967, 1, 1603962), (967, 1, 2096358), (684, 1, 2187907), (5698, 0, 2199880), (532, 1, 2594147), (2837, 1, 2609817), (684, 1, 2623323)]"
9072 "[(2234, 6, 1139251), (2234, 6, 1139347), (2234, 6, 1139463), (2234, 6, 1139495), (675, 5, 1139935), (492, 3, 1139982), (492, 3, 1140205), (492, 3, 1140294), (675, 5, 1140543), (492, 3, 1140910), (2234, 6, 1141319), (2234, 6, 1141342), (492, 3, 1141477), (492, 3, 1141682), (2863, 0, 1141969), (492, 3, 1142124), (492, 3, 1142162), (492, 3, 1142344), (492, 3, 1142528), (480, 6, 1144480), (492, 3, 1145405), (2877, 6, 1145430), (450, 3, 1146981), (181, 1, 1148904), (181, 1, 1149048), (1343, 2, 1149849), (1235, 3, 1158978), (1284, 6, 1159400), (1284, 6, 1159424), (104, 1, 1160991), (104, 1, 1161008), (181, 1, 1161667), (4672, 5, 1162590), (859, 5, 1164089), (1284, 6, 1171608), (1284, 6, 1174881), (588, 5, 1175612), (181, 1, 1176770), (285, 0, 1178197), (754, 2, 1180774), (4334, 5, 1183464), (181, 1, 1184509), (181, 1, 1184556), (181, 1, 1184620), (935, 2, 1186860), (935, 2, 1186869), (935, 2, 1186912), (4278, 2, 1196548), (3360, 5, 1196632), (4278, 2, 1196772), (2559, 2, 1198090), (4278, 2, 1199151), (1680, 3, 1205269), (1680, 3, 1205632), (1680, 3, 1205741), (1680, 3, 1205913), (1680, 3, 1206306), (1680, 3, 1206792), (4910, 5, 1212713), (4910, 5, 1213042), (2637, 1, 1213457), (2877, 6, 1221569), (2270, 6, 1237429), (2270, 6, 1237448), (4334, 5, 1270417), (4334, 5, 1271069), (4334, 5, 1285923), (1992, 1, 1297489), (1284, 6, 1337978), (675, 5, 1340622), (675, 5, 1341074), (2923, 6, 1370331), (2541, 5, 1394563), (1069, 5, 1464399), (233, 6, 1491604), (768, 1, 1527167), (233, 6, 1750747), (51, 5, 1838344)]"
4630 "[(8358, 5, 1141251)]"
829 "[(8308, 3, 1144297), (8308, 3, 1259849), (8308, 3, 1260224), (8308, 3, 1260535), (8308, 3, 1261390), (8308, 3, 1261562), (8308, 3, 1269298), (8308, 3, 1725933), (8308, 3, 2028547), (9090, 3, 2240245), (9090, 3, 2240328), (9090, 3, 2288308), (9090, 3, 2385241), (9090, 3, 2389401), (8347, 3, 2576345), (8347, 3, 2634029)]"
3072 "[(9069, 6, 1175717)]"
4273 "[(8563, 0, 1197655), (8402, 4, 1202822), (9034, 1, 1203156)]"
2342 "[(8964, 3, 1204961)]"
4325 "[(8402, 4, 1210191), (8636, 1, 1921005)]"
3503 "[(9045, 0, 1228377), (9045, 0, 1301568)]"
9082 "[(233, 6, 1230939), (5943, 3, 1609741)]"
8952 "[(233, 6, 1231889), (17, 1, 1271867), (17, 1, 1274581), (233, 6, 1315921), (2708, 4, 1362274), (2708, 4, 1363152), (2708, 4, 1363279), (1314, 2, 1363492), (17, 1, 1363706), (1036, 6, 1370656), (1036, 6, 1370715), (483, 2, 1444795), (483, 2, 1444861), (483, 2, 1444914), (233, 6, 1492486), (233, 6, 1576346), (40, 0, 1581302), (233, 6, 1663682), (1663, 4, 2140075), (156, 2, 2147567), (1184, 4, 2165110), (745, 2, 2173051), (745, 2, 2173322), (486, 3, 2187191), (745, 2, 2215428), (745, 2, 2220769), (745, 2, 2221007), (40, 0, 2269894)]"
1981 "[(9069, 6, 1235441)]"
8255 "[(233, 6, 1240378), (7344, 6, 2481973)]"
9047 "[(628, 6, 1242619), (628, 6, 2417111), (799, 6, 2582297), (890, 6, 2639271)]"
391 "[(8648, 1, 1243311)]"
3210 "[(8314, 5, 1256194), (8314, 5, 1257216), (8314, 5, 1260724), (8260, 6, 1367020)]"
1682 "[(9078, 5, 1258251), (9078, 5, 1258738), (9168, 5, 2017890)]"
422 "[(8235, 1, 1265067), (8235, 1, 1265661), (8235, 1, 1265736)]"
4945 "[(8367, 1, 1271202)]"
9091 "[(4688, 6, 1276681), (233, 6, 2015283), (22, 4, 2103997), (22, 4, 2332330), (22, 4, 2333008), (22, 4, 2333114), (22, 4, 2333734), (22, 4, 2346425), (22, 4, 2350758), (22, 4, 2352230), (22, 4, 2352537), (22, 4, 2352699), (22, 4, 2352717), (22, 4, 2492395), (22, 4, 2492690)]"
5091 "[(8526, 6, 1280313), (8311, 3, 1886841)]"
9096 "[(8, 3, 1290524), (8, 3, 1290726), (8, 3, 1290872), (8, 3, 1291134), (8, 3, 1291215), (8, 3, 1291257), (8, 3, 1291534), (8, 3, 1291702), (8, 3, 1291717), (8, 3, 1291736), (8, 3, 1291980), (534, 5, 1292437), (8, 3, 1292492), (8, 3, 1292565), (8, 3, 1292890), (8, 3, 1292935), (492, 3, 1293414), (534, 5, 1293434), (8, 3, 1293495), (492, 3, 1293722), (8, 3, 1294506), (8, 3, 1294637), (492, 3, 1294746), (492, 3, 1294875), (534, 5, 1295700), (492, 3, 1296238), (534, 5, 1296421), (492, 3, 1296446), (8, 3, 1296695), (8, 3, 1297451), (8, 3, 1297717), (8, 3, 1298564), (8, 3, 1298975), (492, 3, 1299844), (8, 3, 1300620), (8, 3, 1300659), (8, 3, 1300730), (8, 3, 1301134), (8, 3, 1301673), (43, 6, 1302649), (492, 3, 1313829), (492, 3, 1317627), (43, 6, 1320774), (43, 6, 1320887), (5206, 5, 1323021), (5206, 5, 1323065), (5206, 5, 1323115), (5206, 5, 1323163), (3756, 2, 1330600), (43, 6, 1330717), (8, 3, 1336497), (17, 1, 1343767), (43, 6, 1353371), (8, 3, 1357354), (8, 3, 1357430), (492, 3, 1357553), (8, 3, 1359872), (8, 3, 1359898), (8, 3, 1359994), (8, 3, 1362149), (8, 3, 1363088), (8, 3, 1363178), (534, 5, 1371600), (935, 2, 1384260), (935, 2, 1386969), (1059, 5, 1387685), (1059, 5, 1387712), (221, 2, 1400664), (221, 2, 1400829), (8, 3, 1425540), (8, 3, 1430921), (221, 2, 1458388), (221, 2, 1471760), (119, 6, 1478663), (119, 6, 1478735), (119, 6, 1478759), (119, 6, 1478866), (221, 2, 1478893), (119, 6, 1479481), (221, 2, 1479578), (5699, 0, 1499308), (8, 3, 1508888), (3085, 5, 1518428), (3318, 1, 1523552), (3318, 1, 1526517), (3318, 1, 1526780), (43, 6, 1527302), (119, 6, 1535856), (119, 6, 1540467), (221, 2, 1554934), (935, 2, 1555521), (221, 2, 1556923), (221, 2, 1557034), (221, 2, 1557367), (221, 2, 1557472), (221, 2, 1557551), (221, 2, 1562211), (221, 2, 1563762), (221, 2, 1564315), (8, 3, 1610949), (3029, 5, 1627005), (3085, 5, 1627914), (492, 3, 1639297), (425, 3, 1646178), (221, 2, 1653345), (221, 2, 1656790), (221, 2, 1661503), (221, 2, 1662539), (221, 2, 1663530), (221, 2, 1663924), (1392, 3, 1666990), (3085, 5, 1667127), (1392, 3, 1667566), (3085, 5, 1667972), (1392, 3, 1668748), (8, 3, 1673359), (6041, 2, 1675320), (221, 2, 1735127), (221, 2, 1822074), (221, 2, 1906021), (8, 3, 1931295)]"
2605 "[(8338, 1, 1293079), (8338, 1, 1293162), (8338, 1, 1406084)]"
9088 "[(2923, 6, 1296152), (233, 6, 1495507), (2953, 6, 1524343), (2976, 6, 1661945), (1449, 1, 2382298), (17, 1, 2623433)]"
9051 "[(684, 1, 1306859), (1449, 1, 1476927), (768, 1, 1855126), (967, 1, 2028455), (967, 1, 2029541), (684, 1, 2623458)]"
4635 "[(8556, 0, 1308479), (8245, 5, 1928677), (8245, 5, 1928938), (8245, 5, 1929902), (8245, 5, 2022005), (8245, 5, 2168736), (8245, 5, 2206716), (8245, 5, 2245428), (8245, 5, 2330661), (8245, 5, 2331181), (8245, 5, 2419253), (8245, 5, 2508060), (8245, 5, 2593944)]"
238 "[(9103, 4, 1335614)]"
1434 "[(8575, 1, 1336113)]"
8981 "[(5279, 6, 1352858), (950, 6, 1469780), (4001, 6, 2139724)]"
21 "[(8852, 6, 1358065)]"
5399 "[(8575, 1, 1382581), (8575, 1, 1400257), (8575, 1, 1479048), (8575, 1, 1814940)]"
9104 "[(635, 5, 1386313), (635, 5, 1475126), (635, 5, 2558088), (635, 5, 2664170)]"
2176 "[(8683, 6, 1387924)]"
5457 "[(8727, 5, 1413923)]"
8270 "[(233, 6, 1418704), (913, 6, 1938357), (233, 6, 2012839), (73, 0, 2356306), (233, 6, 2440490)]"
1023 "[(8250, 3, 1432041), (8250, 3, 1449456), (8250, 3, 1449812), (8250, 3, 1545051), (8250, 3, 1568426), (8250, 3, 1952245), (8250, 3, 1962160), (9062, 2, 2302270), (8250, 3, 2332261), (9062, 2, 2333738), (8250, 3, 2422878), (8250, 3, 2427252), (8250, 3, 2458517), (8250, 3, 2672924)]"
5521 "[(8683, 6, 1443292)]"
9129 "[(1254, 2, 1469549), (1254, 2, 1469609), (179, 5, 1500809), (993, 6, 1550548), (993, 6, 1550629), (233, 6, 1576490), (156, 2, 1663717), (993, 6, 2507816)]"
5633 "[(8849, 3, 1472929), (8849, 3, 1474009), (8849, 3, 1474062), (8849, 3, 1495706), (8849, 3, 1495767), (8849, 3, 1496289), (8849, 3, 1496411), (8849, 3, 1496482), (9168, 5, 1972189), (9168, 5, 1973108), (9168, 5, 2265692)]"
9118 "[(3774, 3, 1475486), (2580, 5, 1710276), (2580, 5, 1710289), (5137, 2, 2028138), (2580, 5, 2139762), (233, 6, 2269414), (537, 6, 2279320), (5413, 4, 2343615)]"
9132 "[(1245, 5, 1484260), (5453, 3, 1491639), (5667, 5, 1509504), (931, 5, 1516770), (931, 5, 1519923), (107, 5, 1566949), (1885, 5, 1624069), (1885, 5, 1624443), (107, 5, 1625277), (1785, 5, 1706954), (1785, 5, 1707278), (107, 5, 1714184), (107, 5, 1714393), (1885, 5, 1720876), (1885, 5, 1746590), (1885, 5, 1801427), (1885, 5, 1801861), (107, 5, 1815234), (6490, 5, 1839563), (107, 5, 1863489)]"
5751 "[(8925, 1, 1523360)]"
8513 "[(2708, 4, 1526426)]"
9111 "[(1364, 6, 1538594), (1364, 6, 1538939), (1364, 6, 1539009), (1364, 6, 1539211), (1364, 6, 1539345), (1364, 6, 1539519), (1364, 6, 1545158), (1364, 6, 1546085), (1364, 6, 1546363), (1364, 6, 1546645), (233, 6, 1750379), (1364, 6, 2224448), (1364, 6, 2224535), (1364, 6, 2225405), (1364, 6, 2225565), (1364, 6, 2229300), (1364, 6, 2229867), (1364, 6, 2229914), (1364, 6, 2230307), (1364, 6, 2230502), (1364, 6, 2468027), (3517, 0, 2469735)]"
3931 "[(9071, 5, 1550687)]"
8758 "[(5869, 0, 1570139), (5869, 0, 2311338), (5869, 0, 2321175), (5869, 0, 2321269), (5869, 0, 2325371), (5869, 0, 2415207), (5869, 0, 2415881), (233, 6, 2447669), (5869, 0, 2507165), (5869, 0, 2522448), (5869, 0, 2588166), (5869, 0, 2589865), (5869, 0, 2590789), (5869, 0, 2591227), (5869, 0, 2591353), (5869, 0, 2591830), (5869, 0, 2592061), (5869, 0, 2592258), (5869, 0, 2652563)]"
1014 "[(8402, 4, 1570874), (8602, 4, 1872709), (8602, 4, 1872779)]"
5237 "[(8390, 5, 1581518), (8390, 5, 1581643)]"
5917 "[(8800, 6, 1593491), (8939, 2, 2107603), (8939, 2, 2126610), (8939, 2, 2127046), (8939, 2, 2127092), (8939, 2, 2265737), (8939, 2, 2265738), (8923, 6, 2286945)]"
5373 "[(8575, 1, 1609131)]"
5958 "[(8591, 6, 1614348), (9077, 2, 2335857)]"
4252 "[(8575, 1, 1626508)]"
6015 "[(8586, 3, 1633363), (8586, 3, 1633504)]"
5300 "[(8676, 4, 1636905), (8876, 2, 1820508), (8876, 2, 2312502)]"
1404 "[(9155, 5, 1641356), (8411, 5, 2065260), (9202, 5, 2121051), (8411, 5, 2293221), (8411, 5, 2293259), (8411, 5, 2293286), (8372, 5, 2293668), (8372, 5, 2293711), (8411, 5, 2413539), (9224, 5, 2421671), (8411, 5, 2512653), (8411, 5, 2570368)]"
5761 "[(8598, 2, 1647181)]"
8894 "[(1471, 6, 1654643), (233, 6, 1749220), (532, 1, 2485122)]"
8452 "[(233, 6, 1661949), (2186, 4, 2003113), (482, 6, 2059573), (482, 6, 2059799), (482, 6, 2060758), (8, 3, 2066828), (4178, 1, 2078752), (4178, 1, 2078773), (4178, 1, 2078820), (310, 0, 2109848), (1680, 3, 2222732), (1680, 3, 2223083), (1680, 3, 2223541), (1680, 3, 2223744), (480, 6, 2231829), (480, 6, 2277005), (1680, 3, 2320371), (1680, 3, 2320497), (1680, 3, 2320582)]"
8878 "[(233, 6, 1662794), (1670, 4, 1782985)]"
8944 "[(233, 6, 1663063), (233, 6, 1748557), (6316, 3, 1765482), (40, 0, 1925789)]"
9163 "[(1392, 3, 1666814), (1392, 3, 1666908), (215, 1, 1667004), (6091, 2, 1674096), (6093, 4, 1674778), (1392, 3, 1675273), (109, 3, 1675607), (6108, 3, 1683225), (484, 5, 1689960), (2011, 5, 1695119), (2011, 5, 1695475), (1570, 5, 1705257), (2011, 5, 1709740), (2468, 4, 1712016), (2468, 4, 1712071), (4895, 3, 1715438), (935, 2, 1717489), (935, 2, 1717505), (143, 3, 1718425), (3039, 6, 1720821), (492, 3, 1724173), (6358, 3, 1783723), (350, 5, 1783871), (6383, 3, 1795092), (935, 2, 1814631), (96, 1, 1815192), (96, 1, 1815203), (96, 1, 1815348), (5855, 2, 1816637), (3512, 4, 1894896), (3512, 4, 1895199), (17, 1, 1895544), (22, 4, 1901908), (6093, 4, 1968064)]"
9151 "[(4100, 3, 1673132), (5871, 2, 1682900), (1596, 3, 1691754), (17, 1, 1696480), (777, 1, 1708901), (233, 6, 1749962), (40, 0, 1752426), (777, 1, 1763675), (730, 1, 1771449), (730, 1, 1771467), (4100, 3, 1773602), (4100, 3, 1774028), (4100, 3, 1774124), (2390, 6, 1872723), (233, 6, 1923830), (4100, 3, 1957275), (4100, 3, 1957651), (4100, 3, 1957969), (1596, 3, 1980631), (1992, 1, 2058210), (1992, 1, 2058421), (1992, 1, 2059595), (1992, 1, 2059926), (611, 1, 2199968), (5622, 0, 2377915), (315, 2, 2468816), (777, 1, 2533761)]"
9140 "[(3591, 0, 1727840), (5774, 6, 1730636), (2373, 3, 1788994), (2373, 3, 1789243), (1189, 1, 1799990), (1189, 1, 1800024), (437, 6, 1800234), (437, 6, 1800283), (1189, 1, 1800424), (1189, 1, 1800482), (1189, 1, 1800543), (6007, 0, 1813262), (6007, 0, 1813333), (40, 0, 1817695), (1176, 0, 1817811), (1176, 0, 1817858), (1185, 6, 1826909), (1185, 6, 1826979), (1185, 6, 1832768), (1189, 1, 1849298), (1189, 1, 1849393), (1189, 1, 1849482), (1189, 1, 1849543), (1189, 1, 1850013), (1189, 1, 1850044), (1189, 1, 1850091), (1189, 1, 1850158), (1189, 1, 1850254), (1189, 1, 1850439), (1189, 1, 1850532), (1189, 1, 1850641), (1189, 1, 1850677), (1189, 1, 1850757), (1189, 1, 1850811), (1189, 1, 1850863), (1189, 1, 1850909), (2373, 3, 1874082), (437, 6, 1914706), (288, 6, 1933081), (935, 2, 2064234), (935, 2, 2064244)]"
1429 "[(8380, 4, 1728325)]"
3581 "[(9166, 3, 1730754)]"
2231 "[(9166, 3, 1733577), (8558, 3, 1733628)]"
158 "[(8236, 6, 1760564)]"
2056 "[(8370, 4, 1786359)]"
4634 "[(8591, 6, 1800082), (8591, 6, 2077183)]"
4665 "[(8577, 4, 1804635), (9102, 4, 1872501)]"
5356 "[(9135, 4, 1809699)]"
3099 "[(8519, 3, 1815851), (8519, 3, 1815918)]"
6189 "[(9045, 0, 1818113)]"
1546 "[(8299, 1, 1823328)]"
6464 "[(8241, 6, 1826455), (8575, 1, 1989353), (8575, 1, 1990507)]"
853 "[(9166, 3, 1835399), (8347, 3, 2037047), (9205, 5, 2175166), (8937, 3, 2543232)]"
6520 "[(9133, 5, 1860505)]"
8506 "[(4707, 5, 1870158), (4707, 5, 1870394), (4707, 5, 1870424), (4707, 5, 1870437), (2708, 4, 2140282), (6734, 2, 2227734), (859, 5, 2228281), (1549, 6, 2228751)]"
2621 "[(9045, 0, 1879798)]"
5058 "[(8636, 1, 1881237)]"
6170 "[(8402, 4, 1894915), (8402, 4, 1894980), (8260, 6, 2665114), (8260, 6, 2666028)]"
5561 "[(9166, 3, 1900192)]"
6612 "[(8374, 1, 1903497), (8682, 4, 1903592)]"
4523 "[(8375, 6, 1912486), (8375, 6, 1913044)]"
9176 "[(233, 6, 1922464), (22, 4, 1953667), (22, 4, 1957555), (2242, 0, 2006415), (2242, 0, 2006546)]"
8979 "[(40, 0, 1925914)]"
9093 "[(509, 6, 1947941)]"
3649 "[(8849, 3, 1953177), (8849, 3, 1953222), (8849, 3, 1953783), (8849, 3, 1953970), (8849, 3, 1954024), (8849, 3, 1954242), (8849, 3, 1957136), (8849, 3, 2563245), (8849, 3, 2563352), (8849, 3, 2565651), (8849, 3, 2653134), (8849, 3, 2653315), (8849, 3, 2654083)]"
3930 "[(8591, 6, 1958890), (9062, 2, 2111886), (8598, 2, 2212439)]"
2074 "[(9133, 5, 1988518)]"
4416 "[(8328, 5, 2008905)]"
9189 "[(233, 6, 2011893), (233, 6, 2012214)]"
9097 "[(233, 6, 2014798)]"
9190 "[(233, 6, 2015163), (993, 6, 2258307), (537, 6, 2453462), (537, 6, 2453856), (537, 6, 2453890), (537, 6, 2453950)]"
9194 "[(303, 0, 2048575), (233, 6, 2094201), (5383, 4, 2144986), (233, 6, 2445369)]"
6920 "[(8411, 5, 2054894)]"
3173 "[(8250, 3, 2059955)]"
9115 "[(2434, 0, 2070465), (2434, 0, 2070687)]"
4859 "[(8347, 3, 2072383), (8937, 3, 2072655)]"
6309 "[(9034, 1, 2139702)]"
7038 "[(8336, 5, 2145557)]"
5586 "[(9205, 5, 2164344)]"
5735 "[(9202, 5, 2171724), (9202, 5, 2172023)]"
2965 "[(9168, 5, 2176452), (9168, 5, 2176973)]"
3459 "[(8262, 2, 2214231), (8262, 2, 2214267)]"
428 "[(9168, 5, 2221952), (9168, 5, 2222121), (9168, 5, 2222339)]"
7306 "[(8328, 5, 2223765)]"
7358 "[(9077, 2, 2226107), (9077, 2, 2226213), (9077, 2, 2227478), (9077, 2, 2227849)]"
6081 "[(9080, 6, 2230328)]"
3960 "[(8991, 6, 2232644), (8991, 6, 2232791)]"
56 "[(8308, 3, 2234855), (8502, 5, 2235030), (8962, 6, 2235712), (8814, 6, 2244604), (8431, 6, 2245074), (8818, 6, 2245409), (9205, 5, 2298671), (8347, 3, 2298754)]"
2152 "[(8370, 4, 2237343)]"
650 "[(8971, 6, 2237721)]"
6741 "[(9166, 3, 2240171)]"
2885 "[(9168, 5, 2245639)]"
9164 "[(73, 0, 2335486), (73, 0, 2356141), (233, 6, 2448340), (233, 6, 2531006)]"
1865 "[(8975, 3, 2337179), (8975, 3, 2349271), (8975, 3, 2402743), (8975, 3, 2402778), (8975, 3, 2664012)]"
6065 "[(8275, 5, 2344279)]"
3440 "[(8411, 5, 2351934), (8411, 5, 2351951)]"
6213 "[(8637, 0, 2367344)]"
4137 "[(9144, 3, 2374771), (9144, 3, 2375650), (9144, 3, 2376291), (9144, 3, 2406982), (9144, 3, 2425917)]"
2480 "[(8757, 6, 2393603), (8757, 6, 2411954), (8757, 6, 2412027)]"
6957 "[(8937, 3, 2399855)]"
5838 "[(9166, 3, 2417835), (9166, 3, 2418503)]"
5853 "[(9223, 4, 2427773)]"
9213 "[(659, 5, 2438559), (2923, 6, 2595303), (2923, 6, 2595454), (2923, 6, 2595524), (2923, 6, 2595862)]"
9222 "[(233, 6, 2447750)]"
7850 "[(9223, 4, 2457635), (9168, 5, 2518989), (8937, 3, 2527078)]"
1200 "[(8314, 5, 2502168)]"
7019 "[(9206, 6, 2519647)]"
1124 "[(9063, 0, 2607192), (9063, 0, 2607296), (9063, 0, 2607299), (9063, 0, 2653438)]"
5578 "[(8936, 1, 2626122)]"
4217 "[(9084, 6, 2630192), (9084, 6, 2677241)]"
