22 "[(8248, 6, 1340), (8285, 2, 5721), (8309, 6, 9934), (8273, 1, 29543), (8242, 3, 34668), (8320, 6, 57293), (8320, 6, 57310), (8438, 7, 57916), (8243, 2, 85566), (8358, 5, 88552), (8591, 6, 95449), (8388, 0, 112307), (8622, 5, 179353), (8314, 5, 437135), (8314, 5, 437270), (8243, 2, 441987), (8343, 1, 442228), (8295, 3, 457512), (8317, 1, 479761), (8593, 1, 481602), (8593, 1, 482064), (8909, 6, 499625), (8678, 6, 953408), (8678, 6, 953453), (8339, 3, 996171), (9034, 1, 997942), (9034, 1, 998214), (8812, 7, 999351), (8719, 2, 1023670), (8812, 7, 1025495), (8343, 1, 1050151), (8339, 3, 1050836), (8263, 2, 1051448), (8295, 3, 1065041), (8683, 6, 1075060), (8549, 5, 1128472), (8367, 1, 1182221), (8358, 5, 1207738), (8241, 6, 1208323), (8241, 6, 1208426), (9034, 1, 1256961), (8260, 6, 1286005), (8260, 6, 1286059), (8260, 6, 1286105), (8358, 5, 1287835), (8356, 7, 1296617), (8917, 3, 1305852), (8917, 3, 1305948), (8917, 3, 1305984), (8719, 2, 1334143), (8719, 2, 1334194), (8519, 3, 1344888), (8361, 2, 1348349), (8325, 1, 1362250), (8265, 1, 1364003), (8686, 1, 1367881), (9163, 7, 1901908), (8703, 5, 1903552), (8264, 5, 1904911), (8841, 3, 1905193), (9095, 0, 1905599), (9166, 3, 1905875), (8703, 5, 1906125), (9176, 7, 1953667), (9176, 7, 1957555), (8346, 1, 1958947), (8594, 1, 1984549), (9091, 7, 2103997), (9091, 7, 2332330), (9091, 7, 2333008), (9091, 7, 2333114), (9091, 7, 2333734), (8265, 1, 2345345), (9091, 7, 2346425), (8814, 6, 2347701), (9091, 7, 2350758), (9091, 7, 2352230), (9091, 7, 2352537), (9091, 7, 2352699), (9091, 7, 2352717), (8526, 6, 2378200), (8876, 2, 2419414), (8876, 2, 2419449), (8876, 2, 2419495), (8504, 2, 2420966), (9224, 5, 2424888), (9091, 7, 2492395), (9091, 7, 2492690), (9197, 2, 2511091), (9168, 5, 2568832), (8849, 3, 2569314), (8485, 6, 2586141), (8964, 3, 2589023), (8343, 1, 2613750), (8343, 1, 2613936)]"
8278 "[(55, 0, 4780), (537, 6, 230884), (1376, 5, 678787), (1376, 5, 678804), (1376, 5, 679777), (1376, 5, 679842), (4076, 5, 969641), (4076, 5, 969710), (4076, 5, 970057), (745, 2, 973060), (745, 2, 973150), (745, 2, 973216), (745, 2, 973262), (1320, 0, 997936), (1376, 5, 1039893), (1376, 5, 1040889), (1376, 5, 1040904), (233, 6, 1060973), (1552, 3, 1063541), (1376, 5, 1097724), (1376, 5, 1097798), (17, 1, 1118203), (1376, 5, 1999174)]"
69 "[(8290, 5, 6359)]"
8298 "[(80, 7, 7564), (207, 6, 228749), (2230, 1, 1572347), (233, 6, 1749647), (73, 0, 2186670), (4432, 1, 2308435), (6828, 5, 2516615), (17, 1, 2516685), (319, 5, 2563121), (691, 1, 2677574)]"
8341 "[(17, 1, 16814), (143, 3, 17614), (148, 2, 17988), (1276, 7, 397878), (532, 1, 400448), (2591, 6, 533032), (1778, 6, 551970), (384, 3, 663389), (1775, 3, 669940), (3203, 7, 689018), (17, 1, 689784), (17, 1, 863564), (17, 1, 947089), (2110, 7, 947390), (2137, 1, 948033), (2137, 1, 948079), (156, 2, 969577), (17, 1, 969832), (2442, 6, 1031279), (2442, 6, 1031418), (2110, 7, 1036859), (4426, 5, 1069626), (611, 1, 1077038), (2110, 7, 1293006), (3004, 5, 1496703), (608, 7, 1613048), (2230, 1, 2264861)]"
139 "[(8282, 3, 17251), (9168, 5, 1954402), (9168, 5, 2054255), (9137, 0, 2060319)]"
187 "[(8261, 1, 23332), (8241, 6, 1273079)]"
8402 "[(17, 1, 30558), (4492, 6, 1200863), (4862, 5, 1202288), (4862, 5, 1202548), (2198, 5, 1202700), (4273, 7, 1202822), (831, 5, 1203059), (4866, 5, 1203271), (4793, 5, 1203525), (493, 5, 1203850), (2078, 5, 1205346), (867, 6, 1207014), (539, 5, 1207100), (539, 5, 1207115), (3591, 0, 1207659), (36, 5, 1208462), (4325, 7, 1210191), (1862, 5, 1211825), (3849, 5, 1212330), (532, 1, 1213271), (1412, 2, 1213899), (4862, 5, 1213916), (4225, 5, 1216356), (4225, 5, 1216604), (635, 5, 1217347), (220, 0, 1219383), (644, 6, 1222571), (644, 6, 1222657), (2990, 6, 1230840), (761, 5, 1231837), (3270, 6, 1235096), (644, 6, 1259116), (5038, 6, 1265649), (256, 3, 1272133), (256, 3, 1272199), (256, 3, 1272270), (2867, 6, 1279887), (1185, 6, 1331847), (1185, 6, 1332083), (1185, 6, 1332171), (867, 6, 1436519), (539, 5, 1442561), (1185, 6, 1512414), (1014, 7, 1570874), (40, 0, 1579546), (5935, 5, 1801926), (5622, 0, 1819884), (539, 5, 1834876), (233, 6, 1847633), (17, 1, 1889772), (6170, 7, 1894915), (6170, 7, 1894980), (125, 1, 2001858), (539, 5, 2073854), (233, 6, 2185999), (2943, 2, 2653198)]"
267 "[(8412, 5, 37071), (8414, 3, 621864), (8343, 1, 1320546), (9168, 5, 1937018), (9168, 5, 1937113), (9168, 5, 1937179), (8480, 7, 2614547), (8253, 7, 2614556)]"
8404 "[(73, 0, 37980), (40, 0, 85908), (356, 7, 870370), (1277, 7, 1105929), (1277, 7, 1105951)]"
8446 "[(17, 1, 41785), (859, 5, 131866), (68, 7, 161642), (17, 1, 263090), (17, 1, 272005), (17, 1, 281680), (1641, 5, 306790), (1641, 5, 306832), (885, 7, 337662), (45, 3, 357896), (233, 6, 370482), (2127, 3, 416398), (2272, 7, 461904), (1906, 6, 707234), (356, 7, 913535), (480, 6, 919906), (17, 1, 938933), (156, 2, 965742), (68, 7, 1042935), (17, 1, 1134208), (167, 1, 1177281), (167, 1, 1177283), (835, 1, 1327650), (423, 2, 1369084), (17, 1, 1383723), (5971, 3, 1619971), (627, 2, 1624705), (17, 1, 1722039), (2501, 6, 1749421), (5854, 5, 1901912), (611, 1, 1920028), (1314, 2, 1970877), (17, 1, 1982818), (2196, 7, 1989748), (5137, 2, 2002913), (5137, 2, 2003067), (2769, 5, 2074847), (2769, 5, 2081623), (2769, 5, 2086396), (2769, 5, 2161322), (68, 7, 2172805), (2769, 5, 2342937), (2769, 5, 2342962), (2769, 5, 2342976), (2769, 5, 2343002), (17, 1, 2404179), (2244, 3, 2489866), (611, 1, 2500356), (1314, 2, 2503010), (6107, 2, 2504270), (875, 6, 2599887)]"
353 "[(8392, 5, 49806), (8392, 5, 51372), (8392, 5, 138211), (8392, 5, 422405), (8547, 5, 480452), (8392, 5, 568936), (8392, 5, 569355), (8547, 5, 683667), (8547, 5, 739926), (8547, 5, 910085), (8547, 5, 910173), (8547, 5, 910246), (8547, 5, 934868), (8547, 5, 934951), (8547, 5, 1105912), (8531, 5, 1168895), (8547, 5, 1255206), (8547, 5, 1257601), (8547, 5, 1257864), (8547, 5, 1519975), (8392, 5, 1600795), (8547, 5, 2068981), (8547, 5, 2491223), (8547, 5, 2496111), (8392, 5, 2636761)]"
401 "[(8468, 6, 57016), (8419, 3, 93506), (8468, 6, 196804), (8284, 0, 456631), (8419, 3, 1012807), (8849, 3, 1092965), (8282, 3, 1925274), (8232, 5, 2219001)]"
447 "[(8371, 5, 62062), (8371, 5, 498388), (8371, 5, 542011), (8454, 5, 652284), (8371, 5, 652895), (8371, 5, 1479379), (8371, 5, 1955260), (8371, 5, 1956886), (8454, 5, 2638997), (8454, 5, 2639736), (8454, 5, 2639853), (8454, 5, 2640021), (8454, 5, 2640240), (8454, 5, 2640471), (8454, 5, 2646158)]"
8407 "[(497, 7, 66602), (73, 0, 117998), (2810, 6, 1293324), (2810, 6, 1293472)]"
500 "[(8520, 3, 67124), (8339, 3, 805047), (9048, 2, 1014630), (8237, 7, 1153330), (8237, 7, 1153394), (9168, 5, 1961389), (8282, 3, 1962003)]"
508 "[(8423, 6, 67755), (8423, 6, 67889), (8423, 6, 68238), (8423, 6, 68293)]"
557 "[(8549, 5, 73102), (8549, 5, 73228), (8549, 5, 471510), (8257, 5, 471801), (8549, 5, 848075), (8549, 5, 848163), (8474, 5, 848207), (8549, 5, 848260), (8549, 5, 848764), (8549, 5, 849010), (8549, 5, 1548371)]"
8509 "[(67, 1, 73249), (233, 6, 116698)]"
657 "[(8585, 7, 89666)]"
664 "[(8246, 1, 90555), (8588, 7, 572038), (8556, 0, 936180), (8447, 7, 1095314), (8268, 6, 1204566), (8575, 1, 1366857), (8268, 6, 1533213), (8266, 0, 2676698), (8266, 0, 2676731)]"
682 "[(8414, 3, 93607)]"
8491 "[(627, 2, 94483), (233, 6, 370050), (2728, 2, 574063), (17, 1, 574110), (2093, 7, 668895), (3323, 3, 775952), (2881, 3, 945201), (17, 1, 945278), (17, 1, 1719479), (2198, 5, 2335432), (2198, 5, 2335509), (2198, 5, 2335582), (2198, 5, 2335814), (2198, 5, 2335848), (2198, 5, 2336215), (17, 1, 2339543), (17, 1, 2388613), (2246, 5, 2407725), (2246, 5, 2407727), (233, 6, 2445052), (5622, 0, 2594589)]"
717 "[(8583, 1, 101785), (8583, 1, 101900), (8583, 1, 102388), (8583, 1, 102632), (8583, 1, 158186), (8735, 7, 1792488), (8735, 7, 1792620)]"
751 "[(8601, 7, 107439), (8601, 7, 116107)]"
8539 "[(221, 2, 109059), (45, 3, 451841), (221, 2, 526412), (68, 7, 854201), (630, 0, 862638), (659, 5, 880730), (73, 0, 1082366), (762, 5, 1203715), (762, 5, 1203778), (630, 0, 1480307), (630, 0, 1724501), (630, 0, 1987057), (630, 0, 1995560), (40, 0, 2025646), (630, 0, 2051285), (73, 0, 2357025), (762, 5, 2435841), (221, 2, 2527424), (221, 2, 2590383)]"
8238 "[(233, 6, 115074), (1004, 1, 162038), (1726, 7, 754715), (1840, 3, 1387599), (4085, 7, 2171657)]"
8229 "[(233, 6, 118968)]"
8467 "[(371, 5, 133790), (63, 5, 290559), (935, 2, 856863), (935, 2, 856878), (935, 2, 856912), (935, 2, 856923), (17, 1, 1080478), (1164, 5, 1227217), (163, 5, 1376802), (163, 5, 1376844), (17, 1, 1400037), (935, 2, 1452391), (762, 5, 1577090), (477, 6, 1590777), (5959, 3, 1615673), (17, 1, 1966071), (1449, 1, 1966363), (17, 1, 2044507), (1912, 5, 2095433), (163, 5, 2121727), (63, 5, 2176461), (63, 5, 2180526), (4481, 5, 2184770), (1912, 5, 2226750), (371, 5, 2228892), (371, 5, 2228988), (63, 5, 2245938), (1912, 5, 2257698), (3323, 3, 2258543), (1277, 7, 2277166), (1277, 7, 2277188), (2528, 6, 2316724), (971, 3, 2497967), (971, 3, 2498292), (971, 3, 2594481), (971, 3, 2594759)]"
898 "[(8243, 2, 141013), (8311, 3, 144202), (8311, 3, 144319), (8295, 3, 717659), (8471, 1, 718105), (8463, 5, 1527996), (8736, 0, 1924527), (8736, 0, 1925103), (8434, 7, 1940696)]"
8380 "[(45, 3, 146880), (1943, 1, 371739), (1778, 6, 435060), (103, 1, 919476), (73, 0, 979366), (2087, 7, 1627979), (471, 5, 1645340), (471, 5, 1645420), (471, 5, 1645507), (1429, 7, 1728325), (4065, 2, 2437422)]"
8676 "[(912, 3, 153267), (983, 3, 153874), (17, 1, 165616), (125, 1, 273368), (2153, 3, 423569), (17, 1, 783903), (17, 1, 881064), (2196, 7, 1130053), (4791, 6, 1214147), (691, 1, 1281909), (3663, 0, 1294512), (3663, 0, 1294565), (3663, 0, 1294607), (1376, 5, 1294675), (1376, 5, 1294823), (598, 3, 1309436), (912, 3, 1314012), (1505, 6, 1356102), (1376, 5, 1377171), (887, 1, 1434117), (1376, 5, 1458522), (17, 1, 1546887), (5300, 7, 1636905), (3663, 0, 1640609), (2078, 5, 1641575), (4085, 7, 1671160), (245, 5, 1683804), (384, 3, 1721872), (7048, 2, 2097910), (3323, 3, 2238650), (1103, 1, 2308866), (6801, 3, 2309315), (3323, 3, 2337762), (691, 1, 2416495), (1929, 6, 2520925), (125, 1, 2606015), (2230, 1, 2655498), (1856, 7, 2675882), (1856, 7, 2676915), (1856, 7, 2677022), (17, 1, 2678000)]"
8682 "[(17, 1, 153558), (190, 3, 154205), (837, 1, 478186), (552, 2, 608301), (3743, 6, 1212739), (611, 1, 1466932), (17, 1, 1468658), (2390, 6, 1496940), (532, 1, 1522372), (497, 7, 1536029), (4752, 6, 1540200), (17, 1, 1549470), (17, 1, 1561457), (611, 1, 1572924), (17, 1, 1632837), (2881, 3, 1633221), (17, 1, 1633970), (261, 1, 1643914), (17, 1, 1712999), (5037, 2, 1792059), (6385, 0, 1793941), (6612, 7, 1903592), (627, 2, 1992071), (17, 1, 1992928), (2769, 5, 2060784), (517, 1, 2065489), (17, 1, 2157066), (1813, 2, 2157143), (17, 1, 2189109), (17, 1, 2198183)]"
8685 "[(17, 1, 156157), (17, 1, 262248), (611, 1, 636003), (1929, 6, 774704), (611, 1, 1031099), (3681, 7, 1116396), (611, 1, 1325532), (17, 1, 1332614), (17, 1, 1334654), (611, 1, 1338720), (233, 6, 1490761), (17, 1, 2173400)]"
8577 "[(799, 6, 160794), (281, 3, 794821), (3921, 3, 925130), (2881, 3, 957100), (1314, 2, 1126530), (285, 0, 1165764), (145, 3, 1173429), (285, 0, 1174659), (285, 0, 1174790), (291, 5, 1175547), (17, 1, 1177111), (181, 1, 1177257), (3828, 2, 1177423), (285, 0, 1177719), (4140, 3, 1178031), (17, 1, 1178609), (2441, 3, 1179393), (2146, 3, 1186358), (2146, 3, 1186499), (3708, 6, 1193410), (3708, 6, 1193736), (285, 0, 1194457), (4057, 5, 1204336), (2146, 3, 1207718), (467, 3, 1216032), (1066, 2, 1217811), (1066, 2, 1230839), (1646, 5, 1233322), (1066, 2, 1234136), (190, 3, 1234713), (190, 3, 1242878), (190, 3, 1242921), (2079, 5, 1264673), (2079, 5, 1270897), (17, 1, 1274585), (1270, 0, 1278985), (145, 3, 1339786), (145, 3, 1339860), (145, 3, 1339951), (145, 3, 1340021), (145, 3, 1340297), (145, 3, 1346022), (190, 3, 1363133), (2079, 5, 1393630), (4752, 6, 1428909), (4752, 6, 1429449), (17, 1, 1429761), (5525, 6, 1444478), (2079, 5, 1446546), (3708, 6, 1449244), (514, 5, 1453460), (2079, 5, 1479879), (5665, 3, 1515436), (156, 2, 1557417), (190, 3, 1576254), (190, 3, 1578855), (190, 3, 1579009), (190, 3, 1579072), (190, 3, 1579254), (190, 3, 1579496), (2087, 7, 1629215), (17, 1, 1638104), (167, 1, 1699610), (143, 3, 1720168), (167, 1, 1720290), (2365, 6, 1724976), (719, 5, 1742041), (719, 5, 1742428), (1405, 5, 1744898), (285, 0, 1776551), (4665, 7, 1804635), (387, 1, 1809239), (387, 1, 1809251), (1047, 2, 1894041), (549, 3, 2084773), (549, 3, 2084827), (549, 3, 2084919), (549, 3, 2084979), (549, 3, 2090226), (2196, 7, 2153628), (2441, 3, 2294977), (17, 1, 2497857), (190, 3, 2618869), (17, 1, 2631746), (89, 5, 2670394)]"
1013 "[(8695, 6, 163021), (8722, 2, 262118), (8622, 5, 262511), (8637, 0, 265592), (8734, 2, 265872), (8855, 3, 510702), (8582, 6, 510816), (8237, 7, 939054), (8545, 7, 1024873), (9069, 6, 1280777), (9069, 6, 1282468), (8442, 3, 1883865), (8841, 3, 1886245), (9166, 3, 1888405), (8849, 3, 2404240), (8366, 1, 2409635), (8917, 3, 2484729), (8875, 7, 2657418)]"
8697 "[(1054, 5, 165309), (2520, 7, 518964), (245, 5, 837491), (245, 5, 2447923), (245, 5, 2447993), (245, 5, 2448040)]"
8611 "[(1058, 6, 165779), (156, 2, 236748), (156, 2, 236863), (349, 1, 237033), (233, 6, 281729), (40, 0, 340343), (40, 0, 340862), (233, 6, 542268), (611, 1, 896002), (703, 7, 945610), (703, 7, 945702), (703, 7, 945759), (2110, 7, 1019663), (17, 1, 1161499), (4085, 7, 1239186), (233, 6, 1496216), (367, 7, 1854310), (233, 6, 2441705), (749, 6, 2517291), (252, 1, 2541830), (156, 2, 2545495)]"
8332 "[(1075, 7, 168464), (68, 7, 250300), (68, 7, 627339), (68, 7, 650181), (983, 3, 887074), (537, 6, 896635), (68, 7, 2425804)]"
951 "[(8528, 5, 171227), (8528, 5, 335728), (8528, 5, 396301), (8528, 5, 426803), (8528, 5, 433455), (8528, 5, 461011), (8528, 5, 753782), (8528, 5, 767963), (8528, 5, 852668), (8528, 5, 852747), (8528, 5, 1104193), (8528, 5, 1188784), (8528, 5, 1359761), (8528, 5, 1371449), (8528, 5, 1376915), (8528, 5, 1546059), (8528, 5, 1600903), (8528, 5, 1704145), (8528, 5, 1720405), (8528, 5, 1797895), (8528, 5, 1899192), (8528, 5, 1984072), (8528, 5, 1988263), (8528, 5, 2149612), (8528, 5, 2161748), (8528, 5, 2188633), (8528, 5, 2322437), (8528, 5, 2655831)]"
512 "[(8462, 5, 177029), (8339, 3, 798295), (8735, 7, 1792809)]"
198 "[(8644, 1, 180961), (8734, 2, 373159), (8734, 2, 373174)]"
140 "[(8276, 3, 184565)]"
1137 "[(8462, 5, 185148), (8660, 1, 185604), (8530, 7, 358525), (8530, 7, 389833), (8530, 7, 702583), (8965, 7, 1445863), (8734, 2, 1644565), (9095, 0, 1823662), (9095, 0, 2161878), (9071, 5, 2288723)]"
1149 "[(8649, 2, 187309)]"
8602 "[(1158, 3, 188724), (532, 1, 251499), (1921, 2, 435748), (608, 7, 525002), (125, 1, 612770), (2110, 7, 699649), (532, 1, 714510), (17, 1, 878497), (17, 1, 937114), (2110, 7, 938457), (233, 6, 971997), (68, 7, 973235), (17, 1, 1025459), (954, 6, 1311382), (68, 7, 1351331), (5491, 3, 1524250), (17, 1, 1535197), (2110, 7, 1564099), (17, 1, 1587987), (4266, 6, 1623509), (611, 1, 1676466), (611, 1, 1677639), (1813, 2, 1829625), (1014, 7, 1872709), (1014, 7, 1872779), (5491, 3, 1968071), (17, 1, 2164752), (143, 3, 2165272), (350, 5, 2293053), (2114, 1, 2299698), (5216, 2, 2385962), (730, 1, 2481472), (730, 1, 2481495), (2892, 3, 2665075)]"
8312 "[(744, 7, 190212), (1829, 7, 339935), (383, 3, 439465), (245, 5, 819244), (303, 0, 917154), (233, 6, 974931), (68, 7, 1625436), (68, 7, 1630263), (6356, 6, 1782781), (4877, 3, 2148324), (68, 7, 2353522), (870, 2, 2377003), (870, 2, 2377270), (148, 2, 2655934)]"
1167 "[(8320, 6, 191581)]"
8726 "[(17, 1, 195902), (17, 1, 346243), (611, 1, 512175), (497, 7, 584591), (17, 1, 773973), (17, 1, 779528), (17, 1, 878525), (351, 5, 879591), (532, 1, 1015022), (890, 6, 1778771), (17, 1, 2321256)]"
1184 "[(8236, 6, 198551), (8385, 2, 324640), (8738, 6, 339175), (8738, 6, 339255), (8738, 6, 339267), (8367, 1, 348512), (8854, 6, 410596), (8417, 1, 419073), (8393, 5, 439100), (8235, 1, 588843), (8530, 7, 590251), (8622, 5, 591151), (8567, 0, 940316), (8990, 2, 1069893), (8990, 2, 1069949), (8990, 2, 1100181), (8990, 2, 1100203), (8604, 7, 1293785), (9168, 5, 2142418), (8952, 7, 2165110)]"
1218 "[(8372, 5, 207504), (8372, 5, 235842), (8372, 5, 253069), (8839, 0, 343008), (8950, 7, 636585), (8972, 6, 853904), (9058, 6, 1106893), (9058, 6, 1190064), (9058, 6, 1190092), (8972, 6, 1245743), (9058, 6, 1367211), (9058, 6, 1371515), (8986, 6, 1709550), (8986, 6, 1721626), (8986, 6, 1761328)]"
8269 "[(608, 7, 210111), (1549, 6, 277839), (1549, 6, 466161), (3015, 1, 637417), (3015, 1, 637697), (3015, 1, 637721), (3015, 1, 637782), (611, 1, 860649), (1277, 7, 1065979), (1277, 7, 1066002), (45, 3, 2244165), (183, 1, 2408901), (183, 1, 2408981), (3471, 5, 2419816)]"
71 "[(8687, 5, 214532), (8687, 5, 345515), (8687, 5, 496774), (8835, 7, 507194), (8687, 5, 722912), (8835, 7, 726607), (8687, 5, 1206345), (8835, 7, 1383352), (8835, 7, 1383751), (8835, 7, 1454162), (8835, 7, 1553919), (8835, 7, 1796575), (8835, 7, 2223579), (8835, 7, 2223628)]"
8741 "[(1266, 0, 217766), (3039, 6, 645414), (4085, 7, 1573254), (443, 1, 1873791), (443, 1, 1986421), (443, 1, 2126206), (4604, 5, 2145321), (4085, 7, 2436282), (1471, 6, 2449817)]"
8592 "[(356, 7, 222227), (68, 7, 392710), (233, 6, 454655), (167, 1, 1748549), (80, 7, 1912233), (80, 7, 1912331), (80, 7, 1913057), (80, 7, 1913415), (80, 7, 1913652), (6654, 2, 1917715), (6654, 2, 1917718), (6654, 2, 1917795), (3004, 5, 2116401), (3004, 5, 2116506), (3004, 5, 2116743), (3004, 5, 2116885), (1726, 7, 2139238), (2955, 1, 2165773), (233, 6, 2183788), (3681, 7, 2199514), (40, 0, 2241592), (2242, 0, 2253271), (537, 6, 2317235), (402, 5, 2332950)]"
1294 "[(8411, 5, 223645), (8411, 5, 694969), (8411, 5, 1444659), (8529, 3, 1911009)]"
1305 "[(8397, 1, 226966), (8397, 1, 739282), (8397, 1, 862910), (8268, 6, 1163233), (8268, 6, 1163319), (8268, 6, 1187460), (8268, 6, 1187553), (8268, 6, 1199067), (8268, 6, 1200603), (8268, 6, 1200675), (8268, 6, 1200772), (8268, 6, 1200881), (8268, 6, 1212767), (8268, 6, 1212914), (8268, 6, 1213074), (8268, 6, 1213331), (8268, 6, 1213457), (8268, 6, 1213870), (8268, 6, 1213970), (8397, 1, 1562097), (8397, 1, 1562191), (9166, 3, 1777001), (8285, 2, 1778607), (9166, 3, 1778878), (9166, 3, 1784332), (8397, 1, 1785630), (9166, 3, 1803288), (9166, 3, 1803669), (9166, 3, 1809107), (9166, 3, 1950000), (8883, 2, 2290376), (8268, 6, 2293612), (8268, 6, 2293702), (8268, 6, 2294100), (8268, 6, 2294190), (8268, 6, 2302593), (8268, 6, 2371707), (8268, 6, 2497095), (8883, 2, 2548678)]"
8337 "[(1308, 0, 227423), (1308, 0, 238928), (1308, 0, 2472721), (1308, 0, 2472791)]"
8514 "[(1320, 0, 230569), (1320, 0, 309497), (1320, 0, 309689), (1320, 0, 310326), (40, 0, 372218), (233, 6, 461037), (659, 5, 525354), (3734, 1, 1628356), (303, 0, 1971049), (3963, 0, 2101191)]"
8638 "[(1325, 0, 231984), (1492, 0, 851373), (3862, 6, 901654), (3862, 6, 901690), (3862, 6, 914805), (17, 1, 984715), (1492, 0, 1794591), (1325, 0, 2223591), (1492, 0, 2224114), (4390, 2, 2490270)]"
8581 "[(1145, 2, 248943), (2889, 5, 1351759), (303, 0, 1415688), (1840, 3, 2125150), (17, 1, 2549562)]"
1438 "[(8764, 5, 252159), (8483, 2, 448942), (8483, 2, 449017), (8285, 2, 449152), (8764, 5, 576515)]"
8540 "[(996, 7, 262235), (68, 7, 264033), (303, 0, 830594), (2196, 7, 870667), (303, 0, 917097), (303, 0, 939914), (303, 0, 1025467), (233, 6, 1058753), (702, 1, 1453373), (475, 2, 1471708), (17, 1, 1741585), (2388, 5, 2070068), (2169, 0, 2071512), (2169, 0, 2071576), (2169, 0, 2071670), (2196, 7, 2079545), (2196, 7, 2082347), (1726, 7, 2139167)]"
731 "[(8734, 2, 262716), (8734, 2, 263603), (8366, 1, 307276), (8719, 2, 309803), (8529, 3, 324186), (8227, 1, 393985), (8410, 5, 486227), (8410, 5, 486247), (8410, 5, 486283), (8410, 5, 486379), (8295, 3, 491639), (8415, 6, 684766), (8515, 2, 695003), (8515, 2, 695117), (8734, 2, 787088), (8719, 2, 940987), (8227, 1, 1051083), (8295, 3, 1054033), (8241, 6, 1100054), (8410, 5, 1177609), (8410, 5, 1177656), (8410, 5, 1180335), (8241, 6, 1396602), (8241, 6, 1396812), (9069, 6, 2141024), (8734, 2, 2259487), (8719, 2, 2495075), (8719, 2, 2495126)]"
8403 "[(68, 7, 268039)]"
8639 "[(552, 2, 269144), (687, 7, 394470), (2131, 5, 416689), (388, 5, 421918), (388, 5, 421966), (2131, 5, 423690), (2131, 5, 423858), (552, 2, 423859), (1242, 5, 426195), (17, 1, 450448), (552, 2, 471418), (233, 6, 544659), (2339, 1, 569089), (687, 7, 577662), (17, 1, 650776), (552, 2, 701858), (441, 5, 767092), (552, 2, 772887), (687, 7, 863903), (68, 7, 941169), (859, 5, 943818), (2131, 5, 955868), (687, 7, 1035930), (4657, 6, 1166078), (2103, 1, 1167566), (552, 2, 1208520), (687, 7, 1208721), (552, 2, 1246255), (552, 2, 1246269), (687, 7, 1288477), (17, 1, 1289579), (687, 7, 1290958), (2881, 3, 1295143), (552, 2, 1431083), (2131, 5, 1503082), (552, 2, 1624186), (2131, 5, 1693638), (687, 7, 1776286), (687, 7, 1893294), (6564, 0, 1909782), (17, 1, 1909783), (6564, 0, 1909888), (45, 3, 2065252), (17, 1, 2084161), (17, 1, 2239009), (7557, 0, 2419793), (532, 1, 2479041), (17, 1, 2617955), (17, 1, 2672189)]"
8777 "[(261, 1, 275125), (261, 1, 275173), (912, 3, 328707), (2028, 1, 395866), (17, 1, 444777), (246, 7, 468238), (920, 7, 575322), (611, 1, 636332), (17, 1, 752573), (17, 1, 825063), (17, 1, 943887), (17, 1, 960272), (2875, 6, 960359), (2028, 1, 1011553), (2028, 1, 1181677), (148, 2, 1184973), (2093, 7, 1186539), (2093, 7, 1187027), (2093, 7, 1187226), (2093, 7, 1187359), (3108, 1, 1189408), (3108, 1, 1189410), (423, 2, 1305379), (423, 2, 1369057), (17, 1, 1390432), (2202, 2, 1391492), (2196, 7, 1992415), (17, 1, 1992469), (2110, 7, 2147421)]"
8555 "[(475, 2, 278081), (475, 2, 853441), (475, 2, 853474), (475, 2, 853505), (475, 2, 853551), (233, 6, 1416278), (5550, 0, 1451387), (475, 2, 1458987), (475, 2, 2084362), (5636, 5, 2147516), (303, 0, 2451026), (1673, 0, 2482186), (782, 1, 2532013), (17, 1, 2583732)]"
8785 "[(400, 0, 283071), (400, 0, 316596), (400, 0, 316621), (400, 0, 317224), (400, 0, 317453), (400, 0, 317604), (400, 0, 317719), (400, 0, 317768), (400, 0, 317875), (400, 0, 323199), (400, 0, 323238), (400, 0, 323254), (1797, 5, 334829), (400, 0, 334992), (400, 0, 366562), (400, 0, 453562), (400, 0, 536046), (400, 0, 854319), (400, 0, 856564), (400, 0, 857331), (400, 0, 858726), (400, 0, 859400), (400, 0, 860549), (400, 0, 883103), (400, 0, 920809), (400, 0, 921203), (400, 0, 924651), (17, 1, 1284382), (1856, 7, 1284449), (400, 0, 1426013), (400, 0, 1426038), (400, 0, 1426053), (400, 0, 1426603), (400, 0, 1426755), (400, 0, 1426799), (400, 0, 1444351), (400, 0, 1451583), (400, 0, 1526706), (1449, 1, 1658146), (1813, 2, 2060539)]"
8453 "[(233, 6, 285212), (80, 7, 347516), (233, 6, 370533), (1778, 6, 434929), (477, 6, 932942), (477, 6, 932966), (1505, 6, 1215284), (233, 6, 1234718), (68, 7, 1311232), (80, 7, 1374340), (80, 7, 1564984), (80, 7, 1648393), (80, 7, 1648632), (80, 7, 1648764), (80, 7, 1648866), (1933, 6, 2046530), (628, 6, 2517705)]"
8699 "[(940, 1, 297452), (1778, 6, 1335561), (4515, 3, 1537963), (456, 6, 1550190), (68, 7, 1552348), (86, 0, 1984054), (2622, 2, 2238626), (4085, 7, 2271658)]"
8806 "[(509, 6, 305774), (2840, 1, 596290), (2512, 1, 1022591), (4345, 1, 1043305), (995, 2, 1043330), (423, 2, 1045278), (761, 5, 1051466), (68, 7, 1061481), (318, 7, 1066040), (318, 7, 1066587), (318, 7, 1066954), (4339, 6, 1083133), (4468, 1, 1088661), (588, 5, 1109348), (3874, 3, 1111782), (497, 7, 1113678), (17, 1, 1115592), (3681, 7, 1117368), (2196, 7, 1117435), (17, 1, 1118243), (125, 1, 1120998), (17, 1, 1125442), (1829, 7, 1125497), (499, 2, 1135295), (3495, 7, 1137339), (1385, 5, 1140645), (233, 6, 1152508), (423, 2, 1179668), (167, 1, 1180021), (167, 1, 1180034), (3495, 7, 1213259), (40, 0, 1236055), (5138, 5, 1293961), (3004, 5, 1321837), (3004, 5, 1321866), (233, 6, 1579450), (2230, 1, 1627568), (5836, 5, 1633261), (5836, 5, 1633768), (3004, 5, 1750935), (5622, 0, 1926095), (17, 1, 2056249), (695, 2, 2073606), (497, 7, 2226320), (68, 7, 2230588), (1921, 2, 2327400), (5327, 0, 2564565)]"
1663 "[(8609, 7, 311735), (8893, 2, 1001321), (8625, 1, 1094596), (8367, 1, 1181382), (8591, 6, 1969487), (8591, 6, 1970540), (8591, 6, 1974416), (8754, 7, 2071415), (8541, 2, 2071506), (8952, 7, 2140075), (8719, 2, 2302967), (9034, 1, 2303145)]"
1710 "[(8549, 5, 320639), (8549, 5, 673753), (8549, 5, 848554), (8549, 5, 856121), (8549, 5, 1132420), (8549, 5, 1205249), (8549, 5, 1225299), (8549, 5, 1482475)]"
1670 "[(8470, 3, 324494), (8755, 2, 380054), (8373, 7, 712278), (8445, 6, 896050), (8973, 6, 1354031), (8548, 5, 1611550), (8878, 7, 1782985), (8626, 0, 2190110), (8520, 3, 2478596), (8779, 6, 2581161), (9041, 6, 2621762)]"
8370 "[(1817, 3, 337587), (1972, 7, 381107), (2025, 2, 394812), (2127, 3, 416480), (2127, 3, 416656), (695, 2, 532016), (476, 3, 601690), (476, 3, 601900), (476, 3, 601984), (552, 2, 664263), (1970, 3, 710208), (17, 1, 1039706), (730, 1, 1042434), (730, 1, 1042451), (423, 2, 1097240), (68, 7, 1099348), (3874, 3, 1114260), (156, 2, 1138690), (68, 7, 1181851), (4879, 5, 1206195), (4879, 5, 1211811), (4879, 5, 1212386), (233, 6, 1315903), (4752, 6, 1422835), (17, 1, 1422914), (17, 1, 1522895), (728, 6, 1547400), (1187, 3, 1670502), (1187, 3, 1670521), (1187, 3, 1670625), (1187, 3, 1673761), (1187, 3, 1674128), (1187, 3, 1674147), (1187, 3, 1674194), (1187, 3, 1681880), (68, 7, 1757340), (2056, 7, 1786359), (1972, 7, 2018254), (2152, 7, 2237343)]"
1820 "[(8733, 7, 338051), (8245, 5, 1728127), (8318, 6, 2396372), (8318, 6, 2399944), (8318, 6, 2676693)]"
8584 "[(1270, 0, 341798), (552, 2, 2475060)]"
535 "[(8284, 0, 347007), (8284, 0, 347211), (8284, 0, 347265), (8284, 0, 347512), (8284, 0, 347691), (8284, 0, 347733), (8284, 0, 1549807), (8284, 0, 1890244), (8284, 0, 1890626), (8284, 0, 1894944)]"
1869 "[(8284, 0, 349381), (8284, 0, 352419), (8284, 0, 352473), (8284, 0, 352558), (8284, 0, 2263822), (8284, 0, 2340321)]"
8595 "[(1004, 1, 354369), (17, 1, 771247), (6385, 0, 2217207)]"
1894 "[(8391, 0, 355882), (8391, 0, 356049)]"
8710 "[(1903, 0, 357226), (1903, 0, 751738), (475, 2, 1210320)]"
8333 "[(744, 7, 365842), (4000, 7, 943991), (4604, 5, 1130191), (67, 1, 1610701), (1505, 6, 1643984), (17, 1, 1892392), (954, 6, 2076268), (17, 1, 2211443), (26, 5, 2339597), (156, 2, 2442533), (17, 1, 2666260)]"
8376 "[(156, 2, 366555), (1795, 5, 1368539), (1795, 5, 1369752)]"
1866 "[(8318, 6, 367928), (8318, 6, 1651479)]"
1951 "[(8536, 2, 375683), (9069, 6, 1170909), (9071, 5, 1594736), (9080, 6, 2276264), (9080, 6, 2276327), (9080, 6, 2276419), (9080, 6, 2276452), (9080, 6, 2276484), (9080, 6, 2276497), (9080, 6, 2276514)]"
1961 "[(8601, 7, 378700), (8601, 7, 604405), (9080, 6, 2229411)]"
8801 "[(68, 7, 388622), (2105, 3, 412537), (17, 1, 425109), (2198, 5, 433286), (2198, 5, 433352), (2198, 5, 433379), (2198, 5, 456392), (611, 1, 986435), (611, 1, 1068280), (148, 2, 1190802), (17, 1, 1385013), (17, 1, 1393972), (497, 7, 1450785), (3811, 5, 1516794), (17, 1, 1527274), (1647, 6, 1598178), (1647, 6, 1598419), (233, 6, 1662708), (233, 6, 2013889), (628, 6, 2060440), (17, 1, 2066927), (17, 1, 2085862), (1538, 5, 2086665), (2769, 5, 2090971), (1884, 0, 2095314), (17, 1, 2108109), (17, 1, 2108498), (17, 1, 2108531), (17, 1, 2110795), (2769, 5, 2146996), (2769, 5, 2147154), (2769, 5, 2154213), (2769, 5, 2157479), (7205, 5, 2163709), (1538, 5, 2166809), (6470, 2, 2167665), (17, 1, 2173608), (17, 1, 2180112), (16, 1, 2234765), (744, 7, 2269506), (68, 7, 2270673), (167, 1, 2325040), (6107, 2, 2329528), (6107, 2, 2329533), (4085, 7, 2362270)]"
1864 "[(8297, 1, 393999)]"
8578 "[(2031, 0, 396240), (608, 7, 585279), (1268, 6, 591829), (608, 7, 656739), (1069, 5, 1384590), (1300, 0, 1422815), (659, 5, 1423060), (1300, 0, 1423101), (1300, 0, 1423603), (1300, 0, 1423763), (1300, 0, 1423855), (1300, 0, 1424029), (2040, 0, 1512738), (4001, 6, 2151751)]"
1240 "[(8429, 7, 397149), (8429, 7, 397490), (8429, 7, 2125088), (8429, 7, 2212977), (8429, 7, 2213366)]"
8794 "[(2054, 6, 401237), (220, 0, 637958), (5197, 3, 1318308), (762, 5, 1633490), (220, 0, 1913313), (912, 3, 1914566), (220, 0, 1979611), (319, 5, 2305386), (319, 5, 2395155), (319, 5, 2397142), (2054, 6, 2400098)]"
8505 "[(734, 2, 406992), (233, 6, 461523), (734, 2, 1187601), (983, 3, 1305092), (1970, 3, 1367541), (734, 2, 1878449), (734, 2, 2429787)]"
2141 "[(8551, 3, 419712), (8551, 3, 419774), (8551, 3, 419811), (8235, 1, 573160), (8304, 5, 1258695), (8304, 5, 1258807), (8836, 5, 1649268), (8836, 5, 1649308), (8618, 1, 2083554)]"
8837 "[(611, 1, 423710), (3394, 3, 750498), (68, 7, 797140), (3694, 7, 1721179), (233, 6, 1750485), (954, 6, 2075188)]"
2157 "[(8377, 2, 424055), (9086, 3, 1278121)]"
2186 "[(8293, 3, 430540), (8293, 3, 613680), (8452, 7, 2003113)]"
1042 "[(8320, 6, 432039), (8992, 0, 1414698), (8411, 5, 2661695)]"
2216 "[(8535, 7, 438700), (8623, 2, 643718), (8694, 5, 1135046), (8582, 6, 1210049), (8893, 2, 1413699), (8623, 2, 1424193), (8328, 5, 1476832), (8535, 7, 1818268), (8535, 7, 1818308), (8985, 2, 2085964), (8985, 2, 2085981), (8694, 5, 2308587), (8328, 5, 2527256), (8414, 3, 2631727)]"
8565 "[(1552, 3, 449674), (1552, 3, 449953), (3117, 7, 671691), (1778, 6, 738745), (1884, 0, 759947), (826, 7, 1032927), (1726, 7, 1041497), (4065, 2, 1828336), (4065, 2, 1829706), (2198, 5, 2505191), (2198, 5, 2505245), (5711, 2, 2574393), (5711, 2, 2574476)]"
2374 "[(8848, 0, 489295), (8854, 6, 498613), (8324, 7, 722890), (8339, 3, 955814), (8535, 7, 1021580), (8618, 1, 2413479)]"
1684 "[(8367, 1, 492689), (8367, 1, 492703), (8367, 1, 501560), (8367, 1, 501593), (8367, 1, 501622), (8367, 1, 589995), (8367, 1, 676762), (8367, 1, 1117631), (8686, 1, 1703008), (8367, 1, 1725329), (8686, 1, 1891024), (8367, 1, 2130429), (8367, 1, 2139285), (8367, 1, 2139341), (8367, 1, 2139387), (8367, 1, 2139407)]"
8646 "[(214, 7, 502643), (214, 7, 502741), (1726, 7, 1039601)]"
2457 "[(8367, 1, 504937)]"
2485 "[(8912, 0, 512397), (9113, 1, 1976153)]"
2514 "[(8548, 5, 518278), (8548, 5, 522559), (8548, 5, 522777)]"
600 "[(8887, 7, 524872), (8683, 6, 1020321)]"
8562 "[(2564, 7, 527757), (2564, 7, 527779), (80, 7, 862662), (611, 1, 1031100), (608, 7, 1713138), (627, 2, 1896265), (2564, 7, 1926422), (2564, 7, 2018480), (2564, 7, 2018916), (2564, 7, 2031656), (2564, 7, 2032995), (2564, 7, 2034738), (2564, 7, 2034851), (2564, 7, 2035603), (2564, 7, 2035675), (2564, 7, 2096447), (233, 6, 2096572), (2564, 7, 2097857), (2564, 7, 2098170), (2564, 7, 2098362)]"
8879 "[(68, 7, 537791), (303, 0, 566463), (233, 6, 2268923)]"
2468 "[(8435, 1, 559407), (8435, 1, 559428), (9163, 7, 1712016), (9163, 7, 1712071), (8347, 3, 2371292), (9084, 6, 2671980)]"
2708 "[(8373, 7, 572614), (8373, 7, 576575), (8351, 5, 595117), (8939, 2, 684580), (8297, 1, 729012), (8355, 2, 735957), (8471, 1, 743126), (8401, 1, 743313), (8243, 2, 771582), (8257, 5, 974504), (8719, 2, 1008291), (8252, 2, 1008966), (8339, 3, 1010580), (8350, 3, 1272535), (8397, 1, 1273978), (8350, 3, 1278853), (8466, 1, 1289606), (8350, 3, 1293709), (8686, 1, 1328279), (8952, 7, 1362274), (8952, 7, 1363152), (8952, 7, 1363279), (8377, 2, 1418742), (8377, 2, 1419228), (8265, 1, 1420010), (8513, 7, 1526426), (8257, 5, 1871515), (8588, 7, 1872657), (8506, 7, 2140282), (8993, 0, 2477217)]"
566 "[(8237, 7, 573574), (8237, 7, 920234), (9168, 5, 1978590)]"
2726 "[(8888, 6, 573999), (8734, 2, 658728), (8734, 2, 659698)]"
8930 "[(2242, 0, 576530), (1173, 7, 677505), (2051, 5, 2232447)]"
2834 "[(8237, 7, 594444), (8237, 7, 1185594)]"
1975 "[(8622, 5, 598268), (8371, 5, 2061218), (8371, 5, 2061313), (8371, 5, 2061529), (8371, 5, 2159283), (8371, 5, 2159307), (8371, 5, 2159411), (8371, 5, 2159457)]"
2577 "[(8887, 7, 602339), (8949, 5, 960833), (8343, 1, 1044134), (8343, 1, 1044144), (8291, 2, 1304469), (8411, 5, 1462318), (8411, 5, 2263044), (8411, 5, 2264052)]"
8364 "[(2953, 6, 617121), (68, 7, 1359230), (68, 7, 1360677), (68, 7, 1365013), (68, 7, 1384132), (68, 7, 1393109), (68, 7, 1438041), (4085, 7, 1755165), (68, 7, 2052815)]"
8561 "[(156, 2, 635675), (611, 1, 880093), (17, 1, 1496593), (17, 1, 2299797), (17, 1, 2343821), (4065, 2, 2347544), (611, 1, 2515779)]"
3146 "[(8339, 3, 676435), (8351, 5, 743293), (8816, 3, 1509668), (8964, 3, 2246631), (8975, 3, 2384562), (8351, 5, 2420467), (8549, 5, 2567567)]"
3055 "[(8477, 3, 676474)]"
1131 "[(8237, 7, 679459), (8237, 7, 821837), (8549, 5, 1553607), (9068, 5, 2253318), (9068, 5, 2330096)]"
1952 "[(8906, 3, 681175), (8551, 3, 951705), (8551, 3, 951800), (8551, 3, 951981), (8551, 3, 952061), (8906, 3, 952236), (8906, 3, 952483), (8906, 3, 952544), (8906, 3, 1026694), (8906, 3, 1027093), (8906, 3, 1326994), (8906, 3, 1327010), (8906, 3, 1901352)]"
8413 "[(1314, 2, 684063), (1314, 2, 684114), (1314, 2, 684371), (1314, 2, 684429), (3511, 7, 781354), (73, 0, 824051), (16, 1, 854631), (16, 1, 854698), (762, 5, 959594), (4085, 7, 1741096), (40, 0, 1824093), (762, 5, 2520805)]"
8874 "[(912, 3, 685023), (125, 1, 688132), (80, 7, 938287), (80, 7, 943788), (80, 7, 944905), (80, 7, 949022), (80, 7, 949288), (80, 7, 949362), (80, 7, 1630652), (80, 7, 1678700), (1884, 0, 2061831)]"
3183 "[(8241, 6, 685956), (8241, 6, 760240), (8241, 6, 760634), (9071, 5, 1554915)]"
8904 "[(68, 7, 717445), (749, 6, 849069), (233, 6, 1662022), (40, 0, 1716467), (367, 7, 1756193)]"
8464 "[(233, 6, 718001), (40, 0, 2356433)]"
3295 "[(8339, 3, 721217)]"
8963 "[(1778, 6, 729835), (611, 1, 1116072), (1033, 6, 1206735), (1033, 6, 1206933), (1033, 6, 1207126), (1033, 6, 1207189), (1033, 6, 1207409), (1033, 6, 1207638), (4688, 6, 1208537), (233, 6, 1314995), (17, 1, 1470771), (68, 7, 1535276), (4773, 6, 1547152), (608, 7, 1867720), (5622, 0, 2081492), (17, 1, 2512326), (611, 1, 2512751)]"
8982 "[(608, 7, 733989)]"
3379 "[(8263, 2, 744128)]"
3385 "[(8266, 0, 746400), (8747, 0, 746433)]"
8996 "[(1726, 7, 753596), (303, 0, 830782), (303, 0, 1334600), (659, 5, 1423368), (4085, 7, 2175715)]"
1363 "[(8582, 6, 767632), (8582, 6, 992202), (8582, 6, 1037304), (8582, 6, 1183167), (8418, 2, 1804243), (8507, 0, 1804331), (8418, 2, 2320462)]"
3512 "[(8263, 2, 781704), (8985, 2, 1710655), (9163, 7, 1894896), (9163, 7, 1895199), (8346, 1, 1900513), (8791, 2, 2326666)]"
3534 "[(8531, 5, 789121), (8531, 5, 1428576)]"
9001 "[(233, 6, 805202), (233, 6, 807244), (233, 6, 2015432)]"
3641 "[(8569, 6, 833616)]"
1044 "[(8284, 0, 850236), (8318, 6, 2030461), (8618, 1, 2570252)]"
3716 "[(8339, 3, 861170), (8243, 2, 1056118), (8591, 6, 1056229), (8421, 3, 1133376)]"
3755 "[(8288, 0, 867121)]"
146 "[(8618, 1, 869306), (8618, 1, 2102084), (8618, 1, 2102785), (8618, 1, 2103202), (8618, 1, 2182965), (8618, 1, 2190998)]"
3763 "[(8249, 3, 870492)]"
8570 "[(125, 1, 882705), (4085, 7, 1049225), (4085, 7, 1049296), (1884, 0, 1913908), (2196, 7, 2153359), (2196, 7, 2153467), (17, 1, 2412625), (627, 2, 2425145)]"
1448 "[(8647, 0, 883833), (8647, 0, 884231), (8284, 0, 1136521), (8284, 0, 1220149), (8284, 0, 1274516), (8284, 0, 2150020), (8284, 0, 2180864), (8284, 0, 2181009), (8998, 1, 2232679), (8998, 1, 2232773), (8998, 1, 2232889), (8998, 1, 2233141), (8998, 1, 2233224), (8998, 1, 2233301), (8998, 1, 2234682), (8998, 1, 2235068), (8998, 1, 2235377), (8998, 1, 2238528), (8998, 1, 2238621), (8998, 1, 2238658), (8998, 1, 2238707), (8998, 1, 2239183), (8998, 1, 2239302), (8998, 1, 2239341), (8998, 1, 2239430), (8998, 1, 2239465), (8998, 1, 2239559), (8998, 1, 2239570), (8284, 0, 2241781), (8284, 0, 2241804), (8284, 0, 2241894), (8998, 1, 2409779), (8998, 1, 2409815), (8998, 1, 2409855), (8998, 1, 2409877), (8998, 1, 2409904), (8998, 1, 2409940), (8998, 1, 2409963), (8998, 1, 2410036), (8998, 1, 2412227), (8284, 0, 2418856), (8284, 0, 2419064), (8998, 1, 2439690)]"
2595 "[(8622, 5, 893889), (8686, 1, 1149520), (8923, 6, 1150970)]"
8974 "[(611, 1, 901704), (125, 1, 962660), (17, 1, 962914), (125, 1, 963053), (4065, 2, 966152), (4065, 2, 970181), (17, 1, 1517603), (2196, 7, 2083435), (7095, 6, 2117977), (17, 1, 2176182), (4065, 2, 2311436), (627, 2, 2419664)]"
3592 "[(8339, 3, 909349), (8339, 3, 1000343), (8498, 7, 1264121), (8686, 1, 1701479), (8645, 1, 1701630), (8716, 0, 1702518), (8466, 1, 1959608)]"
3238 "[(9031, 7, 963183), (9031, 7, 964902), (8526, 6, 1117061), (8544, 1, 1465104), (8544, 1, 1465169), (8526, 6, 2040322)]"
3612 "[(8873, 1, 1001803), (8873, 1, 1001821), (8787, 0, 1003064), (8787, 0, 1003586), (8962, 6, 1779088)]"
4186 "[(8438, 7, 1007299), (8430, 0, 1216437), (8591, 6, 1721207), (9095, 0, 1874175), (9095, 0, 1874633), (8990, 2, 2172843), (8985, 2, 2439008), (8971, 6, 2645834), (8735, 7, 2647165), (9023, 1, 2647968)]"
4215 "[(8618, 1, 1013287), (8618, 1, 1013848), (8618, 1, 1013891), (8618, 1, 1183416), (8618, 1, 1184263), (8618, 1, 1184356), (8618, 1, 1634155)]"
4279 "[(8243, 2, 1028211)]"
4311 "[(8408, 7, 1036677)]"
8696 "[(1173, 7, 1037709), (233, 6, 1153126)]"
8527 "[(68, 7, 1038103), (68, 7, 1094732)]"
8718 "[(17, 1, 1040206), (730, 1, 1043001), (730, 1, 1043021), (611, 1, 1935019), (2196, 7, 2079825), (2196, 7, 2088697), (17, 1, 2089045), (2196, 7, 2089309), (2196, 7, 2089441), (5677, 5, 2089550), (2196, 7, 2089659), (2196, 7, 2089904), (2196, 7, 2090071), (2196, 7, 2091781), (2339, 1, 2118461), (2769, 5, 2139577), (5396, 6, 2164817), (5396, 6, 2164854), (608, 7, 2650585)]"
8983 "[(4353, 1, 1044474), (4403, 6, 1057676), (2628, 6, 1077346), (4621, 0, 1136548), (68, 7, 1181547), (233, 6, 1325912), (68, 7, 2254433), (826, 7, 2602584)]"
3061 "[(8343, 1, 1047803)]"
4336 "[(8343, 1, 1048101)]"
4427 "[(8272, 0, 1071014)]"
602 "[(8992, 0, 1081858)]"
2277 "[(8343, 1, 1084772), (8487, 0, 2277231), (8956, 0, 2282722), (8314, 5, 2454777), (8314, 5, 2454880)]"
3605 "[(8295, 3, 1101608), (8347, 3, 1452863), (8290, 5, 1893256)]"
4541 "[(8411, 5, 1110544)]"
9066 "[(68, 7, 1110770), (5665, 3, 2602889)]"
1423 "[(8549, 5, 1119610)]"
8866 "[(233, 6, 1153476), (1726, 7, 1542050), (467, 3, 1981068), (68, 7, 1989368), (2153, 3, 2572917), (2153, 3, 2573038), (1007, 7, 2574509)]"
4822 "[(8907, 0, 1195460)]"
1779 "[(9069, 6, 1209492)]"
4739 "[(8575, 1, 1209765), (8575, 1, 1394088), (8575, 1, 1394140), (8575, 1, 1394448), (8575, 1, 1397452), (8575, 1, 1417701), (8575, 1, 1508100), (8575, 1, 1640745), (8575, 1, 1640769), (8575, 1, 1755117), (8575, 1, 1784021)]"
4019 "[(8502, 5, 1213466), (8502, 5, 1213468), (8419, 3, 1322668), (8419, 3, 1322670), (8350, 3, 1322736), (8350, 3, 1322743), (8331, 7, 1323069), (8331, 7, 1323072), (8466, 1, 1323555), (8466, 1, 1323563), (8251, 1, 1638905), (8251, 1, 1638906), (8251, 1, 1908748), (8251, 1, 1909368), (8251, 1, 1923174), (8251, 1, 1923197), (8240, 5, 1981672), (8240, 5, 1981676), (8695, 6, 2004306), (8251, 1, 2008050)]"
9059 "[(233, 6, 1231009), (233, 6, 1231847), (40, 0, 1233284), (954, 6, 1309383), (611, 1, 1381663), (17, 1, 1382073), (5622, 0, 1534147), (233, 6, 1579547), (17, 1, 2049669)]"
9083 "[(233, 6, 1235186), (1726, 7, 1291117), (4085, 7, 1597319)]"
5045 "[(8614, 0, 1268846)]"
3195 "[(8532, 2, 1283610)]"
5117 "[(8331, 7, 1290739)]"
601 "[(8295, 3, 1291560), (8411, 5, 2146849), (8411, 5, 2146890), (8411, 5, 2152594)]"
2429 "[(8241, 6, 1294410), (8241, 6, 1294453), (8849, 3, 1928589), (8849, 3, 2080787), (8849, 3, 2080823)]"
9074 "[(1726, 7, 1295228), (383, 3, 2467512), (2892, 3, 2621662), (4441, 2, 2652928)]"
4538 "[(8257, 5, 1315926), (8257, 5, 1456677), (8260, 6, 2323303), (8260, 6, 2333386), (8591, 6, 2342532)]"
9103 "[(238, 7, 1335614), (233, 6, 1417188), (210, 0, 1427763), (233, 6, 1494964)]"
9102 "[(2138, 6, 1342297), (2138, 6, 1342333), (3518, 6, 1397773), (3518, 6, 1397808), (233, 6, 1409962), (885, 7, 1420090), (4910, 5, 1469626), (4910, 5, 1469699), (912, 3, 1486656), (4910, 5, 1665271), (4665, 7, 1872501), (7523, 1, 2292833)]"
5215 "[(9100, 3, 1357033)]"
3532 "[(8411, 5, 1368002), (9168, 5, 2422580)]"
5413 "[(8454, 5, 1387626), (9118, 7, 2343615), (8841, 3, 2509114)]"
752 "[(8907, 0, 1395862), (8907, 0, 1398933), (8658, 0, 1962618)]"
2239 "[(8618, 1, 1463798)]"
5614 "[(8528, 5, 1466228)]"
4402 "[(8415, 6, 1466264)]"
4887 "[(8623, 2, 1478887)]"
5659 "[(8547, 5, 1480024)]"
8838 "[(5685, 2, 1490344), (2087, 7, 1701477)]"
9126 "[(233, 6, 1495443), (4085, 7, 1563066)]"
4343 "[(8343, 1, 1501613), (8343, 1, 1887466)]"
9135 "[(40, 0, 1504368), (1778, 6, 1756309), (745, 2, 1804668), (5356, 7, 1809699), (1036, 6, 1818454), (4164, 0, 2274592)]"
2731 "[(8387, 1, 1504574)]"
4063 "[(8591, 6, 1531888), (8504, 2, 1632134)]"
5383 "[(8519, 3, 1548005), (8295, 3, 1574195), (8418, 2, 1968378), (9194, 7, 2144986)]"
1511 "[(9071, 5, 1548315), (9071, 5, 1550904), (9071, 5, 1556049), (9071, 5, 1556633)]"
4964 "[(9071, 5, 1550953)]"
4850 "[(8263, 2, 1554735)]"
4645 "[(8343, 1, 1561476)]"
8724 "[(233, 6, 1576304), (6248, 5, 1731850), (1270, 0, 1822392)]"
1950 "[(8331, 7, 1578352), (8374, 1, 1578535), (8331, 7, 1578587), (8374, 1, 1578707), (8374, 1, 1578725), (8335, 5, 1587160)]"
8344 "[(303, 0, 1585575), (2764, 5, 2454165), (1698, 1, 2485058)]"
5193 "[(8391, 0, 1594348), (8391, 0, 1594508)]"
5262 "[(8980, 1, 1612034), (8603, 7, 1832603), (8603, 7, 1832688), (9155, 5, 1834726), (9155, 5, 1834865), (9155, 5, 1834902), (9155, 5, 1834921), (9155, 5, 1872011)]"
211 "[(8314, 5, 1614293)]"
1848 "[(8314, 5, 1643466), (8314, 5, 1644176)]"
4489 "[(8260, 6, 1646469), (8849, 3, 2131058), (8849, 3, 2131138), (8849, 3, 2243854)]"
8574 "[(68, 7, 1666461), (2495, 3, 1972497), (3004, 5, 2116156), (3004, 5, 2116223), (2564, 7, 2118167), (2564, 7, 2118465), (2564, 7, 2118980), (2564, 7, 2211427), (2564, 7, 2211482), (2564, 7, 2265867), (2564, 7, 2266367), (2564, 7, 2267853), (5622, 0, 2589084)]"
6093 "[(9163, 7, 1674778), (9163, 7, 1968064), (9197, 2, 2039100), (9197, 2, 2453519), (9197, 2, 2471251)]"
3683 "[(8640, 7, 1727798)]"
6368 "[(9166, 3, 1787960), (8704, 0, 2667696)]"
2819 "[(8463, 5, 1803574), (8704, 0, 1939613)]"
5209 "[(8603, 7, 1805228), (8603, 7, 1805336)]"
5188 "[(8603, 7, 1821867), (8603, 7, 1821912)]"
1562 "[(8260, 6, 1838631), (8883, 2, 2270327)]"
8995 "[(233, 6, 1839442)]"
1806 "[(8876, 2, 1894963), (8876, 2, 1904062), (8876, 2, 1904407), (8876, 2, 1904606), (8475, 3, 2110718), (8740, 2, 2242653), (8740, 2, 2242726)]"
4751 "[(9086, 3, 1896599), (9086, 3, 1896809), (9086, 3, 1896836)]"
2710 "[(8694, 5, 1906994), (8694, 5, 1907112)]"
9182 "[(2936, 7, 1916081), (1547, 0, 1921352), (1547, 0, 1921467), (2936, 7, 2002250), (4789, 5, 2269195), (608, 7, 2595607)]"
440 "[(8764, 5, 1969113), (8764, 5, 1969168), (8764, 5, 2133308), (8764, 5, 2149612), (8764, 5, 2392173)]"
1474 "[(8590, 7, 2043738), (8408, 7, 2169527), (8476, 3, 2601209), (8476, 3, 2601304), (8476, 3, 2601946), (8476, 3, 2601967)]"
1543 "[(8618, 1, 2079740), (8618, 1, 2081483), (8618, 1, 2083506)]"
4263 "[(9166, 3, 2120632)]"
8379 "[(2769, 5, 2154142)]"
1171 "[(9185, 2, 2178917)]"
7251 "[(8937, 3, 2179588)]"
44 "[(8851, 1, 2180664)]"
9204 "[(233, 6, 2183672), (40, 0, 2186337)]"
1760 "[(8618, 1, 2184745), (8618, 1, 2184773)]"
7307 "[(9034, 1, 2211884), (8687, 5, 2312941)]"
6530 "[(8260, 6, 2220063)]"
6945 "[(8531, 5, 2227461), (8582, 6, 2406721)]"
3699 "[(8591, 6, 2233598)]"
4851 "[(9080, 6, 2234037)]"
3731 "[(9080, 6, 2259518)]"
4510 "[(9168, 5, 2269380)]"
559 "[(8508, 0, 2317205), (8551, 3, 2395445)]"
5031 "[(9168, 5, 2317493)]"
1999 "[(8318, 6, 2367889)]"
2240 "[(8740, 2, 2391418)]"
5808 "[(8347, 3, 2391546)]"
9223 "[(1739, 3, 2405696), (1552, 3, 2421197), (5853, 7, 2427773), (310, 0, 2455600), (7850, 7, 2457635), (6323, 3, 2473114), (6919, 3, 2477101), (148, 2, 2481304), (1038, 3, 2496490), (1038, 3, 2496503), (1038, 3, 2496528), (1038, 3, 2496673), (935, 2, 2520731), (935, 2, 2520755), (1552, 3, 2530435), (2138, 6, 2559975), (2654, 3, 2567453), (68, 7, 2577077), (646, 7, 2596050), (2019, 2, 2676672)]"
572 "[(8612, 3, 2417495)]"
7813 "[(9166, 3, 2432204)]"
692 "[(9168, 5, 2435771)]"
5273 "[(8411, 5, 2461839), (9224, 5, 2465009)]"
5976 "[(8347, 3, 2474230)]"
5528 "[(8734, 2, 2501601)]"
1001 "[(8418, 2, 2516293), (8418, 2, 2516416), (8418, 2, 2558196)]"
783 "[(8853, 0, 2535695)]"
8689 "[(7782, 3, 2550002)]"
9060 "[(1647, 6, 2567636)]"
9127 "[(7283, 5, 2570801)]"
4075 "[(8586, 3, 2587202)]"
1533 "[(9031, 7, 2627302)]"
