8248 "[(22, 4, 1340), (798, 1, 231012), (608, 7, 386632), (40, 0, 452952), (349, 1, 468139), (17, 1, 705971), (4412, 1, 1060740), (611, 1, 1076133), (349, 1, 1175913), (349, 1, 1241512), (349, 1, 1416025), (40, 0, 1492249), (349, 1, 1769395), (349, 1, 1782136), (1160, 1, 2072750), (1160, 1, 2072790), (1160, 1, 2082388), (4202, 1, 2624342), (4202, 1, 2628089)]"
8260 "[(33, 2, 2079), (19, 5, 2627), (33, 2, 27442), (772, 2, 111393), (1134, 7, 183174), (1417, 7, 247693), (713, 1, 276986), (1959, 2, 380752), (1959, 2, 380845), (1959, 2, 380943), (1959, 2, 381091), (1959, 2, 381239), (1959, 2, 381375), (1959, 2, 381593), (1959, 2, 381711), (1959, 2, 392181), (33, 2, 607745), (483, 2, 708960), (68, 7, 723392), (68, 7, 769880), (1343, 2, 783756), (1343, 2, 784273), (570, 5, 803817), (402, 5, 957177), (17, 1, 1003483), (68, 7, 1010707), (4085, 7, 1042896), (33, 2, 1089140), (2196, 7, 1116744), (4390, 2, 1201240), (5037, 2, 1285923), (22, 4, 1286005), (22, 4, 1286059), (22, 4, 1286105), (1856, 7, 1286162), (284, 7, 1335420), (284, 7, 1335917), (1046, 3, 1340143), (1046, 3, 1340211), (1046, 3, 1340239), (1046, 3, 1340299), (3210, 7, 1367020), (68, 7, 1378621), (1188, 5, 1389151), (483, 2, 1463144), (5669, 2, 1485881), (5669, 2, 1486104), (5669, 2, 1486277), (5669, 2, 1486408), (5669, 2, 1486562), (5669, 2, 1486598), (5669, 2, 1486920), (5669, 2, 1486976), (5669, 2, 1487353), (5669, 2, 1487774), (5669, 2, 1487835), (5669, 2, 1488374), (772, 2, 1490748), (5669, 2, 1531588), (5669, 2, 1531799), (5669, 2, 1532009), (5669, 2, 1532177), (5669, 2, 1532245), (5669, 2, 1532347), (5669, 2, 1532492), (5669, 2, 1532636), (5669, 2, 1533354), (5669, 2, 1533449), (5669, 2, 1533586), (5669, 2, 1533624), (5669, 2, 1534308), (5669, 2, 1534369), (5669, 2, 1534705), (5669, 2, 1534845), (5669, 2, 1534902), (5669, 2, 1534930), (5669, 2, 1534989), (5669, 2, 1535082), (5669, 2, 1535130), (5669, 2, 1535193), (5669, 2, 1535389), (5669, 2, 1535504), (5669, 2, 1535609), (5669, 2, 1535711), (5669, 2, 1535844), (5669, 2, 1537105), (5669, 2, 1537135), (5669, 2, 1541248), (4085, 7, 1567487), (1885, 5, 1624791), (1885, 5, 1627428), (317, 1, 1632528), (317, 1, 1632600), (5669, 2, 1642104), (4489, 4, 1646469), (1885, 5, 1712513), (3407, 2, 1812178), (1562, 4, 1838631), (3407, 2, 1862250), (175, 0, 1870142), (1343, 2, 1902237), (552, 2, 1908310), (552, 2, 1908351), (1856, 7, 1955235), (3831, 3, 1980670), (772, 2, 2003112), (1726, 7, 2071528), (17, 1, 2074765), (3715, 7, 2177914), (6530, 4, 2220063), (4538, 4, 2323303), (4538, 4, 2333386), (1959, 2, 2362495), (1959, 2, 2362560), (1432, 2, 2407660), (4331, 3, 2427035), (1885, 5, 2441689), (7848, 3, 2455737), (33, 2, 2457190), (109, 3, 2519313), (68, 7, 2542210), (7295, 5, 2562858), (17, 1, 2583263), (1813, 2, 2584031), (6170, 7, 2665114), (17, 1, 2665755), (6170, 7, 2666028), (1726, 7, 2666480), (68, 7, 2674963)]"
8236 "[(67, 1, 6254), (1184, 4, 198551), (1698, 1, 318409), (659, 5, 696381), (1397, 1, 709904), (158, 7, 1760564)]"
8309 "[(22, 4, 9934), (4085, 7, 1997767)]"
8320 "[(80, 7, 11996), (22, 4, 57293), (22, 4, 57310), (80, 7, 63695), (80, 7, 64553), (80, 7, 64585), (80, 7, 73844), (68, 7, 149779), (1167, 4, 191581), (80, 7, 248818), (68, 7, 260728), (67, 1, 330046), (713, 1, 341052), (1042, 4, 432039), (17, 1, 591771), (552, 2, 665477), (17, 1, 676229), (3482, 3, 772280), (80, 7, 1896946), (80, 7, 2283397)]"
110 "[(8302, 7, 12681), (8314, 5, 2074523)]"
165 "[(8261, 1, 20232), (8694, 5, 261128), (8694, 5, 261155), (8694, 5, 261180), (8694, 5, 261195), (8694, 5, 261232), (8694, 5, 261262), (8694, 5, 261299), (8694, 5, 261325), (8694, 5, 266176), (8694, 5, 272351), (8694, 5, 272385), (8623, 2, 676121), (8623, 2, 676181), (8623, 2, 676291), (8623, 2, 676402), (8623, 2, 676455), (8249, 3, 841280), (8249, 3, 841314), (8249, 3, 841356), (8249, 3, 841380), (8249, 3, 841392), (8249, 3, 841468), (8249, 3, 1221328), (8249, 3, 1221453), (8249, 3, 1221578), (8249, 3, 1221751), (8249, 3, 1221867), (8249, 3, 1221892), (8249, 3, 1221940), (8249, 3, 1222276), (8249, 3, 1222300), (8249, 3, 1222340), (8249, 3, 1222374), (8249, 3, 2153668), (8249, 3, 2153726), (8249, 3, 2153772), (8740, 2, 2587443), (8740, 2, 2587461)]"
207 "[(8294, 3, 26296), (8298, 4, 228749), (8294, 3, 1236324), (8429, 7, 1314558)]"
233 "[(8339, 3, 32675), (8235, 1, 32718), (8385, 2, 32801), (8291, 2, 33454), (8530, 7, 113374), (8258, 0, 114480), (8238, 4, 115074), (8334, 2, 115106), (8518, 3, 116338), (8444, 1, 116404), (8509, 4, 116698), (8350, 3, 116757), (8229, 4, 118968), (8417, 1, 280500), (8321, 1, 280722), (8412, 5, 280742), (8253, 7, 280810), (8346, 1, 281150), (8611, 4, 281729), (8620, 7, 281828), (8557, 7, 281939), (8422, 0, 282941), (8257, 5, 282951), (8385, 2, 282985), (8692, 0, 283067), (8433, 7, 283737), (8276, 3, 284225), (8426, 1, 284466), (8444, 1, 284483), (8453, 4, 285212), (8755, 2, 285323), (8573, 3, 285372), (8748, 7, 285638), (8735, 7, 285651), (8251, 1, 285898), (8593, 1, 286149), (8523, 0, 286297), (8654, 1, 286488), (8483, 2, 364770), (8549, 5, 364775), (8789, 1, 364787), (8762, 7, 364825), (8811, 0, 364855), (8458, 2, 365139), (8374, 1, 365385), (8463, 5, 367592), (8805, 7, 367660), (8244, 0, 368014), (8692, 0, 368092), (8835, 7, 368197), (8596, 7, 368247), (8484, 7, 368361), (8510, 7, 368434), (8822, 1, 368838), (8622, 5, 368885), (8755, 2, 369232), (8792, 0, 370047), (8491, 4, 370050), (8446, 4, 370482), (8453, 4, 370533), (8530, 7, 370625), (8546, 7, 372712), (8301, 3, 373731), (8389, 0, 373865), (8619, 7, 374583), (8483, 2, 451871), (8546, 7, 452020), (8253, 7, 452148), (8275, 5, 452161), (8500, 7, 452293), (8856, 3, 452500), (8363, 5, 452773), (8433, 7, 452780), (8430, 0, 452910), (8654, 1, 453034), (8457, 1, 453076), (8323, 1, 453110), (8855, 3, 453545), (8257, 5, 453570), (8781, 2, 453807), (8643, 7, 453889), (8510, 7, 453979), (8545, 7, 454000), (8661, 7, 454450), (8848, 0, 454475), (8631, 3, 454548), (8438, 7, 454585), (8592, 4, 454655), (8755, 2, 454927), (8798, 0, 456369), (8760, 0, 456732), (8734, 2, 456800), (8385, 2, 460443), (8514, 4, 461037), (8875, 7, 461072), (8469, 2, 461136), (8505, 4, 461523), (8285, 2, 538301), (8863, 7, 539254), (8262, 2, 539385), (8365, 2, 540180), (8828, 7, 540253), (8643, 7, 540349), (8537, 3, 540660), (8373, 7, 540724), (8875, 7, 540729), (8886, 5, 540870), (8848, 0, 541027), (8243, 2, 541505), (8763, 3, 541556), (8755, 2, 542147), (8846, 5, 542231), (8611, 4, 542268), (8401, 1, 543472), (8639, 4, 544659), (8331, 7, 545051), (8435, 1, 545192), (8444, 1, 545228), (8315, 7, 545289), (8633, 1, 545443), (8535, 7, 545502), (8321, 1, 616842), (8245, 5, 617616), (8276, 3, 618613), (8261, 1, 618702), (8471, 1, 618930), (8535, 7, 623736), (8816, 3, 624275), (8546, 7, 624301), (8643, 7, 624631), (8750, 3, 624757), (8510, 7, 624779), (8787, 0, 624825), (8237, 7, 625629), (8343, 1, 625869), (8330, 0, 626283), (8635, 0, 626302), (8545, 7, 626501), (8235, 1, 626753), (8302, 7, 711963), (8970, 1, 711967), (8965, 7, 713638), (8294, 3, 713821), (8347, 3, 714087), (8936, 1, 714563), (8438, 7, 715110), (8750, 3, 715349), (8510, 7, 715368), (8932, 1, 715519), (8267, 7, 715615), (8614, 0, 716947), (8886, 5, 717015), (8717, 0, 717101), (8887, 7, 717145), (8755, 2, 717462), (8698, 0, 717561), (8815, 7, 717756), (8644, 1, 717760), (8271, 1, 717818), (8235, 1, 717838), (8640, 7, 717959), (8464, 4, 718001), (8942, 7, 718285), (8805, 7, 718785), (8809, 1, 718980), (8948, 0, 721283), (8444, 1, 721342), (8633, 1, 721501), (8535, 7, 721546), (9001, 4, 805202), (8433, 7, 805225), (8438, 7, 805260), (8328, 5, 805298), (8966, 7, 805310), (9003, 3, 805380), (8990, 2, 806915), (9001, 4, 807244), (8433, 7, 807270), (8536, 2, 807982), (8396, 5, 808207), (8965, 7, 808231), (9004, 5, 808242), (8244, 0, 808532), (8447, 7, 808589), (8461, 1, 808669), (8643, 7, 808735), (8842, 7, 808784), (8267, 7, 808925), (8886, 5, 809521), (8887, 7, 809640), (8640, 7, 809843), (8978, 2, 809893), (8739, 1, 810214), (8564, 0, 810238), (8635, 0, 810244), (8905, 2, 810269), (8237, 7, 810807), (8966, 7, 810826), (8471, 1, 810888), (8240, 5, 811488), (9000, 1, 813989), (8989, 0, 882436), (8438, 7, 882512), (8927, 2, 884572), (8387, 1, 884786), (8965, 7, 885235), (8671, 0, 885928), (8610, 7, 885993), (8812, 7, 886028), (9006, 1, 886169), (8928, 2, 886256), (8510, 7, 886280), (9012, 1, 886407), (9013, 3, 886888), (8548, 5, 887025), (8755, 2, 887094), (8700, 0, 887444), (8805, 7, 887522), (8941, 3, 887562), (8274, 1, 887619), (8521, 2, 887809), (9018, 3, 888098), (9006, 1, 970408), (8989, 0, 970611), (8721, 7, 971809), (8483, 2, 971880), (8602, 4, 971997), (9039, 0, 973005), (8588, 7, 973081), (8479, 2, 973136), (8447, 7, 973172), (8727, 5, 973204), (8812, 7, 973252), (9033, 0, 973299), (8510, 7, 973498), (8940, 3, 973525), (8267, 7, 973708), (8438, 7, 974240), (8414, 3, 974291), (8824, 1, 974536), (8312, 4, 974931), (8623, 2, 975034), (8927, 2, 975804), (8315, 7, 1057136), (8687, 5, 1058027), (8734, 2, 1058196), (8540, 4, 1058753), (8855, 3, 1058755), (8510, 7, 1059034), (8873, 1, 1059182), (8887, 7, 1059369), (8640, 7, 1059554), (8619, 7, 1059650), (8970, 1, 1059678), (8440, 1, 1060084), (8278, 4, 1060973), (8387, 1, 1060983), (8771, 5, 1061313), (8338, 1, 1144228), (8990, 2, 1146388), (8339, 3, 1146415), (9068, 5, 1149275), (8280, 0, 1150264), (8798, 0, 1150611), (9049, 1, 1150719), (8917, 3, 1150739), (8812, 7, 1151675), (8510, 7, 1151898), (9053, 1, 1152471), (8806, 4, 1152508), (8343, 1, 1152511), (8696, 4, 1153126), (9065, 0, 1153305), (8985, 2, 1153424), (9045, 0, 1153427), (8866, 4, 1153476), (9082, 7, 1230939), (8812, 7, 1230950), (9059, 4, 1231009), (9059, 4, 1231847), (8401, 1, 1231871), (8700, 0, 1231881), (8952, 7, 1231889), (8335, 5, 1232455), (8855, 3, 1232818), (8585, 7, 1232834), (8727, 5, 1232925), (9033, 0, 1233024), (8510, 7, 1233230), (8771, 5, 1233517), (8780, 0, 1233554), (8661, 7, 1233655), (9053, 1, 1233958), (8571, 0, 1234208), (8792, 0, 1234225), (8579, 2, 1234391), (9045, 0, 1234706), (8453, 4, 1234718), (8347, 3, 1234774), (8517, 0, 1235099), (9083, 4, 1235186), (8272, 0, 1239619), (8411, 5, 1239809), (8255, 7, 1240378), (9045, 0, 1240416), (8429, 7, 1240447), (8331, 7, 1241864), (8875, 7, 1313737), (8387, 1, 1314153), (8736, 0, 1314716), (8963, 4, 1314995), (9027, 3, 1315476), (8940, 3, 1315504), (8470, 3, 1315867), (8668, 3, 1315871), (9018, 3, 1315899), (8370, 4, 1315903), (8952, 7, 1315921), (8887, 7, 1316004), (8734, 2, 1316028), (9095, 0, 1316143), (8847, 2, 1316162), (8587, 1, 1316209), (9086, 3, 1319344), (8564, 0, 1319352), (8483, 2, 1319361), (8314, 5, 1319656), (8374, 1, 1321157), (9031, 7, 1321454), (8983, 4, 1325912), (8358, 5, 1326471), (8798, 0, 1409932), (9102, 4, 1409962), (8516, 3, 1410815), (8257, 5, 1411274), (8993, 0, 1413420), (9049, 1, 1415157), (8555, 4, 1416278), (9092, 2, 1416418), (8812, 7, 1416438), (8510, 7, 1416680), (8690, 0, 1416695), (8267, 7, 1416839), (8992, 0, 1416902), (8771, 5, 1416990), (9106, 2, 1417053), (9103, 4, 1417188), (8736, 0, 1417221), (8438, 7, 1417327), (8471, 1, 1417696), (8270, 7, 1418704), (8470, 3, 1418730), (8515, 2, 1418828), (8515, 2, 1465605), (8603, 7, 1489350), (8855, 3, 1489480), (8401, 1, 1490748), (8685, 4, 1490761), (9049, 1, 1491312), (9120, 3, 1491329), (9072, 7, 1491604), (8812, 7, 1491789), (8545, 7, 1492055), (8334, 2, 1492122), (8267, 7, 1492233), (8952, 7, 1492486), (8819, 2, 1492594), (8438, 7, 1492710), (9068, 5, 1492714), (8454, 5, 1492831), (8517, 0, 1494716), (8367, 1, 1494723), (9089, 3, 1494732), (8385, 2, 1494739), (8856, 3, 1494830), (8780, 0, 1494938), (9103, 4, 1494964), (8292, 5, 1495072), (8295, 3, 1495083), (8606, 7, 1495116), (8347, 3, 1495120), (9126, 4, 1495443), (9088, 7, 1495507), (8444, 1, 1495594), (8406, 5, 1496104), (8611, 4, 1496216), (8648, 1, 1575061), (8314, 5, 1575655), (8385, 2, 1576281), (8724, 4, 1576304), (8952, 7, 1576346), (9129, 7, 1576490), (8632, 7, 1577430), (8479, 2, 1577469), (8290, 5, 1577485), (8365, 2, 1577575), (8778, 5, 1577806), (9145, 0, 1577810), (8235, 1, 1578140), (8754, 7, 1578282), (8887, 7, 1578298), (8438, 7, 1578389), (9053, 1, 1578531), (8763, 3, 1578776), (8731, 5, 1578944), (8806, 4, 1579450), (8616, 0, 1579486), (9059, 4, 1579547), (8969, 2, 1579624), (8812, 7, 1579675), (9107, 2, 1580724), (8292, 5, 1585778), (8321, 1, 1661009), (8927, 2, 1661076), (8374, 1, 1661205), (8452, 7, 1661949), (8904, 4, 1662022), (8662, 0, 1662172), (8951, 5, 1662212), (8801, 4, 1662708), (8479, 2, 1662769), (8878, 7, 1662794), (9142, 3, 1662851), (8944, 7, 1663063), (9145, 0, 1663177), (8510, 7, 1663225), (8952, 7, 1663682), (8619, 7, 1664177), (8387, 1, 1664563), (8828, 7, 1664604), (8252, 2, 1664810), (9155, 5, 1666010), (8331, 7, 1666025), (8470, 3, 1666036), (8386, 7, 1666201), (9004, 5, 1748129), (9038, 1, 1748191), (8944, 7, 1748557), (8755, 2, 1748600), (8998, 1, 1748605), (8894, 7, 1749220), (8424, 7, 1749498), (9100, 3, 1749567), (8384, 1, 1749641), (8298, 4, 1749647), (9167, 1, 1749773), (9151, 7, 1749962), (8347, 3, 1750145), (9111, 7, 1750379), (8470, 3, 1750456), (8837, 4, 1750485), (8687, 5, 1750535), (9072, 7, 1750747), (8812, 7, 1751642), (9148, 2, 1751688), (8433, 7, 1751755), (8898, 0, 1835158), (8707, 0, 1836113), (8290, 5, 1836165), (8644, 1, 1837020), (8387, 1, 1837116), (8754, 7, 1837222), (9049, 1, 1837648), (9092, 2, 1837895), (8510, 7, 1838120), (8875, 7, 1838386), (8887, 7, 1838617), (9077, 2, 1838870), (8755, 2, 1838995), (8244, 0, 1839174), (8990, 2, 1839179), (8628, 1, 1839294), (8995, 4, 1839442), (9136, 0, 1839656), (8605, 0, 1841179), (9004, 5, 1841214), (8331, 7, 1847493), (8402, 4, 1847633), (8258, 0, 1921351), (8350, 3, 1921564), (8990, 2, 1922418), (9176, 7, 1922464), (8671, 0, 1922798), (8382, 0, 1922804), (8479, 2, 1922849), (9092, 2, 1922930), (9133, 5, 1923115), (9099, 1, 1923158), (8510, 7, 1923185), (9151, 7, 1923830), (8603, 7, 1923844), (8964, 3, 1923852), (9177, 2, 1923856), (8970, 1, 1923889), (8292, 5, 1924508), (8812, 7, 1924656), (9168, 5, 1925388), (9166, 3, 1925640), (9100, 3, 1930981), (9031, 7, 2011868), (9189, 7, 2011893), (8964, 3, 2012023), (9189, 7, 2012214), (8319, 5, 2012748), (8270, 7, 2012839), (9045, 0, 2012865), (8386, 7, 2013236), (8801, 4, 2013889), (9184, 0, 2013893), (8291, 2, 2014165), (9100, 3, 2014390), (8426, 1, 2014448), (8968, 7, 2014671), (9097, 7, 2014798), (8367, 1, 2014870), (8645, 1, 2014876), (8285, 2, 2015103), (9106, 2, 2015143), (9190, 7, 2015163), (9091, 7, 2015283), (9001, 4, 2015432), (8917, 3, 2016084), (9194, 7, 2094201), (8258, 0, 2094310), (9077, 2, 2094349), (9023, 1, 2094933), (8369, 0, 2095796), (8650, 0, 2095928), (8562, 4, 2096572), (9085, 3, 2096772), (8762, 7, 2097036), (8434, 7, 2097119), (9013, 3, 2097252), (8343, 1, 2097298), (8433, 7, 2097499), (8306, 1, 2097679), (8458, 2, 2097701), (9092, 2, 2180823), (8499, 0, 2183585), (9204, 4, 2183672), (8592, 4, 2183788), (8284, 0, 2184944), (8823, 2, 2184952), (9202, 5, 2185550), (9068, 5, 2185734), (8426, 1, 2185858), (8402, 4, 2185999), (8389, 0, 2186343), (8451, 0, 2266764), (8480, 7, 2266933), (8998, 1, 2267275), (8447, 7, 2267409), (9202, 5, 2267858), (8267, 7, 2267882), (8247, 7, 2267935), (8590, 7, 2268621), (8625, 1, 2268883), (8879, 4, 2268923), (9118, 7, 2269414), (8937, 3, 2269801), (8435, 1, 2353460), (9092, 2, 2354200), (8701, 2, 2354316), (8510, 7, 2355546), (8956, 0, 2355767), (8444, 1, 2356034), (8631, 3, 2356083), (8617, 7, 2356106), (8939, 2, 2356124), (8807, 0, 2356217), (8545, 7, 2357024), (8853, 0, 2440150), (8940, 3, 2440220), (8993, 0, 2440249), (8270, 7, 2440490), (8275, 5, 2440985), (8611, 4, 2441705), (9137, 0, 2441714), (8491, 4, 2445052), (8365, 2, 2445205), (9194, 7, 2445369), (8510, 7, 2445418), (8545, 7, 2445453), (8940, 3, 2445457), (8875, 7, 2445734), (8306, 1, 2446250), (8347, 3, 2446502), (8483, 2, 2447470), (8758, 7, 2447669), (8780, 0, 2447731), (9222, 7, 2447750), (8590, 7, 2448334), (9164, 7, 2448340), (9133, 5, 2448421), (8771, 5, 2448765), (8496, 5, 2527966), (8497, 5, 2527976), (9049, 1, 2528006), (8504, 2, 2528158), (9004, 5, 2528431), (9049, 1, 2528755), (9045, 0, 2528889), (8471, 1, 2528895), (8372, 5, 2528957), (8731, 5, 2529274), (8686, 1, 2529824), (9166, 3, 2530052), (8264, 5, 2530507), (9090, 3, 2530631), (8267, 7, 2530695), (9197, 2, 2530829), (9164, 7, 2531006), (8476, 3, 2531304), (8881, 2, 2531311), (8816, 3, 2531528)]"
8423 "[(261, 1, 35682), (420, 7, 59581), (420, 7, 59676), (420, 7, 59841), (432, 5, 60619), (432, 5, 60934), (331, 5, 60959), (331, 5, 61356), (331, 5, 61406), (466, 7, 63593), (470, 7, 64053), (471, 5, 64218), (471, 5, 64277), (116, 2, 64397), (499, 2, 66727), (499, 2, 66765), (508, 4, 67755), (508, 4, 67889), (511, 7, 67917), (508, 4, 68238), (508, 4, 68293), (261, 1, 68343), (518, 0, 68348), (261, 1, 68376), (517, 1, 68660), (517, 1, 68662), (539, 5, 71389), (543, 5, 71534), (558, 5, 73198), (374, 5, 73476), (563, 3, 73675), (68, 7, 76041), (68, 7, 79594), (614, 2, 80647), (68, 7, 87042), (710, 2, 100159), (739, 0, 105669), (761, 5, 109583), (761, 5, 109622), (68, 7, 137210), (892, 3, 140252), (1793, 3, 401170), (1793, 3, 404319), (423, 2, 681330), (3871, 1, 1093167), (3871, 1, 1094525), (1970, 3, 1176439), (4085, 7, 1222842), (383, 3, 2062771), (4085, 7, 2546431), (5168, 3, 2606077), (45, 3, 2616618), (2943, 2, 2653180)]"
8405 "[(40, 0, 36339), (3249, 7, 1364835), (782, 1, 1537064)]"
8318 "[(17, 1, 37052), (423, 2, 59854), (695, 2, 245484), (429, 5, 297206), (1866, 4, 367928), (2098, 2, 425498), (2200, 1, 439873), (17, 1, 519929), (2545, 3, 523920), (695, 2, 580909), (1970, 3, 757695), (995, 2, 763979), (17, 1, 766357), (68, 7, 777361), (350, 5, 908010), (1635, 5, 910858), (3715, 7, 1001348), (3871, 1, 1105810), (497, 7, 1188173), (17, 1, 1262916), (319, 5, 1315999), (4016, 7, 1519458), (1866, 4, 1651479), (1044, 4, 2030461), (17, 1, 2268685), (319, 5, 2308264), (1999, 4, 2367889), (1820, 4, 2396372), (1820, 4, 2399944), (17, 1, 2449659), (3871, 1, 2546632), (1820, 4, 2676693)]"
296 "[(8302, 7, 41910), (8302, 7, 42002), (8302, 7, 42082), (8302, 7, 43196), (8302, 7, 43270), (8302, 7, 53927), (8302, 7, 54144)]"
8428 "[(68, 7, 50991), (40, 0, 1931051)]"
385 "[(8433, 7, 55360), (8457, 1, 253062), (8408, 7, 253184), (9124, 2, 2501143), (8573, 3, 2502526)]"
8468 "[(401, 4, 57016), (401, 4, 196804), (2200, 1, 433639), (68, 7, 578617)]"
426 "[(8411, 5, 60270), (8372, 5, 61108), (8295, 3, 599956)]"
8503 "[(26, 5, 60590), (3349, 3, 1069295)]"
433 "[(8285, 2, 60942), (8652, 2, 136552), (8652, 2, 137339), (8652, 2, 149777)]"
437 "[(8355, 2, 61091), (8355, 2, 61266), (8355, 2, 156423), (8766, 0, 263402), (8766, 0, 269954), (8295, 3, 497178), (8355, 2, 517748), (8529, 3, 680196), (8355, 2, 682592), (8264, 5, 685735), (8477, 3, 685877), (8477, 3, 687586), (8264, 5, 688035), (8766, 0, 924652), (8778, 5, 1361688), (8778, 5, 1376437), (8778, 5, 1548685), (9071, 5, 1549082), (9071, 5, 1549830), (9071, 5, 1549954), (8778, 5, 1551731), (8778, 5, 1558435), (8778, 5, 1566466), (8778, 5, 1566705), (8778, 5, 1567639), (9071, 5, 1613003), (9071, 5, 1617589), (8778, 5, 1617671), (8778, 5, 1638374), (8778, 5, 1638901), (8778, 5, 1644018), (8778, 5, 1644256), (8778, 5, 1650863), (8778, 5, 1710967), (8778, 5, 1721594), (8778, 5, 1723631), (8778, 5, 1724297), (8766, 0, 1742574), (9140, 7, 1800234), (9140, 7, 1800283), (8778, 5, 1805070), (9140, 7, 1914706), (8778, 5, 1960660), (8778, 5, 2060518), (8778, 5, 2178645), (9071, 5, 2178887), (8766, 0, 2256588), (8766, 0, 2306879), (9071, 5, 2395676), (9071, 5, 2395708), (9071, 5, 2395892), (9071, 5, 2397473), (9071, 5, 2397557), (9071, 5, 2397727)]"
461 "[(8419, 3, 63240), (8419, 3, 925118), (8419, 3, 1101918), (8419, 3, 1178458), (8419, 3, 1254339), (8419, 3, 1269312), (8419, 3, 2386947), (8419, 3, 2468856), (8419, 3, 2665141)]"
477 "[(8263, 2, 64628), (8339, 3, 720686), (8339, 3, 720713), (8339, 3, 803927), (8339, 3, 803971), (8339, 3, 804042), (8339, 3, 804136), (8339, 3, 809331), (8453, 4, 932942), (8453, 4, 932966), (8467, 4, 1590777), (9071, 5, 1829949), (9168, 5, 1912145), (9168, 5, 1989584), (8476, 3, 2409462), (8476, 3, 2409479), (8476, 3, 2551093), (9224, 5, 2641634)]"
487 "[(8411, 5, 65417), (8372, 5, 127948), (8372, 5, 127979), (8372, 5, 128080), (8633, 1, 432470), (8411, 5, 640966), (8411, 5, 1705721), (8411, 5, 2129048), (8411, 5, 2129157)]"
8241 "[(483, 2, 66998), (695, 2, 594841), (2968, 7, 621964), (3036, 0, 643717), (3036, 0, 643813), (1804, 2, 678535), (3183, 4, 685956), (1397, 1, 688835), (1959, 2, 715070), (3183, 4, 760240), (3183, 4, 760634), (284, 7, 829699), (3567, 5, 835287), (1804, 2, 842156), (1804, 2, 842319), (483, 2, 871549), (1959, 2, 902855), (1959, 2, 939175), (732, 3, 1020189), (45, 3, 1028586), (761, 5, 1055165), (732, 3, 1091750), (732, 3, 1091848), (731, 4, 1100054), (2093, 7, 1187237), (423, 2, 1194666), (4835, 3, 1198015), (22, 4, 1208323), (22, 4, 1208426), (732, 3, 1219229), (1804, 2, 1255893), (1804, 2, 1256226), (1804, 2, 1257265), (732, 3, 1271203), (732, 3, 1271304), (732, 3, 1271439), (187, 4, 1273079), (3108, 1, 1274521), (3108, 1, 1274525), (732, 3, 1277050), (732, 3, 1277150), (68, 7, 1278025), (483, 2, 1283759), (483, 2, 1283856), (483, 2, 1284398), (483, 2, 1284536), (483, 2, 1284624), (732, 3, 1292692), (2429, 4, 1294410), (2429, 4, 1294453), (732, 3, 1299189), (732, 3, 1299272), (1959, 2, 1385121), (1959, 2, 1389759), (1959, 2, 1389850), (1959, 2, 1389903), (1959, 2, 1390217), (1959, 2, 1390313), (1959, 2, 1392781), (1959, 2, 1392884), (731, 4, 1396602), (731, 4, 1396812), (483, 2, 1462832), (483, 2, 1462860), (483, 2, 1463022), (1959, 2, 1467999), (1959, 2, 1468091), (1959, 2, 1468321), (6464, 7, 1826455), (5083, 0, 1875461), (5083, 0, 1875573), (5083, 0, 1875689), (5083, 0, 1875859), (2181, 2, 2159849), (1959, 2, 2361678), (1959, 2, 2361720), (1959, 2, 2361919), (68, 7, 2505211)]"
537 "[(8520, 3, 71270), (8470, 3, 135319), (8660, 1, 217139), (8278, 4, 230884), (8805, 7, 317096), (8805, 7, 317154), (8762, 7, 319296), (8762, 7, 319358), (8805, 7, 321374), (8805, 7, 379291), (8629, 7, 381199), (8242, 3, 385827), (8622, 5, 387284), (8484, 7, 408146), (8481, 0, 510385), (8661, 7, 640715), (8301, 3, 660046), (8640, 7, 660785), (8959, 3, 740606), (8656, 1, 740751), (8990, 2, 741685), (8631, 3, 827175), (8332, 4, 896635), (8640, 7, 918941), (8545, 7, 919517), (8286, 7, 982750), (8762, 7, 984506), (8471, 1, 1090670), (8470, 3, 1112800), (9045, 0, 1157654), (9045, 0, 1157720), (8948, 0, 1160300), (9019, 3, 1242597), (9053, 1, 1244090), (8401, 1, 1448172), (8331, 7, 1609276), (9159, 0, 1674012), (8368, 1, 1696915), (8640, 7, 1704589), (8470, 3, 1945564), (8906, 3, 1958624), (8906, 3, 1958782), (8861, 3, 2053892), (9181, 5, 2065951), (9118, 7, 2279320), (8592, 4, 2317235), (8295, 3, 2365526), (9190, 7, 2453462), (9190, 7, 2453856), (9190, 7, 2453890), (9190, 7, 2453950), (8508, 0, 2664892)]"
541 "[(8544, 1, 71418), (8544, 1, 71470), (8544, 1, 71565), (8544, 1, 71672), (8411, 5, 1023381), (8411, 5, 1023578), (8466, 1, 2472011), (8772, 7, 2628548), (8257, 5, 2649147)]"
8554 "[(532, 1, 75957), (17, 1, 277089), (17, 1, 675486), (3144, 3, 676096), (17, 1, 935577), (68, 7, 1623782), (6549, 5, 1878937), (611, 1, 1900010), (532, 1, 2596492)]"
119 "[(8411, 5, 78389), (8936, 1, 593957), (8936, 1, 594008), (8936, 1, 594053), (8936, 1, 594093), (8936, 1, 594125), (8936, 1, 594152), (8936, 1, 594686), (8936, 1, 594712), (8936, 1, 594823), (8936, 1, 594880), (8936, 1, 594893), (8936, 1, 594912), (8936, 1, 594977), (8936, 1, 595008), (8411, 5, 595040), (8936, 1, 623499), (8411, 5, 679027), (8633, 1, 967064), (8411, 5, 1267112), (8411, 5, 1385829), (9096, 7, 1478663), (9096, 7, 1478735), (9096, 7, 1478759), (9096, 7, 1478866), (9096, 7, 1479481), (9096, 7, 1535856), (9096, 7, 1540467), (9071, 5, 1548925), (8411, 5, 1607960), (8411, 5, 1660859), (8411, 5, 1661075), (9167, 1, 1704738), (9167, 1, 1704755), (8411, 5, 2062873), (8887, 7, 2085180), (8887, 7, 2085223), (8887, 7, 2085263), (8887, 7, 2085316), (8887, 7, 2085445), (8887, 7, 2085470), (8887, 7, 2086134), (8887, 7, 2086191), (8887, 7, 2086291), (8887, 7, 2086434), (8887, 7, 2087126), (8887, 7, 2087417), (8887, 7, 2087460), (8887, 7, 2087566), (8887, 7, 2088368), (8411, 5, 2126427), (8668, 3, 2270109), (8668, 3, 2270206), (8668, 3, 2270233), (8668, 3, 2270526), (8668, 3, 2270554), (8668, 3, 2270614), (8668, 3, 2270782), (8668, 3, 2270876), (8668, 3, 2271158), (8668, 3, 2271420), (8668, 3, 2271638), (8668, 3, 2271749), (8668, 3, 2271799), (8668, 3, 2271848), (8668, 3, 2271931), (8668, 3, 2272101), (8668, 3, 2272150), (8668, 3, 2272267), (8668, 3, 2272312), (8668, 3, 2272374), (8668, 3, 2272421), (8668, 3, 2272485), (8411, 5, 2516467), (8668, 3, 2572448), (8668, 3, 2572608), (8887, 7, 2585129), (8887, 7, 2585180), (8887, 7, 2585328), (8887, 7, 2585409), (8668, 3, 2640960), (8668, 3, 2641006), (8668, 3, 2641065), (8887, 7, 2642863), (8887, 7, 2643087)]"
8400 "[(68, 7, 84865), (68, 7, 1282691), (40, 0, 1926585), (1003, 1, 1959861), (68, 7, 1976420)]"
8582 "[(614, 2, 86411), (506, 2, 255991), (713, 1, 351151), (506, 2, 481332), (506, 2, 481399), (1013, 4, 510816), (2526, 1, 520495), (2526, 1, 520738), (2526, 1, 520849), (506, 2, 555375), (506, 2, 640877), (2571, 5, 678034), (2571, 5, 678521), (2571, 5, 679772), (983, 3, 686674), (1363, 4, 767632), (3774, 3, 873869), (2571, 5, 874820), (1066, 2, 878452), (1066, 2, 878903), (1066, 2, 888056), (506, 2, 906590), (506, 2, 915667), (506, 2, 937566), (1363, 4, 992202), (506, 2, 992424), (1363, 4, 1037304), (506, 2, 1074578), (506, 2, 1165877), (1363, 4, 1183167), (2216, 4, 1210049), (506, 2, 1210213), (1066, 2, 1362101), (1066, 2, 1362259), (506, 2, 1775861), (506, 2, 1935185), (506, 2, 2327564), (6945, 4, 2406721), (2567, 2, 2564278)]"
8591 "[(22, 4, 95449), (691, 1, 95579), (125, 1, 96076), (80, 7, 106368), (979, 5, 153368), (1189, 1, 199972), (483, 2, 277077), (996, 7, 329492), (996, 7, 329644), (996, 7, 329851), (996, 7, 329904), (1959, 2, 378380), (17, 1, 399642), (483, 2, 399882), (2196, 7, 434348), (2624, 1, 545451), (17, 1, 545464), (2028, 1, 572769), (2028, 1, 573165), (423, 2, 696122), (1397, 1, 945891), (483, 2, 1026237), (3716, 4, 1056229), (167, 1, 1267714), (1004, 1, 1470492), (80, 7, 1471808), (4063, 4, 1531888), (5958, 7, 1614348), (161, 3, 1644995), (161, 3, 1645135), (161, 3, 1646089), (161, 3, 1648254), (161, 3, 1650635), (161, 3, 1650746), (4164, 0, 1677898), (4186, 4, 1721207), (4164, 0, 1735684), (125, 1, 1744956), (4634, 7, 1800082), (695, 2, 1894472), (1856, 7, 1954860), (3930, 7, 1958890), (1663, 4, 1969487), (1663, 4, 1970540), (17, 1, 1973951), (1663, 4, 1974416), (772, 2, 1974511), (483, 2, 1981669), (532, 1, 2008038), (772, 2, 2059442), (4634, 7, 2077183), (2196, 7, 2081367), (17, 1, 2133305), (92, 1, 2147268), (1343, 2, 2173298), (1343, 2, 2173409), (3699, 4, 2233598), (4076, 5, 2242297), (6442, 2, 2318439), (695, 2, 2328548), (4538, 4, 2342532), (1829, 7, 2425555), (130, 3, 2428344), (130, 3, 2428560), (80, 7, 2582214), (80, 7, 2582574), (80, 7, 2582622), (130, 3, 2583430), (1885, 5, 2609992), (5720, 1, 2642718), (68, 7, 2664822), (143, 3, 2670788)]"
749 "[(8606, 7, 107006), (8447, 7, 254218), (8623, 2, 697548), (8498, 7, 712832), (8904, 4, 849069), (9006, 1, 874460), (8742, 1, 1055085), (8807, 0, 1240928), (8623, 2, 1313130), (8684, 0, 1917532), (9155, 5, 1921966), (9167, 1, 1973291), (8347, 3, 2003971), (8623, 2, 2178172), (8433, 7, 2515658), (8611, 4, 2517291)]"
8607 "[(742, 1, 107196), (742, 1, 107266), (742, 1, 107342), (742, 1, 107396), (246, 7, 654480), (608, 7, 2024515), (1726, 7, 2137993)]"
8608 "[(744, 7, 107597), (68, 7, 1697739), (68, 7, 1701758), (68, 7, 1718811), (4085, 7, 1738339), (4085, 7, 1939064), (68, 7, 2126685), (68, 7, 2145673), (4085, 7, 2169554), (68, 7, 2358073)]"
8441 "[(68, 7, 115037), (1059, 5, 166292), (1059, 5, 166335), (1059, 5, 166373), (1176, 0, 196426), (2578, 1, 530985), (2578, 1, 531036), (2578, 1, 580302), (2578, 1, 580566), (2578, 1, 583441), (2578, 1, 617031), (402, 5, 689641), (402, 5, 689716), (402, 5, 690188), (402, 5, 690433), (3819, 3, 2077040), (6646, 3, 2083006), (6646, 3, 2083026), (2055, 5, 2093220)]"
8522 "[(40, 0, 117105)]"
8534 "[(73, 0, 117372), (1317, 5, 228689), (659, 5, 268963), (40, 0, 369456), (1277, 7, 727508), (1277, 7, 727578), (40, 0, 811379), (3681, 7, 844766), (40, 0, 1495167), (4085, 7, 1755254), (40, 0, 1837839)]"
8552 "[(845, 1, 128748), (1206, 2, 205258), (1206, 2, 210455), (2063, 2, 404025), (1206, 2, 752972), (1206, 2, 821502), (1206, 2, 821633), (1206, 2, 928847), (1206, 2, 928875), (1206, 2, 988626), (1206, 2, 988668), (1206, 2, 1010961), (1206, 2, 1011013), (1206, 2, 1011094), (1206, 2, 1011142), (1206, 2, 1011289), (1206, 2, 1011338), (1206, 2, 1011382), (1206, 2, 1034767), (1206, 2, 1075202), (611, 1, 1325615), (1206, 2, 1332274), (1206, 2, 1339584), (1726, 7, 1458033), (1206, 2, 1505338), (4085, 7, 2644290), (1206, 2, 2646542)]"
867 "[(8622, 5, 134532), (8633, 1, 175227), (8633, 1, 175277), (8633, 1, 256426), (8633, 1, 341588), (8633, 1, 408878), (8633, 1, 408885), (8887, 7, 493825), (8339, 3, 686897), (8402, 4, 1207014), (8575, 1, 1378366), (8411, 5, 1424047), (8411, 5, 1424099), (8402, 4, 1436519), (9113, 1, 1469400), (8411, 5, 1543769), (8411, 5, 1543792), (9071, 5, 1551050), (9166, 3, 1722126), (8628, 1, 1983098), (9113, 1, 2023614), (8411, 5, 2635274)]"
421 "[(8622, 5, 138670), (8622, 5, 138697), (8339, 3, 851377), (8339, 3, 854917), (8339, 3, 858821), (8339, 3, 861567), (8339, 3, 865580), (8339, 3, 933035), (8339, 3, 933217), (8339, 3, 934679), (8339, 3, 935796), (8339, 3, 936074), (8339, 3, 939955), (8339, 3, 960539), (8339, 3, 1123072), (9089, 3, 1283328), (9089, 3, 1291407), (9089, 3, 1291565), (9089, 3, 1292666), (9089, 3, 1295412), (9089, 3, 1295479), (9089, 3, 1344867), (9089, 3, 1345011), (8339, 3, 1359495), (8339, 3, 1359747), (8339, 3, 1360072), (9089, 3, 1427919), (9089, 3, 1427983), (9089, 3, 1450979), (9089, 3, 1546181), (9089, 3, 1582870), (9166, 3, 1788797), (9166, 3, 1789248), (9166, 3, 1791107), (9166, 3, 1892545), (8510, 7, 2305126)]"
913 "[(8667, 0, 143745), (8643, 7, 297703), (8957, 1, 1810125), (8270, 7, 1938357)]"
900 "[(8360, 0, 148852), (9026, 0, 1616646), (8398, 7, 2325941)]"
8672 "[(943, 3, 149635), (4390, 2, 1201501), (68, 7, 1970615), (2615, 3, 2331763), (17, 1, 2415713), (7205, 5, 2568111)]"
954 "[(8610, 7, 150828), (8424, 7, 154913), (8637, 0, 695761), (8889, 2, 785121), (8970, 1, 1129204), (8433, 7, 1309157), (9059, 4, 1309383), (8557, 7, 1310878), (8602, 4, 1311382), (8889, 2, 1433584), (8314, 5, 1742886), (8980, 1, 1914721), (8887, 7, 1962412), (9014, 0, 1972729), (8435, 1, 1972787), (8466, 1, 1972872), (9063, 0, 1978494), (8545, 7, 1989592), (8837, 4, 2075188), (8333, 4, 2076268), (8291, 2, 2095795), (9053, 1, 2428630), (8994, 5, 2429072), (8793, 7, 2429262)]"
8683 "[(1009, 7, 157861), (168, 7, 741389), (284, 7, 825534), (168, 7, 826280), (1662, 7, 907114), (284, 7, 935812), (4157, 7, 999943), (2179, 7, 1004294), (600, 4, 1020321), (4438, 7, 1074748), (4438, 7, 1075019), (22, 4, 1075060), (1046, 3, 1340483), (2176, 7, 1387924), (5521, 7, 1443292), (532, 1, 1491465), (2526, 1, 1612326), (2526, 1, 1613130), (2526, 1, 1615260), (2526, 1, 1617094), (2526, 1, 1623960), (2526, 1, 1624028), (2526, 1, 1624240), (2526, 1, 1624520), (2526, 1, 1681691), (5864, 5, 1737985), (5669, 2, 1795512), (5669, 2, 1795710), (5669, 2, 1795841), (5669, 2, 1795884), (5669, 2, 1796158), (5669, 2, 1796269), (5669, 2, 1796459), (5669, 2, 1796587), (5669, 2, 1796632), (5669, 2, 1796680), (5669, 2, 1796971), (5669, 2, 1797237), (5669, 2, 1797771), (5669, 2, 1797825), (5669, 2, 1797900), (5669, 2, 1797954), (5669, 2, 1798442), (5669, 2, 1798474), (1270, 0, 1885953), (4521, 2, 2224499), (5669, 2, 2260229), (5669, 2, 2260382), (5669, 2, 2260564), (5669, 2, 2260770), (5669, 2, 2260921), (5669, 2, 2262441), (4259, 1, 2362678), (1107, 5, 2494841), (3497, 3, 2662023), (3497, 3, 2674723)]"
799 "[(8577, 4, 160794), (8417, 1, 203846), (8385, 2, 290469), (8385, 2, 333616), (8805, 7, 679449), (8990, 2, 765437), (8990, 2, 1067855), (8990, 2, 1111096), (9136, 0, 1629814), (9136, 0, 1968331), (9023, 1, 2061840), (9023, 1, 2278492), (9047, 7, 2582297)]"
1036 "[(8273, 1, 161791), (8273, 1, 161839), (8273, 1, 161871), (8398, 7, 182378), (8398, 7, 182401), (8398, 7, 182435), (8398, 7, 182540), (8273, 1, 356671), (8373, 7, 597260), (8373, 7, 597332), (8373, 7, 597412), (8373, 7, 597435), (8373, 7, 597628), (8887, 7, 685511), (8887, 7, 685601), (8887, 7, 688052), (8887, 7, 775447), (8515, 2, 857644), (8588, 7, 949943), (8588, 7, 949982), (9078, 5, 1228427), (9078, 5, 1228462), (9078, 5, 1228487), (9078, 5, 1228565), (9078, 5, 1309935), (9078, 5, 1310666), (8887, 7, 1314968), (9045, 0, 1315205), (9045, 0, 1315278), (8952, 7, 1370656), (8952, 7, 1370715), (8251, 1, 1386965), (8590, 7, 1460888), (8590, 7, 1460931), (9135, 4, 1818454), (9166, 3, 1825807), (9166, 3, 1825915), (9166, 3, 1825969), (9166, 3, 1825990), (9166, 3, 1826093), (9166, 3, 1826230), (8734, 2, 1974144), (9168, 5, 2000813), (9077, 2, 2417513)]"
8695 "[(1013, 4, 163021), (68, 7, 1229750), (68, 7, 1477487), (2230, 1, 1529136), (4019, 4, 2004306), (4842, 3, 2497789)]"
1058 "[(8611, 4, 165779), (8763, 3, 848674), (8530, 7, 1104145), (8927, 2, 1543295), (8927, 2, 1543513), (8548, 5, 1717981), (8294, 3, 1815614), (8257, 5, 2125769), (8667, 0, 2135116), (8667, 0, 2135167), (9027, 3, 2137111), (8942, 7, 2143061), (8851, 1, 2158358), (8680, 0, 2555446)]"
8566 "[(1103, 1, 174539)]"
8720 "[(17, 1, 186869), (1594, 1, 1684367), (4085, 7, 2289944)]"
8254 "[(1176, 0, 196686), (3026, 3, 696637), (1499, 3, 723254), (1499, 3, 724120), (983, 3, 963100), (367, 7, 1530226)]"
1185 "[(8421, 3, 198690), (8466, 1, 199886), (8466, 1, 200296), (8975, 3, 710156), (8975, 3, 710657), (8975, 3, 710731), (8975, 3, 710974), (8246, 1, 720972), (8463, 5, 727485), (8781, 2, 912527), (8928, 2, 913972), (8346, 1, 1004756), (8346, 1, 1084837), (8346, 1, 1085171), (8346, 1, 1155889), (8402, 4, 1331847), (8402, 4, 1332083), (8402, 4, 1332171), (9113, 1, 1497531), (9113, 1, 1497631), (9113, 1, 1497961), (9113, 1, 1498140), (9113, 1, 1498212), (9113, 1, 1498488), (8402, 4, 1512414), (8346, 1, 1583268), (8346, 1, 1585239), (8346, 1, 1585339), (8346, 1, 1782761), (9140, 7, 1826909), (9140, 7, 1826979), (9140, 7, 1832768), (8263, 2, 2610015), (8263, 2, 2610645)]"
248 "[(8615, 2, 205677), (8615, 2, 339119), (8652, 2, 446600), (8541, 2, 451079), (8541, 2, 451179), (8652, 2, 451642), (8355, 2, 961187), (8483, 2, 1043613), (8483, 2, 1061256), (8652, 2, 1458686), (8703, 5, 1540991), (8652, 2, 1543417), (8652, 2, 1543475), (8652, 2, 1543513), (8652, 2, 1544476), (8652, 2, 1544641), (9071, 5, 1554255), (8703, 5, 1562586), (8652, 2, 1733252), (8703, 5, 1750732), (8652, 2, 1793952), (8652, 2, 1794549), (8652, 2, 1794689), (8652, 2, 2172776), (8652, 2, 2173234), (8541, 2, 2467766)]"
228 "[(8734, 2, 208977), (8588, 7, 209906), (8588, 7, 209978), (8250, 3, 2159393)]"
8745 "[(68, 7, 225674), (68, 7, 669242), (467, 3, 683816)]"
8693 "[(604, 0, 226830)]"
1284 "[(8484, 7, 228495), (9072, 7, 1159400), (9072, 7, 1159424), (9072, 7, 1171608), (9072, 7, 1174881), (9072, 7, 1337978)]"
728 "[(8622, 5, 235676), (8622, 5, 235757), (8622, 5, 235785), (8232, 5, 1473307), (8232, 5, 1475547), (8772, 7, 1535804), (8772, 7, 1535906), (8370, 4, 1547400), (8754, 7, 2016340), (8754, 7, 2016403)]"
8488 "[(1347, 7, 236071)]"
8526 "[(1350, 5, 236738), (1872, 7, 350535), (68, 7, 502140), (2551, 3, 525778), (1401, 2, 531022), (68, 7, 675935), (870, 2, 679389), (3593, 7, 816977), (772, 2, 870602), (570, 5, 873479), (983, 3, 887806), (2078, 5, 930153), (570, 5, 1029958), (570, 5, 1029994), (570, 5, 1040977), (570, 5, 1040996), (1417, 7, 1046796), (40, 0, 1062014), (3238, 4, 1117061), (870, 2, 1276608), (5091, 7, 1280313), (570, 5, 1481630), (5622, 0, 1535054), (570, 5, 1539212), (2369, 0, 1542715), (570, 5, 1547053), (2055, 5, 1602866), (2055, 5, 1602976), (3969, 7, 1702300), (826, 7, 1735034), (533, 3, 1961022), (533, 3, 1961145), (533, 3, 1962124), (533, 3, 1962188), (570, 5, 1975595), (3238, 4, 2040322), (772, 2, 2168724), (161, 3, 2206559), (570, 5, 2242719), (772, 2, 2261160), (303, 0, 2293545), (22, 4, 2378200), (4390, 2, 2423667), (68, 7, 2436488), (2134, 7, 2461227), (130, 3, 2484486), (570, 5, 2505163)]"
1371 "[(8457, 1, 240672), (8457, 1, 633573), (8457, 1, 2303966)]"
1382 "[(8622, 5, 241977), (8529, 3, 612086), (8529, 3, 616804), (8358, 5, 1117091), (9166, 3, 2153028), (9166, 3, 2158809), (9166, 3, 2158833), (9168, 5, 2239324), (9224, 5, 2429521), (9224, 5, 2429669), (9224, 5, 2429709), (9224, 5, 2429773)]"
8651 "[(1397, 1, 244775), (1397, 1, 244850), (45, 3, 595998), (983, 3, 1471735), (3819, 3, 1476097), (3819, 3, 1476388), (3819, 3, 1494816), (3819, 3, 1494995), (3819, 3, 1495702), (3819, 3, 1495819), (2864, 2, 1521586), (3819, 3, 1533897)]"
480 "[(8622, 5, 248723), (8302, 7, 291083), (8588, 7, 311410), (8588, 7, 311847), (8410, 5, 894270), (8446, 4, 919906), (8893, 2, 1029181), (9072, 7, 1144480), (9089, 3, 1333472), (8603, 7, 1347483), (9089, 3, 1428159), (9089, 3, 1428196), (9089, 3, 1428263), (9007, 0, 1711419), (8452, 7, 2231829), (8452, 7, 2277005), (8734, 2, 2288360), (8886, 5, 2449267), (9224, 5, 2452376), (8809, 1, 2540801), (9019, 3, 2542084), (9019, 3, 2542149), (8709, 2, 2644373)]"
8375 "[(1458, 5, 257789), (1726, 7, 751706), (4523, 7, 1912486), (4523, 7, 1913044)]"
1466 "[(8411, 5, 259672), (8556, 0, 509351)]"
1471 "[(8417, 1, 260673), (8559, 1, 447590), (8882, 7, 447710), (8868, 7, 706778), (8887, 7, 707607), (8426, 1, 876048), (8894, 7, 1654643), (9116, 2, 1655342), (8606, 7, 1916389), (9177, 2, 1916563), (8741, 4, 2449817), (9090, 3, 2609357)]"
8613 "[(1490, 2, 264766), (45, 3, 830807), (40, 0, 939711)]"
1505 "[(8315, 7, 268003), (8977, 0, 774948), (8306, 1, 777935), (8700, 0, 880754), (8418, 2, 881971), (8453, 4, 1215284), (8676, 4, 1356102), (8333, 4, 1643984)]"
8525 "[(659, 5, 269846)]"
8779 "[(571, 7, 270438), (467, 3, 589460), (4748, 1, 1283141), (1261, 7, 1339696), (40, 0, 1555445), (40, 0, 1558095), (68, 7, 1633127), (40, 0, 1637782), (1670, 4, 2581161)]"
8761 "[(68, 7, 273267), (339, 0, 329503), (339, 0, 329650), (339, 0, 329922), (339, 0, 330894), (339, 0, 330973), (339, 0, 331072), (1004, 1, 368655), (339, 0, 402963), (1772, 0, 515237), (1772, 0, 592010), (339, 0, 861238), (339, 0, 861647), (339, 0, 1304050), (339, 0, 1304168), (339, 0, 1304609), (103, 1, 1343595), (1772, 0, 1344947), (1772, 0, 1344978), (1772, 0, 1345092), (1772, 0, 1351482), (1772, 0, 1384560), (1772, 0, 1447042), (1772, 0, 1449053), (339, 0, 1451138), (339, 0, 1451468), (339, 0, 1451855), (339, 0, 1452291), (339, 0, 1452490), (1772, 0, 1646419), (5424, 3, 1752021), (5424, 3, 1752045), (5424, 3, 1753882), (5424, 3, 1754210), (5424, 3, 1754372), (5424, 3, 1754824), (5424, 3, 1755095), (920, 7, 1865949), (1772, 0, 1978064), (1772, 0, 1978278), (659, 5, 2540714)]"
8738 "[(1547, 0, 277378), (1184, 4, 339175), (1184, 4, 339255), (1184, 4, 339267)]"
1549 "[(8269, 4, 277839), (8273, 1, 294519), (8622, 5, 363589), (8622, 5, 363642), (8622, 5, 364797), (8622, 5, 370124), (8622, 5, 380841), (8622, 5, 384440), (8622, 5, 384476), (8622, 5, 384518), (8622, 5, 384673), (8269, 4, 466161), (8887, 7, 678555), (8506, 7, 2228751), (8617, 7, 2436759), (8617, 7, 2437239), (8617, 7, 2437423), (8686, 1, 2673220)]"
8688 "[(57, 0, 282770), (40, 0, 713526), (40, 0, 807392), (68, 7, 809335), (68, 7, 974832), (73, 0, 979183), (1726, 7, 1878070)]"
1601 "[(8564, 0, 293402), (8564, 0, 381052), (8564, 0, 381110), (8422, 0, 397396), (8564, 0, 1513500), (8564, 0, 1513706), (8564, 0, 1514051)]"
509 "[(8644, 1, 302332), (8806, 4, 305774), (8265, 1, 562303), (8471, 1, 650277), (8486, 1, 824234), (9012, 1, 825575), (9012, 1, 825746), (8331, 7, 1084265), (8301, 3, 1165076), (8249, 3, 1173182), (8411, 5, 1173223), (8285, 2, 1349324), (8644, 1, 1515588), (8283, 2, 1522238), (8283, 2, 1522761), (8283, 2, 1556156), (9093, 7, 1947941), (8637, 0, 2117032), (8377, 2, 2174867), (8719, 2, 2291335), (8511, 2, 2463017), (8374, 1, 2463372), (9197, 2, 2640473)]"
8814 "[(1678, 0, 314470), (17, 1, 328209), (68, 7, 464354), (3130, 2, 674259), (3130, 2, 674525), (3517, 0, 783680), (3614, 2, 823613), (1678, 0, 927708), (1678, 0, 1431369), (68, 7, 1477463), (367, 7, 1502688), (744, 7, 1578463), (4085, 7, 2002803), (17, 1, 2121554), (56, 7, 2244604), (17, 1, 2347379), (22, 4, 2347701), (130, 3, 2397584), (249, 2, 2628189)]"
1729 "[(8719, 2, 325551), (9071, 5, 1551164), (9168, 5, 2070069), (9168, 5, 2070381), (9168, 5, 2070496), (8250, 3, 2318229)]"
1754 "[(8687, 5, 329149), (8622, 5, 392731), (8598, 2, 999593), (8575, 1, 1387098), (8347, 3, 2304109), (9224, 5, 2479712)]"
1755 "[(8572, 0, 329219)]"
1756 "[(8352, 5, 330438)]"
1778 "[(8687, 5, 332670), (8835, 7, 426212), (8643, 7, 426503), (8453, 4, 434929), (8380, 4, 435060), (8257, 5, 550758), (8341, 4, 551970), (8754, 7, 567141), (8645, 1, 570892), (8873, 1, 591920), (8507, 0, 669600), (8492, 0, 684223), (8963, 4, 729835), (8565, 4, 738745), (8573, 3, 786940), (9010, 7, 800296), (8835, 7, 900927), (8772, 7, 959392), (8234, 3, 978997), (8343, 1, 1053278), (8781, 2, 1066411), (8490, 2, 1140559), (8643, 7, 1290619), (8343, 1, 1313240), (8699, 4, 1335561), (8587, 1, 1684013), (8350, 3, 1719408), (9135, 4, 1756309), (8827, 0, 1781063), (9137, 0, 1791084), (8645, 1, 1792075), (8784, 5, 1857264), (8308, 3, 2062639), (8421, 3, 2159419)]"
660 "[(8622, 5, 334138), (8763, 3, 567419), (8905, 2, 632686), (8559, 1, 873317), (9089, 3, 1595887), (9089, 3, 1597907), (8939, 2, 1632623), (8609, 7, 1912182), (9166, 3, 2068703), (8347, 3, 2070727), (8347, 3, 2231376), (9166, 3, 2376016), (8937, 3, 2384100)]"
1792 "[(8622, 5, 334265), (9166, 3, 2068857), (8347, 3, 2070774)]"
304 "[(8579, 2, 337141)]"
1823 "[(8247, 7, 338327), (8558, 3, 1873776), (8609, 7, 2222608)]"
1831 "[(8572, 0, 340193), (8572, 0, 1697358), (9215, 0, 2399996)]"
8843 "[(45, 3, 357128), (40, 0, 542113)]"
1906 "[(8314, 5, 357382), (8510, 7, 363955), (8314, 5, 437002), (8314, 5, 437353), (8446, 4, 707234), (8510, 7, 1119179), (8245, 5, 1214811), (8510, 7, 1218276), (8314, 5, 1218364), (8314, 5, 1218399), (8356, 7, 1294383), (8480, 7, 1298183), (8480, 7, 1298199), (8356, 7, 1298399), (8314, 5, 1391518), (8510, 7, 1656234), (8510, 7, 1656366), (8510, 7, 1802651), (8510, 7, 1970043), (8510, 7, 1978981), (8510, 7, 2252578), (8314, 5, 2252708), (8314, 5, 2325825), (8314, 5, 2339288), (8510, 7, 2348058), (8245, 5, 2351695), (8510, 7, 2514587)]"
482 "[(8622, 5, 359228), (8622, 5, 401179), (8622, 5, 401310), (8622, 5, 401371), (8622, 5, 401486), (8622, 5, 401811), (8622, 5, 401988), (8633, 1, 607091), (8633, 1, 659148), (8633, 1, 659656), (8617, 7, 781576), (8623, 2, 920727), (8623, 2, 920756), (8623, 2, 1369635), (8623, 2, 1369768), (8623, 2, 1369917), (8623, 2, 1549867), (8623, 2, 1549923), (9071, 5, 1610818), (9071, 5, 1611062), (8558, 3, 1711625), (8558, 3, 1711809), (9166, 3, 1712028), (9166, 3, 1712080), (9166, 3, 1712146), (9166, 3, 1712175), (9166, 3, 1712266), (9166, 3, 1712308), (9166, 3, 1714616), (9166, 3, 1714717), (8558, 3, 1715079), (8558, 3, 1715341), (8558, 3, 1725976), (9166, 3, 1731052), (9166, 3, 1731131), (9166, 3, 1731442), (9166, 3, 1731489), (9166, 3, 1731615), (9166, 3, 1731641), (9166, 3, 1731731), (9166, 3, 1734335), (9166, 3, 1739501), (9166, 3, 1739988), (9166, 3, 1740963), (9166, 3, 1744082), (8558, 3, 1788468), (9166, 3, 1789328), (9166, 3, 1789370), (9166, 3, 1789784), (9166, 3, 1799943), (9166, 3, 1800042), (9166, 3, 1800069), (9166, 3, 1800163), (9166, 3, 1821902), (8956, 0, 1869412), (9166, 3, 1876273), (8452, 7, 2059573), (8452, 7, 2059799), (8452, 7, 2060758), (8956, 0, 2174292), (8558, 3, 2215237), (8558, 3, 2215396), (9166, 3, 2240356), (9166, 3, 2240717), (9166, 3, 2240894), (8956, 0, 2321452), (9166, 3, 2432462), (9166, 3, 2432567), (9166, 3, 2432622), (9166, 3, 2467246), (9166, 3, 2482939), (9166, 3, 2483017), (9166, 3, 2483073), (9166, 3, 2483107), (9166, 3, 2483161), (9166, 3, 2483219), (9166, 3, 2483379), (9166, 3, 2483423), (9028, 0, 2553457), (9028, 0, 2553978), (9028, 0, 2563893), (8536, 2, 2587079), (9028, 0, 2660042), (9028, 0, 2660169)]"
1929 "[(8466, 1, 364538), (8343, 1, 449525), (8433, 7, 547516), (8433, 7, 614964), (8685, 4, 774704), (8676, 4, 2520925)]"
1933 "[(8393, 5, 365962), (8334, 2, 596920), (8601, 7, 766651), (8408, 7, 1997330), (8453, 4, 2046530), (8345, 3, 2492440)]"
2005 "[(8622, 5, 391094), (8622, 5, 499902)]"
2013 "[(8299, 1, 392842)]"
8852 "[(1206, 2, 393225), (418, 5, 472743), (418, 5, 576547), (1206, 2, 644573), (17, 1, 679787), (109, 3, 759526), (418, 5, 763869), (3863, 7, 903424), (3890, 7, 915443), (1659, 7, 925990), (17, 1, 926450), (17, 1, 1161250), (418, 5, 1190780), (21, 7, 1358065), (1713, 2, 1677011), (1713, 2, 1677446), (1713, 2, 1677479), (1713, 2, 1677510), (1713, 2, 1677552), (418, 5, 1706270), (1206, 2, 2113678), (1206, 2, 2481993), (1206, 2, 2670794), (1206, 2, 2670884), (1206, 2, 2670969)]"
8569 "[(1970, 3, 400679), (1970, 3, 486515), (3641, 4, 833616)]"
2054 "[(8794, 4, 401237), (8765, 0, 418687), (8978, 2, 1099741), (8794, 4, 2400098), (8668, 3, 2400415)]"
8431 "[(68, 7, 409193), (56, 7, 2245074), (68, 7, 2326911)]"
8872 "[(2093, 7, 410307), (2991, 5, 628530), (68, 7, 636702), (471, 5, 1044725), (471, 5, 1170796), (471, 5, 1187192), (4029, 2, 2584722)]"
8854 "[(1184, 4, 410596), (659, 5, 453925), (2374, 4, 498613), (2427, 1, 499069), (2936, 7, 613965), (467, 3, 2588334)]"
8871 "[(148, 2, 418079), (68, 7, 1022499)]"
2138 "[(8482, 5, 418375), (8348, 7, 755308), (8425, 1, 1097800), (8425, 1, 1099625), (8425, 1, 1099698), (9102, 4, 1342297), (9102, 4, 1342333), (8361, 2, 1342417), (8504, 2, 1631758), (8351, 5, 1969877), (9223, 4, 2559975), (8612, 3, 2563570)]"
644 "[(8411, 5, 418771), (8411, 5, 418804), (8411, 5, 1194137), (8402, 4, 1222571), (8402, 4, 1222657), (8402, 4, 1259116), (9071, 5, 1628897), (9071, 5, 1628923), (9071, 5, 1628952), (9071, 5, 1629089), (9071, 5, 1629178), (9071, 5, 1629240), (9071, 5, 1629269), (9071, 5, 1629370), (9071, 5, 1629390), (8411, 5, 1715001), (8411, 5, 1715030), (8411, 5, 1865957), (8411, 5, 1889934), (8411, 5, 1890050), (8411, 5, 2129859), (9224, 5, 2484167), (9224, 5, 2484953)]"
271 "[(8588, 7, 420947), (8588, 7, 421002), (8733, 7, 976503), (8623, 2, 1275525), (8347, 3, 2241341), (8937, 3, 2241424), (8937, 3, 2241538)]"
8888 "[(2096, 2, 447455), (1367, 7, 472198), (1367, 7, 472260), (590, 7, 473050), (1078, 0, 477507), (2334, 3, 482462), (68, 7, 484336), (17, 1, 487791), (1392, 3, 488988), (17, 1, 497075), (2119, 7, 506770), (2486, 3, 512481), (2500, 3, 515090), (2500, 3, 515456), (164, 3, 518705), (2552, 3, 525892), (17, 1, 545671), (2055, 5, 551966), (2660, 7, 555656), (2660, 7, 558398), (167, 1, 563151), (1314, 2, 563305), (2726, 4, 573999), (935, 2, 577004), (17, 1, 581995), (2660, 7, 591224), (2660, 7, 591950), (497, 7, 596949), (17, 1, 600344), (2899, 1, 606940), (2552, 3, 619079), (40, 0, 631635), (547, 7, 659809), (547, 7, 659857), (2654, 3, 669690), (935, 2, 675169), (3142, 3, 675937), (2660, 7, 676836), (547, 7, 681919), (2483, 1, 701403), (3285, 1, 716956), (2500, 3, 721814), (3322, 7, 728701), (3360, 5, 739174), (3360, 5, 739199), (3495, 7, 776646), (3508, 3, 780186), (611, 1, 781330), (3360, 5, 782980), (3360, 5, 791067), (3360, 5, 791134), (1280, 1, 822804), (73, 0, 823795), (1127, 7, 852554), (2925, 7, 871991), (2552, 3, 877729), (1127, 7, 912945), (1127, 7, 919201), (2134, 7, 1718587), (40, 0, 1749075)]"
8231 "[(1586, 0, 451490), (2508, 0, 516596)]"
8804 "[(40, 0, 454937)]"
8445 "[(40, 0, 463067), (1670, 4, 896050), (40, 0, 977504)]"
2293 "[(8633, 1, 471082)]"
8753 "[(68, 7, 476006)]"
8896 "[(466, 7, 476672), (331, 5, 478900), (870, 2, 480456), (870, 2, 480569), (870, 2, 480677), (539, 5, 482325), (17, 1, 483671), (2357, 5, 486848), (84, 1, 492179), (2436, 5, 500897), (2436, 5, 500946), (411, 2, 501469), (411, 2, 501597), (68, 7, 504721), (3594, 3, 817134), (1985, 2, 2040659)]"
2335 "[(8411, 5, 482528), (8734, 2, 2276255)]"
2349 "[(8532, 2, 485167)]"
8329 "[(2373, 3, 489281)]"
8909 "[(22, 4, 499625), (3031, 5, 1873636), (68, 7, 2581557)]"
628 "[(8433, 7, 501202), (9047, 7, 1242619), (8801, 4, 2060440), (8732, 0, 2251383), (8559, 1, 2260092), (8266, 0, 2333836), (9047, 7, 2417111), (8453, 4, 2517705)]"
2024 "[(8545, 7, 509369), (8545, 7, 611380), (8545, 7, 611523), (9166, 3, 1798907), (8347, 3, 2388251)]"
8485 "[(703, 7, 523038), (2137, 1, 788564), (22, 4, 2586141)]"
2353 "[(8887, 7, 528278), (8887, 7, 528342), (8339, 3, 895829)]"
2365 "[(8654, 1, 531391), (8283, 2, 706887), (8590, 7, 930755), (8283, 2, 1043729), (8670, 1, 1054796), (8283, 2, 1096054), (8819, 2, 1140064), (8819, 2, 1213948), (8819, 2, 1222459), (8819, 2, 1275735), (8590, 7, 1286571), (8590, 7, 1286620), (8419, 3, 1291701), (8419, 3, 1291937), (8295, 3, 1311437), (8295, 3, 1312535), (8295, 3, 1352558), (8295, 3, 1352754), (8283, 2, 1357561), (8295, 3, 1374425), (9071, 5, 1556078), (8893, 2, 1646734), (9071, 5, 1650829), (8532, 2, 1652591), (8577, 4, 1724976), (8819, 2, 1813948), (8819, 2, 1820847), (8541, 2, 1903485), (8985, 2, 2184764), (8277, 2, 2342006), (8504, 2, 2430209), (9214, 2, 2430551), (8504, 2, 2496665), (8504, 2, 2556940), (8504, 2, 2557200)]"
2591 "[(8341, 4, 533032), (8365, 2, 533206), (8365, 2, 533295), (8282, 3, 757893), (8282, 3, 809147), (9113, 1, 1625763), (9113, 1, 1625827), (9113, 1, 1625919), (9113, 1, 1625996), (9113, 1, 1627202), (9113, 1, 1627636), (8250, 3, 2260554), (8282, 3, 2260990), (8282, 3, 2452435), (8351, 5, 2539991)]"
8919 "[(703, 7, 534017), (7, 1, 1742213), (7, 1, 1745217), (2495, 3, 1892792), (4085, 7, 2672925)]"
2628 "[(8598, 2, 545230), (8983, 4, 1077346)]"
196 "[(8736, 0, 551944), (8736, 0, 552117), (8736, 0, 552902), (8736, 0, 553016), (8736, 0, 553104), (8736, 0, 553187), (8736, 0, 553277), (8736, 0, 553615), (8736, 0, 553731), (8736, 0, 554905), (8736, 0, 555114), (8736, 0, 555197), (8736, 0, 555529), (8736, 0, 591050), (8736, 0, 594364), (8736, 0, 641085), (8736, 0, 641157), (8736, 0, 641233), (8736, 0, 641455), (8736, 0, 641482), (8736, 0, 643028), (8736, 0, 643085), (8736, 0, 645400), (8736, 0, 645504), (8736, 0, 645598), (8736, 0, 645767), (8736, 0, 651242), (8736, 0, 652123), (8736, 0, 693088), (8736, 0, 693211), (8736, 0, 850362), (8736, 0, 850385), (8736, 0, 850824), (8736, 0, 850855), (8736, 0, 867464), (8736, 0, 867545), (8736, 0, 867781), (8736, 0, 877013), (8736, 0, 950762), (8590, 7, 1041422), (8736, 0, 1084810), (8736, 0, 1122979), (8736, 0, 1309951), (8736, 0, 1310349), (8736, 0, 1571718), (8736, 0, 1572779), (8736, 0, 1573360), (8736, 0, 1575885), (8736, 0, 1575906), (8736, 0, 1575987), (8736, 0, 1576339), (8736, 0, 1576369), (8736, 0, 1576766), (8736, 0, 1579590), (8736, 0, 1579674), (8736, 0, 1584082), (8736, 0, 1616015), (8590, 7, 1885732), (8590, 7, 2306661), (8590, 7, 2308089), (8590, 7, 2308472), (8590, 7, 2308596), (8590, 7, 2308918), (8590, 7, 2308956), (8590, 7, 2380402), (8590, 7, 2381453), (8590, 7, 2381630), (8590, 7, 2381692), (8590, 7, 2381864), (8590, 7, 2385882), (8590, 7, 2386089), (8590, 7, 2392602), (8590, 7, 2392747), (8590, 7, 2392901), (8590, 7, 2403223)]"
1268 "[(8928, 2, 553131), (8771, 5, 591209), (8578, 4, 591829), (8928, 2, 653789), (8559, 1, 900615), (8848, 0, 900688), (8848, 0, 1184663), (8848, 0, 1624971), (8559, 1, 1756769), (8559, 1, 1761163), (9154, 5, 2278360), (9154, 5, 2290639), (9036, 5, 2295373)]"
8813 "[(17, 1, 586709), (983, 3, 1192763), (68, 7, 1633060)]"
8456 "[(2116, 5, 587916), (2116, 5, 587927), (2116, 5, 588011), (3694, 7, 853390), (2116, 5, 918394), (2461, 3, 2315260), (2461, 3, 2315648), (383, 3, 2511285), (835, 1, 2637092), (835, 1, 2638972)]"
890 "[(8542, 2, 588557), (8847, 2, 681742), (8855, 3, 1215520), (9159, 0, 1703825), (8847, 2, 1778504), (8726, 4, 1778771), (9137, 0, 2142605), (9145, 0, 2142732), (9137, 0, 2142915), (9047, 7, 2639271), (9209, 3, 2670173)]"
8415 "[(2065, 5, 594057), (731, 4, 684766), (3194, 3, 1218313), (3194, 3, 1221664), (68, 7, 1226638), (68, 7, 1228846), (3194, 3, 1261143), (2110, 7, 1294664), (3194, 3, 1297516), (4402, 4, 1466264), (3194, 3, 1868708), (68, 7, 1988326), (45, 3, 2121872), (68, 7, 2512559)]"
2875 "[(8419, 3, 602681), (8887, 7, 602815), (8777, 4, 960359)]"
1853 "[(8374, 1, 609175), (8339, 3, 910841), (8448, 0, 953296), (8448, 0, 953371), (8559, 1, 1075273), (8363, 5, 1181422), (8558, 3, 1359672), (8251, 1, 1424892), (8868, 7, 1469906)]"
8890 "[(2110, 7, 610469)]"
8752 "[(2115, 5, 610520), (1046, 3, 630076), (3029, 5, 641667), (3029, 5, 642240), (3029, 5, 642485), (3029, 5, 642580), (3029, 5, 642730), (3029, 5, 642968), (3029, 5, 643042), (3029, 5, 643117), (3029, 5, 643258), (3029, 5, 644180), (3029, 5, 644688), (3029, 5, 644785), (3029, 5, 644954), (3029, 5, 645091), (3029, 5, 645180), (3029, 5, 645243), (3029, 5, 645323), (3029, 5, 645598), (658, 5, 651172), (658, 5, 651359), (493, 5, 661924), (493, 5, 663746), (386, 3, 672943), (324, 5, 682063), (3029, 5, 722272), (2654, 3, 735363), (1220, 5, 757691), (1220, 5, 757858), (3029, 5, 766638), (1220, 5, 771411), (2654, 3, 773232), (806, 5, 1001072), (806, 5, 1001157), (806, 5, 1001191), (806, 5, 1001528), (4380, 1, 1050762), (4697, 5, 1169786), (4697, 5, 1169823)]"
2234 "[(8479, 2, 611873), (8339, 3, 880088), (9072, 7, 1139251), (9072, 7, 1139347), (9072, 7, 1139463), (9072, 7, 1139495), (9072, 7, 1141319), (9072, 7, 1141342), (9168, 5, 1921612)]"
2923 "[(8487, 0, 612398), (8812, 7, 658608), (8763, 3, 774099), (8812, 7, 935202), (8382, 0, 942261), (8856, 3, 947092), (8487, 0, 948925), (8990, 2, 951866), (8368, 1, 996103), (8855, 3, 1017879), (8687, 5, 1123078), (8812, 7, 1202565), (9088, 7, 1296152), (9072, 7, 1370331), (8350, 3, 1387795), (8410, 5, 1560763), (8296, 1, 1732012), (8273, 1, 1894008), (9181, 5, 1986923), (9213, 7, 2595303), (9213, 7, 2595454), (9213, 7, 2595524), (9213, 7, 2595862)]"
43 "[(8633, 1, 616251), (9048, 2, 1125466), (9048, 2, 1125497), (9096, 7, 1302649), (9096, 7, 1320774), (9096, 7, 1320887), (9096, 7, 1330717), (9096, 7, 1353371), (9096, 7, 1527302), (8250, 3, 1533630), (8250, 3, 1533642), (8250, 3, 1533659), (8250, 3, 1533674), (8411, 5, 1578630), (9168, 5, 1974813), (9168, 5, 1974856), (9168, 5, 1974974), (9168, 5, 2079317), (9202, 5, 2153760), (9202, 5, 2153848)]"
2953 "[(8364, 4, 617121), (8308, 3, 1005907), (8392, 5, 1006144), (8755, 2, 1143787), (8815, 7, 1189897), (9088, 7, 1524343)]"
2976 "[(8687, 5, 624285), (9088, 7, 1661945)]"
8832 "[(40, 0, 629542), (1586, 0, 1066890), (73, 0, 1166013), (2137, 1, 1166182), (367, 7, 1594691)]"
8420 "[(40, 0, 631252), (40, 0, 889934), (608, 7, 1384584)]"
3016 "[(8887, 7, 637646), (8267, 7, 900015), (8267, 7, 901319), (8267, 7, 901578), (8267, 7, 901713), (8267, 7, 925732), (8267, 7, 1072771), (8267, 7, 1072896), (8267, 7, 1083808), (8267, 7, 1184992)]"
8955 "[(68, 7, 639507), (68, 7, 644719), (1247, 2, 1318453), (68, 7, 1582532), (246, 7, 2155833), (1059, 5, 2520538), (1059, 5, 2520643)]"
3039 "[(8741, 4, 645414), (8350, 3, 1328826), (8358, 5, 1488859), (9163, 7, 1720821), (9168, 5, 2042432), (8686, 1, 2442732), (8686, 1, 2443033), (8686, 1, 2476567), (8686, 1, 2476895)]"
1647 "[(8750, 3, 660194), (8750, 3, 660467), (8750, 3, 660490), (8750, 3, 664451), (8750, 3, 664580), (8750, 3, 664624), (8750, 3, 664721), (8750, 3, 665153), (8750, 3, 679083), (8750, 3, 679191), (8750, 3, 679217), (8750, 3, 679339), (8750, 3, 679383), (8750, 3, 679424), (8750, 3, 680649), (8325, 1, 826775), (8936, 1, 828853), (8717, 0, 838545), (9023, 1, 1007321), (8717, 0, 1103598), (8717, 0, 1377141), (8521, 2, 1440227), (8325, 1, 1521085), (8325, 1, 1521139), (8717, 0, 1542584), (8801, 4, 1598178), (8801, 4, 1598419), (9167, 1, 1705283), (9167, 1, 1705388), (9167, 1, 1914022), (9167, 1, 1914050), (9167, 1, 1914098), (9167, 1, 1914636), (9167, 1, 1914678), (9167, 1, 1938862), (9167, 1, 1938935), (9167, 1, 1938969), (9167, 1, 1939780), (8734, 2, 1969891), (9100, 3, 2038425), (9100, 3, 2038481), (9100, 3, 2039657), (9100, 3, 2039722), (9100, 3, 2039914), (9100, 3, 2041013), (9100, 3, 2041097), (9100, 3, 2041715), (9100, 3, 2041760), (9100, 3, 2046305), (9100, 3, 2046685), (9100, 3, 2046756), (9201, 2, 2114223), (9060, 4, 2567636), (8262, 2, 2575945)]"
237 "[(8873, 1, 662775), (8873, 1, 663651), (8873, 1, 664453), (8873, 1, 664664), (8873, 1, 665801), (8873, 1, 665850), (8873, 1, 665974), (8873, 1, 666042), (8873, 1, 666805), (8873, 1, 666941), (8873, 1, 667116), (8873, 1, 667142), (8873, 1, 667640), (8873, 1, 667811), (8873, 1, 731425), (8873, 1, 736388), (8873, 1, 798265)]"
8962 "[(3046, 1, 668216), (3046, 1, 668249), (3046, 1, 668378), (3046, 1, 669651), (3046, 1, 669803), (782, 1, 1577037), (782, 1, 1577104), (3612, 4, 1779088), (365, 1, 1866875), (40, 0, 1932066), (365, 1, 1954828), (291, 5, 2017959), (365, 1, 2045735), (365, 1, 2045836), (365, 1, 2045940), (365, 1, 2046077), (365, 1, 2093648), (365, 1, 2093734), (365, 1, 2138470), (365, 1, 2139172), (68, 7, 2185064), (56, 7, 2235712), (611, 1, 2410003), (365, 1, 2548031), (365, 1, 2548146), (365, 1, 2548234), (365, 1, 2548366), (365, 1, 2548412), (365, 1, 2548593)]"
3129 "[(8356, 7, 674238), (8876, 2, 1869892), (8354, 1, 2163243), (8444, 1, 2163318), (8282, 3, 2163928), (8282, 3, 2215695), (8598, 2, 2220113)]"
3152 "[(8750, 3, 677299), (8750, 3, 677930)]"
3168 "[(8529, 3, 680027), (8529, 3, 680112)]"
8971 "[(1314, 2, 684996), (17, 1, 825994), (4674, 1, 1163513), (303, 0, 1415933), (17, 1, 1975738), (650, 7, 2237721), (6828, 5, 2608586), (4186, 4, 2645834)]"
8943 "[(17, 1, 685350), (4085, 7, 1316275), (40, 0, 1584096), (68, 7, 2243377), (73, 0, 2356270)]"
3224 "[(8816, 3, 694312), (8816, 3, 716112)]"
2636 "[(8339, 3, 695795), (8339, 3, 697384), (8339, 3, 697941), (8339, 3, 698822), (8339, 3, 767551), (8339, 3, 806063), (8339, 3, 806970)]"
8678 "[(3227, 7, 698711), (73, 0, 823989), (73, 0, 887857), (40, 0, 890352), (22, 4, 953408), (22, 4, 953453), (445, 7, 1016420), (445, 7, 1016473), (68, 7, 1017688)]"
3237 "[(8545, 7, 698718), (8545, 7, 698787), (8545, 7, 698881), (8545, 7, 708211), (8545, 7, 708320), (8590, 7, 838132), (8590, 7, 838236), (8545, 7, 1145926)]"
3266 "[(8887, 7, 709307)]"
8973 "[(3269, 0, 710272), (3269, 0, 710304), (150, 7, 735604), (73, 0, 888138), (1670, 4, 1354031), (1780, 1, 1401125), (608, 7, 1909523)]"
8795 "[(40, 0, 715687)]"
8988 "[(3293, 3, 721056), (3070, 3, 1950366), (3070, 3, 1950519), (3070, 3, 1969436), (3070, 3, 1969633), (3070, 3, 1969688), (3070, 3, 1969879), (3070, 3, 1970452), (3070, 3, 1970604), (3070, 3, 1970637), (3070, 3, 1971115), (3070, 3, 1971194), (3070, 3, 2219103), (3070, 3, 2235803), (68, 7, 2309133), (68, 7, 2310944), (3070, 3, 2484577), (3070, 3, 2484626), (3070, 3, 2484694), (3070, 3, 2484792), (423, 2, 2646356)]"
8991 "[(3328, 7, 729367), (983, 3, 758436), (983, 3, 758535), (3328, 7, 777708), (1127, 7, 1202243), (1127, 7, 1202401), (1127, 7, 1435460), (1127, 7, 1435494), (1127, 7, 1983168), (4085, 7, 2172613), (3960, 7, 2232644), (3960, 7, 2232791)]"
8653 "[(920, 7, 739103)]"
449 "[(8421, 3, 753186), (8421, 3, 753246)]"
2939 "[(8989, 0, 767102), (8989, 0, 767257), (8989, 0, 767381), (8989, 0, 827480), (8989, 0, 827561)]"
3476 "[(8421, 3, 768999)]"
3506 "[(8990, 2, 779487)]"
227 "[(8466, 1, 781360), (8849, 3, 1372334), (8849, 3, 1372496), (8849, 3, 1373039), (8736, 0, 1396718), (8736, 0, 1397876), (8644, 1, 1473018), (8849, 3, 1473421), (8849, 3, 1488915), (8849, 3, 1489719), (8849, 3, 1489762), (8849, 3, 1490303), (8849, 3, 1527512), (8849, 3, 1530065), (8849, 3, 1530595), (8849, 3, 1565178), (8849, 3, 1565339), (8849, 3, 1574818), (8849, 3, 1712472), (8849, 3, 1742110), (8849, 3, 1742172), (8644, 1, 1824664), (8644, 1, 1824942), (8849, 3, 1836208), (8849, 3, 1979432), (8849, 3, 1979603), (8849, 3, 1979690), (8849, 3, 1979788), (8849, 3, 1979825), (8849, 3, 2083359), (8849, 3, 2083951), (8849, 3, 2084466), (8849, 3, 2129112), (8849, 3, 2133333), (8849, 3, 2133816), (8849, 3, 2173132), (8849, 3, 2357966), (8849, 3, 2430344), (8849, 3, 2434831)]"
3518 "[(8722, 2, 783719), (8722, 2, 783759), (8887, 7, 869466), (9102, 4, 1397773), (9102, 4, 1397808), (8293, 3, 1614342), (8293, 3, 1614384)]"
8858 "[(68, 7, 784050), (3715, 7, 853780), (2615, 3, 2063865)]"
3364 "[(8253, 7, 789926)]"
3541 "[(8985, 2, 792221)]"
1931 "[(8246, 1, 800270)]"
361 "[(8410, 5, 802143)]"
3579 "[(8798, 0, 806009), (8798, 0, 806322)]"
8885 "[(68, 7, 809865), (6410, 3, 1804571), (3670, 3, 2080167), (3670, 3, 2080577)]"
8524 "[(68, 7, 834917), (68, 7, 929940)]"
3652 "[(8477, 3, 837450), (8477, 3, 1402026)]"
8395 "[(3670, 3, 841618), (3670, 3, 841913), (3670, 3, 849173), (3670, 3, 849287), (164, 3, 1256785), (164, 3, 1257097), (164, 3, 1257673), (164, 3, 1257891), (164, 3, 1258142), (164, 3, 1258577), (367, 7, 1582090), (1059, 5, 2342421)]"
3708 "[(8887, 7, 852069), (8577, 4, 1193410), (8577, 4, 1193736), (8577, 4, 1449244)]"
8972 "[(1218, 4, 853904), (4085, 7, 1139649), (1218, 4, 1245743), (4085, 7, 1454684), (608, 7, 2597282)]"
3720 "[(8968, 7, 855000), (8968, 7, 855274), (8598, 2, 2069116), (8598, 2, 2097040), (8598, 2, 2097077), (8598, 2, 2097157), (8598, 2, 2097204), (8598, 2, 2097229), (8598, 2, 2097295), (8598, 2, 2097337), (8598, 2, 2159905)]"
3743 "[(8771, 5, 863407), (8331, 7, 889418), (8682, 4, 1212739)]"
3748 "[(8339, 3, 864342), (8622, 5, 945172), (8622, 5, 945580), (8893, 2, 946317), (8247, 7, 1530202), (8549, 5, 1691329), (9071, 5, 1703893), (8733, 7, 1974146), (8347, 3, 2115364)]"
8624 "[(2137, 1, 872886), (40, 0, 975308), (40, 0, 1063096), (40, 0, 1153344), (73, 0, 2356044), (897, 7, 2535032)]"
8600 "[(3819, 3, 886303)]"
8908 "[(68, 7, 886345), (1726, 7, 1285258), (68, 7, 1647028), (387, 1, 2587518)]"
3862 "[(8638, 4, 901654), (8638, 4, 901690), (8638, 4, 914805)]"
2488 "[(8793, 7, 905376), (8886, 5, 2493516)]"
2447 "[(8633, 1, 910704), (8306, 1, 913976), (9071, 5, 1613155), (8411, 5, 2056910)]"
105 "[(8733, 7, 924091), (8733, 7, 941748)]"
8870 "[(3969, 7, 936311), (608, 7, 2249004), (974, 7, 2656436), (974, 7, 2656506)]"
277 "[(8893, 2, 944874), (8893, 2, 982667), (8893, 2, 1013052), (8893, 2, 1029995), (8717, 0, 1108429), (8717, 0, 1108500), (8717, 0, 1364084), (8717, 0, 1364172), (8893, 2, 1369407)]"
1720 "[(8941, 3, 947743), (9168, 5, 1986479)]"
4033 "[(8314, 5, 953200), (8356, 7, 1268985), (8314, 5, 2437610), (8314, 5, 2437897)]"
760 "[(8750, 3, 978304), (9168, 5, 2055711)]"
8999 "[(73, 0, 979335), (608, 7, 1527196), (68, 7, 2046743)]"
9040 "[(73, 0, 979473), (1004, 1, 1045047), (4085, 7, 1390965)]"
4145 "[(8390, 5, 995267)]"
9054 "[(4225, 5, 1014151), (994, 1, 1014191), (17, 1, 1015091), (2093, 7, 1015117), (17, 1, 1016013), (658, 5, 1016941), (2654, 3, 1026469), (539, 5, 1029241), (68, 7, 1030921), (4292, 2, 1033485), (4292, 2, 1033637), (17, 1, 1081021), (2103, 1, 1081093), (17, 1, 1081992), (2103, 1, 1178165), (2103, 1, 1178594), (68, 7, 1269582), (659, 5, 2169676), (73, 0, 2279890), (73, 0, 2356336), (1220, 5, 2630016), (1220, 5, 2630063)]"
4001 "[(8851, 1, 1015767), (8846, 5, 1029249), (8734, 2, 2129699), (8981, 7, 2139724), (8578, 4, 2151751), (8861, 3, 2151849)]"
79 "[(8590, 7, 1020417), (8590, 7, 1448420), (8356, 7, 1448854), (8356, 7, 1449007), (8590, 7, 1524641), (8590, 7, 1565215), (8590, 7, 1707468), (8590, 7, 1710060), (8590, 7, 1710297), (8590, 7, 1710641), (8356, 7, 2048742), (8356, 7, 2049611), (8356, 7, 2049892), (8356, 7, 2117659), (8356, 7, 2646306), (8356, 7, 2646417)]"
4248 "[(9048, 2, 1022019), (9048, 2, 1022102), (9048, 2, 1022229), (9048, 2, 1022632), (8411, 5, 1181865), (8969, 2, 1532685), (8969, 2, 1532714), (8733, 7, 1533718), (8733, 7, 1533896), (8969, 2, 1722595), (8250, 3, 1817605), (9202, 5, 2126335), (8937, 3, 2126488), (8937, 3, 2126630), (8734, 2, 2418639), (8302, 7, 2490083), (8302, 7, 2490325)]"
2320 "[(9048, 2, 1025222)]"
2442 "[(8341, 4, 1031279), (8341, 4, 1031418), (8314, 5, 1204949), (8356, 7, 1206655), (8356, 7, 1206738), (8356, 7, 1207172), (8356, 7, 1207355), (8356, 7, 1207685), (8356, 7, 1207783), (8356, 7, 1207810), (8356, 7, 2145515), (8356, 7, 2325411), (8590, 7, 2414096)]"
3320 "[(9018, 3, 1035348), (9018, 3, 1035481)]"
2946 "[(8590, 7, 1039539)]"
993 "[(9015, 3, 1040772), (8507, 0, 1145495), (9129, 7, 1550548), (9129, 7, 1550629), (8968, 7, 1990178), (8932, 1, 2254063), (9190, 7, 2258307), (9129, 7, 2507816)]"
9005 "[(40, 0, 1043338)]"
844 "[(8623, 2, 1057352), (8623, 2, 1789200)]"
4403 "[(8983, 4, 1057676)]"
4339 "[(8806, 4, 1083133), (8314, 5, 1205155), (8314, 5, 1205211)]"
676 "[(8292, 5, 1092727)]"
2833 "[(9007, 0, 1095257), (9007, 0, 1095301)]"
2344 "[(8308, 3, 1095408), (9090, 3, 1269066)]"
1342 "[(9048, 2, 1096311), (9048, 2, 1096407), (8510, 7, 1383653)]"
4499 "[(8411, 5, 1098402)]"
9058 "[(1218, 4, 1106893), (1218, 4, 1190064), (1218, 4, 1190092), (1218, 4, 1367211), (1218, 4, 1371515), (5622, 0, 1495966)]"
9069 "[(89, 5, 1119981), (1971, 0, 1169079), (1183, 0, 1169083), (2133, 1, 1169317), (2133, 1, 1169689), (1761, 0, 1169751), (1641, 5, 1169762), (1761, 0, 1170051), (2133, 1, 1170753), (1951, 4, 1170909), (4016, 7, 1171573), (2133, 1, 1172474), (4709, 5, 1172605), (2133, 1, 1173387), (3025, 0, 1173556), (484, 5, 1173657), (697, 1, 1173889), (517, 1, 1174364), (2128, 7, 1175116), (4016, 7, 1175440), (3072, 7, 1175717), (4742, 1, 1177491), (331, 5, 1177816), (331, 5, 1177843), (1224, 7, 1178216), (539, 5, 1179056), (4763, 0, 1180982), (476, 3, 1181053), (476, 3, 1181097), (3992, 5, 1183637), (3992, 5, 1183772), (695, 2, 1184143), (4016, 7, 1184727), (2146, 3, 1185913), (68, 7, 1189146), (4793, 5, 1189238), (1427, 3, 1192279), (2436, 5, 1198241), (68, 7, 1204509), (539, 5, 1207446), (539, 5, 1207508), (1779, 4, 1209492), (318, 7, 1211388), (318, 7, 1211613), (1046, 3, 1213700), (697, 1, 1214307), (935, 2, 1215522), (3497, 3, 1216589), (3497, 3, 1216619), (2887, 3, 1217045), (68, 7, 1222804), (4085, 7, 1225486), (1046, 3, 1233281), (1981, 7, 1235441), (1552, 3, 1239895), (4999, 1, 1251553), (5000, 2, 1253138), (2103, 1, 1257881), (1442, 0, 1258297), (1442, 0, 1258382), (1442, 0, 1258456), (1442, 0, 1258549), (1442, 0, 1258880), (1442, 0, 1259072), (1442, 0, 1259558), (1442, 0, 1259729), (3896, 2, 1260436), (1442, 0, 1262114), (1442, 0, 1262215), (484, 5, 1262694), (4016, 7, 1265115), (1442, 0, 1268681), (4016, 7, 1269545), (1442, 0, 1272582), (1442, 0, 1272669), (1013, 4, 1280777), (1013, 4, 1282468), (1442, 0, 1282475), (4633, 3, 1283297), (4633, 3, 1283365), (1711, 3, 1283457), (318, 7, 1304295), (2103, 1, 1339123), (109, 3, 1483193), (109, 3, 1487359), (3756, 2, 1501383), (3756, 2, 1501903), (3108, 1, 1538020), (3108, 1, 1538042), (5622, 0, 1543434), (17, 1, 1548501), (5847, 3, 1562802), (17, 1, 1569102), (17, 1, 1660299), (4633, 3, 1665340), (6164, 5, 1701993), (89, 5, 1808715), (4085, 7, 1942950), (731, 4, 2141024), (143, 3, 2568045), (339, 0, 2581770), (3756, 2, 2652008)]"
4579 "[(8411, 5, 1121472)]"
8268 "[(4586, 1, 1124146), (1305, 4, 1163233), (1305, 4, 1163319), (17, 1, 1167999), (588, 5, 1175233), (3893, 2, 1178259), (1305, 4, 1187460), (1305, 4, 1187553), (1680, 3, 1193754), (1305, 4, 1199067), (68, 7, 1200380), (1305, 4, 1200603), (1305, 4, 1200675), (1305, 4, 1200772), (1305, 4, 1200881), (68, 7, 1202127), (664, 4, 1204566), (1305, 4, 1212767), (1305, 4, 1212914), (1305, 4, 1213074), (1305, 4, 1213331), (1305, 4, 1213457), (1305, 4, 1213870), (1305, 4, 1213970), (2119, 7, 1300411), (1280, 1, 1345302), (5151, 3, 1471656), (5151, 3, 1529392), (664, 4, 1533213), (5151, 3, 1551309), (596, 3, 1555242), (45, 3, 1781927), (1726, 7, 2146844), (1305, 4, 2293612), (1305, 4, 2293702), (1305, 4, 2294100), (1305, 4, 2294190), (1305, 4, 2302593), (68, 7, 2324251), (1305, 4, 2371707), (1305, 4, 2497095), (983, 3, 2589195)]"
8997 "[(3613, 1, 1129845)]"
8840 "[(4085, 7, 1138154), (252, 1, 1671575)]"
2810 "[(8790, 0, 1144520), (8790, 0, 1144542), (8407, 4, 1293324), (8407, 4, 1293472), (9117, 3, 1415107)]"
2877 "[(9072, 7, 1145430), (9072, 7, 1221569)]"
9041 "[(40, 0, 1149283), (40, 0, 1150729), (40, 0, 1290387), (1860, 1, 1294515), (1860, 1, 1294560), (1860, 1, 1294731), (68, 7, 1295938), (1860, 1, 1373828), (4085, 7, 1385012), (398, 2, 1468180), (398, 2, 1468221), (367, 7, 1594631), (1670, 4, 2621762)]"
8923 "[(2595, 4, 1150970), (5917, 7, 2286945)]"
2761 "[(8237, 7, 1163940), (8510, 7, 1633883), (8590, 7, 1962902), (8590, 7, 1963120), (8314, 5, 2421766)]"
8857 "[(73, 0, 1165751), (68, 7, 1738531), (4085, 7, 1903561), (3682, 2, 1970454), (68, 7, 2035196), (3682, 2, 2124183)]"
615 "[(8812, 7, 1165849)]"
4657 "[(8639, 4, 1166078), (8575, 1, 1347834)]"
1493 "[(8411, 5, 1170439), (8507, 0, 1208426), (8507, 0, 1544788)]"
3782 "[(8295, 3, 1180753), (8295, 3, 1180819)]"
4769 "[(8295, 3, 1183589), (8883, 2, 2326167)]"
2015 "[(8284, 0, 1185668)]"
9080 "[(4707, 5, 1187765), (4707, 5, 1187833), (17, 1, 1896045), (1961, 4, 2229411), (2115, 5, 2229706), (2115, 5, 2229784), (2115, 5, 2229933), (2115, 5, 2229957), (2115, 5, 2229978), (584, 5, 2230040), (584, 5, 2230076), (3992, 5, 2230169), (6081, 7, 2230328), (5995, 2, 2230337), (7377, 5, 2231209), (7377, 5, 2231313), (1793, 3, 2232525), (318, 7, 2232895), (318, 7, 2232956), (6470, 2, 2233598), (695, 2, 2233669), (695, 2, 2233696), (4851, 4, 2234037), (5083, 0, 2234704), (817, 5, 2236033), (5083, 0, 2236224), (5083, 0, 2236369), (5083, 0, 2236663), (5083, 0, 2236811), (5083, 0, 2237946), (5083, 0, 2238121), (539, 5, 2241804), (68, 7, 2243976), (68, 7, 2252179), (658, 5, 2253247), (2237, 2, 2254849), (2237, 2, 2255376), (539, 5, 2256555), (3731, 4, 2259518), (539, 5, 2267036), (539, 5, 2267225), (539, 5, 2267299), (1951, 4, 2276264), (1951, 4, 2276327), (1951, 4, 2276419), (1951, 4, 2276452), (1951, 4, 2276484), (1951, 4, 2276497), (1951, 4, 2276514), (68, 7, 2278556), (539, 5, 2296745), (5083, 0, 2312494), (5083, 0, 2312864), (5083, 0, 2313915), (68, 7, 2316749), (4441, 2, 2317516), (5083, 0, 2322160), (5083, 0, 2323124), (5083, 0, 2325557), (68, 7, 2326764), (5083, 0, 2327230), (5083, 0, 2330238), (5083, 0, 2330309), (5083, 0, 2331015), (5083, 0, 2331413), (5083, 0, 2331553), (68, 7, 2332813), (584, 5, 2394083), (1314, 2, 2419188), (3323, 3, 2428809), (539, 5, 2445224), (319, 5, 2517414), (539, 5, 2579609), (2274, 7, 2592891), (2274, 7, 2594108), (2274, 7, 2594115), (2274, 7, 2603666)]"
4492 "[(8402, 4, 1200863)]"
9079 "[(286, 3, 1205606), (286, 3, 1205771), (4917, 0, 1215497), (286, 3, 1355677), (4443, 3, 1369311), (286, 3, 1375503), (730, 1, 1597974), (730, 1, 1597992), (5622, 0, 1869184)]"
4752 "[(8243, 2, 1205828), (8687, 5, 1376092), (8849, 3, 1412050), (8370, 4, 1422835), (8626, 0, 1423077), (8486, 1, 1423181), (8577, 4, 1428909), (8577, 4, 1429449), (8544, 1, 1440137), (8618, 1, 1449363), (8682, 4, 1540200), (9071, 5, 1549296), (9086, 3, 1672914), (8448, 0, 1755737), (8448, 0, 1755763), (8719, 2, 1978573), (8401, 1, 2627689), (8772, 7, 2627704), (8612, 3, 2631421)]"
1033 "[(8963, 4, 1206735), (8963, 4, 1206933), (8963, 4, 1207126), (8963, 4, 1207189), (8963, 4, 1207409), (8963, 4, 1207638)]"
4688 "[(8963, 4, 1208537), (9091, 7, 1276681)]"
4791 "[(8676, 4, 1214147)]"
4946 "[(8237, 7, 1228888), (8237, 7, 1229483), (8237, 7, 1229539), (8237, 7, 1229617), (8237, 7, 1230190), (8237, 7, 1230954)]"
2990 "[(8402, 4, 1230840)]"
3270 "[(8402, 4, 1235096)]"
2270 "[(9072, 7, 1237429), (9072, 7, 1237448), (8575, 1, 1401045), (8575, 1, 1401062)]"
4766 "[(9048, 2, 1260266)]"
4266 "[(9034, 1, 1260548), (8602, 4, 1623509), (9166, 3, 1982166), (9071, 5, 2228702), (8781, 2, 2230547), (8781, 2, 2230830), (8781, 2, 2230891)]"
4736 "[(8365, 2, 1261412), (8365, 2, 1347152), (8736, 0, 2658000), (8736, 0, 2658554), (8736, 0, 2659777), (8736, 0, 2660280)]"
5032 "[(8736, 0, 1264261), (8736, 0, 1264359), (8736, 0, 1264459)]"
5038 "[(8402, 4, 1265649)]"
9064 "[(68, 7, 1268543), (303, 0, 1337851), (2174, 0, 2426103)]"
2867 "[(8402, 4, 1279887), (8536, 2, 1711971)]"
9043 "[(40, 0, 1291908)]"
3091 "[(8339, 3, 1296498)]"
5146 "[(8314, 5, 1297204)]"
8921 "[(4085, 7, 1299641)]"
5155 "[(8880, 7, 1300538)]"
5182 "[(8250, 3, 1310605)]"
8910 "[(4085, 7, 1317954)]"
3014 "[(9045, 0, 1348523)]"
5279 "[(8981, 7, 1352858), (8419, 3, 1354803)]"
5329 "[(8535, 7, 1365626)]"
5396 "[(8575, 1, 1381680), (8575, 1, 1381716), (8718, 4, 2164817), (8718, 4, 2164854), (8347, 3, 2505539), (8347, 3, 2505663)]"
8399 "[(4085, 7, 1390338)]"
1452 "[(8250, 3, 1404122), (8250, 3, 1404211)]"
2076 "[(8325, 1, 1407947), (8325, 1, 1408131)]"
1723 "[(8411, 5, 1422610), (8411, 5, 1422748), (8411, 5, 1423110)]"
5525 "[(8577, 4, 1444478)]"
8818 "[(983, 3, 1447994), (56, 7, 2245409)]"
8340 "[(4085, 7, 1459851), (40, 0, 1547716), (68, 7, 2257021), (4085, 7, 2274821), (703, 7, 2327401)]"
5591 "[(8507, 0, 1462823), (8507, 0, 1466183)]"
950 "[(8981, 7, 1469780)]"
2390 "[(8470, 3, 1493038), (8682, 4, 1496940), (8992, 0, 1497258), (9151, 7, 1872723), (8937, 3, 2355591), (8645, 1, 2374681), (8401, 1, 2557173)]"
1948 "[(8273, 1, 1511366), (8273, 1, 2118332)]"
8986 "[(920, 7, 1519436), (68, 7, 1695297), (1218, 4, 1709550), (2936, 7, 1719987), (1218, 4, 1721626), (1218, 4, 1761328), (68, 7, 1992150), (68, 7, 1993698)]"
1364 "[(9111, 7, 1538594), (9111, 7, 1538939), (9111, 7, 1539009), (9111, 7, 1539211), (9111, 7, 1539345), (9111, 7, 1539519), (9111, 7, 1545158), (9111, 7, 1546085), (9111, 7, 1546363), (9111, 7, 1546645), (9111, 7, 2224448), (9111, 7, 2224535), (9111, 7, 2225405), (9111, 7, 2225565), (9111, 7, 2229300), (9111, 7, 2229867), (9111, 7, 2229914), (9111, 7, 2230307), (9111, 7, 2230502), (9111, 7, 2468027)]"
4773 "[(8963, 4, 1547152)]"
456 "[(8699, 4, 1550190), (8430, 0, 1617793)]"
2646 "[(8778, 5, 1550932)]"
2143 "[(9071, 5, 1561290), (9166, 3, 1726265), (9166, 3, 1739606), (8558, 3, 1753641)]"
595 "[(9071, 5, 1561983), (9071, 5, 1562203), (9071, 5, 1562707), (9071, 5, 1562832), (9071, 5, 1562888)]"
4845 "[(9071, 5, 1562012), (9071, 5, 1562238), (9071, 5, 1562422), (9071, 5, 1563205), (9071, 5, 1575690), (9071, 5, 1575954), (9071, 5, 1576386), (9071, 5, 1578240), (9071, 5, 1578348), (9071, 5, 1635703), (9071, 5, 1670049), (8964, 3, 2156481), (8964, 3, 2156556), (8964, 3, 2175536), (8964, 3, 2247624), (9224, 5, 2426140), (9224, 5, 2431592), (9224, 5, 2438960)]"
802 "[(9078, 5, 1571394)]"
5879 "[(9071, 5, 1573063)]"
8459 "[(40, 0, 1584316)]"
8800 "[(5917, 7, 1593491), (4085, 7, 1739553)]"
3751 "[(8314, 5, 1603613)]"
8669 "[(499, 2, 1622568), (68, 7, 1897831), (17, 1, 2606863)]"
2387 "[(9089, 3, 1623515)]"
5993 "[(8612, 3, 1626552)]"
3985 "[(8263, 2, 1633881)]"
8862 "[(40, 0, 1667376)]"
5772 "[(9071, 5, 1667439)]"
5063 "[(8314, 5, 1667518), (8314, 5, 1667589), (8314, 5, 1667773), (8314, 5, 1667930)]"
8305 "[(367, 7, 1689241), (2615, 3, 2065501)]"
8663 "[(1594, 1, 1697261)]"
5321 "[(8277, 2, 1714804)]"
9067 "[(4085, 7, 1721228)]"
5774 "[(9140, 7, 1730636), (8347, 3, 2096621)]"
9165 "[(659, 5, 1730960), (1860, 1, 1831772), (1860, 1, 1833224), (1860, 1, 1833896), (1860, 1, 1834121), (67, 1, 1868734), (67, 1, 1868826), (1860, 1, 1939608), (68, 7, 1988019), (2578, 1, 2164484), (2578, 1, 2167680), (4085, 7, 2198012), (1860, 1, 2219078), (2578, 1, 2227070), (1860, 1, 2261835)]"
2501 "[(8446, 4, 1749421)]"
8895 "[(40, 0, 1752198), (73, 0, 2186002), (7295, 5, 2206120), (7295, 5, 2210506), (7295, 5, 2210800), (7295, 5, 2211077), (68, 7, 2212293)]"
6356 "[(8312, 4, 1782781)]"
9139 "[(4085, 7, 1833073)]"
1655 "[(8774, 0, 1863099), (8774, 0, 1863189), (8774, 0, 1863438), (8774, 0, 1863527), (8774, 0, 2014429)]"
9022 "[(2881, 3, 1896290)]"
9084 "[(1862, 5, 1897749), (1862, 5, 1898460), (1862, 5, 2106640), (2541, 5, 2624951), (2425, 1, 2626614), (1206, 2, 2627443), (7756, 3, 2627591), (1264, 7, 2628678), (1264, 7, 2628699), (285, 0, 2629384), (285, 0, 2629400), (285, 0, 2629420), (4217, 7, 2630192), (7205, 5, 2631706), (109, 3, 2632421), (2068, 2, 2632941), (1276, 7, 2634209), (3636, 2, 2634275), (109, 3, 2634335), (5407, 1, 2635469), (2103, 1, 2635499), (109, 3, 2636254), (318, 7, 2637403), (318, 7, 2637449), (318, 7, 2638487), (3114, 3, 2638684), (318, 7, 2638915), (318, 7, 2639140), (318, 7, 2639171), (318, 7, 2639281), (3114, 3, 2639705), (318, 7, 2639951), (6209, 3, 2643135), (2134, 7, 2643167), (1856, 7, 2645626), (109, 3, 2652328), (517, 1, 2653058), (17, 1, 2653565), (4361, 5, 2657152), (4361, 5, 2657209), (7787, 0, 2659905), (3735, 1, 2661310), (994, 1, 2666950), (3114, 3, 2667805), (2436, 5, 2668160), (68, 7, 2668823), (318, 7, 2670628), (318, 7, 2670863), (4251, 3, 2671118), (318, 7, 2671177), (318, 7, 2671373), (3114, 3, 2671521), (4251, 3, 2671633), (3114, 3, 2671872), (2468, 4, 2671980), (994, 1, 2672212), (994, 1, 2672340), (994, 1, 2672408), (994, 1, 2672581), (994, 1, 2672754), (994, 1, 2672853), (3114, 3, 2672910), (4217, 7, 2677241)]"
3812 "[(8510, 7, 1919318)]"
288 "[(9140, 7, 1933081)]"
8987 "[(1359, 2, 1946811), (67, 1, 2122257), (67, 1, 2122316), (67, 1, 2122344)]"
9141 "[(68, 7, 1956190), (45, 3, 2112776), (45, 3, 2175135), (40, 0, 2184729)]"
6735 "[(8535, 7, 1956927), (8328, 5, 1957156), (8245, 5, 1957192)]"
8757 "[(383, 3, 1959840), (2480, 7, 2393603), (2480, 7, 2411954), (2480, 7, 2412027), (635, 5, 2418558), (635, 5, 2463472)]"
6743 "[(9007, 0, 1961134)]"
9183 "[(467, 3, 1972368), (68, 7, 2010571), (4085, 7, 2171333)]"
4587 "[(8410, 5, 1972700)]"
9020 "[(935, 2, 1979127)]"
2348 "[(8956, 0, 1994349)]"
2257 "[(9071, 5, 2001701), (9071, 5, 2002289), (9071, 5, 2002634)]"
6534 "[(9168, 5, 2008436)]"
1789 "[(8763, 3, 2018910)]"
1076 "[(8463, 5, 2059546), (8463, 5, 2246085), (8463, 5, 2279918)]"
8933 "[(67, 1, 2071732), (2495, 3, 2071973)]"
3932 "[(9168, 5, 2085477), (9168, 5, 2085554), (9168, 5, 2085715), (9168, 5, 2085742), (9168, 5, 2085954), (9205, 5, 2157615)]"
9186 "[(4085, 7, 2088986)]"
9157 "[(40, 0, 2097892), (73, 0, 2186404), (73, 0, 2356352), (40, 0, 2358836), (40, 0, 2448488)]"
7095 "[(8974, 4, 2117977)]"
4962 "[(8937, 3, 2126399)]"
268 "[(9202, 5, 2131501), (9202, 5, 2131802), (9202, 5, 2132434), (9202, 5, 2132478), (9202, 5, 2132570), (9202, 5, 2132754), (9202, 5, 2137260), (9202, 5, 2213730)]"
6401 "[(8476, 3, 2146990)]"
9206 "[(1786, 3, 2154074), (4345, 1, 2155266), (7019, 7, 2519647)]"
8706 "[(7176, 5, 2166413), (2438, 0, 2312759), (17, 1, 2571847), (1276, 7, 2621950), (1276, 7, 2622088), (1276, 7, 2622145), (17, 1, 2622941), (7176, 5, 2655633)]"
3557 "[(8629, 7, 2176255)]"
4778 "[(9168, 5, 2199654)]"
7308 "[(9034, 1, 2211932)]"
9131 "[(489, 0, 2242038), (489, 0, 2242060), (489, 0, 2242504)]"
3478 "[(9205, 5, 2245025)]"
3981 "[(8462, 5, 2254206), (8462, 5, 2254239), (8722, 2, 2304739)]"
9210 "[(1586, 0, 2276152), (1103, 1, 2279380)]"
3740 "[(8307, 3, 2279471)]"
9128 "[(4085, 7, 2289971)]"
2528 "[(8467, 4, 2316724)]"
3180 "[(8348, 7, 2321179)]"
9121 "[(73, 0, 2336089)]"
1341 "[(8463, 5, 2398925)]"
6669 "[(8590, 7, 2412628), (8590, 7, 2413469), (8590, 7, 2413929)]"
4281 "[(9214, 2, 2456144)]"
9061 "[(68, 7, 2478781), (4085, 7, 2673581)]"
2384 "[(9205, 5, 2479673)]"
7344 "[(8255, 7, 2481973)]"
9226 "[(68, 7, 2495422), (68, 7, 2573027)]"
8705 "[(497, 7, 2495893)]"
9219 "[(68, 7, 2532796)]"
7977 "[(8273, 1, 2534873)]"
9032 "[(367, 7, 2542403)]"
1446 "[(8347, 3, 2545919)]"
8743 "[(6523, 3, 2554612)]"
1296 "[(9092, 2, 2592482), (9092, 2, 2592611), (9092, 2, 2592718), (9092, 2, 2592775), (9092, 2, 2592812), (9092, 2, 2592973), (9092, 2, 2593032), (9092, 2, 2593094), (9092, 2, 2602652), (8937, 3, 2629922), (8937, 3, 2630025), (9092, 2, 2630564)]"
875 "[(9071, 5, 2599633), (8295, 3, 2599708), (8446, 4, 2599887), (8778, 5, 2600478), (8292, 5, 2600695)]"
4410 "[(8347, 3, 2601867)]"
1973 "[(9028, 0, 2610667), (9028, 0, 2610816)]"
250 "[(8994, 5, 2612541), (8994, 5, 2612899), (8994, 5, 2612965), (8994, 5, 2613282), (8994, 5, 2613339), (8994, 5, 2613554), (8994, 5, 2614718), (8994, 5, 2614864), (8994, 5, 2614996), (8994, 5, 2615414), (8994, 5, 2615668), (8994, 5, 2615748), (8994, 5, 2616177), (8994, 5, 2616423), (8994, 5, 2616503), (8994, 5, 2616583), (8994, 5, 2616837)]"
6249 "[(8853, 0, 2618472)]"
6118 "[(9028, 0, 2635195)]"
5129 "[(8928, 2, 2635248), (8928, 2, 2639962)]"
