8243 "[(17, 1, 1177), (22, 4, 85566), (887, 1, 138885), (887, 1, 138905), (898, 4, 141013), (1118, 3, 178553), (17, 1, 205623), (2153, 3, 425784), (17, 1, 430636), (22, 4, 441987), (912, 3, 503804), (17, 1, 505770), (2521, 3, 518965), (233, 6, 541505), (2708, 4, 771582), (17, 1, 873642), (17, 1, 944414), (4279, 4, 1028211), (4315, 5, 1037151), (4331, 3, 1040374), (3716, 4, 1056118), (125, 1, 1121750), (4752, 6, 1205828), (17, 1, 1290879), (17, 1, 1318486), (167, 1, 1469597), (420, 7, 1527099), (17, 1, 1646341), (2230, 1, 1659161), (53, 3, 1697747), (289, 3, 1741738), (53, 3, 1918302), (53, 3, 1923471), (53, 3, 2040020), (17, 1, 2109754), (53, 3, 2110265), (53, 3, 2112384), (17, 1, 2142325), (53, 3, 2196381), (17, 1, 2218961), (1912, 5, 2227196), (17, 1, 2264647), (7466, 5, 2265961), (2153, 3, 2396292), (1276, 7, 2624182), (887, 1, 2675018)]"
8252 "[(25, 3, 1600), (109, 3, 12415), (384, 3, 54422), (384, 3, 54619), (384, 3, 54900), (109, 3, 93680), (384, 3, 253972), (109, 3, 331270), (384, 3, 416947), (2708, 4, 1008966), (384, 3, 1644587), (233, 6, 1664810), (25, 3, 1798002), (25, 3, 2055506), (384, 3, 2221866), (384, 3, 2228302), (25, 3, 2319801), (4259, 1, 2319945)]"
33 "[(8260, 6, 2079), (8260, 6, 27442), (8260, 6, 607745), (8260, 6, 1089140), (8260, 6, 2457190), (8347, 3, 2457211)]"
8263 "[(36, 5, 2382), (477, 6, 64628), (1680, 3, 347517), (1680, 3, 347614), (1680, 3, 347760), (1680, 3, 347907), (1680, 3, 348068), (1680, 3, 348182), (1362, 7, 602137), (17, 1, 688553), (36, 5, 692834), (3379, 4, 744128), (611, 1, 781338), (3512, 4, 781704), (22, 4, 1051448), (17, 1, 1137392), (3114, 3, 1191319), (4850, 4, 1554735), (3985, 6, 1633881), (1185, 6, 2610015), (1185, 6, 2610645)]"
8285 "[(22, 4, 5721), (433, 6, 60942), (1065, 0, 167151), (1438, 4, 449152), (233, 6, 538301), (17, 1, 580995), (1065, 0, 797754), (4085, 7, 1333248), (509, 6, 1349324), (4085, 7, 1470349), (742, 1, 1493964), (611, 1, 1636311), (6225, 3, 1723782), (1305, 4, 1778607), (233, 6, 2015103), (1065, 0, 2347647), (4085, 7, 2363236)]"
8283 "[(145, 3, 17856), (145, 3, 17874), (145, 3, 18111), (145, 3, 18148), (145, 3, 18407), (163, 5, 20156), (730, 1, 104075), (730, 1, 104095), (73, 0, 118041), (17, 1, 170050), (68, 7, 254466), (163, 5, 424867), (163, 5, 424929), (2365, 6, 706887), (3746, 3, 863918), (2365, 6, 1043729), (2365, 6, 1096054), (2365, 6, 1357561), (17, 1, 1482699), (509, 6, 1522238), (509, 6, 1522761), (509, 6, 1556156), (611, 1, 2667393)]"
148 "[(8341, 4, 17988), (8583, 1, 159529), (8343, 1, 415910), (8871, 6, 418079), (8282, 3, 485162), (8314, 5, 485950), (8343, 1, 578211), (8301, 3, 740020), (8777, 4, 1184973), (8801, 4, 1190802), (8563, 0, 1271263), (8463, 5, 2143963), (9223, 4, 2481304), (8312, 4, 2655934)]"
156 "[(8346, 1, 18882), (8611, 4, 236748), (8611, 4, 236863), (8625, 1, 238989), (8343, 1, 247291), (8346, 1, 276685), (8622, 5, 289805), (8397, 1, 360850), (8376, 4, 366555), (8390, 5, 379692), (8390, 5, 380532), (8390, 5, 381511), (8273, 1, 381855), (8848, 0, 462806), (8848, 0, 463135), (8848, 0, 463966), (8848, 0, 464148), (8848, 0, 464304), (8848, 0, 464804), (8848, 0, 465150), (8246, 1, 465630), (8670, 1, 541788), (8561, 4, 635675), (8471, 1, 789009), (8620, 7, 806596), (8620, 7, 809135), (8620, 7, 809192), (8620, 7, 809297), (8687, 5, 874602), (8446, 4, 965742), (8341, 4, 969577), (8370, 4, 1138690), (8288, 0, 1148474), (9086, 3, 1240373), (9086, 3, 1240643), (8313, 1, 1509531), (8577, 4, 1557417), (9117, 3, 1661851), (8816, 3, 1662859), (8816, 3, 1663202), (9129, 7, 1663717), (9117, 3, 1669488), (8343, 1, 1840813), (8952, 7, 2147567), (8357, 3, 2278436), (8333, 4, 2442533), (8390, 5, 2443276), (9028, 0, 2545170), (8611, 4, 2545495), (9028, 0, 2545755)]"
8355 "[(167, 1, 20569), (437, 6, 61091), (437, 6, 61266), (437, 6, 156423), (611, 1, 201029), (611, 1, 346964), (611, 1, 350499), (437, 6, 517748), (437, 6, 682592), (2708, 4, 735957), (248, 6, 961187), (2230, 1, 1035919), (2196, 7, 1219873), (3774, 3, 1489200), (125, 1, 2107072), (3323, 3, 2322755), (2230, 1, 2344415), (2637, 1, 2442120), (691, 1, 2442263), (691, 1, 2442338), (691, 1, 2442385), (3015, 1, 2464400), (691, 1, 2529877), (351, 5, 2552855)]"
8377 "[(169, 3, 25883), (528, 3, 70103), (1154, 3, 188033), (169, 3, 287785), (169, 3, 288353), (1733, 3, 325849), (2157, 4, 424055), (698, 5, 445987), (698, 5, 446016), (2042, 5, 575424), (1506, 5, 1101464), (2708, 4, 1418742), (2708, 4, 1419228), (1733, 3, 1885722), (1733, 3, 2020852), (5622, 0, 2155304), (509, 6, 2174867), (730, 1, 2232445), (730, 1, 2232465), (89, 5, 2309312), (5622, 0, 2491969)]"
221 "[(8302, 7, 27897), (8302, 7, 100339), (8539, 4, 109059), (8302, 7, 109251), (8302, 7, 113986), (8302, 7, 192109), (8302, 7, 197426), (8302, 7, 240453), (8302, 7, 243370), (8302, 7, 243394), (8302, 7, 249062), (8539, 4, 526412), (8470, 3, 759316), (8470, 3, 782954), (8470, 3, 786476), (9086, 3, 1304718), (9086, 3, 1305701), (9086, 3, 1308814), (9086, 3, 1379973), (9086, 3, 1384538), (9096, 7, 1400664), (9096, 7, 1400829), (9096, 7, 1458388), (9096, 7, 1471760), (8849, 3, 1472744), (9096, 7, 1478893), (9096, 7, 1479578), (8849, 3, 1494551), (9086, 3, 1554734), (9096, 7, 1554934), (9096, 7, 1556923), (9096, 7, 1557034), (9096, 7, 1557367), (9096, 7, 1557472), (9096, 7, 1557551), (9096, 7, 1562211), (9086, 3, 1562305), (9096, 7, 1563762), (9096, 7, 1564315), (9096, 7, 1653345), (9086, 3, 1656179), (9096, 7, 1656790), (9096, 7, 1661503), (9096, 7, 1662539), (9096, 7, 1663530), (9086, 3, 1663583), (8849, 3, 1663884), (9096, 7, 1663924), (9096, 7, 1735127), (9086, 3, 1735170), (8849, 3, 1750685), (9086, 3, 1821971), (9096, 7, 1822074), (9096, 7, 1906021), (9086, 3, 2434065), (9086, 3, 2490331), (8539, 4, 2527424), (8539, 4, 2590383)]"
8385 "[(233, 6, 32801), (303, 0, 42627), (233, 6, 282985), (799, 6, 290469), (1184, 4, 324640), (799, 6, 333616), (233, 6, 460443), (40, 0, 461582), (233, 6, 1494739), (233, 6, 1576281), (659, 5, 1908364)]"
8291 "[(233, 6, 33454), (608, 7, 79670), (608, 7, 79687), (940, 1, 147929), (1594, 1, 417767), (1726, 7, 751615), (2577, 4, 1304469), (233, 6, 2014165), (954, 6, 2095795)]"
254 "[(8419, 3, 34442), (8419, 3, 34566), (8244, 0, 723314), (8244, 0, 724830), (8244, 0, 725059)]"
8427 "[(40, 0, 35299), (68, 7, 45737), (590, 7, 77229), (590, 7, 77265), (590, 7, 77297), (68, 7, 504692), (40, 0, 544038), (3594, 3, 920119), (68, 7, 2105073), (17, 1, 2243303), (109, 3, 2618299)]"
311 "[(8442, 3, 43738), (8442, 3, 63357), (8442, 3, 204818), (8442, 3, 480475), (8442, 3, 487224), (8442, 3, 494180), (8442, 3, 494315), (8442, 3, 931438), (8442, 3, 1000275), (8442, 3, 1005149), (8442, 3, 1007085), (8442, 3, 1156376), (8442, 3, 1263959), (8442, 3, 1276931), (8442, 3, 1281151), (8442, 3, 1349589), (8442, 3, 1356434), (8442, 3, 1356446), (8442, 3, 1523215), (8442, 3, 1538280), (8442, 3, 1604378), (8442, 3, 1705487), (8442, 3, 1705506), (8442, 3, 1752891), (8442, 3, 1876405), (8442, 3, 1882602), (8442, 3, 1884188), (8442, 3, 1891441), (8442, 3, 1891506), (8442, 3, 1891787), (8442, 3, 1893365), (8442, 3, 1956027), (8442, 3, 1956975), (8442, 3, 1957593), (8442, 3, 2036771), (8442, 3, 2221781), (8442, 3, 2321562), (8442, 3, 2398959), (8442, 3, 2485003), (8442, 3, 2485018), (8442, 3, 2581012), (8442, 3, 2655324)]"
336 "[(8295, 3, 46237), (8390, 5, 829694), (8723, 1, 1128542), (8282, 3, 2481350)]"
8458 "[(335, 3, 47811), (630, 0, 284717), (630, 0, 285126), (630, 0, 287778), (233, 6, 365139), (1306, 0, 393127), (4085, 7, 1320989), (630, 0, 1372489), (2881, 3, 1816586), (233, 6, 2097701)]"
8479 "[(381, 7, 53414), (1793, 3, 408266), (1793, 3, 408331), (588, 5, 565577), (2234, 6, 611873), (233, 6, 973136), (4395, 3, 1055153), (233, 6, 1577469), (233, 6, 1662769), (233, 6, 1922849)]"
423 "[(8318, 6, 59854), (8531, 5, 71443), (8240, 5, 185352), (8240, 5, 185390), (8622, 5, 239259), (8384, 1, 351880), (8835, 7, 426417), (8346, 1, 437468), (8548, 5, 445500), (8548, 5, 445677), (8548, 5, 445758), (8548, 5, 445799), (8654, 1, 529248), (8346, 1, 604030), (8423, 6, 681330), (8591, 6, 696122), (8887, 7, 851053), (8374, 1, 878115), (8273, 1, 1018836), (8357, 3, 1035677), (8806, 4, 1045278), (8370, 4, 1097240), (8806, 4, 1179668), (8241, 6, 1194666), (8350, 3, 1202977), (8593, 1, 1203009), (8992, 0, 1265160), (8502, 5, 1302201), (8777, 4, 1305379), (8502, 5, 1335677), (8777, 4, 1369057), (8446, 4, 1369084), (9086, 3, 1422194), (8368, 1, 1422233), (8350, 3, 1422452), (8563, 0, 1451840), (8648, 1, 1451994), (8544, 1, 1464890), (8292, 5, 1464923), (8384, 1, 1640740), (8237, 7, 1703256), (8251, 1, 1812398), (8454, 5, 2304084), (9166, 3, 2318316), (8612, 3, 2409917), (8384, 1, 2491156), (8988, 6, 2646356)]"
435 "[(8450, 3, 61028), (8463, 5, 316272), (8643, 7, 319832)]"
116 "[(8423, 6, 64397), (8807, 0, 778103), (8807, 0, 1037616), (8257, 5, 1046989), (8257, 5, 1172027), (8807, 0, 1172575), (8257, 5, 1182893), (8257, 5, 1183054), (8807, 0, 1478068), (8807, 0, 1478143), (8807, 0, 1560482), (8807, 0, 1560484), (8807, 0, 1560519), (8807, 0, 1864716)]"
499 "[(8423, 6, 66727), (8423, 6, 66765), (8806, 4, 1135295), (8669, 6, 1622568), (9166, 3, 1728905), (8575, 1, 1817133), (8575, 1, 1903152)]"
483 "[(8241, 6, 66998), (8591, 6, 277077), (8828, 7, 341987), (8828, 7, 342042), (8828, 7, 342171), (8828, 7, 343333), (8591, 6, 399882), (8828, 7, 691427), (8250, 3, 693043), (8250, 3, 708072), (8260, 6, 708960), (8250, 3, 794825), (8250, 3, 794890), (8250, 3, 794929), (8250, 3, 860147), (8250, 3, 860171), (8250, 3, 860189), (8250, 3, 860210), (8241, 6, 871549), (8250, 3, 935754), (8250, 3, 935781), (8250, 3, 935817), (8250, 3, 935839), (8325, 1, 940457), (8250, 3, 967029), (8250, 3, 967065), (8545, 7, 1024655), (8591, 6, 1026237), (8545, 7, 1178501), (8241, 6, 1283759), (8241, 6, 1283856), (8241, 6, 1284398), (8241, 6, 1284536), (8241, 6, 1284624), (8952, 7, 1444795), (8952, 7, 1444861), (8952, 7, 1444914), (8250, 3, 1446668), (8241, 6, 1462832), (8241, 6, 1462860), (8241, 6, 1463022), (8260, 6, 1463144), (8591, 6, 1981669)]"
506 "[(8531, 5, 69478), (8582, 6, 255991), (8582, 6, 481332), (8582, 6, 481399), (8582, 6, 555375), (8582, 6, 640877), (8531, 5, 646744), (8670, 1, 817496), (8531, 5, 854864), (8670, 1, 857024), (8582, 6, 906590), (8582, 6, 915667), (8531, 5, 937125), (8582, 6, 937566), (8670, 1, 937972), (8670, 1, 990955), (8582, 6, 992424), (8670, 1, 993675), (8582, 6, 1074578), (8670, 1, 1077141), (8670, 1, 1077193), (8582, 6, 1165877), (8531, 5, 1172771), (8531, 5, 1172807), (8531, 5, 1172894), (8582, 6, 1210213), (8531, 5, 1247408), (8531, 5, 1419267), (8670, 1, 1697182), (8582, 6, 1775861), (8582, 6, 1935185), (8582, 6, 2327564)]"
8536 "[(527, 3, 70063), (1951, 4, 375683), (233, 6, 807982), (1726, 7, 1294003), (2867, 6, 1711971), (45, 3, 1787915), (2246, 5, 2327839), (68, 7, 2454233), (68, 7, 2464333), (482, 6, 2587079)]"
35 "[(8529, 3, 77886), (8529, 3, 77952), (8529, 3, 77988)]"
614 "[(8423, 6, 80647), (8582, 6, 86411)]"
627 "[(8572, 0, 83039), (8491, 4, 94483), (8257, 5, 115435), (8873, 1, 1235392), (8544, 1, 1444394), (8544, 1, 1444522), (8544, 1, 1444595), (8446, 4, 1624705), (8917, 3, 1632121), (8384, 1, 1724958), (8562, 4, 1896265), (8249, 3, 1896374), (8682, 4, 1992071), (8510, 7, 2149006), (8974, 4, 2419664), (8570, 4, 2425145), (9205, 5, 2427895)]"
61 "[(8587, 1, 93122), (8461, 1, 106836), (8461, 1, 106918), (8587, 1, 659605), (8461, 1, 748470), (8321, 1, 1011329), (8587, 1, 1180949), (8461, 1, 1181160), (8461, 1, 1181638)]"
8361 "[(17, 1, 95431), (125, 1, 95854), (17, 1, 675391), (1449, 1, 869317), (2881, 3, 1294303), (17, 1, 1338845), (17, 1, 1340223), (2138, 6, 1342417), (22, 4, 1348349), (17, 1, 1353110), (2495, 3, 1360171), (730, 1, 1360368), (730, 1, 1360387), (5622, 0, 1966891), (17, 1, 2071333), (17, 1, 2235673), (17, 1, 2249684), (17, 1, 2250936), (17, 1, 2251075), (17, 1, 2251370), (17, 1, 2251959), (17, 1, 2252579), (2881, 3, 2252740), (17, 1, 2257817), (5904, 3, 2258509), (611, 1, 2286855)]"
695 "[(8414, 3, 98001), (8414, 3, 147806), (8318, 6, 245484), (8414, 3, 331358), (8414, 3, 331378), (8414, 3, 496961), (8414, 3, 496975), (8414, 3, 500861), (8887, 7, 525417), (8370, 4, 532016), (8318, 6, 580909), (8241, 6, 594841), (8414, 3, 1102383), (9069, 6, 1184143), (8591, 6, 1894472), (8806, 4, 2073606), (8849, 3, 2175324), (8849, 3, 2175355), (9080, 6, 2233669), (9080, 6, 2233696), (8414, 3, 2321265), (8414, 3, 2323773), (8591, 6, 2328548), (9224, 5, 2425396)]"
710 "[(8423, 6, 100159)]"
8473 "[(725, 3, 103180), (725, 3, 162731), (725, 3, 189347), (190, 3, 194666), (725, 3, 274904), (190, 3, 334218), (725, 3, 600606), (725, 3, 889244), (725, 3, 1225754), (402, 5, 1446329), (725, 3, 1580538), (725, 3, 1977159), (4085, 7, 2192865), (1775, 3, 2502997), (1775, 3, 2503085), (1775, 3, 2503143), (725, 3, 2616720), (725, 3, 2616838)]"
734 "[(8256, 5, 105130), (8505, 4, 406992), (8505, 4, 1187601), (8505, 4, 1878449), (8505, 4, 2429787)]"
8589 "[(17, 1, 106658), (68, 7, 387912), (4109, 1, 994863), (4085, 7, 1585291), (1148, 0, 1624762)]"
8598 "[(750, 7, 107343), (2628, 6, 545230), (1754, 6, 999593), (5761, 7, 1647181), (68, 7, 1659333), (3720, 6, 2069116), (3720, 6, 2097040), (3720, 6, 2097077), (3720, 6, 2097157), (3720, 6, 2097204), (3720, 6, 2097229), (3720, 6, 2097295), (3720, 6, 2097337), (4157, 7, 2149957), (3720, 6, 2159905), (3930, 7, 2212439), (3129, 6, 2220113), (1461, 5, 2612293)]"
754 "[(8588, 7, 108027), (8520, 3, 108075), (8588, 7, 409519), (9072, 7, 1180774)]"
772 "[(8260, 6, 111393), (8848, 0, 526653), (8526, 6, 870602), (8848, 0, 872044), (8350, 3, 1309865), (8260, 6, 1490748), (8350, 3, 1820340), (8350, 3, 1820388), (8350, 3, 1820602), (8350, 3, 1820717), (8350, 3, 1821253), (8347, 3, 1828578), (9159, 0, 1829551), (8591, 6, 1974511), (8347, 3, 1989233), (8347, 3, 1989536), (8260, 6, 2003112), (8591, 6, 2059442), (8526, 6, 2168724), (8526, 6, 2261160), (8253, 7, 2269262), (8253, 7, 2269906), (8253, 7, 2269964), (8590, 7, 2611364)]"
8334 "[(233, 6, 115106), (1970, 3, 571398), (1933, 6, 596920), (233, 6, 1492122), (4494, 3, 1939053)]"
8623 "[(285, 0, 122257), (285, 0, 122305), (285, 0, 122317), (1561, 1, 297749), (1397, 1, 541185), (68, 7, 598812), (1210, 1, 610259), (2216, 4, 643718), (68, 7, 666478), (165, 6, 676121), (165, 6, 676181), (165, 6, 676291), (165, 6, 676402), (165, 6, 676455), (749, 6, 697548), (285, 0, 738095), (1644, 0, 890721), (1644, 0, 891004), (2133, 1, 892226), (761, 5, 892704), (761, 5, 892718), (761, 5, 892741), (761, 5, 892756), (761, 5, 892770), (761, 5, 892787), (761, 5, 892816), (761, 5, 892837), (761, 5, 892852), (285, 0, 900889), (482, 6, 920727), (482, 6, 920756), (527, 3, 972191), (233, 6, 975034), (718, 3, 1039337), (844, 6, 1057352), (285, 0, 1075468), (285, 0, 1090025), (285, 0, 1090034), (1176, 0, 1105340), (285, 0, 1239994), (271, 6, 1275525), (749, 6, 1313130), (285, 0, 1352640), (482, 6, 1369635), (482, 6, 1369768), (482, 6, 1369917), (2216, 4, 1424193), (4887, 4, 1478887), (482, 6, 1549867), (482, 6, 1549923), (844, 6, 1789200), (826, 7, 2078905), (749, 6, 2178172), (285, 0, 2361151), (1594, 1, 2531252)]"
8543 "[(848, 3, 129237), (1173, 7, 677181), (479, 7, 781002), (479, 7, 781004), (73, 0, 887975)]"
552 "[(8242, 3, 135057), (8639, 4, 269144), (8622, 5, 303999), (8247, 7, 324234), (8247, 7, 324290), (8588, 7, 346614), (8639, 4, 423859), (8639, 4, 471418), (8316, 1, 506544), (8682, 4, 608301), (8370, 4, 664263), (8320, 6, 665477), (8639, 4, 701858), (8339, 3, 744065), (8639, 4, 772887), (8887, 7, 986782), (8639, 4, 1208520), (8639, 4, 1246255), (8639, 4, 1246269), (8639, 4, 1431083), (8639, 4, 1624186), (8325, 1, 1800382), (8551, 3, 1806315), (8260, 6, 1908310), (8260, 6, 1908351), (8545, 7, 2032607), (8956, 0, 2140014), (8584, 4, 2475060), (8849, 3, 2505858)]"
870 "[(8411, 5, 135193), (8256, 5, 139659), (8789, 1, 408311), (8896, 6, 480456), (8896, 6, 480569), (8896, 6, 480677), (8411, 5, 493387), (8526, 6, 679389), (8411, 5, 753123), (8411, 5, 848292), (9026, 0, 927420), (8450, 3, 1013038), (8450, 3, 1013320), (8450, 3, 1013734), (8343, 1, 1033103), (8343, 1, 1033261), (8438, 7, 1126041), (8438, 7, 1126191), (8438, 7, 1126464), (8438, 7, 1126578), (9053, 1, 1187732), (8314, 5, 1205299), (8314, 5, 1205440), (8314, 5, 1205611), (8314, 5, 1205799), (8723, 1, 1263787), (8411, 5, 1273006), (8526, 6, 1276608), (8411, 5, 1464154), (9071, 5, 1558795), (8474, 5, 1628219), (8474, 5, 1628367), (8535, 7, 1952144), (8535, 7, 1952439), (8790, 0, 2246670), (8790, 0, 2246743), (8411, 5, 2325229), (8989, 0, 2376451), (8989, 0, 2376616), (8989, 0, 2376702), (8312, 4, 2377003), (8312, 4, 2377270), (9224, 5, 2472473), (8411, 5, 2473436), (9063, 0, 2642767), (9063, 0, 2643002), (9063, 0, 2643091)]"
8652 "[(433, 6, 136552), (433, 6, 137339), (433, 6, 149777), (17, 1, 409723), (248, 6, 446600), (248, 6, 451642), (248, 6, 1458686), (248, 6, 1543417), (248, 6, 1543475), (248, 6, 1543513), (248, 6, 1544476), (248, 6, 1544641), (248, 6, 1733252), (248, 6, 1793952), (248, 6, 1794549), (248, 6, 1794689), (248, 6, 2172776), (248, 6, 2173234), (17, 1, 2234795)]"
8665 "[(350, 5, 142828), (17, 1, 2272941), (17, 1, 2274740), (317, 1, 2275413), (17, 1, 2278000), (17, 1, 2279923), (17, 1, 2280758), (17, 1, 2281415), (17, 1, 2281720), (4164, 0, 2284879), (5622, 0, 2368928), (611, 1, 2373242), (611, 1, 2373455), (36, 5, 2528707), (36, 5, 2546850), (36, 5, 2547015), (36, 5, 2547045)]"
1047 "[(8316, 1, 164441), (8577, 4, 1894041)]"
1083 "[(8447, 7, 169858), (8447, 7, 170391), (8447, 7, 171260), (8447, 7, 171624), (9205, 5, 2239260)]"
8579 "[(68, 7, 173024), (1561, 1, 282075), (304, 6, 337141), (402, 5, 1126260), (402, 5, 1133943), (402, 5, 1134267), (68, 7, 1209997), (233, 6, 1234391)]"
1104 "[(8357, 3, 174691), (8612, 3, 361055), (8612, 3, 2482180), (8612, 3, 2574353)]"
8701 "[(68, 7, 185644), (233, 6, 2354316)]"
1140 "[(8249, 3, 185796), (8316, 1, 197622), (8411, 5, 976254), (8411, 5, 1023397)]"
8649 "[(1149, 4, 187309), (1331, 0, 232958), (1331, 0, 233006), (1202, 0, 584049), (3729, 0, 857333), (3735, 1, 858435)]"
346 "[(8721, 7, 189281), (8721, 7, 207219), (8620, 7, 385190), (8316, 1, 408042), (8316, 1, 441770), (8620, 7, 448303), (8620, 7, 666860), (8807, 0, 669066), (8620, 7, 720188), (8620, 7, 740613), (8620, 7, 784745), (8807, 0, 1878180), (8807, 0, 1878754), (8703, 5, 1880741), (8764, 5, 2436009), (8764, 5, 2469491), (8764, 5, 2473287), (8807, 0, 2479787), (8764, 5, 2480724), (8764, 5, 2482276), (8764, 5, 2530865), (8764, 5, 2636246), (8764, 5, 2662690)]"
8722 "[(744, 7, 190471), (532, 1, 255193), (471, 5, 255600), (167, 1, 257299), (1013, 4, 262118), (17, 1, 270554), (68, 7, 273144), (2093, 7, 496826), (130, 3, 750033), (130, 3, 764439), (3495, 7, 777172), (3518, 6, 783719), (3518, 6, 783759), (3360, 5, 2163243), (3981, 6, 2304739)]"
935 "[(8622, 5, 194790), (8588, 7, 497569), (8888, 6, 577004), (8888, 6, 675169), (8467, 4, 856863), (8467, 4, 856878), (8467, 4, 856912), (8467, 4, 856923), (9072, 7, 1186860), (9072, 7, 1186869), (9072, 7, 1186912), (9069, 6, 1215522), (8975, 3, 1358904), (8975, 3, 1358917), (9096, 7, 1384260), (9096, 7, 1386969), (9089, 3, 1450993), (8467, 4, 1452391), (9096, 7, 1555521), (8250, 3, 1625738), (8250, 3, 1625797), (9163, 7, 1717489), (9163, 7, 1717505), (9163, 7, 1814631), (9027, 3, 1916905), (9166, 3, 1917490), (9166, 3, 1917508), (9166, 3, 1917527), (9166, 3, 1917565), (9166, 3, 1978655), (9020, 6, 1979127), (9168, 5, 1986780), (9140, 7, 2064234), (9140, 7, 2064244), (9223, 4, 2520731), (9223, 4, 2520755)]"
1206 "[(8552, 6, 205258), (8552, 6, 210455), (8604, 7, 223082), (8852, 6, 393225), (8852, 6, 644573), (8552, 6, 752972), (8552, 6, 821502), (8552, 6, 821633), (8552, 6, 928847), (8552, 6, 928875), (8552, 6, 988626), (8552, 6, 988668), (8552, 6, 1010961), (8552, 6, 1011013), (8552, 6, 1011094), (8552, 6, 1011142), (8552, 6, 1011289), (8552, 6, 1011338), (8552, 6, 1011382), (8552, 6, 1034767), (8552, 6, 1075202), (8604, 7, 1075675), (8604, 7, 1088594), (8604, 7, 1088839), (8552, 6, 1332274), (8552, 6, 1339584), (8552, 6, 1505338), (8937, 3, 1784487), (8852, 6, 2113678), (8852, 6, 2481993), (9084, 6, 2627443), (8552, 6, 2646542), (8852, 6, 2670794), (8852, 6, 2670884), (8852, 6, 2670969)]"
8615 "[(248, 6, 205677), (248, 6, 339119), (68, 7, 1792352)]"
8734 "[(228, 6, 208977), (1362, 7, 238978), (1443, 7, 253655), (1443, 7, 253708), (1443, 7, 253783), (1443, 7, 253899), (1443, 7, 253968), (1443, 7, 254035), (1443, 7, 254522), (897, 7, 254662), (1443, 7, 255126), (1443, 7, 255275), (1443, 7, 255593), (1443, 7, 255789), (471, 5, 256143), (1443, 7, 256387), (471, 5, 256534), (471, 5, 256641), (1443, 7, 256732), (471, 5, 256856), (1443, 7, 257264), (167, 1, 257410), (471, 5, 257833), (471, 5, 258199), (731, 4, 262716), (731, 4, 263603), (1013, 4, 265872), (1501, 3, 266939), (1443, 7, 269228), (1443, 7, 269773), (1443, 7, 270253), (897, 7, 293344), (897, 7, 293938), (897, 7, 294944), (897, 7, 297167), (1680, 3, 315263), (1680, 3, 315921), (1680, 3, 316057), (1680, 3, 316218), (1680, 3, 316606), (1680, 3, 316689), (1680, 3, 323201), (1680, 3, 324251), (1680, 3, 324415), (1680, 3, 324852), (68, 7, 326679), (1680, 3, 327084), (983, 3, 332265), (1680, 3, 332989), (1680, 3, 333184), (1443, 7, 334749), (1443, 7, 335005), (1443, 7, 335079), (1443, 7, 336700), (1812, 5, 336823), (1443, 7, 337168), (1680, 3, 339198), (1680, 3, 339373), (1680, 3, 339597), (1911, 5, 358027), (198, 4, 373159), (198, 4, 373174), (68, 7, 402134), (974, 7, 411165), (974, 7, 411331), (974, 7, 411451), (1680, 3, 412829), (1680, 3, 412946), (1680, 3, 412999), (1680, 3, 413935), (1680, 3, 414287), (1680, 3, 415030), (1680, 3, 415360), (1680, 3, 415471), (109, 3, 421275), (1443, 7, 422474), (1176, 0, 431334), (68, 7, 432593), (233, 6, 456800), (1680, 3, 487667), (68, 7, 514748), (2568, 3, 528657), (2568, 3, 532425), (897, 7, 568542), (68, 7, 574031), (1378, 5, 578016), (68, 7, 588173), (2726, 4, 658728), (2726, 4, 659698), (1443, 7, 669984), (1680, 3, 754608), (3495, 7, 777586), (731, 4, 787088), (1443, 7, 845186), (3142, 3, 845982), (356, 7, 913500), (3362, 3, 966533), (233, 6, 1058196), (4085, 7, 1235032), (109, 3, 1243191), (2131, 5, 1291599), (233, 6, 1316028), (912, 3, 1396241), (68, 7, 1577759), (1137, 4, 1644565), (68, 7, 1681635), (17, 1, 1729681), (4586, 1, 1729905), (68, 7, 1788860), (109, 3, 1873440), (1647, 6, 1969891), (1036, 6, 1974144), (68, 7, 1988906), (67, 1, 2076076), (1007, 7, 2076174), (1911, 5, 2084615), (4001, 6, 2129699), (3360, 5, 2133745), (3360, 5, 2133957), (1726, 7, 2137107), (313, 5, 2158692), (3360, 5, 2163161), (3360, 5, 2235822), (3360, 5, 2235992), (3360, 5, 2236048), (3360, 5, 2236198), (492, 3, 2254915), (492, 3, 2256334), (731, 4, 2259487), (1220, 5, 2262959), (4085, 7, 2274712), (2335, 6, 2276255), (480, 6, 2288360), (885, 7, 2302756), (588, 5, 2305573), (3360, 5, 2310536), (7466, 5, 2317735), (68, 7, 2321959), (3360, 5, 2323046), (761, 5, 2325298), (4554, 5, 2328036), (2769, 5, 2341334), (3360, 5, 2343334), (3324, 7, 2347561), (68, 7, 2353693), (73, 0, 2356418), (40, 0, 2360038), (130, 3, 2398638), (3360, 5, 2403857), (4248, 6, 2418639), (2210, 0, 2422632), (4633, 3, 2424216), (4633, 3, 2424873), (3360, 5, 2428393), (3360, 5, 2487955), (3360, 5, 2487999), (5528, 4, 2501601), (1187, 3, 2508169), (1187, 3, 2515794), (1187, 3, 2518965), (8010, 5, 2558453), (2210, 0, 2564667), (1680, 3, 2579425), (1680, 3, 2593063), (1680, 3, 2593653), (1680, 3, 2593703), (1680, 3, 2594042), (1680, 3, 2594277), (1680, 3, 2594499), (4554, 5, 2597331), (4085, 7, 2632919)]"
8719 "[(1245, 5, 213789), (1261, 7, 216998), (471, 5, 255985), (68, 7, 288264), (897, 7, 295343), (731, 4, 309803), (1729, 6, 325551), (1958, 1, 378266), (68, 7, 446261), (68, 7, 564751), (897, 7, 569259), (731, 4, 940987), (2708, 4, 1008291), (532, 1, 1022852), (17, 1, 1023542), (22, 4, 1023670), (1501, 3, 1241955), (22, 4, 1334143), (22, 4, 1334194), (68, 7, 1577037), (4752, 6, 1978573), (1397, 1, 2137195), (509, 6, 2291335), (1663, 4, 2302967), (1397, 1, 2330869), (731, 4, 2495075), (731, 4, 2495126)]"
8709 "[(331, 5, 213992), (331, 5, 214101), (331, 5, 214242), (480, 6, 2644373)]"
1247 "[(8246, 1, 214172), (8955, 6, 1318453)]"
307 "[(8721, 7, 214780), (8586, 3, 1606317), (8586, 3, 1606333)]"
8541 "[(68, 7, 219158), (248, 6, 451079), (248, 6, 451179), (1397, 1, 498236), (1397, 1, 498437), (2388, 5, 587179), (3856, 1, 900033), (68, 7, 1229371), (17, 1, 1730306), (2365, 6, 1903485), (17, 1, 2068785), (1663, 4, 2071506), (17, 1, 2223062), (248, 6, 2467766)]"
8469 "[(1306, 0, 227348), (233, 6, 461136), (1306, 0, 666275), (2246, 5, 1789927), (2246, 5, 1789929), (68, 7, 2012472), (68, 7, 2436184)]"
1344 "[(8367, 1, 237408), (8367, 1, 1563766)]"
1359 "[(8484, 7, 239705), (8290, 5, 325328), (8342, 0, 646823), (8294, 3, 727342), (8770, 0, 760199), (8330, 0, 760227), (8965, 7, 814266), (8812, 7, 1416391), (9089, 3, 1416670), (9167, 1, 1796247), (8987, 6, 1946811), (8499, 0, 2199108)]"
370 "[(8435, 1, 243269), (8803, 0, 553347), (8737, 0, 1828526), (8817, 0, 2174988), (8817, 0, 2175330), (8489, 0, 2175435), (8489, 0, 2175447), (8998, 1, 2225605), (8489, 0, 2312900)]"
8262 "[(1389, 3, 243276), (1389, 3, 243298), (1561, 1, 297620), (68, 7, 337326), (233, 6, 539385), (367, 7, 1705569), (3459, 7, 2214231), (3459, 7, 2214267), (1647, 6, 2575945)]"
1401 "[(8245, 5, 245186), (8245, 5, 245364), (8245, 5, 245439), (8245, 5, 309601), (8358, 5, 356682), (8358, 5, 396200), (8526, 6, 531022), (8358, 5, 791356), (8358, 5, 854523), (8250, 3, 2175221)]"
1145 "[(8581, 4, 248943)]"
680 "[(8622, 5, 251311)]"
1490 "[(8613, 6, 264766), (8868, 7, 954038)]"
1494 "[(8246, 1, 265859), (8414, 3, 694086)]"
475 "[(8555, 4, 278081), (8555, 4, 853441), (8555, 4, 853474), (8555, 4, 853505), (8555, 4, 853551), (8710, 4, 1210320), (8555, 4, 1458987), (8540, 4, 1471708), (8555, 4, 2084362)]"
1066 "[(8316, 1, 279169), (8582, 6, 878452), (8582, 6, 878903), (8582, 6, 888056), (8577, 4, 1217811), (8577, 4, 1230839), (8577, 4, 1234136), (8582, 6, 1362101), (8582, 6, 1362259), (8316, 1, 1498987), (8316, 1, 1561935), (8316, 1, 1723470), (8316, 1, 1726388), (8316, 1, 1727044), (8316, 1, 1829375), (8316, 1, 1901531), (8316, 1, 2177218)]"
8791 "[(1570, 5, 284084), (1570, 5, 284729), (897, 7, 296986), (897, 7, 322093), (1277, 7, 406271), (1277, 7, 406292), (1277, 7, 406308), (1267, 1, 867131), (2196, 7, 1116683), (2196, 7, 1116724), (2196, 7, 1116791), (2246, 5, 1620703), (2246, 5, 1620705), (5622, 0, 2263882), (3512, 4, 2326666), (1856, 7, 2326930), (5552, 3, 2341402), (5552, 3, 2342659), (1187, 3, 2373882), (1187, 3, 2375292), (1187, 3, 2445726)]"
8755 "[(233, 6, 285323), (1857, 0, 358269), (233, 6, 369232), (1670, 4, 380054), (233, 6, 454927), (68, 7, 464426), (233, 6, 542147), (68, 7, 687587), (233, 6, 717462), (68, 7, 759497), (233, 6, 887094), (73, 0, 888158), (608, 7, 1036712), (2953, 6, 1143787), (68, 7, 1663576), (68, 7, 1690195), (233, 6, 1748600), (233, 6, 1838995)]"
1572 "[(8793, 7, 285748), (8250, 3, 1364076)]"
1263 "[(8316, 1, 323336), (8316, 1, 323352), (8316, 1, 323515)]"
1804 "[(8520, 3, 335846), (8520, 3, 336041), (8520, 3, 336091), (8520, 3, 338912), (8887, 7, 658912), (8887, 7, 659123), (8887, 7, 659226), (8887, 7, 659326), (8887, 7, 659452), (8887, 7, 659533), (8520, 3, 662866), (8241, 6, 678535), (8887, 7, 839105), (8887, 7, 840035), (8241, 6, 842156), (8241, 6, 842319), (9045, 0, 1093212), (8887, 7, 1096424), (9045, 0, 1101420), (9045, 0, 1107228), (9045, 0, 1107462), (9045, 0, 1111410), (9045, 0, 1112402), (8940, 3, 1195659), (9045, 0, 1211732), (8241, 6, 1255893), (8241, 6, 1256226), (8241, 6, 1257265), (8772, 7, 1266844), (9045, 0, 1554770), (8590, 7, 1600484), (9045, 0, 1706885), (8590, 7, 1736003), (8590, 7, 1738124), (8590, 7, 1770301), (8590, 7, 1770357), (8590, 7, 1780769), (8590, 7, 1781045), (8590, 7, 1781998), (8590, 7, 1782027), (8356, 7, 1884146), (8356, 7, 1884163), (8356, 7, 1886369), (8510, 7, 2155385), (8510, 7, 2156718), (8590, 7, 2396323), (8590, 7, 2409121)]"
1921 "[(8316, 1, 361878), (8602, 4, 435748), (9078, 5, 1282242), (8806, 4, 2327400), (8817, 0, 2495203), (9215, 0, 2503965), (8612, 3, 2504933), (8585, 7, 2505065), (8612, 3, 2505580)]"
8483 "[(233, 6, 364770), (1438, 4, 448942), (1438, 4, 449017), (233, 6, 451871), (233, 6, 971880), (40, 0, 1029149), (248, 6, 1043613), (248, 6, 1061256), (303, 0, 1257216), (233, 6, 1319361), (233, 6, 2447470)]"
8781 "[(17, 1, 368350), (233, 6, 453807), (1185, 6, 912527), (1778, 6, 1066411), (4266, 6, 2230547), (4266, 6, 2230830), (4266, 6, 2230891), (730, 1, 2231630), (730, 1, 2231651), (284, 7, 2647745)]"
8823 "[(303, 0, 374062), (4085, 7, 1235175), (26, 5, 2078606), (233, 6, 2184952), (1219, 0, 2217218)]"
1959 "[(8591, 6, 378380), (8260, 6, 380752), (8260, 6, 380845), (8260, 6, 380943), (8260, 6, 381091), (8260, 6, 381239), (8260, 6, 381375), (8260, 6, 381593), (8260, 6, 381711), (8260, 6, 392181), (8241, 6, 715070), (8241, 6, 902855), (8241, 6, 939175), (8241, 6, 1385121), (8241, 6, 1389759), (8241, 6, 1389850), (8241, 6, 1389903), (8241, 6, 1390217), (8241, 6, 1390313), (8241, 6, 1392781), (8241, 6, 1392884), (8241, 6, 1467999), (8241, 6, 1468091), (8241, 6, 1468321), (8241, 6, 2361678), (8241, 6, 2361720), (8241, 6, 2361919), (8260, 6, 2362495), (8260, 6, 2362560)]"
8847 "[(611, 1, 381028), (2515, 3, 518345), (1176, 0, 658410), (983, 3, 675416), (983, 3, 675734), (890, 6, 681742), (45, 3, 721008), (45, 3, 768125), (233, 6, 1316162), (4085, 7, 1319398), (890, 6, 1778504), (4085, 7, 2004544), (67, 1, 2045486), (4085, 7, 2273931), (4085, 7, 2417601)]"
2025 "[(8370, 4, 394812)]"
2039 "[(8855, 3, 403151)]"
2063 "[(8552, 6, 404025)]"
2068 "[(8633, 1, 404799), (8633, 1, 404826), (8937, 3, 1937893), (8347, 3, 1938253), (8347, 3, 1938570), (8347, 3, 1938914), (8937, 3, 1939646), (8347, 3, 1977316), (8347, 3, 2222820), (8347, 3, 2223428), (8347, 3, 2223505), (8749, 7, 2239477), (8749, 7, 2239995), (9084, 6, 2632941)]"
2130 "[(8319, 5, 416667), (8319, 5, 416997), (8466, 1, 1300871)]"
2098 "[(8318, 6, 425498), (8411, 5, 713107), (8411, 5, 713126), (8411, 5, 852921), (8411, 5, 1178772), (8411, 5, 2389402), (8411, 5, 2477804)]"
2181 "[(8275, 5, 429757), (8241, 6, 2159849)]"
2202 "[(8282, 3, 434079), (8343, 1, 1037627), (8644, 1, 1125164), (8777, 4, 1391492)]"
2096 "[(8888, 6, 447455)]"
8532 "[(2349, 6, 485167), (246, 7, 985678), (3195, 4, 1283610), (2365, 6, 1652591), (6423, 0, 1811529)]"
8277 "[(2403, 1, 494104), (5321, 6, 1714804), (68, 7, 1716009), (2365, 6, 2342006), (356, 7, 2425411)]"
8881 "[(17, 1, 495688), (68, 7, 685679), (68, 7, 2311128), (68, 7, 2405481), (68, 7, 2425951), (68, 7, 2528815), (233, 6, 2531311), (1039, 5, 2567285)]"
8677 "[(17, 1, 500223), (3967, 1, 1763961), (17, 1, 2315568), (518, 0, 2492471)]"
411 "[(8896, 6, 501469), (8896, 6, 501597)]"
8883 "[(761, 5, 510299), (761, 5, 510363), (17, 1, 512569), (317, 1, 513154), (317, 1, 513155), (4109, 1, 1251891), (125, 1, 1276596), (167, 1, 1786643), (1911, 5, 2262334), (1562, 4, 2270327), (17, 1, 2275900), (1305, 4, 2290376), (17, 1, 2300364), (3495, 7, 2308310), (3360, 5, 2322961), (4769, 6, 2326167), (1397, 1, 2329374), (1397, 1, 2329798), (1305, 4, 2548678), (1829, 7, 2602960), (1829, 7, 2603034)]"
745 "[(8273, 1, 531852), (8273, 1, 531880), (8274, 1, 531941), (8466, 1, 531941), (8466, 1, 532000), (8593, 1, 537565), (8593, 1, 537719), (8278, 4, 973060), (8278, 4, 973150), (8278, 4, 973216), (8278, 4, 973262), (9159, 0, 1738560), (9159, 0, 1738763), (9159, 0, 1738908), (9159, 0, 1739404), (9135, 4, 1804668), (8952, 7, 2173051), (8952, 7, 2173322), (8952, 7, 2215428), (8952, 7, 2220769), (8952, 7, 2221007)]"
8365 "[(2591, 6, 533206), (2591, 6, 533295), (233, 6, 540180), (4736, 6, 1261412), (4736, 6, 1347152), (233, 6, 1577575), (68, 7, 1597258), (467, 3, 1817140), (2114, 1, 2042772), (532, 1, 2397481), (233, 6, 2445205), (4674, 1, 2451414), (68, 7, 2516276)]"
8928 "[(1268, 6, 553131), (1268, 6, 653789), (233, 6, 886256), (1185, 6, 913972), (68, 7, 1190442), (703, 7, 1455872), (703, 7, 1456038), (68, 7, 1506524), (912, 3, 1919771), (68, 7, 1920649), (5129, 6, 2635248), (5129, 6, 2639962)]"
2671 "[(8671, 0, 558765), (8671, 0, 558850), (8671, 0, 1167864), (8671, 0, 1167903), (8671, 0, 1177269), (8671, 0, 1255598), (8295, 3, 1691253)]"
1314 "[(8888, 6, 563305), (8435, 1, 682779), (8413, 4, 684063), (8413, 4, 684114), (8413, 4, 684371), (8593, 1, 684399), (8687, 5, 684403), (8413, 4, 684429), (8687, 5, 684669), (8971, 6, 684996), (8339, 3, 910076), (8917, 3, 1122425), (8577, 4, 1126530), (8952, 7, 1363492), (8544, 1, 1463915), (8544, 1, 1464023), (8544, 1, 1464265), (8544, 1, 1464317), (8544, 1, 1464959), (8544, 1, 1465065), (8544, 1, 1465433), (9071, 5, 1551444), (9142, 3, 1800944), (8446, 4, 1970877), (8346, 1, 1970898), (8346, 1, 1971083), (9080, 6, 2419188), (8446, 4, 2503010)]"
8504 "[(103, 1, 573198), (3114, 3, 745193), (17, 1, 760194), (68, 7, 873885), (611, 1, 1074040), (532, 1, 1095585), (497, 7, 1630661), (2138, 6, 1631758), (4063, 4, 1632134), (912, 3, 1809660), (3015, 1, 2339731), (163, 5, 2345031), (22, 4, 2420966), (2365, 6, 2430209), (4941, 3, 2447130), (2134, 7, 2480150), (3264, 3, 2489112), (2365, 6, 2496665), (163, 5, 2499354), (233, 6, 2528158), (2365, 6, 2556940), (2365, 6, 2557200), (163, 5, 2648661)]"
2728 "[(8491, 4, 574063), (8419, 3, 931226), (8382, 0, 1011951)]"
1764 "[(8373, 7, 575904)]"
2756 "[(8295, 3, 580343), (8295, 3, 598003)]"
8876 "[(2764, 5, 581354), (17, 1, 1097091), (17, 1, 1204189), (5300, 7, 1820508), (3129, 6, 1869892), (1806, 4, 1894963), (1806, 4, 1904062), (1806, 4, 1904407), (1806, 4, 1904606), (3646, 3, 1957829), (3646, 3, 1958317), (3646, 3, 1958366), (3646, 3, 1958495), (3646, 3, 1964178), (458, 3, 1981432), (458, 3, 1991242), (611, 1, 2000694), (1733, 3, 2135150), (17, 1, 2246265), (5300, 7, 2312502), (1449, 1, 2325570), (17, 1, 2418867), (22, 4, 2419414), (22, 4, 2419449), (22, 4, 2419495)]"
2750 "[(8658, 0, 584167)]"
8542 "[(890, 6, 588557), (40, 0, 1548219)]"
2864 "[(8609, 7, 600016), (8373, 7, 684724), (8373, 7, 684758), (8609, 7, 742186), (8590, 7, 1204593), (8590, 7, 1204890), (8590, 7, 1204923), (8590, 7, 1275153), (8651, 6, 1521586), (9142, 3, 1621764), (8590, 7, 1700692), (8590, 7, 1736209), (8609, 7, 1959289), (9142, 3, 2058694), (8609, 7, 2062082), (8609, 7, 2076236), (8609, 7, 2167725), (8609, 7, 2168048), (8609, 7, 2303156), (8609, 7, 2303190), (8609, 7, 2597595), (8609, 7, 2597869)]"
2878 "[(8347, 3, 603239), (8347, 3, 603406), (8347, 3, 603756), (8347, 3, 608196), (8347, 3, 608863), (8347, 3, 609028), (8347, 3, 609665), (8347, 3, 609714), (8347, 3, 610223), (8347, 3, 610306), (8347, 3, 610632), (8347, 3, 615090), (8347, 3, 615598), (8347, 3, 632187), (8347, 3, 632479), (8347, 3, 633041), (8347, 3, 713736), (8347, 3, 714784), (8347, 3, 714833), (8347, 3, 715347), (8347, 3, 715383), (8347, 3, 716321), (8438, 7, 1119906), (8438, 7, 1120002), (8438, 7, 1120107), (8438, 7, 1120258), (8438, 7, 1120392), (8438, 7, 1120898), (8438, 7, 1121148), (8438, 7, 1121425), (8438, 7, 1121502), (8438, 7, 1137543), (8438, 7, 1137575), (8887, 7, 1141712), (8887, 7, 1141819), (8438, 7, 1142875), (8438, 7, 1145026), (8438, 7, 1145178), (8347, 3, 1145780), (8347, 3, 1147680), (8347, 3, 1148425), (8347, 3, 1148503), (8347, 3, 1229602), (8347, 3, 1229685), (8347, 3, 1229735), (8347, 3, 1233085), (8438, 7, 1469111), (8347, 3, 1539822), (8347, 3, 1539968), (8347, 3, 1540063), (8347, 3, 1540390), (8347, 3, 1540538), (8347, 3, 1540682), (8347, 3, 1624583), (8347, 3, 1740929), (8347, 3, 1742511), (8347, 3, 1742902), (8347, 3, 1743371), (8347, 3, 1743929), (8438, 7, 1909454), (8438, 7, 1915211), (8438, 7, 1916875), (8438, 7, 1916924), (8438, 7, 1917093), (8438, 7, 1917227), (8438, 7, 1917803), (8438, 7, 1917988), (8438, 7, 1918653), (8438, 7, 1923620), (8438, 7, 1923987), (8438, 7, 1924034), (8438, 7, 1924080), (9045, 0, 2098858), (9045, 0, 2099852), (9045, 0, 2101080), (9045, 0, 2101168), (9045, 0, 2101419), (9045, 0, 2101762), (8347, 3, 2145042), (8347, 3, 2147127), (9045, 0, 2260383), (8347, 3, 2487651), (8347, 3, 2487849), (8347, 3, 2487937), (8347, 3, 2488134), (8347, 3, 2488457), (8347, 3, 2488577), (8347, 3, 2491574)]"
2894 "[(8531, 5, 605514)]"
2981 "[(8887, 7, 626056)]"
2989 "[(8447, 7, 628192)]"
8905 "[(660, 6, 632686), (2137, 1, 739946), (233, 6, 810269), (4085, 7, 1235299)]"
3100 "[(8609, 7, 668676)]"
1026 "[(8887, 7, 671064), (8887, 7, 798994), (8917, 3, 1228010), (8917, 3, 1228025)]"
3130 "[(8814, 6, 674259), (8814, 6, 674525), (8339, 3, 1032229)]"
8946 "[(402, 5, 674648)]"
1432 "[(8301, 3, 674679), (8301, 3, 674804), (8301, 3, 674847), (8301, 3, 674918), (8301, 3, 680049), (8301, 3, 687426), (8301, 3, 687525), (8249, 3, 708086), (8249, 3, 757492), (8311, 3, 762975), (8311, 3, 789591), (8841, 3, 1056699), (9086, 3, 1633058), (8301, 3, 1659168), (8260, 6, 2407660), (8964, 3, 2485061)]"
8969 "[(2128, 7, 676136), (2930, 5, 695510), (2930, 5, 695583), (2930, 5, 695792), (2973, 7, 699895), (492, 3, 749375), (2011, 5, 759391), (2011, 5, 759503), (2011, 5, 759546), (2797, 7, 761812), (303, 0, 808898), (3495, 7, 956873), (492, 3, 1133408), (4248, 6, 1532685), (4248, 6, 1532714), (233, 6, 1579624), (4248, 6, 1722595)]"
8939 "[(1173, 7, 678921), (2708, 4, 684580), (2495, 3, 738009), (2495, 3, 738257), (660, 6, 1632623), (5917, 7, 2107603), (5917, 7, 2126610), (5917, 7, 2127046), (5917, 7, 2127092), (5917, 7, 2265737), (5917, 7, 2265738), (233, 6, 2356124), (4085, 7, 2447703)]"
3178 "[(8970, 1, 684274), (8307, 3, 2340566), (8307, 3, 2431353)]"
3184 "[(8549, 5, 685976)]"
3222 "[(8246, 1, 694147), (8246, 1, 1448585)]"
3225 "[(8242, 3, 694623), (8242, 3, 1815073), (8295, 3, 1943558)]"
8515 "[(731, 4, 695003), (731, 4, 695117), (1036, 6, 857644), (625, 7, 1383344), (233, 6, 1418828), (233, 6, 1465605), (625, 7, 1562828), (625, 7, 1563207), (625, 7, 2332603)]"
3317 "[(8989, 0, 727391), (8805, 7, 1190057), (8721, 7, 2579476)]"
8990 "[(537, 6, 741685), (388, 5, 754123), (388, 5, 754170), (388, 5, 754330), (799, 6, 765437), (67, 1, 776806), (67, 1, 777076), (67, 1, 777091), (3506, 6, 779487), (233, 6, 806915), (40, 0, 811213), (2923, 6, 951866), (799, 6, 1067855), (1184, 4, 1069893), (1184, 4, 1069949), (1184, 4, 1100181), (1184, 4, 1100203), (799, 6, 1111096), (233, 6, 1146388), (859, 5, 1767704), (233, 6, 1839179), (40, 0, 1843595), (233, 6, 1922418), (2495, 3, 1941695), (2246, 5, 1962046), (2246, 5, 1962047), (4186, 4, 2172843), (517, 1, 2258762), (517, 1, 2258820), (5622, 0, 2573550)]"
3374 "[(8559, 1, 743217), (8559, 1, 743386)]"
3407 "[(8545, 7, 752607), (8631, 3, 829025), (8631, 3, 829109), (8545, 7, 847112), (8250, 3, 1810638), (8260, 6, 1812178), (8260, 6, 1862250), (8545, 7, 1900847), (8247, 7, 1952082), (8247, 7, 2216049), (8247, 7, 2369387), (8247, 7, 2473020), (8247, 7, 2485230)]"
2705 "[(8612, 3, 754633), (8612, 3, 939881)]"
995 "[(8318, 6, 763979), (8806, 4, 1043330)]"
8711 "[(2093, 7, 771881), (1148, 0, 1947866)]"
1343 "[(8260, 6, 783756), (8260, 6, 784273), (9072, 7, 1149849), (8260, 6, 1902237), (8591, 6, 2173298), (8591, 6, 2173409), (8937, 3, 2393419), (9205, 5, 2640062), (9205, 5, 2643214)]"
478 "[(8807, 0, 784155)]"
8889 "[(954, 6, 785121), (4085, 7, 1076879), (45, 3, 1097114), (954, 6, 1433584)]"
8985 "[(3541, 6, 792221), (68, 7, 866018), (68, 7, 940756), (68, 7, 945262), (697, 1, 1114883), (233, 6, 1153424), (68, 7, 1185933), (68, 7, 1284400), (68, 7, 1708116), (3512, 4, 1710655), (4085, 7, 1799290), (2216, 4, 2085964), (2216, 4, 2085981), (696, 0, 2090649), (697, 1, 2093155), (2769, 5, 2094146), (2198, 5, 2095226), (2198, 5, 2095294), (2002, 3, 2095338), (4085, 7, 2109921), (68, 7, 2150947), (2365, 6, 2184764), (2196, 7, 2208949), (2196, 7, 2209031), (68, 7, 2209710), (2196, 7, 2211849), (6385, 0, 2217152), (532, 1, 2229510), (2196, 7, 2254173), (697, 1, 2256012), (125, 1, 2259255), (68, 7, 2261296), (17, 1, 2318770), (4186, 4, 2439008), (68, 7, 2482895), (4085, 7, 2643044)]"
2943 "[(8358, 5, 800818), (8316, 1, 2006087), (8316, 1, 2142471), (8586, 3, 2337649), (8423, 6, 2653180), (8402, 4, 2653198)]"
3483 "[(8297, 1, 805220), (8424, 7, 1674394), (8424, 7, 1675669), (8424, 7, 1675828), (8347, 3, 2239442)]"
8978 "[(233, 6, 809893), (2054, 6, 1099741), (68, 7, 1208001), (4085, 7, 1840051), (2615, 3, 2068293)]"
3614 "[(8814, 6, 823613)]"
3636 "[(8687, 5, 832374), (9084, 6, 2634275)]"
8768 "[(45, 3, 841633)]"
3682 "[(8439, 5, 845149), (8439, 5, 845261), (8439, 5, 845279), (8857, 6, 1970454), (8857, 6, 2124183)]"
3717 "[(8637, 0, 854270), (8276, 3, 934841), (8276, 3, 951067), (8276, 3, 1004638), (8276, 3, 1004819)]"
3756 "[(8246, 1, 867722), (9096, 7, 1330600), (9069, 6, 1501383), (9069, 6, 1501903), (8246, 1, 1792252), (8421, 3, 2507918), (9069, 6, 2652008)]"
8418 "[(1505, 6, 881971), (3909, 1, 921678), (1363, 4, 1804243), (5383, 4, 1968378), (532, 1, 1995893), (2035, 5, 2287603), (2035, 5, 2287645), (1363, 4, 2320462), (4319, 5, 2498839), (1001, 4, 2516293), (1001, 4, 2516416), (1001, 4, 2558196)]"
8927 "[(233, 6, 884572), (467, 3, 966519), (233, 6, 975804), (1058, 6, 1543295), (1058, 6, 1543513), (608, 7, 1647574), (608, 7, 1647648), (233, 6, 1661076), (608, 7, 1989141), (4100, 3, 2221641), (4100, 3, 2222349)]"
8521 "[(233, 6, 887809), (1647, 6, 1440227), (335, 3, 1785032), (171, 3, 1996210)]"
944 "[(8390, 5, 903526), (8249, 3, 1209021), (8390, 5, 2425511), (8390, 5, 2425663)]"
2104 "[(8249, 3, 910237), (8249, 3, 926684)]"
3896 "[(8588, 7, 918433), (9034, 1, 998276), (9069, 6, 1260436), (8295, 3, 2109232)]"
3893 "[(8339, 3, 924111), (8268, 6, 1178259)]"
8511 "[(142, 5, 926058), (142, 5, 926088), (68, 7, 1988082), (68, 7, 2012545), (509, 6, 2463017)]"
1485 "[(8295, 3, 935840), (8295, 3, 935869), (8249, 3, 936379)]"
8893 "[(277, 6, 944874), (3748, 6, 946317), (277, 6, 982667), (246, 7, 985265), (17, 1, 1000847), (1663, 4, 1001321), (484, 5, 1001626), (277, 6, 1013052), (480, 6, 1029181), (277, 6, 1029995), (484, 5, 1112737), (277, 6, 1369407), (2216, 4, 1413699), (17, 1, 1511272), (2365, 6, 1646734), (335, 3, 1787222), (335, 3, 1788306), (335, 3, 1789325), (335, 3, 1791337), (335, 3, 1792494), (335, 3, 1793353)]"
4065 "[(8974, 4, 966152), (8974, 4, 970181), (8544, 1, 1475710), (8544, 1, 1475811), (8565, 4, 1828336), (8565, 4, 1829706), (8974, 4, 2311436), (8561, 4, 2347544), (8380, 4, 2437422)]"
2593 "[(8257, 5, 971619)]"
9048 "[(1392, 3, 984139), (1392, 3, 984225), (1367, 7, 984280), (1392, 3, 984335), (1367, 7, 984347), (1392, 3, 984444), (1367, 7, 984839), (1367, 7, 985028), (1392, 3, 985226), (1392, 3, 985522), (1367, 7, 985888), (1367, 7, 986036), (1367, 7, 986418), (1367, 7, 986532), (285, 0, 986683), (285, 0, 986730), (1367, 7, 986788), (1367, 7, 987012), (1367, 7, 987157), (1392, 3, 987263), (1367, 7, 987318), (1392, 3, 987338), (1367, 7, 987428), (1367, 7, 987505), (1367, 7, 987519), (1392, 3, 987954), (1392, 3, 988002), (1367, 7, 988012), (1392, 3, 988202), (2134, 7, 992383), (2134, 7, 992409), (2134, 7, 992465), (675, 5, 1000858), (806, 5, 1000916), (675, 5, 1001423), (735, 7, 1003559), (4016, 7, 1006793), (1367, 7, 1008608), (2863, 0, 1008980), (2196, 7, 1009045), (492, 3, 1009133), (1367, 7, 1009281), (1367, 7, 1009709), (1367, 7, 1010155), (1367, 7, 1010273), (1367, 7, 1010286), (1367, 7, 1010536), (1367, 7, 1010788), (4016, 7, 1011055), (1367, 7, 1011258), (1367, 7, 1011297), (1367, 7, 1011317), (364, 3, 1011639), (1367, 7, 1012106), (1367, 7, 1012601), (500, 4, 1014630), (974, 7, 1014640), (974, 7, 1014758), (974, 7, 1014788), (256, 3, 1015034), (2134, 7, 1015621), (4016, 7, 1017030), (4016, 7, 1017412), (4016, 7, 1017483), (4016, 7, 1017642), (4016, 7, 1017684), (4016, 7, 1017722), (1143, 5, 1017986), (4016, 7, 1018047), (4016, 7, 1018109), (1277, 7, 1019608), (1277, 7, 1019640), (4248, 6, 1022019), (4248, 6, 1022102), (4248, 6, 1022229), (4248, 6, 1022632), (4251, 3, 1022748), (1793, 3, 1024354), (2320, 6, 1025222), (3360, 5, 1026704), (1367, 7, 1028528), (588, 5, 1028970), (68, 7, 1031226), (4296, 1, 1034129), (2119, 7, 1058123), (646, 7, 1063408), (2119, 7, 1064707), (3036, 0, 1065025), (2119, 7, 1065045), (2119, 7, 1065201), (4436, 5, 1073166), (73, 0, 1077626), (8, 3, 1082769), (1342, 6, 1096311), (1342, 6, 1096407), (2706, 7, 1108412), (8, 3, 1108590), (8, 3, 1108621), (4549, 7, 1112710), (8, 3, 1119458), (2848, 7, 1122102), (43, 6, 1125466), (43, 6, 1125497), (1680, 3, 1204132), (1680, 3, 1204944), (1680, 3, 1205043), (1680, 3, 1205101), (1616, 0, 1210473), (1616, 0, 1210570), (1680, 3, 1215031), (1680, 3, 1215329), (1680, 3, 1215618), (4766, 6, 1260266), (8, 3, 1362092), (8, 3, 1362113), (611, 1, 1392472), (1392, 3, 2299527)]"
2023 "[(8382, 0, 1011915)]"
4250 "[(8316, 1, 1022704), (8316, 1, 1023231), (8708, 1, 1298677)]"
4258 "[(8279, 7, 1023712)]"
398 "[(8583, 1, 1028646), (8346, 1, 1292778), (8346, 1, 1292820), (9041, 6, 1468180), (9041, 6, 1468221)]"
4292 "[(9054, 6, 1033485), (9054, 6, 1033637)]"
4390 "[(8358, 5, 1053599), (8260, 6, 1201240), (8672, 6, 1201501), (8548, 5, 1201629), (8593, 1, 1202183), (8295, 3, 1386335), (9168, 5, 2423336), (8526, 6, 2423667), (8687, 5, 2423938), (8489, 0, 2490082), (8638, 4, 2490270)]"
8230 "[(40, 0, 1067701)]"
2046 "[(8237, 7, 1083485)]"
9062 "[(3613, 1, 1085071), (4157, 7, 1726922), (68, 7, 2023084), (68, 7, 2106364), (3930, 7, 2111886), (7, 1, 2267505), (45, 3, 2283079), (1023, 7, 2302270), (1023, 7, 2333738)]"
4464 "[(8733, 7, 1087596), (8686, 1, 1178642), (8716, 0, 2629143)]"
2448 "[(8419, 3, 1099957)]"
2683 "[(8242, 3, 1102516)]"
8819 "[(89, 5, 1110521), (2365, 6, 1140064), (2365, 6, 1213948), (2365, 6, 1222459), (3108, 1, 1274762), (3108, 1, 1274763), (2365, 6, 1275735), (68, 7, 1388823), (233, 6, 1492594), (40, 0, 1497798), (143, 3, 1720618), (2365, 6, 1813948), (2365, 6, 1820847), (611, 1, 2336443)]"
579 "[(8694, 5, 1119686), (8694, 5, 1119804), (8694, 5, 1167518), (8694, 5, 2317427), (8694, 5, 2324937), (8694, 5, 2327118)]"
8490 "[(1778, 6, 1140559)]"
3828 "[(8577, 4, 1177423)]"
4278 "[(9072, 7, 1196548), (9072, 7, 1196772), (9072, 7, 1199151)]"
2559 "[(9072, 7, 1198090), (9168, 5, 2167307)]"
1412 "[(8402, 4, 1213899), (9117, 3, 1659621), (9117, 3, 1740169)]"
501 "[(8917, 3, 1220790)]"
1602 "[(8250, 3, 1231541), (8250, 3, 1231649), (9168, 5, 1981767), (9168, 5, 1981792), (9168, 5, 1982288)]"
5000 "[(9069, 6, 1253138)]"
5020 "[(9034, 1, 1261036), (9034, 1, 1261078), (8887, 7, 1421045)]"
3757 "[(8363, 5, 1264490), (8363, 5, 1264721), (8250, 3, 1486832), (8510, 7, 2337570), (8510, 7, 2338162)]"
5037 "[(9034, 1, 1265237), (8260, 6, 1285923), (8346, 1, 1751593), (8682, 4, 1792059), (9166, 3, 1793710), (9166, 3, 1881757), (9166, 3, 2172595)]"
2249 "[(9086, 3, 1282371)]"
8715 "[(68, 7, 1290538)]"
5137 "[(8626, 0, 1293462), (8446, 4, 2002913), (8446, 4, 2003067), (9118, 7, 2028138)]"
9092 "[(68, 7, 1304488), (3567, 5, 1384556), (3567, 5, 1384618), (892, 3, 1391797), (233, 6, 1416418), (68, 7, 1465130), (4895, 3, 1504673), (4895, 3, 1507931), (233, 6, 1837895), (233, 6, 1922930), (68, 7, 2009970), (68, 7, 2122625), (68, 7, 2168340), (233, 6, 2180823), (73, 0, 2336054), (233, 6, 2354200), (1296, 6, 2592482), (1296, 6, 2592611), (1296, 6, 2592718), (1296, 6, 2592775), (1296, 6, 2592812), (1296, 6, 2592973), (1296, 6, 2593032), (1296, 6, 2593094), (68, 7, 2594298), (1296, 6, 2602652), (1296, 6, 2630564)]"
2172 "[(8937, 3, 1351950)]"
5429 "[(8784, 5, 1398007), (8784, 5, 1398266)]"
9106 "[(233, 6, 1417053), (233, 6, 2015143), (40, 0, 2019351)]"
4304 "[(8687, 5, 1424886), (9205, 5, 2223115)]"
5532 "[(8618, 1, 1446197), (8544, 1, 1462579), (8249, 3, 1651785)]"
1254 "[(9129, 7, 1469549), (9129, 7, 1469609)]"
1813 "[(8816, 3, 1483687), (8602, 4, 1829625), (8785, 4, 2060539), (8682, 4, 2157143), (8687, 5, 2313130), (8545, 7, 2352337), (9168, 5, 2352355), (8347, 3, 2352376), (8260, 6, 2584031)]"
606 "[(9113, 1, 1484774), (8590, 7, 2180562)]"
5669 "[(8260, 6, 1485881), (8260, 6, 1486104), (8260, 6, 1486277), (8260, 6, 1486408), (8260, 6, 1486562), (8260, 6, 1486598), (8260, 6, 1486920), (8260, 6, 1486976), (8260, 6, 1487353), (8260, 6, 1487774), (8260, 6, 1487835), (8260, 6, 1488374), (8260, 6, 1531588), (8260, 6, 1531799), (8260, 6, 1532009), (8260, 6, 1532177), (8260, 6, 1532245), (8260, 6, 1532347), (8260, 6, 1532492), (8260, 6, 1532636), (8260, 6, 1533354), (8260, 6, 1533449), (8260, 6, 1533586), (8260, 6, 1533624), (8260, 6, 1534308), (8260, 6, 1534369), (8260, 6, 1534705), (8260, 6, 1534845), (8260, 6, 1534902), (8260, 6, 1534930), (8260, 6, 1534989), (8260, 6, 1535082), (8260, 6, 1535130), (8260, 6, 1535193), (8260, 6, 1535389), (8260, 6, 1535504), (8260, 6, 1535609), (8260, 6, 1535711), (8260, 6, 1535844), (8260, 6, 1537105), (8260, 6, 1537135), (8260, 6, 1541248), (8260, 6, 1642104), (8683, 6, 1795512), (8683, 6, 1795710), (8683, 6, 1795841), (8683, 6, 1795884), (8683, 6, 1796158), (8683, 6, 1796269), (8683, 6, 1796459), (8683, 6, 1796587), (8683, 6, 1796632), (8683, 6, 1796680), (8683, 6, 1796971), (8683, 6, 1797237), (8683, 6, 1797771), (8683, 6, 1797825), (8683, 6, 1797900), (8683, 6, 1797954), (8683, 6, 1798442), (8683, 6, 1798474), (8356, 7, 1978047), (8356, 7, 1978087), (8356, 7, 1978203), (8356, 7, 1978284), (8356, 7, 1978479), (8356, 7, 1978587), (8356, 7, 1978659), (8356, 7, 1978697), (8356, 7, 1978786), (8356, 7, 1978861), (8356, 7, 1978944), (8356, 7, 1979023), (8356, 7, 1979073), (8356, 7, 1979117), (8356, 7, 1979185), (8356, 7, 1979295), (8356, 7, 1979374), (8356, 7, 1979472), (8356, 7, 1979581), (8356, 7, 1979652), (8356, 7, 1979686), (8356, 7, 1979769), (8356, 7, 1979820), (8356, 7, 1979877), (8356, 7, 1979955), (8356, 7, 1980293), (8356, 7, 1980382), (8356, 7, 1980446), (8356, 7, 1980460), (8356, 7, 1980573), (8356, 7, 1980671), (8356, 7, 1980689), (8356, 7, 1980744), (8356, 7, 1980788), (8356, 7, 1980820), (8356, 7, 1980839), (8590, 7, 1981132), (8590, 7, 1981213), (8590, 7, 1981318), (8590, 7, 1981395), (8590, 7, 1981501), (8590, 7, 1981567), (8590, 7, 1981669), (8356, 7, 1981782), (8356, 7, 1981858), (8356, 7, 1982049), (8590, 7, 1982224), (8590, 7, 1982362), (8590, 7, 1982430), (8590, 7, 1982498), (8590, 7, 1982534), (8590, 7, 1982818), (8590, 7, 1982914), (8683, 6, 2260229), (8683, 6, 2260382), (8683, 6, 2260564), (8683, 6, 2260770), (8683, 6, 2260921), (8683, 6, 2262441)]"
5685 "[(8838, 4, 1490344)]"
9123 "[(1586, 0, 1498532), (659, 5, 2260859)]"
1369 "[(8250, 3, 1544351)]"
5813 "[(8778, 5, 1548704)]"
4226 "[(8631, 3, 1556306)]"
9149 "[(68, 7, 1579230), (3495, 7, 1713278), (68, 7, 2297324)]"
9107 "[(233, 6, 1580724), (1173, 7, 2101505)]"
1811 "[(8411, 5, 1612146), (8411, 5, 1616845)]"
6031 "[(9045, 0, 1637812)]"
1112 "[(8382, 0, 1642351)]"
9116 "[(1471, 6, 1655342), (920, 7, 2034650)]"
3049 "[(8519, 3, 1666862), (8295, 3, 1667106), (8462, 5, 1667332), (8249, 3, 1667412), (8462, 5, 1959466)]"
6049 "[(8390, 5, 1673576)]"
6091 "[(9163, 7, 1674096)]"
6041 "[(9096, 7, 1675320)]"
1713 "[(8852, 6, 1677011), (8852, 6, 1677446), (8852, 6, 1677479), (8852, 6, 1677510), (8852, 6, 1677552), (8310, 1, 2397754), (8310, 1, 2398315), (8310, 1, 2398482)]"
5871 "[(9151, 7, 1682900)]"
6107 "[(9117, 3, 1683041), (9117, 3, 1683042), (8703, 5, 2239179), (8703, 5, 2239181), (8801, 4, 2329528), (8801, 4, 2329533), (8446, 4, 2504270)]"
9148 "[(233, 6, 1751688), (1680, 3, 2605809), (1680, 3, 2605890), (1680, 3, 2606096), (1680, 3, 2606836), (1680, 3, 2606950), (1680, 3, 2606976), (1680, 3, 2607320), (1680, 3, 2607371), (1680, 3, 2607536), (1680, 3, 2607658), (1680, 3, 2608112), (1680, 3, 2608782), (1680, 3, 2608816), (1680, 3, 2608977), (1680, 3, 2609011), (1680, 3, 2609838), (1680, 3, 2610089), (1680, 3, 2610322), (68, 7, 2611045), (1680, 3, 2611419), (1680, 3, 2666965)]"
1450 "[(9166, 3, 1776525)]"
2802 "[(8764, 5, 1792525)]"
1114 "[(8290, 5, 1799299)]"
5855 "[(9163, 7, 1816637), (8470, 3, 2657449)]"
6470 "[(8356, 7, 1829581), (8801, 4, 2167665), (8812, 7, 2168291), (8627, 1, 2185826), (9080, 6, 2233598), (8325, 1, 2281723), (8245, 5, 2351568)]"
9077 "[(130, 3, 1832238), (233, 6, 1838870), (5447, 3, 1859500), (103, 1, 2014696), (233, 6, 2094349), (7358, 7, 2226107), (7358, 7, 2226213), (7358, 7, 2227478), (7358, 7, 2227849), (3323, 3, 2238934), (4707, 5, 2310564), (5958, 7, 2335857), (2930, 5, 2336164), (2930, 5, 2336204), (4707, 5, 2342510), (68, 7, 2347883), (1036, 6, 2417513), (40, 0, 2501791)]"
6489 "[(9166, 3, 1839157), (9205, 5, 2172340)]"
9177 "[(2128, 7, 1852250), (68, 7, 1875928), (1471, 6, 1916563), (233, 6, 1923856), (4085, 7, 1942045)]"
3525 "[(8764, 5, 1871655)]"
6544 "[(8764, 5, 1874147)]"
5538 "[(8807, 0, 1878293), (8463, 5, 2459612)]"
4230 "[(9155, 5, 1884307)]"
4441 "[(8551, 3, 1888329), (9080, 6, 2317516), (9074, 4, 2652928)]"
1737 "[(9168, 5, 1889571), (9168, 5, 1889657), (8347, 3, 1988880)]"
9185 "[(492, 3, 1899122), (492, 3, 1899284), (492, 3, 1899736), (492, 3, 1901149), (492, 3, 1902544), (492, 3, 1904301), (492, 3, 1904539), (1220, 5, 1905802), (492, 3, 1905805), (1220, 5, 1905974), (1220, 5, 1906042), (492, 3, 1906636), (492, 3, 1906681), (492, 3, 1906728), (492, 3, 1907261), (492, 3, 1907359), (492, 3, 1907570), (492, 3, 1907609), (1220, 5, 1908136), (1220, 5, 1908341), (1220, 5, 1908378), (1220, 5, 1908468), (1220, 5, 1908485), (1220, 5, 1908570), (492, 3, 1911227), (492, 3, 1912253), (492, 3, 1912927), (6658, 3, 1920086), (3849, 5, 1920787), (4085, 7, 1939704), (1392, 3, 1952876), (1392, 3, 1952900), (1220, 5, 1969568), (1220, 5, 1971431), (1220, 5, 1971619), (1220, 5, 1971822), (1220, 5, 1971943), (1220, 5, 1973529), (1220, 5, 2004925), (1220, 5, 2005156), (1220, 5, 2069437), (1220, 5, 2069524), (1220, 5, 2071869), (1220, 5, 2075473), (1220, 5, 2090192), (1220, 5, 2090218), (1171, 4, 2178917), (1220, 5, 2233093), (1220, 5, 2233190), (1220, 5, 2249020), (1220, 5, 2251501), (1220, 5, 2329486), (1220, 5, 2329524), (1220, 5, 2343977), (1220, 5, 2344529), (1220, 5, 2345118), (1220, 5, 2356171), (1220, 5, 2356324), (1220, 5, 2356407), (1220, 5, 2432577), (1220, 5, 2448145), (1220, 5, 2448374), (1220, 5, 2448514)]"
6654 "[(8592, 4, 1917715), (8592, 4, 1917718), (8592, 4, 1917795), (8434, 7, 1945264), (8434, 7, 1945268), (8331, 7, 1945300), (8331, 7, 1945306), (8419, 3, 2633580)]"
6664 "[(8374, 1, 1922831)]"
1041 "[(8917, 3, 1950007), (8848, 0, 2239630)]"
6593 "[(8286, 7, 1968477)]"
3009 "[(8640, 7, 1983111)]"
494 "[(9168, 5, 2001267), (9168, 5, 2001297)]"
9197 "[(1586, 0, 2036702), (6093, 4, 2039100), (6093, 4, 2453519), (6093, 4, 2471251), (3921, 3, 2482743), (17, 1, 2493185), (22, 4, 2511091), (713, 1, 2522376), (233, 6, 2530829), (3114, 3, 2634843), (509, 6, 2640473), (532, 1, 2645344)]"
1985 "[(8896, 6, 2040659)]"
4534 "[(8849, 3, 2049076), (8849, 3, 2072692)]"
9124 "[(2892, 3, 2074424), (154, 1, 2166967), (920, 7, 2484959), (385, 6, 2501143)]"
7048 "[(8676, 4, 2097910)]"
5883 "[(8347, 3, 2110275)]"
9201 "[(1647, 6, 2114223), (331, 5, 2118116)]"
6088 "[(8411, 5, 2116762)]"
2038 "[(9202, 5, 2119236)]"
6113 "[(9168, 5, 2122245), (9168, 5, 2125337), (8590, 7, 2413748), (8590, 7, 2673757)]"
8740 "[(7116, 3, 2128859), (68, 7, 2162003), (1912, 5, 2176868), (1806, 4, 2242653), (1806, 4, 2242726), (68, 7, 2306425), (4707, 5, 2328901), (2240, 4, 2391418), (6376, 5, 2424372), (6376, 5, 2424488), (165, 6, 2587443), (165, 6, 2587461)]"
7127 "[(8634, 1, 2133698), (8411, 5, 2159906), (8411, 5, 2227101)]"
9198 "[(2116, 5, 2145080), (1173, 7, 2173997), (344, 0, 2187258), (17, 1, 2191837), (344, 0, 2191938), (344, 0, 2192091), (344, 0, 2192170), (344, 0, 2192201), (1065, 0, 2343929), (1065, 0, 2345150), (5622, 0, 2414506), (1065, 0, 2455767), (659, 5, 2618335)]"
3244 "[(8306, 1, 2183708)]"
9152 "[(331, 5, 2207364)]"
4205 "[(8249, 3, 2215503)]"
2579 "[(8442, 3, 2223453)]"
4521 "[(8683, 6, 2224499)]"
6734 "[(8506, 7, 2227734)]"
5995 "[(9080, 6, 2230337)]"
2622 "[(8699, 4, 2238626), (9224, 5, 2437992), (9224, 5, 2439990)]"
4014 "[(9166, 3, 2247184)]"
2237 "[(9080, 6, 2254849), (9080, 6, 2255376)]"
3968 "[(8411, 5, 2273758)]"
6442 "[(8591, 6, 2318439)]"
9214 "[(4735, 0, 2319635), (4735, 0, 2320519), (1270, 0, 2326062), (744, 7, 2355881), (2196, 7, 2386646), (2365, 6, 2430551), (4281, 6, 2456144), (2134, 7, 2480127)]"
1089 "[(8347, 3, 2332776), (8937, 3, 2332891)]"
9218 "[(1786, 3, 2334451), (68, 7, 2515340)]"
9160 "[(73, 0, 2336192), (467, 3, 2416160), (68, 7, 2552284)]"
5216 "[(8602, 4, 2385962)]"
3928 "[(8708, 1, 2399741)]"
7583 "[(8250, 3, 2408737)]"
2841 "[(8856, 3, 2411433)]"
253 "[(8869, 0, 2433684)]"
3839 "[(8411, 5, 2449818)]"
7711 "[(8886, 5, 2468191)]"
315 "[(9151, 7, 2468816)]"
1159 "[(8590, 7, 2518506), (8590, 7, 2518622)]"
7488 "[(9028, 0, 2544947)]"
2567 "[(8582, 6, 2564278)]"
5711 "[(8565, 4, 2574393), (8565, 4, 2574476)]"
4029 "[(8872, 6, 2584722)]"
8119 "[(8556, 0, 2621898)]"
249 "[(8814, 6, 2628189)]"
7053 "[(8529, 3, 2637653)]"
6417 "[(8590, 7, 2670176), (8590, 7, 2673452)]"
2019 "[(9223, 4, 2676672)]"
