8242 "[(16, 1, 1153), (22, 4, 34668), (552, 2, 135057), (1210, 1, 376811), (537, 6, 385827), (3225, 2, 694623), (2683, 2, 1102516), (804, 5, 1202033), (4085, 7, 1590806), (3225, 2, 1815073)]"
8249 "[(17, 1, 1451), (16, 1, 2022), (16, 1, 2131), (16, 1, 2367), (16, 1, 2471), (16, 1, 2521), (16, 1, 2570), (16, 1, 2900), (16, 1, 2915), (16, 1, 3017), (16, 1, 3108), (16, 1, 3229), (16, 1, 3422), (16, 1, 3559), (16, 1, 3767), (16, 1, 3835), (16, 1, 3851), (16, 1, 3994), (16, 1, 4030), (16, 1, 4058), (16, 1, 4442), (16, 1, 4505), (16, 1, 4584), (16, 1, 4755), (16, 1, 4813), (16, 1, 4899), (16, 1, 4925), (16, 1, 4968), (16, 1, 5066), (16, 1, 5101), (68, 7, 6344), (920, 7, 145165), (471, 5, 155351), (16, 1, 174963), (16, 1, 175019), (1140, 2, 185796), (1191, 5, 200136), (1180, 7, 248982), (16, 1, 268066), (16, 1, 268097), (1912, 5, 358270), (761, 5, 515858), (1432, 2, 708086), (285, 0, 730046), (1432, 2, 757492), (285, 0, 759795), (285, 0, 759902), (285, 0, 828497), (285, 0, 828507), (165, 6, 841280), (165, 6, 841314), (165, 6, 841356), (165, 6, 841380), (165, 6, 841392), (165, 6, 841468), (285, 0, 849214), (16, 1, 861189), (3763, 4, 870492), (2104, 2, 910237), (285, 0, 916307), (285, 0, 916363), (285, 0, 916389), (285, 0, 916421), (285, 0, 917729), (2104, 2, 926684), (1485, 2, 936379), (1912, 5, 968795), (285, 0, 980074), (285, 0, 1091783), (285, 0, 1152669), (509, 6, 1173182), (4827, 5, 1196284), (4827, 5, 1196311), (944, 2, 1209021), (165, 6, 1221328), (165, 6, 1221453), (165, 6, 1221578), (165, 6, 1221751), (165, 6, 1221867), (165, 6, 1221892), (165, 6, 1221940), (165, 6, 1222276), (165, 6, 1222300), (165, 6, 1222340), (165, 6, 1222374), (1912, 5, 1270459), (16, 1, 1291466), (16, 1, 1292233), (16, 1, 1292341), (285, 0, 1337030), (285, 0, 1337095), (285, 0, 1337126), (285, 0, 1420408), (16, 1, 1638516), (16, 1, 1642914), (1912, 5, 1650953), (5532, 2, 1651785), (1912, 5, 1661956), (3049, 2, 1667412), (40, 0, 1672011), (17, 1, 1672796), (1912, 5, 1701657), (285, 0, 1711071), (627, 2, 1896374), (1912, 5, 1914154), (285, 0, 1967902), (16, 1, 2085959), (165, 6, 2153668), (165, 6, 2153726), (165, 6, 2153772), (4205, 2, 2215503), (16, 1, 2306108)]"
8250 "[(23, 5, 1529), (483, 2, 693043), (483, 2, 708072), (3367, 7, 741841), (3367, 7, 741987), (483, 2, 794825), (483, 2, 794890), (483, 2, 794929), (483, 2, 860147), (483, 2, 860171), (483, 2, 860189), (483, 2, 860210), (3966, 5, 935624), (483, 2, 935754), (483, 2, 935781), (483, 2, 935817), (483, 2, 935839), (483, 2, 967029), (483, 2, 967065), (3966, 5, 1008667), (3966, 5, 1010025), (1602, 2, 1231541), (1602, 2, 1231649), (5182, 6, 1310605), (1572, 2, 1364076), (466, 7, 1385995), (1780, 1, 1401652), (1452, 6, 1404122), (1452, 6, 1404211), (1023, 7, 1432041), (483, 2, 1446668), (1023, 7, 1449456), (1023, 7, 1449812), (3757, 2, 1486832), (43, 6, 1533630), (43, 6, 1533642), (43, 6, 1533659), (43, 6, 1533674), (1369, 2, 1544351), (1023, 7, 1545051), (3360, 5, 1561697), (3360, 5, 1561872), (1023, 7, 1568426), (935, 2, 1625738), (935, 2, 1625797), (761, 5, 1742604), (761, 5, 1744594), (761, 5, 1744987), (4085, 7, 1751163), (3407, 2, 1810638), (4248, 6, 1817605), (3779, 5, 1829743), (40, 0, 1840992), (1023, 7, 1952245), (1023, 7, 1962160), (3173, 7, 2059955), (659, 5, 2120096), (68, 7, 2140308), (2011, 5, 2158755), (228, 6, 2159393), (1401, 2, 2175221), (73, 0, 2186485), (2196, 7, 2221106), (2591, 6, 2260554), (1729, 6, 2318229), (1023, 7, 2332261), (17, 1, 2351229), (17, 1, 2406176), (7583, 2, 2408737), (1023, 7, 2422878), (1023, 7, 2427252), (1023, 7, 2458517), (17, 1, 2477785), (1661, 5, 2507475), (3360, 5, 2521744), (3360, 5, 2521973), (3360, 5, 2522046), (1023, 7, 2672924)]"
25 "[(8252, 2, 1600), (8252, 2, 1798002), (8252, 2, 2055506), (8252, 2, 2319801)]"
62 "[(8286, 7, 5855), (8286, 7, 6443), (8286, 7, 6476), (8286, 7, 6615)]"
8294 "[(73, 0, 6937), (207, 6, 26296), (233, 6, 713821), (1359, 2, 727342), (604, 0, 768694), (73, 0, 1077676), (207, 6, 1236324), (40, 0, 1579799), (1058, 6, 1815614)]"
8234 "[(73, 0, 7128), (367, 7, 51685), (328, 1, 206851), (328, 1, 218905), (17, 1, 463581), (1778, 6, 978997), (996, 7, 1670066)]"
8308 "[(68, 7, 10918), (68, 7, 245496), (68, 7, 323973), (68, 7, 589436), (68, 7, 762759), (2953, 6, 1005907), (2344, 6, 1095408), (829, 7, 1144297), (829, 7, 1259849), (829, 7, 1260224), (829, 7, 1260535), (829, 7, 1261390), (829, 7, 1261562), (68, 7, 1262272), (829, 7, 1269298), (17, 1, 1449232), (68, 7, 1706706), (829, 7, 1725933), (68, 7, 1727327), (829, 7, 2028547), (1778, 6, 2062639), (56, 7, 2234855)]"
109 "[(8252, 2, 12415), (8252, 2, 93680), (8247, 7, 320938), (8247, 7, 321022), (8252, 2, 331270), (8734, 2, 421275), (8588, 7, 599441), (8588, 7, 599700), (8588, 7, 599813), (8588, 7, 600057), (8588, 7, 600186), (8852, 6, 759526), (8733, 7, 951015), (8588, 7, 1153274), (8734, 2, 1243191), (8733, 7, 1325170), (9069, 6, 1483193), (9069, 6, 1487359), (9163, 7, 1675607), (8733, 7, 1839201), (8734, 2, 1873440), (8260, 6, 2519313), (8426, 1, 2565117), (8426, 1, 2565159), (8427, 2, 2618299), (9084, 6, 2632421), (9084, 6, 2634335), (9084, 6, 2636254), (9084, 6, 2652328)]"
8295 "[(67, 1, 15845), (336, 2, 46237), (852, 1, 130165), (17, 1, 280653), (611, 1, 291334), (2035, 5, 396677), (365, 1, 399107), (291, 5, 399376), (2079, 5, 407257), (2079, 5, 407506), (22, 4, 457512), (731, 4, 491639), (437, 6, 497178), (2756, 2, 580343), (2756, 2, 598003), (426, 6, 599956), (2035, 5, 650397), (2035, 5, 651109), (2079, 5, 671218), (3242, 5, 700214), (3242, 5, 700787), (898, 4, 717659), (67, 1, 756441), (17, 1, 774571), (1276, 7, 822586), (17, 1, 822677), (3613, 1, 823406), (68, 7, 839437), (68, 7, 854162), (2196, 7, 880418), (3837, 5, 892200), (291, 5, 908807), (532, 1, 934096), (1485, 2, 935840), (1485, 2, 935869), (68, 7, 944604), (68, 7, 974058), (731, 4, 1054033), (22, 4, 1065041), (3605, 4, 1101608), (68, 7, 1117964), (17, 1, 1143093), (291, 5, 1180025), (3782, 6, 1180753), (3782, 6, 1180819), (4769, 6, 1183589), (806, 5, 1204653), (1912, 5, 1227487), (1912, 5, 1232275), (601, 4, 1291560), (1726, 7, 1292885), (697, 1, 1306335), (2365, 6, 1311437), (611, 1, 1312393), (611, 1, 1312506), (2365, 6, 1312535), (611, 1, 1312574), (1912, 5, 1319983), (285, 0, 1341126), (285, 0, 1341160), (285, 0, 1341179), (285, 0, 1341208), (285, 0, 1341287), (285, 0, 1346936), (285, 0, 1346992), (285, 0, 1347009), (285, 0, 1347069), (285, 0, 1347120), (285, 0, 1347216), (2365, 6, 1352558), (2365, 6, 1352754), (497, 7, 1367455), (2365, 6, 1374425), (4390, 2, 1386335), (167, 1, 1386572), (285, 0, 1436826), (68, 7, 1442294), (1912, 5, 1447814), (285, 0, 1452056), (233, 6, 1495083), (285, 0, 1500285), (1912, 5, 1535373), (5827, 1, 1553913), (5383, 4, 1574195), (5206, 5, 1582612), (5206, 5, 1582899), (285, 0, 1587800), (17, 1, 1595274), (4085, 7, 1595378), (285, 0, 1605421), (285, 0, 1605473), (3049, 2, 1667106), (285, 0, 1675931), (2671, 2, 1691253), (6614, 1, 1923466), (6614, 1, 1925450), (3225, 2, 1943558), (3681, 7, 2054456), (1912, 5, 2077574), (17, 1, 2108938), (3896, 2, 2109232), (402, 5, 2268086), (402, 5, 2268210), (402, 5, 2268326), (402, 5, 2268437), (73, 0, 2356298), (537, 6, 2365526), (2196, 7, 2385765), (2196, 7, 2385791), (17, 1, 2395533), (17, 1, 2568572), (875, 6, 2599708), (7205, 5, 2647257)]"
130 "[(8302, 7, 16406), (8302, 7, 220836), (8722, 2, 750033), (8722, 2, 764439), (9077, 2, 1832238), (8814, 6, 2397584), (8734, 2, 2398638), (8591, 6, 2428344), (8591, 6, 2428560), (8526, 6, 2484486), (8591, 6, 2583430)]"
8282 "[(139, 4, 17251), (1237, 1, 212684), (235, 5, 286661), (1577, 5, 287689), (443, 1, 331737), (2196, 7, 432811), (2196, 7, 433037), (2202, 2, 434079), (148, 2, 485162), (1577, 5, 605751), (1917, 5, 756116), (1917, 5, 756136), (2591, 6, 757893), (2591, 6, 809147), (2196, 7, 873526), (443, 1, 876673), (3697, 5, 967786), (17, 1, 1097572), (17, 1, 1185294), (17, 1, 1307327), (17, 1, 1609607), (782, 1, 1619331), (17, 1, 1737907), (401, 4, 1925274), (5731, 5, 1940037), (500, 4, 1962003), (443, 1, 1985424), (3129, 6, 2163928), (3129, 6, 2215695), (2591, 6, 2260990), (2591, 6, 2452435), (336, 2, 2481350)]"
141 "[(8343, 1, 17281)]"
95 "[(8336, 5, 17435), (8261, 1, 17757), (8702, 5, 553353), (8336, 5, 622384), (8336, 5, 647154), (8336, 5, 703892), (8336, 5, 809016), (8336, 5, 898672), (8336, 5, 937953), (8336, 5, 967053), (8336, 5, 983358), (8336, 5, 1024147), (8336, 5, 1069425), (8336, 5, 1155722), (8336, 5, 1196858), (9078, 5, 1197316), (9078, 5, 1197365), (9078, 5, 1197397), (8336, 5, 1232482), (8406, 5, 1232701), (8406, 5, 1233194), (8381, 5, 1722949)]"
143 "[(8341, 4, 17614), (9163, 7, 1718425), (8577, 4, 1720168), (8819, 2, 1720618), (8316, 1, 1722410), (8602, 4, 2165272), (9205, 5, 2423175), (9205, 5, 2423198), (8992, 0, 2482008), (9069, 6, 2568045), (8591, 6, 2670788)]"
145 "[(8283, 2, 17856), (8283, 2, 17874), (8283, 2, 18111), (8283, 2, 18148), (8283, 2, 18407), (8463, 5, 271966), (8577, 4, 1173429), (8577, 4, 1339786), (8577, 4, 1339860), (8577, 4, 1339951), (8577, 4, 1340021), (8577, 4, 1340297), (8577, 4, 1346022), (8461, 1, 2525690), (8461, 1, 2525731)]"
152 "[(8261, 1, 18547)]"
161 "[(8314, 5, 19842), (8314, 5, 19904), (8591, 6, 1644995), (8591, 6, 1645135), (8591, 6, 1646089), (8591, 6, 1648254), (8591, 6, 1650635), (8591, 6, 1650746), (8510, 7, 2205094), (8510, 7, 2205446), (8526, 6, 2206559), (8510, 7, 2210835), (8510, 7, 2211145), (8510, 7, 2303316)]"
190 "[(8264, 5, 24014), (8411, 5, 89763), (8682, 4, 154205), (8473, 2, 194666), (8411, 5, 199359), (8411, 5, 250713), (8473, 2, 334218), (8411, 5, 336446), (8577, 4, 1234713), (8577, 4, 1242878), (8577, 4, 1242921), (8577, 4, 1363133), (8577, 4, 1576254), (8577, 4, 1578855), (8577, 4, 1579009), (8577, 4, 1579072), (8577, 4, 1579254), (8577, 4, 1579496), (8577, 4, 2618869)]"
169 "[(8377, 2, 25883), (8377, 2, 287785), (8377, 2, 288353)]"
241 "[(8302, 7, 31670)]"
8339 "[(233, 6, 32675), (497, 7, 584439), (2210, 0, 676039), (3146, 4, 676435), (68, 7, 680993), (17, 1, 684551), (1378, 5, 685439), (867, 6, 686897), (3208, 0, 690601), (2636, 6, 695795), (2636, 6, 697384), (2636, 6, 697941), (17, 1, 698451), (2636, 6, 698822), (17, 1, 715913), (477, 6, 720686), (477, 6, 720713), (3295, 4, 721217), (351, 5, 722589), (3318, 1, 728095), (17, 1, 737406), (318, 7, 738459), (68, 7, 740237), (552, 2, 744065), (2636, 6, 767551), (2230, 1, 771157), (2230, 1, 774254), (125, 1, 789505), (512, 4, 798295), (477, 6, 803927), (477, 6, 803971), (477, 6, 804042), (477, 6, 804136), (500, 4, 805047), (2636, 6, 806063), (2636, 6, 806970), (477, 6, 809331), (73, 0, 823982), (1280, 1, 824092), (1261, 7, 848785), (421, 6, 851377), (421, 6, 854917), (421, 6, 858821), (3716, 4, 861170), (421, 6, 861567), (3748, 6, 864342), (421, 6, 865580), (17, 1, 879534), (2234, 6, 880088), (2353, 6, 895829), (3592, 4, 909349), (1314, 2, 910076), (1853, 6, 910841), (17, 1, 916514), (1772, 0, 916993), (1856, 7, 923283), (3893, 2, 924111), (2093, 7, 927790), (68, 7, 928886), (3939, 0, 930180), (17, 1, 932185), (421, 6, 933035), (421, 6, 933217), (421, 6, 934679), (421, 6, 935796), (421, 6, 936074), (421, 6, 939955), (17, 1, 940838), (17, 1, 952992), (2374, 4, 955814), (421, 6, 960539), (611, 1, 965028), (17, 1, 986486), (22, 4, 996171), (17, 1, 1000228), (3592, 4, 1000343), (2196, 7, 1010081), (17, 1, 1010178), (2708, 4, 1010580), (4259, 1, 1024035), (1188, 5, 1031436), (3130, 2, 1032229), (4327, 5, 1039631), (22, 4, 1050836), (4475, 0, 1092206), (17, 1, 1092220), (17, 1, 1098852), (2110, 7, 1104597), (421, 6, 1123072), (233, 6, 1146415), (3091, 6, 1296498), (421, 6, 1359495), (421, 6, 1359747), (421, 6, 1360072), (367, 7, 1587435), (7205, 5, 2653694)]"
8414 "[(40, 0, 33281), (682, 4, 93607), (695, 2, 98001), (695, 2, 147806), (695, 2, 331358), (695, 2, 331378), (695, 2, 496961), (695, 2, 496975), (695, 2, 500861), (267, 4, 621864), (532, 1, 676513), (1494, 2, 694086), (89, 5, 795077), (3709, 5, 853810), (387, 1, 972508), (233, 6, 974291), (695, 2, 1102383), (387, 1, 1143840), (4085, 7, 1161797), (1449, 1, 1459351), (713, 1, 1687176), (695, 2, 2321265), (695, 2, 2323773), (2216, 4, 2631727)]"
8419 "[(254, 2, 34442), (254, 2, 34566), (461, 6, 63240), (401, 4, 93506), (2875, 6, 602681), (17, 1, 871402), (461, 6, 925118), (2728, 2, 931226), (401, 4, 1012807), (2448, 2, 1099957), (461, 6, 1101918), (461, 6, 1178458), (573, 5, 1179252), (17, 1, 1229217), (461, 6, 1254339), (461, 6, 1269312), (2365, 6, 1291701), (2365, 6, 1291937), (4019, 4, 1322668), (4019, 4, 1322670), (5279, 6, 1354803), (5622, 0, 1496002), (611, 1, 1588048), (5169, 0, 2157129), (461, 6, 2386947), (461, 6, 2468856), (6654, 2, 2633580), (461, 6, 2665141)]"
8350 "[(68, 7, 40290), (284, 7, 40549), (233, 6, 116757), (68, 7, 274376), (68, 7, 339947), (68, 7, 536703), (2246, 5, 596211), (2246, 5, 596218), (423, 2, 1202977), (2708, 4, 1272535), (2708, 4, 1278853), (2708, 4, 1293709), (772, 2, 1309865), (4019, 4, 1322736), (4019, 4, 1322743), (3039, 6, 1328826), (2923, 6, 1387795), (423, 2, 1422452), (1778, 6, 1719408), (772, 2, 1820340), (772, 2, 1820388), (772, 2, 1820602), (772, 2, 1820717), (772, 2, 1821253), (233, 6, 1921564), (284, 7, 2048932), (4085, 7, 2257880), (608, 7, 2587360)]"
302 "[(8448, 0, 42618)]"
8450 "[(303, 0, 43022), (435, 2, 61028), (68, 7, 182552), (402, 5, 607270), (402, 5, 612275), (1547, 0, 884665), (4209, 5, 1011001), (4209, 5, 1011061), (4209, 5, 1011166), (4209, 5, 1011219), (68, 7, 1012468), (870, 2, 1013038), (870, 2, 1013320), (870, 2, 1013734), (68, 7, 1039078)]"
8442 "[(311, 2, 43738), (311, 2, 63357), (311, 2, 204818), (311, 2, 480475), (311, 2, 487224), (311, 2, 494180), (311, 2, 494315), (2137, 1, 872070), (2093, 7, 928028), (311, 2, 931438), (68, 7, 964495), (311, 2, 1000275), (311, 2, 1005149), (311, 2, 1007085), (311, 2, 1156376), (311, 2, 1263959), (311, 2, 1276931), (311, 2, 1281151), (311, 2, 1349589), (311, 2, 1356434), (311, 2, 1356446), (311, 2, 1523215), (311, 2, 1538280), (311, 2, 1604378), (311, 2, 1705487), (311, 2, 1705506), (311, 2, 1752891), (311, 2, 1876405), (311, 2, 1882602), (1013, 4, 1883865), (311, 2, 1884188), (311, 2, 1891441), (311, 2, 1891506), (311, 2, 1891787), (311, 2, 1893365), (311, 2, 1956027), (311, 2, 1956975), (311, 2, 1957593), (311, 2, 2036771), (311, 2, 2221781), (2579, 2, 2223453), (311, 2, 2321562), (311, 2, 2398959), (311, 2, 2485003), (311, 2, 2485018), (40, 0, 2533878), (311, 2, 2581012), (311, 2, 2655324)]"
335 "[(8461, 1, 46642), (8462, 5, 46746), (8463, 5, 46819), (8458, 2, 47811), (8463, 5, 110779), (8461, 1, 111400), (8461, 1, 165426), (8462, 5, 165484), (8463, 5, 165712), (8461, 1, 248381), (8462, 5, 248425), (8461, 1, 761187), (8463, 5, 761223), (8461, 1, 849034), (8461, 1, 904248), (8462, 5, 942956), (8462, 5, 1227028), (8462, 5, 1290316), (8461, 1, 1290365), (8463, 5, 1305068), (8461, 1, 1364724), (8462, 5, 1364812), (8463, 5, 1365455), (8461, 1, 1442260), (8462, 5, 1442325), (8463, 5, 1442787), (8461, 1, 1531929), (8462, 5, 1531969), (8463, 5, 1532266), (8461, 1, 1730264), (8521, 2, 1785032), (8893, 2, 1787222), (8893, 2, 1788306), (8893, 2, 1789325), (8893, 2, 1791337), (8893, 2, 1792494), (8893, 2, 1793353), (8461, 1, 1814627), (8462, 5, 1814740), (8462, 5, 1917538), (8461, 1, 1987396), (8462, 5, 1987871), (8463, 5, 1988372), (8461, 1, 2047634), (8462, 5, 2047779), (8463, 5, 2048018), (8463, 5, 2061483), (8264, 5, 2062358), (8390, 5, 2062676), (8461, 1, 2144060), (8462, 5, 2186691), (8462, 5, 2238844), (8461, 1, 2429460), (8462, 5, 2429694), (8462, 5, 2521723), (8461, 1, 2566364), (8462, 5, 2566725), (8463, 5, 2566917), (8461, 1, 2663507), (8462, 5, 2664095), (8463, 5, 2664308)]"
8476 "[(321, 7, 53098), (2230, 1, 1758015), (6401, 6, 2146990), (68, 7, 2355758), (477, 6, 2409462), (477, 6, 2409479), (233, 6, 2531304), (477, 6, 2551093), (1474, 4, 2601209), (1474, 4, 2601304), (1474, 4, 2601946), (1474, 4, 2601967)]"
383 "[(8325, 1, 53563), (8312, 4, 439465), (8410, 5, 868245), (8757, 6, 1959840), (8423, 6, 2062771), (8246, 1, 2172199), (9153, 1, 2172297), (9153, 1, 2256378), (8886, 5, 2315092), (9153, 1, 2322442), (9074, 4, 2467512), (8456, 6, 2511285)]"
378 "[(8463, 5, 53980), (8463, 5, 176262), (8264, 5, 233330), (8463, 5, 234023), (8463, 5, 430003)]"
384 "[(8252, 2, 54422), (8252, 2, 54619), (8252, 2, 54900), (8261, 1, 56581), (8411, 5, 162157), (8372, 5, 163344), (8252, 2, 253972), (8572, 0, 325144), (8252, 2, 416947), (8887, 7, 447521), (8466, 1, 596693), (8887, 7, 599423), (8466, 1, 629133), (8341, 4, 663389), (8572, 0, 1548042), (8827, 0, 1555071), (8252, 2, 1644587), (8676, 4, 1721872), (8827, 0, 1788281), (8827, 0, 1903621), (8827, 0, 2217987), (8827, 0, 2218031), (8827, 0, 2218138), (8252, 2, 2221866), (8252, 2, 2228302), (8827, 0, 2241227), (8827, 0, 2241472), (8349, 0, 2327451), (8827, 0, 2395156), (8827, 0, 2400952), (8827, 0, 2485177)]"
386 "[(8256, 5, 54878), (8752, 6, 672943)]"
8477 "[(448, 5, 62112), (448, 5, 65623), (448, 5, 146197), (448, 5, 148499), (448, 5, 234110), (448, 5, 242879), (750, 7, 271077), (448, 5, 407407), (1384, 5, 446859), (2818, 7, 592288), (448, 5, 656365), (3055, 4, 676474), (437, 6, 685877), (437, 6, 687586), (448, 5, 757673), (441, 5, 835761), (3652, 6, 837450), (448, 5, 838906), (448, 5, 1358375), (3652, 6, 1402026), (448, 5, 1441573), (5583, 5, 1560960), (5583, 5, 1561069), (5583, 5, 1561123), (4027, 5, 1561377), (448, 5, 2047271), (448, 5, 2057155), (1797, 5, 2518252), (448, 5, 2650377), (448, 5, 2650757)]"
450 "[(8317, 1, 62439), (8619, 7, 165080), (8588, 7, 799393), (9072, 7, 1146981), (8575, 1, 1356964), (9203, 0, 2135234)]"
467 "[(8429, 7, 63722), (8429, 7, 63894), (8433, 7, 438413), (8433, 7, 439349), (8779, 6, 589460), (8745, 6, 683816), (8619, 7, 918217), (8619, 7, 918375), (8927, 2, 966519), (8577, 4, 1216032), (8365, 2, 1817140), (9183, 6, 1972368), (8866, 4, 1981068), (9160, 2, 2416160), (8854, 6, 2588334)]"
8520 "[(500, 4, 67124), (537, 6, 71270), (754, 2, 108075), (1804, 2, 335846), (1804, 2, 336041), (1804, 2, 336091), (1804, 2, 338912), (1804, 2, 662866), (4473, 1, 2472535), (1670, 4, 2478596)]"
527 "[(8536, 2, 70063), (8316, 1, 559791), (8623, 2, 972191)]"
528 "[(8377, 2, 70103)]"
8276 "[(554, 5, 72965), (140, 4, 184565), (233, 6, 284225), (1587, 1, 289131), (233, 6, 618613), (68, 7, 796450), (3717, 2, 934841), (3717, 2, 951067), (4027, 5, 951804), (3717, 2, 1004638), (3717, 2, 1004819), (167, 1, 1173719)]"
563 "[(8423, 6, 73675), (8411, 5, 157316), (8237, 7, 778155)]"
8551 "[(68, 7, 75644), (2141, 4, 419712), (2141, 4, 419774), (2141, 4, 419811), (1952, 4, 951705), (1952, 4, 951800), (1952, 4, 951981), (1952, 4, 952061), (697, 1, 975750), (1280, 1, 1109219), (514, 5, 1359157), (552, 2, 1806315), (4441, 2, 1888329), (559, 4, 2395445), (3025, 0, 2544669)]"
8529 "[(35, 2, 77886), (35, 2, 77952), (35, 2, 77988), (731, 4, 324186), (1382, 6, 612086), (1382, 6, 616804), (3168, 6, 680027), (3168, 6, 680112), (437, 6, 680196), (2230, 1, 691130), (80, 7, 1375479), (1294, 4, 1911009), (96, 1, 2003611), (7053, 2, 2637653)]"
596 "[(8559, 1, 78366), (8585, 7, 279598), (8640, 7, 1353859), (8268, 6, 1555242), (8606, 7, 1906245), (8606, 7, 2341517)]"
8293 "[(40, 0, 85656), (1004, 1, 158998), (167, 1, 319472), (2186, 4, 430540), (2186, 4, 613680), (3518, 6, 1614342), (3518, 6, 1614384), (2478, 1, 1877383), (5622, 0, 2046684)]"
8311 "[(630, 0, 100361), (898, 4, 144202), (898, 4, 144319), (630, 0, 575575), (630, 0, 606302), (1432, 2, 762975), (3509, 5, 786949), (630, 0, 787264), (1432, 2, 789591), (3509, 5, 839150), (5091, 7, 1886841), (68, 7, 2070883), (291, 5, 2184868)]"
725 "[(8473, 2, 103180), (8473, 2, 162731), (8473, 2, 189347), (8473, 2, 274904), (8473, 2, 600606), (8473, 2, 889244), (8473, 2, 1225754), (8473, 2, 1580538), (8764, 5, 1925946), (8473, 2, 1977159), (8703, 5, 2011923), (8473, 2, 2616720), (8473, 2, 2616838)]"
732 "[(8356, 7, 104419), (8241, 6, 1020189), (8241, 6, 1091750), (8241, 6, 1091848), (8241, 6, 1219229), (8241, 6, 1271203), (8241, 6, 1271304), (8241, 6, 1271439), (8241, 6, 1277050), (8241, 6, 1277150), (8241, 6, 1292692), (8241, 6, 1299189), (8241, 6, 1299272)]"
8612 "[(443, 1, 108828), (1104, 2, 361055), (2705, 2, 754633), (3694, 7, 848752), (2705, 2, 939881), (713, 1, 965138), (4647, 5, 1149659), (4663, 5, 1158267), (4663, 5, 1158771), (350, 5, 1159257), (68, 7, 1281570), (68, 7, 1283810), (291, 5, 1521904), (5993, 6, 1626552), (89, 5, 1702639), (744, 7, 1945274), (4604, 5, 1997932), (611, 1, 2232545), (423, 2, 2409917), (572, 4, 2417495), (39, 1, 2459831), (4506, 7, 2480389), (1104, 2, 2482180), (68, 7, 2483394), (1921, 2, 2504933), (1921, 2, 2505580), (2042, 5, 2522313), (2042, 5, 2522712), (2042, 5, 2522782), (2138, 6, 2563570), (1104, 2, 2574353), (3218, 5, 2587828), (3218, 5, 2587886), (17, 1, 2629352), (4752, 6, 2631421), (3218, 5, 2654253)]"
8518 "[(233, 6, 116338), (402, 5, 754140)]"
848 "[(8543, 2, 129237)]"
8470 "[(537, 6, 135319), (940, 1, 152465), (1670, 4, 324494), (402, 5, 742787), (221, 2, 759316), (221, 2, 782954), (221, 2, 786476), (3187, 7, 851641), (1857, 0, 866765), (537, 6, 1112800), (233, 6, 1315867), (233, 6, 1418730), (2390, 6, 1493038), (233, 6, 1666036), (5909, 0, 1679579), (233, 6, 1750456), (537, 6, 1945564), (1726, 7, 2147102), (4085, 7, 2170819), (5855, 2, 2657449)]"
892 "[(8423, 6, 140252), (9092, 2, 1391797)]"
925 "[(8264, 5, 146124), (8264, 5, 231402), (8264, 5, 231458), (8264, 5, 231473), (8264, 5, 231494), (8264, 5, 231788), (8264, 5, 332282), (8264, 5, 408186), (8264, 5, 418578), (8264, 5, 512302), (8264, 5, 592887), (8264, 5, 592902), (8264, 5, 679134), (8264, 5, 750529), (8264, 5, 751337), (8264, 5, 939151), (8264, 5, 1022920), (8264, 5, 1196690), (8264, 5, 1197606), (8264, 5, 1440322), (8264, 5, 1441631), (8264, 5, 1635637), (8264, 5, 1802589), (8264, 5, 2046435), (8264, 5, 2155217), (8391, 0, 2168523), (8391, 0, 2169301), (8264, 5, 2650540)]"
45 "[(8380, 4, 146880), (8843, 6, 357128), (8446, 4, 357896), (8539, 4, 451841), (8651, 6, 595998), (8667, 0, 602717), (8667, 0, 647936), (8847, 2, 721008), (8358, 5, 721347), (8567, 0, 759037), (8847, 2, 768125), (8613, 6, 830807), (8768, 2, 841633), (8627, 1, 919611), (8346, 1, 919970), (8784, 5, 922389), (8241, 6, 1028586), (8559, 1, 1030277), (8889, 2, 1097114), (9159, 0, 1664736), (8268, 6, 1781927), (8536, 2, 1787915), (8323, 1, 1790600), (8639, 4, 2065252), (8410, 5, 2066480), (9141, 6, 2112776), (8415, 6, 2121872), (9141, 6, 2175135), (8703, 5, 2206007), (8269, 4, 2244165), (9062, 2, 2283079), (8423, 6, 2616618)]"
912 "[(8411, 5, 148365), (8676, 4, 153267), (8777, 4, 328707), (8572, 0, 328826), (8633, 1, 503411), (8243, 2, 503804), (8587, 1, 514320), (8970, 1, 680058), (8593, 1, 684482), (8874, 4, 685023), (8950, 7, 783701), (8950, 7, 863147), (8237, 7, 1023815), (8387, 1, 1050978), (8237, 7, 1189208), (8676, 4, 1314012), (8734, 2, 1396241), (8411, 5, 1440611), (8411, 5, 1440735), (8411, 5, 1485956), (9102, 4, 1486656), (8687, 5, 1566872), (9145, 0, 1567716), (8504, 2, 1809660), (8384, 1, 1811225), (8384, 1, 1811271), (8794, 4, 1914566), (8928, 2, 1919771), (8588, 7, 1957911)]"
941 "[(8604, 7, 148893)]"
943 "[(8672, 6, 149635)]"
983 "[(8676, 4, 153874), (8447, 7, 188893), (8557, 7, 188975), (8734, 2, 332265), (8510, 7, 675231), (8847, 2, 675416), (8847, 2, 675734), (8932, 1, 677316), (8582, 6, 686674), (8244, 0, 687499), (8991, 6, 758436), (8991, 6, 758535), (8332, 4, 887074), (8526, 6, 887806), (8254, 6, 963100), (8950, 7, 1112487), (8251, 1, 1124172), (8813, 6, 1192763), (8505, 4, 1305092), (8818, 6, 1447994), (8651, 6, 1471735), (8549, 5, 1617271), (8268, 6, 2589195)]"
990 "[(8545, 7, 154776), (8545, 7, 660189), (8545, 7, 660457), (8545, 7, 660607), (8545, 7, 739388), (8545, 7, 766521), (8545, 7, 930892), (8545, 7, 931031), (8545, 7, 931262), (8545, 7, 996488), (8887, 7, 996681), (8887, 7, 996791), (8887, 7, 996951), (8545, 7, 1549573), (8545, 7, 1555390), (8545, 7, 2247145), (8545, 7, 2247195), (8545, 7, 2248047), (8545, 7, 2248088), (8545, 7, 2248741), (8545, 7, 2249978), (8545, 7, 2298873), (8545, 7, 2299008), (8545, 7, 2299466)]"
1038 "[(8630, 5, 162366), (8630, 5, 162378), (8630, 5, 162465), (8630, 5, 162986), (8630, 5, 163929), (8630, 5, 164010), (8926, 5, 591219), (8926, 5, 591684), (8926, 5, 591705), (8926, 5, 591911), (8926, 5, 593556), (8926, 5, 593714), (8926, 5, 594363), (8926, 5, 663021), (8926, 5, 697060), (8926, 5, 714534), (8967, 5, 761444), (8967, 5, 761729), (8967, 5, 761920), (8967, 5, 762348), (8967, 5, 762417), (8967, 5, 762632), (8967, 5, 762725), (8967, 5, 762967), (9223, 4, 2496490), (9223, 4, 2496503), (9223, 4, 2496528), (9223, 4, 2496673)]"
8516 "[(654, 5, 172785), (654, 5, 258097), (654, 5, 348730), (2196, 7, 789088), (233, 6, 1410815), (5463, 1, 1798254), (17, 1, 2387964), (1277, 7, 2392849), (1277, 7, 2392867), (5622, 0, 2655731)]"
8357 "[(1104, 2, 174691), (423, 2, 1035677), (17, 1, 1126298), (3453, 5, 1230386), (3453, 5, 1230455), (3453, 5, 1271881), (3453, 5, 1271928), (3453, 5, 1282535), (3453, 5, 1282566), (68, 7, 1533947), (3453, 5, 1601393), (3453, 5, 1601495), (17, 1, 2077717), (156, 2, 2278436)]"
1118 "[(8243, 2, 178553)]"
1154 "[(8377, 2, 188033)]"
1158 "[(8602, 4, 188724)]"
8301 "[(68, 7, 189156), (1332, 1, 233277), (233, 6, 373731), (68, 7, 453590), (17, 1, 522829), (68, 7, 580792), (2522, 5, 601576), (537, 6, 660046), (68, 7, 673673), (1432, 2, 674679), (1432, 2, 674804), (1432, 2, 674847), (1432, 2, 674918), (1432, 2, 680049), (2522, 5, 686092), (1432, 2, 687426), (1432, 2, 687525), (148, 2, 740020), (17, 1, 747410), (2196, 7, 789087), (509, 6, 1165076), (17, 1, 1165148), (5880, 1, 1573095), (782, 1, 1573425), (1432, 2, 1659168), (17, 1, 1738253)]"
8537 "[(107, 5, 193909), (107, 5, 279218), (107, 5, 539475), (107, 5, 539566), (233, 6, 540660), (68, 7, 589624), (107, 5, 632718), (107, 5, 887931), (107, 5, 888187), (1726, 7, 1041295), (17, 1, 1177025), (107, 5, 1309726), (107, 5, 1610564), (107, 5, 1610681), (6395, 1, 1798608), (1726, 7, 2147052), (1007, 7, 2677403), (1007, 7, 2677633)]"
8421 "[(1185, 6, 198690), (2339, 1, 651390), (449, 6, 753186), (449, 6, 753246), (3476, 6, 768999), (17, 1, 780099), (125, 1, 880957), (532, 1, 1022437), (3716, 4, 1133376), (17, 1, 1593742), (1778, 6, 2159419), (68, 7, 2402152), (68, 7, 2503889), (3756, 2, 2507918), (68, 7, 2575403)]"
476 "[(8461, 1, 232934), (8461, 1, 232947), (8462, 5, 232972), (8462, 5, 233029), (8463, 5, 241307), (8463, 5, 241360), (8370, 4, 601690), (8370, 4, 601900), (8370, 4, 601984), (9069, 6, 1181053), (9069, 6, 1181097), (8463, 5, 1455507), (8463, 5, 1455561), (9071, 5, 1548900), (8292, 5, 1655253), (8292, 5, 1699720), (8358, 5, 1742421), (8703, 5, 2173084), (8461, 1, 2651013), (8461, 1, 2651026), (8462, 5, 2672299)]"
1389 "[(8262, 2, 243276), (8262, 2, 243298), (8547, 5, 876048), (8547, 5, 1271580), (8547, 5, 2068344)]"
8586 "[(611, 1, 247335), (4866, 5, 1566232), (402, 5, 1604055), (402, 5, 1604428), (402, 5, 1604508), (402, 5, 1604589), (307, 2, 1606317), (307, 2, 1606333), (6015, 7, 1633363), (6015, 7, 1633504), (1148, 0, 1711445), (2943, 2, 2337649), (4075, 4, 2587202)]"
1419 "[(8622, 5, 247872)]"
1501 "[(8734, 2, 266939), (8719, 2, 1241955), (8736, 0, 1469948), (8736, 0, 1469973)]"
8631 "[(659, 5, 270194), (68, 7, 288583), (68, 7, 321146), (233, 6, 454548), (537, 6, 827175), (3407, 2, 829025), (3407, 2, 829109), (4085, 7, 1313329), (4226, 2, 1556306), (67, 1, 1611273), (107, 5, 1679131), (107, 5, 1714657), (4085, 7, 1755578), (4085, 7, 2257891), (233, 6, 2356083), (1378, 5, 2389102), (2134, 7, 2574492), (608, 7, 2587380)]"
1516 "[(8622, 5, 270343)]"
1519 "[(8411, 5, 270950), (8411, 5, 270973), (9045, 0, 1182593), (8887, 7, 1824836)]"
425 "[(8342, 0, 271217), (8342, 0, 271764), (8342, 0, 272044), (8342, 0, 272206), (8342, 0, 272377), (8662, 0, 684860), (9096, 7, 1646178)]"
1552 "[(8302, 7, 278256), (8622, 5, 280259), (8302, 7, 280461), (8565, 4, 449674), (8565, 4, 449953), (8302, 7, 763735), (9006, 1, 1020278), (8266, 0, 1023106), (8278, 4, 1063541), (9069, 6, 1239895), (9223, 4, 2421197), (8545, 7, 2445435), (8545, 7, 2445475), (8545, 7, 2445501), (9223, 4, 2530435)]"
1556 "[(8588, 7, 279237)]"
1567 "[(8273, 1, 283017)]"
8573 "[(233, 6, 285372), (1778, 6, 786940), (1594, 1, 2245366), (385, 6, 2502526)]"
1499 "[(8430, 0, 297162), (8846, 5, 717269), (8846, 5, 718916), (8254, 6, 723254), (8254, 6, 724120)]"
1392 "[(8588, 7, 311614), (8588, 7, 317047), (8588, 7, 336137), (8888, 6, 488988), (8588, 7, 747266), (8588, 7, 753488), (9048, 2, 984139), (9048, 2, 984225), (9048, 2, 984335), (9048, 2, 984444), (9048, 2, 985226), (9048, 2, 985522), (9048, 2, 987263), (9048, 2, 987338), (9048, 2, 987954), (9048, 2, 988002), (9048, 2, 988202), (8588, 7, 1097892), (9163, 7, 1666814), (9163, 7, 1666908), (9096, 7, 1666990), (9096, 7, 1667566), (9096, 7, 1668748), (9163, 7, 1675273), (9185, 2, 1952876), (9185, 2, 1952900), (9048, 2, 2299527), (9133, 5, 2651008)]"
1680 "[(8734, 2, 315263), (8734, 2, 315921), (8734, 2, 316057), (8734, 2, 316218), (8734, 2, 316606), (8734, 2, 316689), (8734, 2, 323201), (8734, 2, 324251), (8734, 2, 324415), (8734, 2, 324852), (8734, 2, 327084), (8734, 2, 332989), (8734, 2, 333184), (8734, 2, 339198), (8734, 2, 339373), (8734, 2, 339597), (8263, 2, 347517), (8263, 2, 347614), (8263, 2, 347760), (8263, 2, 347907), (8263, 2, 348068), (8263, 2, 348182), (8734, 2, 412829), (8734, 2, 412946), (8734, 2, 412999), (8734, 2, 413935), (8734, 2, 414287), (8734, 2, 415030), (8734, 2, 415360), (8734, 2, 415471), (8734, 2, 487667), (8734, 2, 754608), (8268, 6, 1193754), (9048, 2, 1204132), (9048, 2, 1204944), (9048, 2, 1205043), (9048, 2, 1205101), (9072, 7, 1205269), (9072, 7, 1205632), (9072, 7, 1205741), (9072, 7, 1205913), (9072, 7, 1206306), (9072, 7, 1206792), (9048, 2, 1215031), (9048, 2, 1215329), (9048, 2, 1215618), (8575, 1, 1628791), (8575, 1, 1628819), (8575, 1, 1637609), (8452, 7, 2222732), (8452, 7, 2223083), (8452, 7, 2223541), (8452, 7, 2223744), (8452, 7, 2320371), (8452, 7, 2320497), (8452, 7, 2320582), (8734, 2, 2579425), (8734, 2, 2593063), (8734, 2, 2593653), (8734, 2, 2593703), (8734, 2, 2594042), (8734, 2, 2594277), (8734, 2, 2594499), (9148, 2, 2605809), (9148, 2, 2605890), (9148, 2, 2606096), (9148, 2, 2606836), (9148, 2, 2606950), (9148, 2, 2606976), (9148, 2, 2607320), (9148, 2, 2607371), (9148, 2, 2607536), (9148, 2, 2607658), (9148, 2, 2608112), (9148, 2, 2608782), (9148, 2, 2608816), (9148, 2, 2608977), (9148, 2, 2609011), (9148, 2, 2609838), (9148, 2, 2610089), (9148, 2, 2610322), (9148, 2, 2611419), (9148, 2, 2666965)]"
1721 "[(8549, 5, 323590), (8694, 5, 1476810)]"
1733 "[(8377, 2, 325849), (8377, 2, 1885722), (8377, 2, 2020852), (8876, 2, 2135150)]"
1786 "[(8826, 7, 333076), (9075, 0, 1167619), (9206, 6, 2154074), (9218, 2, 2334451)]"
1793 "[(8588, 7, 334288), (8423, 6, 401170), (8423, 6, 404319), (8479, 2, 408266), (8479, 2, 408331), (8411, 5, 479801), (8687, 5, 499541), (8588, 7, 839422), (8588, 7, 839505), (9048, 2, 1024354), (9080, 6, 2232525)]"
1802 "[(8549, 5, 335544), (8549, 5, 335563), (8549, 5, 335586), (8549, 5, 571321), (8549, 5, 573298), (8549, 5, 573314), (8549, 5, 630257), (8549, 5, 630317), (8549, 5, 630369), (8549, 5, 630424), (8549, 5, 698262), (8549, 5, 984108), (8549, 5, 1077485), (8549, 5, 1146688), (8549, 5, 1165607), (8549, 5, 1165625), (8549, 5, 1204786), (8549, 5, 1206022), (8549, 5, 1207231), (8549, 5, 1209145), (8549, 5, 1209164), (8549, 5, 1502257), (8549, 5, 1561723), (8549, 5, 1685242), (8549, 5, 1771483), (8549, 5, 1771535), (8549, 5, 2085423), (8549, 5, 2090859), (8549, 5, 2233963), (8549, 5, 2234104), (8549, 5, 2234142), (8549, 5, 2241654), (8549, 5, 2242947), (8549, 5, 2243228), (8549, 5, 2383923), (8549, 5, 2383998), (8549, 5, 2384014), (8549, 5, 2384102), (8549, 5, 2384121), (8549, 5, 2493326), (8549, 5, 2573542), (8549, 5, 2573580), (8549, 5, 2588994), (8549, 5, 2664116)]"
1817 "[(8370, 4, 337587)]"
8841 "[(532, 1, 345482), (1432, 2, 1056699), (532, 1, 1091466), (4825, 1, 1195844), (1013, 4, 1886245), (17, 1, 1899807), (22, 4, 1905193), (17, 1, 1913664), (68, 7, 1990211), (611, 1, 2001216), (5413, 4, 2509114), (532, 1, 2597897)]"
164 "[(8588, 7, 349437), (8888, 6, 518705), (8626, 0, 1243115), (8395, 6, 1256785), (8395, 6, 1257097), (8395, 6, 1257673), (8395, 6, 1257891), (8395, 6, 1258142), (8395, 6, 1258577)]"
1883 "[(8463, 5, 353307)]"
1890 "[(8390, 5, 354285), (8390, 5, 382775), (8390, 5, 382883), (8390, 5, 2416953)]"
8849 "[(1157, 7, 359289), (17, 1, 966052), (401, 4, 1092965), (782, 1, 1176056), (4027, 5, 1293542), (40, 0, 1324236), (227, 6, 1372334), (227, 6, 1372496), (227, 6, 1373039), (4752, 6, 1412050), (221, 2, 1472744), (5633, 7, 1472929), (227, 6, 1473421), (5633, 7, 1474009), (5633, 7, 1474062), (227, 6, 1488915), (227, 6, 1489719), (227, 6, 1489762), (227, 6, 1490303), (221, 2, 1494551), (5633, 7, 1495706), (5633, 7, 1495767), (5633, 7, 1496289), (5633, 7, 1496411), (5633, 7, 1496482), (227, 6, 1527512), (227, 6, 1530065), (227, 6, 1530595), (227, 6, 1565178), (227, 6, 1565339), (227, 6, 1574818), (221, 2, 1663884), (227, 6, 1712472), (227, 6, 1742110), (227, 6, 1742172), (221, 2, 1750685), (227, 6, 1836208), (2429, 4, 1928589), (17, 1, 1951655), (3649, 7, 1953177), (3649, 7, 1953222), (3649, 7, 1953783), (3649, 7, 1953970), (3649, 7, 1954024), (3649, 7, 1954242), (3649, 7, 1957136), (227, 6, 1979432), (227, 6, 1979603), (227, 6, 1979690), (227, 6, 1979788), (227, 6, 1979825), (4534, 2, 2049076), (4534, 2, 2072692), (2429, 4, 2080787), (2429, 4, 2080823), (227, 6, 2083359), (227, 6, 2083951), (227, 6, 2084466), (227, 6, 2129112), (4489, 4, 2131058), (4489, 4, 2131138), (227, 6, 2133333), (227, 6, 2133816), (227, 6, 2173132), (695, 2, 2175324), (695, 2, 2175355), (4489, 4, 2243854), (659, 5, 2261034), (17, 1, 2261258), (227, 6, 2357966), (1013, 4, 2404240), (227, 6, 2430344), (227, 6, 2434831), (552, 2, 2505858), (3649, 7, 2563245), (3649, 7, 2563352), (3649, 7, 2565651), (22, 4, 2569314), (3649, 7, 2653134), (3649, 7, 2653315), (3649, 7, 2654083)]"
1928 "[(8622, 5, 364328), (8622, 5, 365952)]"
1962 "[(8390, 5, 378709)]"
1970 "[(8569, 6, 400679), (8875, 7, 447511), (8569, 6, 486515), (8334, 2, 571398), (8370, 4, 710208), (8318, 6, 757695), (9053, 1, 1012518), (8401, 1, 1049520), (9053, 1, 1117691), (8423, 6, 1176439), (8401, 1, 1317214), (8505, 4, 1367541), (8510, 7, 1485287), (8314, 5, 2460188)]"
8855 "[(2039, 2, 403151), (2134, 7, 417897), (2134, 7, 418087), (68, 7, 423601), (40, 0, 437070), (233, 6, 453545), (40, 0, 460481), (1013, 4, 510702), (68, 7, 523852), (2730, 1, 574683), (2730, 1, 574816), (68, 7, 896038), (68, 7, 994269), (2923, 6, 1017879), (233, 6, 1058755), (40, 0, 1060865), (890, 6, 1215520), (233, 6, 1232818), (68, 7, 1322015), (233, 6, 1489480), (68, 7, 1615939), (611, 1, 2002317), (125, 1, 2002401)]"
2069 "[(8471, 1, 405119), (8346, 1, 483887), (8346, 1, 483964), (8264, 5, 540254), (8264, 5, 540343), (8645, 1, 1521540), (8645, 1, 1521894), (8390, 5, 1806521)]"
2085 "[(8749, 7, 408920)]"
8816 "[(920, 7, 409224), (233, 6, 624275), (3224, 6, 694312), (3224, 6, 716112), (1813, 2, 1483687), (3146, 4, 1509668), (303, 0, 1577662), (156, 2, 1662859), (156, 2, 1663202), (4112, 0, 2424667), (233, 6, 2531528)]"
2105 "[(8801, 4, 412537), (8593, 1, 463832)]"
2127 "[(8446, 4, 416398), (8370, 4, 416480), (8370, 4, 416656)]"
2146 "[(8358, 5, 421244), (8358, 5, 421262), (9069, 6, 1185913), (8577, 4, 1186358), (8577, 4, 1186499), (8577, 4, 1207718), (8411, 5, 1638145), (8411, 5, 1638322)]"
2153 "[(8676, 4, 423569), (8243, 2, 425784), (8246, 1, 487364), (8246, 1, 597143), (8650, 0, 652234), (8687, 5, 652371), (8687, 5, 653004), (8687, 5, 655088), (8687, 5, 1017017), (8812, 7, 1188702), (8593, 1, 1200529), (8593, 1, 1349148), (8812, 7, 1362202), (8687, 5, 1439202), (8243, 2, 2396292), (8687, 5, 2400587), (8866, 4, 2572917), (8866, 4, 2573038)]"
8 "[(8604, 7, 428345), (9048, 2, 1082769), (9048, 2, 1108590), (9048, 2, 1108621), (9048, 2, 1119458), (9096, 7, 1290524), (9096, 7, 1290726), (9096, 7, 1290872), (9096, 7, 1291134), (9096, 7, 1291215), (9096, 7, 1291257), (9096, 7, 1291534), (9096, 7, 1291702), (9096, 7, 1291717), (9096, 7, 1291736), (9096, 7, 1291980), (9096, 7, 1292492), (9096, 7, 1292565), (9096, 7, 1292890), (9096, 7, 1292935), (9096, 7, 1293495), (9096, 7, 1294506), (9096, 7, 1294637), (9096, 7, 1296695), (9096, 7, 1297451), (9096, 7, 1297717), (9096, 7, 1298564), (9096, 7, 1298975), (9096, 7, 1300620), (9096, 7, 1300659), (9096, 7, 1300730), (9096, 7, 1301134), (9096, 7, 1301673), (9096, 7, 1336497), (9096, 7, 1357354), (9096, 7, 1357430), (9096, 7, 1359872), (9096, 7, 1359898), (9096, 7, 1359994), (9048, 2, 1362092), (9048, 2, 1362113), (9096, 7, 1362149), (9096, 7, 1363088), (9096, 7, 1363178), (9096, 7, 1425540), (9096, 7, 1430921), (9096, 7, 1508888), (9096, 7, 1610949), (9096, 7, 1673359), (9096, 7, 1931295), (9168, 5, 1934141), (9168, 5, 1934323), (9168, 5, 1934698), (9168, 5, 1934864), (9168, 5, 1963893), (9168, 5, 1963957), (9168, 5, 1964071), (9168, 5, 1964103), (9168, 5, 1964218), (9168, 5, 1970022), (9168, 5, 1970190), (8275, 5, 1989207), (9168, 5, 2025378), (8452, 7, 2066828)]"
2203 "[(8531, 5, 434216)]"
8856 "[(233, 6, 452500), (989, 0, 665555), (2923, 6, 947092), (233, 6, 1494830), (2841, 2, 2411433)]"
1046 "[(8587, 1, 456233), (8587, 1, 456323), (8461, 1, 457178), (8461, 1, 457587), (8461, 1, 457675), (8461, 1, 457805), (8461, 1, 457860), (8462, 5, 458924), (8462, 5, 459657), (8462, 5, 459684), (8462, 5, 460024), (8462, 5, 460268), (8462, 5, 461193), (8752, 6, 630076), (8644, 1, 880189), (8245, 5, 903234), (8387, 1, 952812), (8387, 1, 952902), (8463, 5, 953724), (8463, 5, 955396), (8590, 7, 1110027), (9069, 6, 1213700), (8587, 1, 1216190), (9069, 6, 1233281), (8411, 5, 1249019), (8575, 1, 1332078), (8260, 6, 1340143), (8260, 6, 1340211), (8260, 6, 1340239), (8260, 6, 1340299), (8683, 6, 1340483), (8535, 7, 1546485), (9071, 5, 1553458), (8644, 1, 1645743), (8644, 1, 1660263), (8471, 1, 2065554), (8590, 7, 2145629), (8590, 7, 2145656), (8590, 7, 2145996), (9224, 5, 2448973), (9224, 5, 2449300)]"
1854 "[(8635, 0, 461127), (8892, 0, 2333980)]"
2334 "[(8888, 6, 482462)]"
2373 "[(8329, 6, 489281), (9140, 7, 1788994), (9140, 7, 1789243), (9140, 7, 1874082)]"
2408 "[(8559, 1, 494840), (8559, 1, 658826)]"
1840 "[(8687, 5, 501349), (8687, 5, 501456), (8238, 4, 1387599), (8581, 4, 2125150)]"
2441 "[(8264, 5, 501351), (8264, 5, 501415), (8577, 4, 1179393), (8778, 5, 1601414), (8577, 4, 2294977), (8390, 5, 2477389)]"
2486 "[(8888, 6, 512481)]"
8558 "[(125, 1, 514057), (17, 1, 1277732), (1853, 6, 1359672), (482, 6, 1711625), (482, 6, 1711809), (482, 6, 1715079), (482, 6, 1715341), (482, 6, 1725976), (2242, 0, 1732895), (2231, 7, 1733628), (2242, 0, 1750342), (2143, 6, 1753641), (5176, 5, 1780939), (482, 6, 1788468), (1823, 6, 1873776), (482, 6, 2215237), (482, 6, 2215396)]"
2500 "[(8888, 6, 515090), (8888, 6, 515456), (8888, 6, 721814)]"
2515 "[(8847, 2, 518345)]"
2521 "[(8243, 2, 518965)]"
2545 "[(8318, 6, 523920)]"
2551 "[(8526, 6, 525778)]"
2552 "[(8888, 6, 525892), (8888, 6, 619079), (8888, 6, 877729)]"
2568 "[(8734, 2, 528657), (8734, 2, 532425)]"
492 "[(8887, 7, 529128), (8969, 2, 749375), (9048, 2, 1009133), (8969, 2, 1133408), (9072, 7, 1139982), (9072, 7, 1140205), (9072, 7, 1140294), (9072, 7, 1140910), (9072, 7, 1141477), (9072, 7, 1141682), (9072, 7, 1142124), (9072, 7, 1142162), (9072, 7, 1142344), (9072, 7, 1142528), (9072, 7, 1145405), (9096, 7, 1293414), (9096, 7, 1293722), (9096, 7, 1294746), (9096, 7, 1294875), (9096, 7, 1296238), (9096, 7, 1296446), (9096, 7, 1299844), (9096, 7, 1313829), (9096, 7, 1317627), (9096, 7, 1357553), (9096, 7, 1639297), (9163, 7, 1724173), (9185, 2, 1899122), (9185, 2, 1899284), (9185, 2, 1899736), (9185, 2, 1901149), (9185, 2, 1902544), (9185, 2, 1904301), (9185, 2, 1904539), (9185, 2, 1905805), (9185, 2, 1906636), (9185, 2, 1906681), (9185, 2, 1906728), (9185, 2, 1907261), (9185, 2, 1907359), (9185, 2, 1907570), (9185, 2, 1907609), (9185, 2, 1911227), (9185, 2, 1912253), (9185, 2, 1912927), (8734, 2, 2254915), (8734, 2, 2256334)]"
2573 "[(8462, 5, 529669), (8462, 5, 692442), (8462, 5, 692474)]"
53 "[(8593, 1, 534616), (8547, 5, 634267), (8547, 5, 912067), (8243, 2, 1697747), (8358, 5, 1726979), (8243, 2, 1918302), (8243, 2, 1923471), (8243, 2, 2040020), (8243, 2, 2110265), (8243, 2, 2112384), (8243, 2, 2196381)]"
2603 "[(8593, 1, 536106)]"
2615 "[(8559, 1, 540264), (8858, 6, 2063865), (8305, 6, 2065501), (8978, 2, 2068293), (8672, 6, 2331763)]"
8763 "[(233, 6, 541556), (660, 6, 567419), (2923, 6, 774099), (1058, 6, 848674), (40, 0, 1058888), (233, 6, 1578776), (1789, 6, 2018910), (3517, 0, 2026900), (1270, 0, 2196592)]"
2654 "[(8411, 5, 553989), (8888, 6, 669690), (8887, 7, 681742), (8752, 6, 735363), (8752, 6, 773232), (8411, 5, 900556), (8411, 5, 932717), (8266, 0, 998097), (9054, 6, 1026469), (8411, 5, 2564856), (9223, 4, 2567453)]"
8937 "[(2134, 7, 584878), (2172, 2, 1351950), (2134, 7, 1419433), (2134, 7, 1419482), (1206, 2, 1784487), (2068, 2, 1937893), (2068, 2, 1939646), (2134, 7, 2019402), (2134, 7, 2019429), (4672, 5, 2050415), (4672, 5, 2050939), (974, 7, 2051702), (974, 7, 2051740), (2134, 7, 2058205), (2134, 7, 2058690), (2134, 7, 2059644), (2134, 7, 2059698), (2134, 7, 2059775), (4859, 7, 2072655), (4910, 5, 2092473), (4962, 6, 2126399), (4248, 6, 2126488), (4248, 6, 2126630), (68, 7, 2127873), (2134, 7, 2134086), (7251, 4, 2179588), (2134, 7, 2191479), (2134, 7, 2191690), (271, 6, 2241424), (271, 6, 2241538), (233, 6, 2269801), (4672, 5, 2294468), (1089, 2, 2332891), (2390, 6, 2355591), (660, 6, 2384100), (2134, 7, 2384750), (1343, 2, 2393419), (6957, 7, 2399855), (2230, 1, 2428750), (462, 5, 2434284), (2134, 7, 2460500), (2134, 7, 2460653), (3495, 7, 2512695), (3567, 5, 2522978), (7850, 7, 2527078), (853, 7, 2543232), (6828, 5, 2608571), (1296, 6, 2629922), (1296, 6, 2630025), (68, 7, 2631231), (2134, 7, 2639671), (1176, 0, 2675734)]"
2855 "[(8887, 7, 597784), (8887, 7, 597922), (8887, 7, 598023), (8887, 7, 745698)]"
1998 "[(8887, 7, 601836), (8887, 7, 601876)]"
8347 "[(2878, 2, 603239), (2878, 2, 603406), (2878, 2, 603756), (2878, 2, 608196), (2878, 2, 608863), (2878, 2, 609028), (2878, 2, 609665), (2878, 2, 609714), (2878, 2, 610223), (2878, 2, 610306), (2878, 2, 610632), (2878, 2, 615090), (2878, 2, 615598), (68, 7, 616824), (2878, 2, 632187), (2878, 2, 632479), (2878, 2, 633041), (2878, 2, 713736), (233, 6, 714087), (2878, 2, 714784), (2878, 2, 714833), (2878, 2, 715347), (2878, 2, 715383), (2878, 2, 716321), (68, 7, 717527), (17, 1, 1039949), (2110, 7, 1040572), (2878, 2, 1145780), (2878, 2, 1147680), (2878, 2, 1148425), (2878, 2, 1148503), (2878, 2, 1229602), (2878, 2, 1229685), (2878, 2, 1229735), (2878, 2, 1233085), (233, 6, 1234774), (68, 7, 1309464), (68, 7, 1321702), (3605, 4, 1452863), (233, 6, 1495120), (2878, 2, 1539822), (2878, 2, 1539968), (2878, 2, 1540063), (2878, 2, 1540390), (2878, 2, 1540538), (2878, 2, 1540682), (68, 7, 1541884), (2878, 2, 1624583), (68, 7, 1654923), (68, 7, 1719466), (2878, 2, 1740929), (2878, 2, 1742511), (2878, 2, 1742902), (2878, 2, 1743371), (2878, 2, 1743929), (233, 6, 1750145), (68, 7, 1753787), (772, 2, 1828578), (4666, 1, 1860297), (2068, 2, 1938253), (2068, 2, 1938570), (2068, 2, 1938914), (310, 0, 1943053), (2068, 2, 1977316), (1737, 2, 1988880), (772, 2, 1989233), (772, 2, 1989536), (749, 6, 2003971), (853, 7, 2037047), (2578, 1, 2046411), (2578, 1, 2046616), (2578, 1, 2046756), (2578, 1, 2046953), (2578, 1, 2046989), (2578, 1, 2055527), (2134, 7, 2059386), (2134, 7, 2059887), (660, 6, 2070727), (1792, 6, 2070774), (4859, 7, 2072383), (5774, 6, 2096621), (5883, 2, 2110275), (3748, 6, 2115364), (1726, 7, 2139769), (2878, 2, 2145042), (2878, 2, 2147127), (7265, 5, 2187870), (17, 1, 2215625), (2068, 2, 2222820), (2068, 2, 2223428), (2068, 2, 2223505), (17, 1, 2225381), (660, 6, 2231376), (3483, 2, 2239442), (271, 6, 2241341), (246, 7, 2297627), (56, 7, 2298754), (350, 5, 2301992), (1754, 6, 2304109), (17, 1, 2318254), (1276, 7, 2318321), (1089, 2, 2332776), (17, 1, 2344697), (1813, 2, 2352376), (2468, 4, 2371292), (17, 1, 2385390), (2024, 6, 2388251), (17, 1, 2389871), (5808, 4, 2391546), (6753, 1, 2429112), (233, 6, 2446502), (68, 7, 2452339), (33, 2, 2457211), (5976, 4, 2474230), (2878, 2, 2487651), (2878, 2, 2487849), (2878, 2, 2487937), (2878, 2, 2488134), (2878, 2, 2488457), (2878, 2, 2488577), (2878, 2, 2491574), (17, 1, 2494672), (68, 7, 2499502), (17, 1, 2502584), (5396, 6, 2505539), (5396, 6, 2505663), (1446, 6, 2545919), (2134, 7, 2554059), (829, 7, 2576345), (2134, 7, 2586732), (4410, 6, 2601867), (68, 7, 2602933), (829, 7, 2634029)]"
2908 "[(8887, 7, 609507), (8887, 7, 660386), (8887, 7, 696894), (8887, 7, 696929), (8887, 7, 923156), (8887, 7, 994769), (8887, 7, 1026301), (8887, 7, 1026338), (8887, 7, 1026440), (8887, 7, 1026649)]"
2881 "[(8667, 0, 610805), (8491, 4, 945201), (8577, 4, 957100), (8547, 5, 1285812), (8361, 2, 1294303), (8639, 4, 1295143), (8682, 4, 1633221), (8458, 2, 1816586), (8650, 0, 1882638), (8650, 0, 1883743), (9022, 6, 1896290), (8361, 2, 2252740)]"
502 "[(8246, 1, 614373), (8264, 5, 841651), (8358, 5, 1365789)]"
8750 "[(233, 6, 624757), (1647, 6, 660194), (1647, 6, 660467), (1647, 6, 660490), (1647, 6, 664451), (1647, 6, 664580), (1647, 6, 664624), (1647, 6, 664721), (1647, 6, 665153), (3152, 6, 677299), (3152, 6, 677930), (1647, 6, 679083), (1647, 6, 679191), (1647, 6, 679217), (1647, 6, 679339), (1647, 6, 679383), (1647, 6, 679424), (1647, 6, 680649), (233, 6, 715349), (760, 6, 978304)]"
194 "[(8387, 1, 649211), (8387, 1, 835434), (8387, 1, 1957793), (8387, 1, 2047313)]"
8964 "[(441, 5, 669121), (742, 1, 1089860), (2342, 7, 1204961), (17, 1, 1371820), (291, 5, 1762960), (1814, 5, 1775832), (233, 6, 1923852), (233, 6, 2012023), (4845, 6, 2156481), (4845, 6, 2156556), (4845, 6, 2175536), (3146, 4, 2246631), (4845, 6, 2247624), (6851, 5, 2445757), (1432, 2, 2485061), (5677, 5, 2546434), (22, 4, 2589023)]"
1775 "[(8341, 4, 669940), (8473, 2, 2502997), (8473, 2, 2503085), (8473, 2, 2503143)]"
3010 "[(8644, 1, 670630), (8644, 1, 670844), (8644, 1, 670873)]"
3114 "[(8444, 1, 671266), (8504, 2, 745193), (8263, 2, 1191319), (8331, 7, 1269823), (9071, 5, 1589631), (9071, 5, 1595179), (9071, 5, 1595810), (9071, 5, 1596023), (9071, 5, 1596068), (9071, 5, 1619503), (9071, 5, 1622316), (8319, 5, 1963493), (9071, 5, 2027623), (9197, 2, 2634843), (9084, 6, 2638684), (9084, 6, 2639705), (9084, 6, 2667805), (9084, 6, 2671521), (9084, 6, 2671872), (9084, 6, 2672910)]"
8959 "[(285, 0, 671380), (285, 0, 731911), (537, 6, 740606), (285, 0, 749535)]"
3121 "[(8887, 7, 672486), (8887, 7, 1043586)]"
3142 "[(8888, 6, 675937), (8507, 0, 800439), (8507, 0, 800739), (8734, 2, 845982)]"
3144 "[(8554, 6, 676096)]"
8940 "[(2101, 1, 681137), (2101, 1, 681165), (2101, 1, 681449), (2101, 1, 754403), (233, 6, 973525), (68, 7, 1061779), (1804, 2, 1195659), (233, 6, 1315504), (233, 6, 2440220), (233, 6, 2445457)]"
8906 "[(1952, 4, 681175), (1952, 4, 952236), (1952, 4, 952483), (1952, 4, 952544), (1952, 4, 1026694), (1952, 4, 1027093), (17, 1, 1233299), (1952, 4, 1326994), (1952, 4, 1327010), (17, 1, 1398969), (532, 1, 1449562), (1952, 4, 1901352), (537, 6, 1958624), (537, 6, 1958782), (68, 7, 1989198)]"
3026 "[(8254, 6, 696637)]"
3264 "[(8670, 1, 708648), (8504, 2, 2489112)]"
8975 "[(1185, 6, 710156), (1185, 6, 710657), (1185, 6, 710731), (1185, 6, 710974), (935, 2, 1358904), (935, 2, 1358917), (17, 1, 2164279), (1277, 7, 2294161), (1277, 7, 2294189), (1277, 7, 2316718), (1277, 7, 2323203), (1277, 7, 2323899), (1865, 7, 2337179), (1865, 7, 2349271), (3146, 4, 2384562), (1865, 7, 2402743), (1865, 7, 2402778), (1865, 7, 2664012)]"
3293 "[(8988, 6, 721056)]"
2495 "[(8939, 2, 738009), (8939, 2, 738257), (8880, 7, 749208), (8361, 2, 1360171), (8544, 1, 1464939), (8919, 6, 1892792), (8990, 2, 1941695), (8574, 4, 1972497), (9045, 0, 1978873), (8933, 6, 2071973)]"
3394 "[(8837, 4, 750498)]"
3482 "[(8320, 6, 772280)]"
3323 "[(8491, 4, 775952), (8284, 0, 808278), (8246, 1, 811416), (8676, 4, 2238650), (9077, 2, 2238934), (9205, 5, 2239714), (8467, 4, 2258543), (8355, 2, 2322755), (8676, 4, 2337762), (9080, 6, 2428809)]"
3496 "[(8390, 5, 776761)]"
3497 "[(8590, 7, 776852), (9069, 6, 1216589), (9069, 6, 1216619), (8411, 5, 2390089), (8683, 6, 2662023), (8683, 6, 2674723)]"
3508 "[(8888, 6, 780186)]"
281 "[(8577, 4, 794821), (8461, 1, 1495322)]"
9003 "[(233, 6, 805380)]"
3594 "[(8896, 6, 817134), (8427, 2, 920119)]"
3655 "[(8463, 5, 837889)]"
3670 "[(8395, 6, 841618), (8395, 6, 841913), (8395, 6, 849173), (8395, 6, 849287), (8885, 6, 2080167), (8885, 6, 2080577)]"
8825 "[(782, 1, 846329)]"
3746 "[(8283, 2, 863918)]"
3774 "[(8582, 6, 873869), (8547, 5, 874944), (8587, 1, 1456240), (9118, 7, 1475486), (8547, 5, 1482450), (8355, 2, 1489200)]"
3427 "[(8547, 5, 874941)]"
3819 "[(8600, 6, 886303), (8651, 6, 1476097), (8651, 6, 1476388), (8651, 6, 1494816), (8651, 6, 1494995), (8651, 6, 1495702), (8651, 6, 1495819), (8651, 6, 1533897), (8441, 6, 2077040)]"
9013 "[(233, 6, 886888), (233, 6, 2097252)]"
8941 "[(233, 6, 887562), (40, 0, 942531), (1720, 6, 947743), (2137, 1, 1034979)]"
9018 "[(233, 6, 888098), (3320, 6, 1035348), (3320, 6, 1035481), (233, 6, 1315899), (4085, 7, 1659453)]"
3874 "[(8950, 7, 906906), (9034, 1, 907200), (9034, 1, 907371), (8873, 1, 1086519), (8806, 4, 1111782), (8370, 4, 1114260)]"
874 "[(9023, 1, 913754), (8778, 5, 1615021)]"
289 "[(8784, 5, 915577), (8243, 2, 1741738)]"
3905 "[(8548, 5, 920896), (8935, 7, 1019502)]"
3920 "[(8733, 7, 925062), (8733, 7, 941831), (8733, 7, 942787)]"
3921 "[(8577, 4, 925130), (8461, 1, 1302158), (8292, 5, 1658813), (8292, 5, 1659005), (8703, 5, 2252220), (9197, 2, 2482743)]"
2505 "[(8588, 7, 926923)]"
8668 "[(1726, 7, 948593), (4085, 7, 1038335), (233, 6, 1315871), (4085, 7, 1910040), (119, 6, 2270109), (119, 6, 2270206), (119, 6, 2270233), (119, 6, 2270526), (119, 6, 2270554), (119, 6, 2270614), (119, 6, 2270782), (119, 6, 2270876), (119, 6, 2271158), (119, 6, 2271420), (119, 6, 2271638), (119, 6, 2271749), (119, 6, 2271799), (119, 6, 2271848), (119, 6, 2271931), (119, 6, 2272101), (119, 6, 2272150), (119, 6, 2272267), (119, 6, 2272312), (119, 6, 2272374), (119, 6, 2272421), (119, 6, 2272485), (68, 7, 2273702), (2054, 6, 2400415), (119, 6, 2572448), (119, 6, 2572608), (119, 6, 2640960), (119, 6, 2641006), (119, 6, 2641065)]"
3728 "[(8358, 5, 949136)]"
4039 "[(8887, 7, 954744)]"
3362 "[(8734, 2, 966533)]"
364 "[(9048, 2, 1011639)]"
256 "[(9048, 2, 1015034), (8402, 4, 1272133), (8402, 4, 1272199), (8402, 4, 1272270), (8292, 5, 2194970), (8292, 5, 2195194)]"
4251 "[(9048, 2, 1022748), (9205, 5, 2669800), (9084, 6, 2671118), (9084, 6, 2671633)]"
4269 "[(8411, 5, 1026261)]"
718 "[(8623, 2, 1039337), (8703, 5, 1589055), (8703, 5, 1589094), (8703, 5, 1589116), (8703, 5, 1589332), (8703, 5, 1589537), (8246, 1, 2091819), (8358, 5, 2276036), (8358, 5, 2276091)]"
4331 "[(8243, 2, 1040374), (8644, 1, 1052244), (8260, 6, 2427035)]"
9015 "[(993, 6, 1040772)]"
8550 "[(4329, 5, 1042465), (387, 1, 1143616), (4329, 5, 1387161), (4329, 5, 1397123), (356, 7, 2079789), (5622, 0, 2218330)]"
434 "[(8502, 5, 1053389)]"
4395 "[(8479, 2, 1055153)]"
3349 "[(8503, 6, 1069295)]"
4443 "[(8548, 5, 1077203), (9079, 6, 1369311)]"
3833 "[(8640, 7, 1081987), (8640, 7, 1082110), (8292, 5, 1658182)]"
3326 "[(8556, 0, 1103277)]"
1596 "[(8588, 7, 1111082), (9151, 7, 1691754), (9151, 7, 1980631)]"
3502 "[(8266, 0, 1121539)]"
8917 "[(1314, 2, 1122425), (233, 6, 1150739), (501, 2, 1220790), (1026, 2, 1228010), (1026, 2, 1228025), (22, 4, 1305852), (22, 4, 1305948), (22, 4, 1305984), (3472, 1, 1374255), (3472, 1, 1374290), (80, 7, 1457798), (611, 1, 1463793), (627, 2, 1632121), (3453, 5, 1643459), (471, 5, 1819771), (471, 5, 1820073), (471, 5, 1820090), (1041, 2, 1950007), (233, 6, 2016084), (125, 1, 2173937), (17, 1, 2239094), (2110, 7, 2317348), (2110, 7, 2317472), (2079, 5, 2392658), (2079, 5, 2394073), (1013, 4, 2484729)]"
4651 "[(8237, 7, 1150645)]"
2678 "[(8644, 1, 1155035)]"
1235 "[(9072, 7, 1158978)]"
9019 "[(285, 0, 1173944), (285, 0, 1174524), (285, 0, 1237991), (285, 0, 1238014), (285, 0, 1238020), (285, 0, 1238082), (285, 0, 1238150), (285, 0, 1240341), (285, 0, 1240410), (537, 6, 1242597), (285, 0, 1246251), (285, 0, 1246449), (285, 0, 1246610), (285, 0, 1246750), (4085, 7, 1598683), (115, 1, 2520517), (480, 6, 2542084), (480, 6, 2542149)]"
4140 "[(8577, 4, 1178031)]"
4780 "[(8410, 5, 1185798)]"
1427 "[(9069, 6, 1192279)]"
4835 "[(8241, 6, 1198015)]"
286 "[(9079, 6, 1205606), (9079, 6, 1205771), (9079, 6, 1355677), (9079, 6, 1375503), (8609, 7, 2033200), (8609, 7, 2060366)]"
2887 "[(9069, 6, 1217045)]"
8519 "[(1134, 7, 1217344), (22, 4, 1344888), (5383, 4, 1548005), (3663, 0, 1559711), (89, 5, 1661540), (3049, 2, 1666862), (3099, 7, 1815851), (3099, 7, 1815918)]"
3194 "[(8415, 6, 1218313), (8415, 6, 1221664), (8415, 6, 1261143), (8415, 6, 1297516), (8415, 6, 1868708)]"
9086 "[(697, 1, 1228677), (2414, 5, 1232541), (17, 1, 1239819), (17, 1, 1240203), (156, 2, 1240373), (17, 1, 1240486), (17, 1, 1240628), (156, 2, 1240643), (17, 1, 1240676), (17, 1, 1241046), (17, 1, 1241074), (441, 5, 1259689), (441, 5, 1259941), (441, 5, 1260007), (441, 5, 1260060), (441, 5, 1260894), (441, 5, 1260934), (441, 5, 1260968), (441, 5, 1261056), (441, 5, 1261275), (441, 5, 1261303), (68, 7, 1262570), (441, 5, 1268690), (441, 5, 1268717), (2414, 5, 1268719), (2414, 5, 1269079), (2157, 4, 1278121), (2249, 2, 1282371), (221, 2, 1304718), (2781, 5, 1304858), (221, 2, 1305701), (5175, 5, 1308039), (5175, 5, 1308102), (221, 2, 1308814), (233, 6, 1319344), (441, 5, 1375816), (221, 2, 1379973), (4329, 5, 1380637), (221, 2, 1384538), (423, 2, 1422194), (441, 5, 1445853), (20, 1, 1474157), (1397, 1, 1544482), (221, 2, 1554734), (221, 2, 1562305), (1432, 2, 1633058), (221, 2, 1656179), (221, 2, 1663583), (4752, 6, 1672914), (221, 2, 1735170), (221, 2, 1821971), (4751, 4, 1896599), (4751, 4, 1896809), (4751, 4, 1896836), (221, 2, 2434065), (221, 2, 2490331)]"
5039 "[(8411, 5, 1265724)]"
9090 "[(2344, 6, 1269066), (68, 7, 2133430), (68, 7, 2232048), (829, 7, 2240245), (829, 7, 2240328), (68, 7, 2252319), (829, 7, 2288308), (829, 7, 2385241), (829, 7, 2389401), (68, 7, 2430966), (920, 7, 2474582), (233, 6, 2530631), (1471, 6, 2609357)]"
3402 "[(8593, 1, 1269674)]"
4633 "[(9069, 6, 1283297), (9069, 6, 1283365), (9069, 6, 1665340), (8778, 5, 2201278), (8778, 5, 2201390), (8734, 2, 2424216), (8734, 2, 2424873)]"
9089 "[(421, 6, 1283328), (421, 6, 1291407), (421, 6, 1291565), (421, 6, 1292666), (421, 6, 1295412), (421, 6, 1295479), (480, 6, 1333472), (421, 6, 1344867), (421, 6, 1345011), (1359, 2, 1416670), (421, 6, 1427919), (421, 6, 1427983), (480, 6, 1428159), (480, 6, 1428196), (480, 6, 1428263), (421, 6, 1450979), (935, 2, 1450993), (233, 6, 1494732), (421, 6, 1546181), (421, 6, 1582870), (660, 6, 1595887), (660, 6, 1597907), (2387, 6, 1623515), (2659, 0, 1633926)]"
1711 "[(9069, 6, 1283457)]"
9085 "[(4085, 7, 1301038), (68, 7, 1995222), (233, 6, 2096772), (68, 7, 2294447), (750, 7, 2348443)]"
598 "[(8676, 4, 1309436)]"
1571 "[(8246, 1, 1315020)]"
9027 "[(233, 6, 1315476), (3517, 0, 1884115), (935, 2, 1916905), (1058, 6, 2137111)]"
5197 "[(8794, 4, 1318308)]"
2458 "[(8358, 5, 1351846)]"
9100 "[(5215, 4, 1357033), (40, 0, 1667275), (233, 6, 1749567), (40, 0, 1820501), (233, 6, 1930981), (233, 6, 2014390), (1647, 6, 2038425), (1647, 6, 2038481), (1647, 6, 2039657), (1647, 6, 2039722), (1647, 6, 2039914), (1647, 6, 2041013), (1647, 6, 2041097), (1647, 6, 2041715), (1647, 6, 2041760), (1647, 6, 2046305), (1647, 6, 2046685), (1647, 6, 2046756)]"
4941 "[(8454, 5, 1386335), (8454, 5, 1386371), (8454, 5, 1386526), (8454, 5, 1386594), (8454, 5, 1386740), (8292, 5, 1847228), (8504, 2, 2447130), (8390, 5, 2457908)]"
5424 "[(8474, 5, 1396190), (8474, 5, 1396737), (8474, 5, 1396796), (8474, 5, 1396859), (8761, 6, 1752021), (8761, 6, 1752045), (8761, 6, 1753882), (8761, 6, 1754210), (8761, 6, 1754372), (8761, 6, 1754824), (8761, 6, 1755095)]"
5442 "[(8575, 1, 1404738), (9205, 5, 2334483), (9205, 5, 2334791)]"
9117 "[(2810, 6, 1415107), (1412, 2, 1659621), (156, 2, 1661851), (156, 2, 1669488), (6107, 2, 1683041), (6107, 2, 1683042), (2659, 0, 1713436), (1412, 2, 1740169), (539, 5, 1820224), (570, 5, 1823127), (570, 5, 1823142), (5622, 0, 1943483)]"
5028 "[(8292, 5, 1459557), (8292, 5, 1740996)]"
52 "[(8292, 5, 1461234), (8292, 5, 1528411), (8292, 5, 1635829)]"
5151 "[(8268, 6, 1471656), (8268, 6, 1529392), (8268, 6, 1551309)]"
9120 "[(233, 6, 1491329)]"
5453 "[(9132, 7, 1491639)]"
4895 "[(9092, 2, 1504673), (9092, 2, 1507931), (9163, 7, 1715438)]"
5725 "[(8603, 7, 1511262)]"
5665 "[(8577, 4, 1515436), (9066, 4, 2602889), (8321, 1, 2604176)]"
5491 "[(8602, 4, 1524250), (8602, 4, 1968071)]"
4100 "[(8401, 1, 1532850), (9151, 7, 1673132), (9151, 7, 1773602), (9151, 7, 1774028), (9151, 7, 1774124), (9151, 7, 1957275), (9151, 7, 1957651), (9151, 7, 1957969), (8927, 2, 2221641), (8927, 2, 2222349)]"
9144 "[(2128, 7, 1535527), (3591, 0, 1548614), (804, 5, 1559021), (4411, 1, 1581811), (68, 7, 2313101), (68, 7, 2319468), (68, 7, 2326083), (4137, 7, 2374771), (4137, 7, 2375650), (4137, 7, 2376291), (4137, 7, 2406982), (4137, 7, 2425917)]"
4515 "[(8699, 4, 1537963), (8594, 1, 1618047), (8644, 1, 1681442), (8545, 7, 2129992)]"
3752 "[(9071, 5, 1559053)]"
5847 "[(9069, 6, 1562802), (8575, 1, 1663216)]"
2836 "[(8633, 1, 1575363)]"
5943 "[(9082, 7, 1609741)]"
5959 "[(8467, 4, 1615673)]"
5971 "[(8446, 4, 1619971)]"
9142 "[(2864, 2, 1621764), (233, 6, 1662851), (1314, 2, 1800944), (68, 7, 1989128), (2864, 2, 2058694), (68, 7, 2136739)]"
2892 "[(9055, 7, 1642369), (9124, 2, 2074424), (9074, 4, 2621662), (8594, 1, 2636562), (8602, 4, 2665075)]"
1187 "[(8370, 4, 1670502), (8370, 4, 1670521), (8370, 4, 1670625), (8370, 4, 1673761), (8370, 4, 1674128), (8370, 4, 1674147), (8370, 4, 1674194), (8370, 4, 1681880), (8791, 2, 2373882), (8791, 2, 2375292), (8791, 2, 2445726), (8734, 2, 2508169), (8734, 2, 2515794), (8734, 2, 2518965)]"
8666 "[(303, 0, 1678804)]"
6108 "[(9163, 7, 1683225)]"
9166 "[(1857, 0, 1705737), (5176, 5, 1708014), (482, 6, 1712028), (482, 6, 1712080), (482, 6, 1712146), (482, 6, 1712175), (482, 6, 1712266), (482, 6, 1712308), (482, 6, 1714616), (482, 6, 1714717), (1188, 5, 1719754), (1188, 5, 1720246), (1188, 5, 1721734), (1188, 5, 1721810), (867, 6, 1722126), (462, 5, 1724019), (2143, 6, 1726265), (499, 2, 1728905), (3581, 7, 1730754), (482, 6, 1731052), (482, 6, 1731131), (482, 6, 1731442), (482, 6, 1731489), (482, 6, 1731615), (482, 6, 1731641), (482, 6, 1731731), (2231, 7, 1733577), (482, 6, 1734335), (482, 6, 1739501), (2143, 6, 1739606), (482, 6, 1739988), (482, 6, 1740963), (68, 7, 1743739), (482, 6, 1744082), (3567, 5, 1752678), (1450, 2, 1776525), (1305, 4, 1777001), (1305, 4, 1778878), (5176, 5, 1780901), (17, 1, 1783816), (1305, 4, 1784332), (2230, 1, 1787930), (6368, 4, 1787960), (421, 6, 1788797), (421, 6, 1789248), (482, 6, 1789328), (482, 6, 1789370), (482, 6, 1789784), (421, 6, 1791107), (5037, 2, 1793710), (974, 7, 1794040), (2024, 6, 1798907), (482, 6, 1799943), (482, 6, 1800042), (482, 6, 1800069), (482, 6, 1800163), (1305, 4, 1803288), (1305, 4, 1803669), (6411, 5, 1805769), (6411, 5, 1806322), (1305, 4, 1809107), (167, 1, 1810192), (482, 6, 1821902), (3715, 7, 1824599), (3715, 7, 1824931), (1036, 6, 1825807), (1036, 6, 1825915), (1036, 6, 1825969), (1036, 6, 1825990), (1036, 6, 1826093), (1036, 6, 1826230), (611, 1, 1827940), (611, 1, 1828066), (853, 7, 1835399), (6489, 2, 1839157), (466, 7, 1855037), (482, 6, 1876273), (5037, 2, 1881757), (1013, 4, 1888405), (421, 6, 1892545), (1772, 0, 1892748), (1772, 0, 1892769), (1772, 0, 1893007), (1772, 0, 1893140), (1772, 0, 1893206), (6556, 0, 1894084), (6556, 0, 1894193), (6556, 0, 1894276), (6556, 0, 1894398), (6556, 0, 1894503), (6556, 0, 1894686), (6019, 5, 1897031), (5561, 7, 1900192), (22, 4, 1905875), (1772, 0, 1910709), (1772, 0, 1910783), (1772, 0, 1911550), (935, 2, 1917490), (935, 2, 1917508), (935, 2, 1917527), (935, 2, 1917565), (233, 6, 1925640), (1305, 4, 1950000), (1188, 5, 1959309), (1772, 0, 1966182), (1772, 0, 1966469), (1772, 0, 1966496), (1772, 0, 1966621), (1772, 0, 1966704), (1772, 0, 1966816), (1772, 0, 1966871), (935, 2, 1978655), (17, 1, 1981308), (4266, 6, 1982166), (2242, 0, 2001825), (6411, 5, 2036130), (6411, 5, 2036238), (6411, 5, 2036723), (6411, 5, 2053449), (6411, 5, 2053578), (6411, 5, 2053724), (6411, 5, 2054018), (6411, 5, 2054188), (1772, 0, 2055869), (1188, 5, 2059594), (6411, 5, 2065775), (6411, 5, 2066634), (6411, 5, 2067538), (660, 6, 2068703), (1792, 6, 2068857), (67, 1, 2069764), (246, 7, 2070825), (246, 7, 2070920), (68, 7, 2101614), (51, 5, 2103092), (51, 5, 2103281), (51, 5, 2103781), (51, 5, 2104130), (51, 5, 2104836), (51, 5, 2105285), (2091, 5, 2105808), (611, 1, 2114069), (51, 5, 2117627), (51, 5, 2118069), (4263, 4, 2120632), (6019, 5, 2124895), (17, 1, 2139030), (6411, 5, 2150416), (6411, 5, 2151568), (6411, 5, 2151676), (6411, 5, 2152135), (6411, 5, 2152215), (6411, 5, 2152465), (1382, 6, 2153028), (1382, 6, 2158809), (1382, 6, 2158833), (5037, 2, 2172595), (73, 0, 2186705), (6741, 7, 2240171), (482, 6, 2240356), (482, 6, 2240717), (482, 6, 2240894), (4014, 2, 2247184), (51, 5, 2283675), (51, 5, 2283700), (51, 5, 2283798), (51, 5, 2283833), (51, 5, 2285777), (51, 5, 2285956), (51, 5, 2285969), (51, 5, 2285985), (423, 2, 2318316), (660, 6, 2376016), (5838, 7, 2417835), (5838, 7, 2418503), (7813, 4, 2432204), (482, 6, 2432462), (482, 6, 2432567), (482, 6, 2432622), (482, 6, 2467246), (482, 6, 2482939), (482, 6, 2483017), (482, 6, 2483073), (482, 6, 2483107), (482, 6, 2483161), (482, 6, 2483219), (482, 6, 2483379), (482, 6, 2483423), (68, 7, 2516860), (233, 6, 2530052), (3108, 1, 2651697)]"
2933 "[(8358, 5, 1713889), (8358, 5, 1714482), (8358, 5, 1714553), (8358, 5, 2675299)]"
5289 "[(9155, 5, 1719421), (9155, 5, 1719708), (9155, 5, 1719924), (9155, 5, 1720328)]"
6225 "[(8285, 2, 1723782)]"
5983 "[(8708, 1, 1736184)]"
6258 "[(8590, 7, 1738085)]"
6316 "[(8944, 7, 1765482)]"
6358 "[(9163, 7, 1783723)]"
6383 "[(9163, 7, 1795092)]"
6410 "[(8885, 6, 1804571)]"
6256 "[(8348, 7, 1842760), (8348, 7, 1873050)]"
5447 "[(9077, 2, 1859500), (8286, 7, 2214227)]"
5398 "[(8482, 5, 1895929), (8482, 5, 2197665)]"
8775 "[(40, 0, 1899722)]"
6658 "[(9185, 2, 1920086)]"
5534 "[(8603, 7, 1925408), (8603, 7, 1925592), (8603, 7, 1925808)]"
4494 "[(8334, 2, 1939053), (8636, 1, 1954365)]"
3070 "[(8988, 6, 1950366), (8988, 6, 1950519), (8988, 6, 1969436), (8988, 6, 1969633), (8988, 6, 1969688), (8988, 6, 1969879), (8988, 6, 1970452), (8988, 6, 1970604), (8988, 6, 1970637), (8988, 6, 1971115), (8988, 6, 1971194), (8988, 6, 2219103), (8988, 6, 2235803), (8988, 6, 2484577), (8988, 6, 2484626), (8988, 6, 2484694), (8988, 6, 2484792)]"
3646 "[(8876, 2, 1957829), (8876, 2, 1958317), (8876, 2, 1958366), (8876, 2, 1958495), (8876, 2, 1964178)]"
533 "[(8526, 6, 1961022), (8526, 6, 1961145), (8526, 6, 1962124), (8526, 6, 1962188)]"
3831 "[(8260, 6, 1980670)]"
458 "[(8876, 2, 1981432), (8876, 2, 1991242)]"
171 "[(8521, 2, 1996210), (8463, 5, 2387220)]"
6323 "[(8517, 0, 2037470), (9223, 4, 2473114)]"
8307 "[(761, 5, 2042725), (17, 1, 2265161), (3740, 6, 2279471), (3178, 2, 2340566), (17, 1, 2341699), (3178, 2, 2431353)]"
8861 "[(537, 6, 2053892), (4001, 6, 2151849)]"
375 "[(8643, 7, 2058153)]"
6646 "[(8441, 6, 2083006), (8441, 6, 2083026)]"
549 "[(8577, 4, 2084773), (8577, 4, 2084827), (8577, 4, 2084919), (8577, 4, 2084979), (8577, 4, 2090226)]"
5552 "[(8590, 7, 2091115), (9202, 5, 2144016), (9202, 5, 2144093), (8791, 2, 2341402), (8791, 2, 2342659)]"
7036 "[(8583, 1, 2092954), (8246, 1, 2159790)]"
2002 "[(8985, 2, 2095338)]"
8642 "[(68, 7, 2099271)]"
9200 "[(367, 7, 2108004)]"
9143 "[(611, 1, 2109691)]"
8475 "[(1806, 4, 2110718)]"
7116 "[(8740, 2, 2128859)]"
4173 "[(8335, 5, 2147850)]"
4877 "[(8312, 4, 2148324)]"
7236 "[(8480, 7, 2174292)]"
486 "[(8952, 7, 2187191)]"
1095 "[(9205, 5, 2200854)]"
6787 "[(8609, 7, 2216309)]"
5846 "[(9071, 5, 2250568)]"
5904 "[(8361, 2, 2258509)]"
6801 "[(8676, 4, 2309315)]"
2461 "[(8456, 6, 2315260), (8456, 6, 2315648), (8980, 1, 2649631), (8980, 1, 2649769)]"
5394 "[(8535, 7, 2343927), (9023, 1, 2464609)]"
3725 "[(8548, 5, 2348838)]"
6306 "[(9205, 5, 2365915)]"
7769 "[(9205, 5, 2404585)]"
1739 "[(9223, 4, 2405696)]"
6396 "[(9224, 5, 2425916), (9224, 5, 2426020), (9224, 5, 2495776)]"
7848 "[(8260, 6, 2455737)]"
6919 "[(9223, 4, 2477101)]"
2244 "[(8446, 4, 2489866)]"
8345 "[(1933, 6, 2492440)]"
4842 "[(8695, 6, 2497789)]"
971 "[(8467, 4, 2497967), (8467, 4, 2498292), (8467, 4, 2594481), (8467, 4, 2594759)]"
5480 "[(8314, 5, 2500858)]"
7782 "[(8689, 4, 2550002)]"
6523 "[(8743, 6, 2554612)]"
916 "[(8545, 7, 2573165), (8545, 7, 2573222)]"
3718 "[(8587, 1, 2604367)]"
8105 "[(8547, 5, 2604770), (8547, 5, 2606628)]"
5168 "[(8423, 6, 2606077)]"
1625 "[(8463, 5, 2626175)]"
7756 "[(9084, 6, 2627591)]"
6209 "[(9084, 6, 2643135)]"
824 "[(8593, 1, 2668828)]"
9209 "[(890, 6, 2670173)]"
