19 "[(8260, 7, 2627)]"
115 "[(8325, 13, 14097), (9019, 11, 2520517)]"
152 "[(8261, 12, 18547)]"
8397 "[(75, 13, 30102), (484, 3, 215570), (484, 3, 219341), (620, 2, 220218), (620, 2, 220470), (620, 2, 281619), (156, 14, 360850), (356, 12, 567830), (620, 2, 1151707), (2708, 3, 1273978), (4426, 12, 1890423)]"
8339 "[(233, 0, 32675), (3114, 13, 672893), (450, 1, 673835), (2210, 5, 676039), (68, 5, 680993), (17, 11, 684551), (1378, 1, 685439), (867, 2, 686897), (3208, 5, 690601), (17, 11, 698451), (17, 11, 715913), (477, 12, 720686), (477, 12, 720713), (3295, 15, 721217), (351, 15, 722589), (17, 11, 737406), (318, 11, 738459), (68, 5, 740237), (552, 8, 744065), (3502, 11, 778382), (125, 11, 789505), (512, 9, 798295), (477, 12, 803927), (477, 12, 803971), (477, 12, 804042), (477, 12, 804136), (500, 14, 805047), (477, 12, 809331), (73, 10, 823982), (1261, 1, 848785), (421, 7, 851377), (421, 7, 854917), (421, 7, 858821), (3716, 14, 861170), (421, 7, 861567), (421, 7, 865580), (17, 11, 879534), (2353, 5, 895829), (3592, 14, 909349), (1314, 5, 910076), (1853, 0, 910841), (17, 11, 916514), (1772, 11, 916993), (1856, 3, 923283), (68, 5, 928886), (17, 11, 932185), (421, 7, 933035), (421, 7, 933217), (421, 7, 934679), (421, 7, 935796), (421, 7, 936074), (421, 7, 939955), (17, 11, 940838), (17, 11, 952992), (421, 7, 960539), (611, 1, 965028), (17, 11, 986486), (22, 7, 996171), (17, 11, 1000228), (3592, 14, 1000343), (2196, 7, 1010081), (17, 11, 1010178), (2708, 3, 1010580), (3130, 5, 1032229), (22, 7, 1050836), (4475, 12, 1092206), (17, 11, 1092220), (17, 11, 1098852), (2110, 14, 1104597), (421, 7, 1123072), (233, 0, 1146415), (421, 7, 1359495), (421, 7, 1359747), (421, 7, 1360072), (367, 1, 1587435), (143, 13, 2672673)]"
262 "[(8302, 5, 35966)]"
385 "[(8405, 2, 55271), (8433, 3, 55360), (8457, 12, 253062), (8408, 5, 253184), (8909, 3, 2155419), (9124, 5, 2501143), (8431, 2, 2501799), (8395, 0, 2502053), (8573, 13, 2502526)]"
8320 "[(22, 7, 57293), (22, 7, 57310), (421, 7, 59757), (421, 7, 59886), (421, 7, 59940), (421, 7, 60744), (421, 7, 60942), (421, 7, 61241), (399, 3, 61327), (399, 3, 62182), (399, 3, 62336), (399, 3, 62476), (399, 3, 62534), (399, 3, 62707), (399, 3, 63494), (399, 3, 63583), (399, 3, 63610), (399, 3, 63662), (421, 7, 67762), (421, 7, 72418), (421, 7, 72733), (421, 7, 78284), (421, 7, 102453), (68, 5, 149779), (1167, 2, 191581), (68, 5, 260728), (67, 0, 330046), (1042, 2, 432039), (17, 11, 591771), (3014, 3, 639477), (3014, 3, 639768), (3014, 3, 639786), (3014, 3, 639819), (552, 8, 665477), (17, 11, 676229)]"
433 "[(8285, 8, 60942), (8652, 8, 136552), (8652, 8, 137339), (8652, 8, 149777)]"
470 "[(8423, 7, 64053)]"
497 "[(8407, 14, 66602), (8726, 15, 584591), (8471, 3, 758080), (9000, 11, 772195), (8346, 14, 845799), (9038, 3, 941269), (9053, 2, 1014764), (8545, 1, 1024783), (9049, 3, 1035815), (8425, 14, 1099586), (8806, 9, 1113678), (8318, 2, 1188173), (8295, 13, 1367455), (8801, 14, 1450785), (8506, 6, 1535714), (8506, 6, 1535831), (8506, 6, 1535865), (8682, 14, 1536029), (9136, 11, 1542872), (8504, 8, 1630661), (9180, 0, 1885453), (8806, 9, 2226320), (8705, 0, 2495893)]"
404 "[(8423, 7, 72634), (8423, 7, 72665)]"
8509 "[(67, 0, 73249), (233, 0, 116698), (3463, 15, 837737), (206, 15, 1242843), (4804, 15, 1374673), (601, 14, 1772833), (601, 14, 1772963), (601, 14, 1773222), (5413, 12, 2121131)]"
664 "[(8246, 13, 90555), (8682, 14, 153682), (8682, 14, 153793), (8682, 14, 153870), (8682, 14, 154018), (8682, 14, 154134), (8588, 1, 572038), (8556, 11, 936180), (8447, 12, 1095314), (8268, 5, 1204566), (8268, 5, 1533213), (8266, 11, 2676698), (8266, 11, 2676731)]"
709 "[(8356, 5, 100140)]"
713 "[(8299, 2, 100746), (8260, 7, 276986), (8582, 8, 351151), (8612, 13, 965138), (8636, 0, 1419689), (8636, 0, 1419858), (8618, 9, 1475534), (8618, 9, 1475772), (8618, 9, 1475935), (8414, 13, 1687176), (9197, 8, 2522376)]"
8603 "[(733, 6, 104717), (1434, 1, 250813), (1434, 1, 250840), (1594, 12, 403251), (73, 10, 824163), (239, 10, 1260393), (2749, 1, 1314376), (239, 10, 1346689), (480, 2, 1347483), (871, 14, 1425641), (826, 0, 1472135), (871, 14, 1487549), (233, 0, 1489350), (40, 0, 1501598), (5725, 6, 1511262), (5188, 3, 1821867), (5188, 3, 1821912), (5262, 3, 1832603), (5262, 3, 1832688), (671, 15, 1889275), (671, 15, 1889303), (233, 0, 1923844), (5534, 6, 1925408), (5534, 6, 1925592), (5534, 6, 1925808), (671, 15, 2162208)]"
80 "[(8591, 7, 106368), (8453, 15, 347516), (8562, 15, 862662), (8874, 15, 938287), (8874, 15, 943788), (8874, 15, 944905), (8874, 15, 949022), (8874, 15, 949288), (8874, 15, 949362), (8356, 5, 1031666), (8356, 5, 1031742), (8453, 15, 1374340), (8529, 2, 1375479), (8917, 13, 1457798), (8591, 7, 1471808), (8356, 5, 1489200), (8356, 5, 1489235), (8453, 15, 1564984), (8874, 15, 1630652), (8453, 15, 1648393), (8453, 15, 1648632), (8453, 15, 1648764), (8453, 15, 1648866), (8874, 15, 1678700), (8592, 15, 1912233), (8592, 15, 1912331), (8592, 15, 1913057), (8592, 15, 1913415), (8592, 15, 1913652), (8591, 7, 2582214), (8591, 7, 2582574), (8591, 7, 2582622)]"
8522 "[(40, 0, 117105), (233, 0, 1839421), (233, 0, 2014344)]"
8657 "[(890, 10, 139887), (2143, 2, 1131098), (2143, 2, 1216139)]"
920 "[(8249, 13, 145165), (8484, 0, 222541), (8816, 11, 409224), (8777, 9, 575322), (8661, 5, 739478), (8670, 0, 1089386), (8632, 12, 1866644), (8432, 2, 1899340), (9116, 8, 2034650), (9090, 5, 2474582), (9124, 5, 2484959)]"
941 "[(8604, 14, 148893)]"
979 "[(8591, 7, 153368), (8314, 6, 2270262)]"
8557 "[(68, 5, 170816), (983, 5, 188975), (233, 0, 281939), (68, 5, 319258), (40, 0, 338539), (68, 5, 340975), (954, 0, 1310878)]"
8535 "[(1127, 2, 181046), (1127, 2, 225212), (1925, 6, 362427), (1925, 6, 362436), (68, 5, 530376), (233, 0, 545502), (233, 0, 623736), (233, 0, 721546), (31, 11, 1093500), (31, 11, 1093629), (68, 5, 1102356), (68, 5, 1379307), (1046, 13, 1546485), (68, 5, 1618373), (68, 5, 1699744), (68, 5, 1751861), (68, 5, 1928017), (31, 11, 1948319), (31, 11, 1948519), (870, 3, 1952144), (870, 3, 1952439), (532, 14, 2047472), (1925, 6, 2054165), (1925, 6, 2054479), (68, 5, 2055633), (68, 5, 2090215), (5394, 10, 2343927)]"
1166 "[(8235, 12, 191458)]"
1185 "[(8421, 13, 198690), (8466, 2, 199886), (8466, 2, 200296), (8260, 7, 297768), (8260, 7, 297890), (8260, 7, 297977), (8260, 7, 298370), (8896, 7, 556238), (8896, 7, 556577), (8896, 7, 556671), (8896, 7, 556742), (8896, 7, 556954), (8896, 7, 647553), (8896, 7, 647838), (8896, 7, 648003), (8896, 7, 650424), (8975, 10, 710156), (8975, 10, 710657), (8975, 10, 710731), (8975, 10, 710974), (8246, 13, 720972), (8260, 7, 722514), (8896, 7, 726926), (8463, 15, 727485), (8896, 7, 735752), (8781, 5, 912527), (8928, 1, 913972), (8745, 5, 967684), (8896, 7, 982270), (8346, 14, 1004756), (8346, 14, 1084837), (8346, 14, 1085171), (8678, 7, 1148879), (8346, 14, 1155889), (8402, 2, 1331847), (8402, 2, 1332083), (8402, 2, 1332171), (9113, 2, 1497531), (9113, 2, 1497631), (9113, 2, 1497961), (9113, 2, 1498140), (9113, 2, 1498212), (9113, 2, 1498488), (8402, 2, 1512414), (8346, 14, 1583268), (8346, 14, 1585239), (8346, 14, 1585339), (8346, 14, 1782761), (9140, 2, 1826909), (9140, 2, 1826979), (9140, 2, 1832768), (8263, 5, 2610015), (8263, 5, 2610645), (8988, 11, 2627307), (8988, 11, 2627802), (8988, 11, 2628309), (8988, 11, 2628495)]"
1187 "[(8249, 13, 199724), (8370, 6, 1670502), (8370, 6, 1670521), (8370, 6, 1670625), (8370, 6, 1673761), (8370, 6, 1674128), (8370, 6, 1674147), (8370, 6, 1674194), (8370, 6, 1681880), (8791, 5, 2373882), (8791, 5, 2375292), (8791, 5, 2445726), (8734, 5, 2508169), (8734, 5, 2515794), (8734, 5, 2518965)]"
1188 "[(8256, 3, 199955), (8336, 6, 769889), (8336, 6, 964021), (8546, 6, 1138786), (8260, 7, 1389151), (9166, 7, 1719754), (9166, 7, 1720246), (9166, 7, 1721734), (9166, 7, 1721810), (9168, 6, 1828301), (9168, 6, 1892353), (9168, 6, 1918018), (9168, 6, 1918044), (9166, 7, 1959309), (9166, 7, 2059594)]"
1191 "[(8249, 13, 200136)]"
8417 "[(799, 0, 203846), (402, 3, 229832), (1471, 0, 260673), (233, 0, 280500), (67, 0, 396588), (1184, 15, 419073)]"
1280 "[(8622, 1, 219712), (8261, 12, 248079), (8261, 12, 248293), (8261, 12, 824020), (8261, 12, 990591), (8551, 13, 1109219), (8268, 5, 1345302), (8411, 3, 2371566)]"
8298 "[(207, 10, 228749), (206, 15, 406540), (206, 15, 406663), (205, 14, 836019), (205, 14, 836978), (3716, 14, 853943), (4804, 15, 1376131), (557, 15, 1561665), (451, 15, 1610670), (205, 14, 1632211), (205, 14, 1705948), (205, 14, 1728918), (233, 0, 1749647), (205, 14, 1807441), (73, 10, 2186670), (2710, 15, 2316965), (17, 11, 2516685), (319, 3, 2563121), (691, 0, 2677574)]"
8245 "[(1401, 5, 245186), (1401, 5, 245364), (1401, 5, 245439), (1401, 5, 309601), (1350, 6, 486939), (1350, 6, 487018), (1350, 6, 488089), (233, 0, 617616), (1350, 6, 690448), (1350, 6, 691091), (1350, 6, 691144), (1350, 6, 691618), (1350, 6, 862287), (1350, 6, 862591), (1046, 13, 903234), (1350, 6, 923187), (1350, 6, 1018509), (4076, 15, 1191591), (2055, 1, 1601925), (2055, 1, 1602012), (1820, 14, 1728127), (4707, 6, 1741429), (4635, 3, 1928677), (4635, 3, 1928938), (4635, 3, 1929902), (4635, 3, 2022005), (4635, 3, 2168736), (4635, 3, 2206716), (4635, 3, 2245428), (4635, 3, 2330661), (4635, 3, 2331181), (4635, 3, 2419253), (4635, 3, 2508060), (4635, 3, 2593944)]"
1404 "[(8762, 3, 245632), (9155, 3, 1641356), (8411, 3, 2065260), (9202, 3, 2121051), (8411, 3, 2293221), (8411, 3, 2293259), (8411, 3, 2293286), (8372, 3, 2293668), (8372, 3, 2293711), (8411, 3, 2413539), (9224, 2, 2421671), (8411, 3, 2512653), (8411, 3, 2570368)]"
1419 "[(8622, 1, 247872)]"
1443 "[(8734, 5, 253655), (8734, 5, 253708), (8734, 5, 253783), (8734, 5, 253899), (8734, 5, 253968), (8734, 5, 254035), (8734, 5, 254522), (8734, 5, 255126), (8734, 5, 255275), (8734, 5, 255593), (8734, 5, 255789), (8734, 5, 256387), (8734, 5, 256732), (8734, 5, 257264), (8734, 5, 269228), (8734, 5, 269773), (8734, 5, 270253), (8734, 5, 334749), (8734, 5, 335005), (8734, 5, 335079), (8734, 5, 336700), (8734, 5, 337168), (8734, 5, 422474), (8734, 5, 669984), (8356, 5, 675638), (8356, 5, 679198), (8734, 5, 845186), (8356, 5, 865535), (8356, 5, 865645), (8356, 5, 1297167), (8356, 5, 1297406), (8356, 5, 1298251), (8590, 5, 1487614), (8356, 5, 1487799), (8356, 5, 1557159), (8356, 5, 1558897), (8356, 5, 1559059), (8356, 5, 1559305), (8356, 5, 1614342), (8356, 5, 1614560), (8590, 5, 1622155), (8590, 5, 1748242), (8590, 5, 1828029), (8590, 5, 1829152), (8356, 5, 1874531), (8356, 5, 1884464), (8356, 5, 1898831), (8356, 5, 2057569), (8356, 5, 2057930), (8356, 5, 2312984), (8356, 5, 2434841)]"
8328 "[(1461, 6, 258721), (1461, 6, 258920), (233, 0, 805298), (7306, 6, 2223765), (4076, 15, 2559434)]"
8613 "[(1490, 10, 264766), (1268, 0, 756144), (45, 14, 830807), (1853, 0, 914699), (40, 0, 939711)]"
635 "[(8411, 3, 266375), (8411, 3, 448131), (8411, 3, 782689), (8411, 3, 782858), (8411, 3, 962154), (8410, 2, 1170961), (8402, 2, 1217347), (8410, 2, 1222913), (8411, 3, 1449431), (8411, 3, 1449487), (8411, 3, 1527508), (8411, 3, 1539844), (9155, 3, 1648657), (8757, 0, 2418558), (8757, 0, 2463472)]"
8761 "[(68, 5, 273267), (339, 11, 329503), (339, 11, 329650), (339, 11, 329922), (339, 11, 330894), (339, 11, 330973), (339, 11, 331072), (233, 0, 366313), (1004, 14, 368655), (339, 11, 402963), (1772, 11, 515237), (233, 0, 538331), (1772, 11, 592010), (339, 11, 861238), (339, 11, 861647), (339, 11, 1304050), (339, 11, 1304168), (339, 11, 1304609), (103, 11, 1343595), (1772, 11, 1344947), (1772, 11, 1344978), (1772, 11, 1345092), (1772, 11, 1351482), (1772, 11, 1384560), (1772, 11, 1447042), (1772, 11, 1449053), (339, 11, 1451138), (339, 11, 1451468), (339, 11, 1451855), (339, 11, 1452291), (339, 11, 1452490), (1772, 11, 1646419), (5424, 13, 1752021), (5424, 13, 1752045), (5424, 13, 1753882), (5424, 13, 1754210), (5424, 13, 1754372), (5424, 13, 1754824), (5424, 13, 1755095), (1772, 11, 1978064), (1772, 11, 1978278), (659, 14, 2540714)]"
8253 "[(233, 0, 280810), (233, 0, 452148), (3364, 7, 789926), (1339, 3, 965265), (3706, 1, 1269581), (570, 3, 1722079), (68, 5, 2079113), (772, 5, 2269262), (772, 5, 2269906), (772, 5, 2269964), (40, 0, 2511766), (267, 9, 2614556)]"
1584 "[(8260, 7, 288868)]"
8510 "[(40, 0, 290163), (996, 1, 330465), (996, 1, 330508), (233, 0, 368434), (40, 0, 370548), (233, 0, 453979), (233, 0, 624779), (168, 5, 651345), (983, 5, 675231), (233, 0, 715368), (233, 0, 886280), (233, 0, 973498), (233, 0, 1059034), (611, 1, 1122197), (233, 0, 1151898), (233, 0, 1233230), (1342, 7, 1383653), (233, 0, 1416680), (1970, 2, 1485287), (2761, 7, 1633883), (233, 0, 1663225), (1270, 11, 1822781), (233, 0, 1838120), (3812, 7, 1919318), (233, 0, 1923185), (627, 8, 2149006), (1804, 5, 2155385), (1804, 5, 2156718), (161, 13, 2205094), (161, 13, 2205446), (161, 13, 2210835), (161, 13, 2211145), (7306, 6, 2226492), (161, 13, 2303316), (421, 7, 2305126), (233, 0, 2355546), (233, 0, 2445418), (402, 3, 2485563), (402, 3, 2486329)]"
1713 "[(8781, 5, 321491), (8734, 5, 334939), (8734, 5, 335217), (8734, 5, 376197), (8734, 5, 376252), (8734, 5, 857370), (8310, 13, 2397754), (8310, 13, 2398315), (8310, 13, 2398482)]"
1714 "[(8302, 5, 322006)]"
1729 "[(8719, 5, 325551), (8241, 7, 822887), (8268, 5, 1189571), (8268, 5, 1190216), (9071, 3, 1551164), (9168, 6, 2070069), (9168, 6, 2070381), (9168, 6, 2070496), (8250, 5, 2318229)]"
1754 "[(8687, 9, 329149), (8622, 1, 392731), (8752, 3, 917334), (8598, 5, 999593), (8554, 2, 1177692), (8526, 7, 1279252), (8423, 7, 1615650), (8347, 6, 2304109), (9224, 2, 2479712)]"
1792 "[(8622, 1, 334265), (9166, 7, 2068857), (8347, 6, 2070774)]"
1872 "[(8526, 7, 350535), (8733, 2, 1137509)]"
8503 "[(993, 0, 354214), (3349, 0, 1069295)]"
1906 "[(8314, 6, 357382), (8314, 6, 437002), (8314, 6, 437353), (8446, 6, 707234), (8678, 7, 953843), (8314, 6, 1218364), (8314, 6, 1218399), (8356, 5, 1294383), (8356, 5, 1298399), (8314, 6, 1391518), (8526, 7, 1540277), (8526, 7, 1540590), (8526, 7, 1540721), (8526, 7, 1542172), (8526, 7, 1664849), (8526, 7, 1801138), (8526, 7, 1895835), (8526, 7, 2162068), (8314, 6, 2252708), (8526, 7, 2258496), (9199, 14, 2269552), (9199, 14, 2269594), (8314, 6, 2325825), (8314, 6, 2339288), (8526, 7, 2598085), (8526, 7, 2607543), (8526, 7, 2608553), (8526, 7, 2671402)]"
1157 "[(8622, 1, 358362), (8622, 1, 358528), (8331, 12, 358608), (8849, 13, 359289), (8593, 7, 534949)]"
2005 "[(8622, 1, 391094), (8622, 1, 499902)]"
8852 "[(1206, 5, 393225), (418, 6, 472743), (418, 6, 576547), (1206, 5, 644573), (17, 11, 679787), (109, 1, 759526), (418, 6, 763869), (1659, 12, 925990), (17, 11, 926450), (17, 11, 1161250), (418, 6, 1190780), (21, 6, 1358065), (233, 0, 1576859), (418, 6, 1706270), (233, 0, 1837552), (1206, 5, 2113678), (233, 0, 2184345), (1206, 5, 2481993), (1206, 5, 2670794), (1206, 5, 2670884), (1206, 5, 2670969)]"
2019 "[(8734, 5, 393532)]"
2078 "[(8412, 2, 407108), (8412, 2, 407163), (8412, 2, 423176), (8526, 7, 930153), (8402, 2, 1205346), (8261, 12, 1288623), (8733, 2, 1563916), (8676, 9, 1641575)]"
2093 "[(8872, 5, 410307), (8722, 5, 496826), (8491, 15, 668895), (8711, 14, 771881), (8442, 7, 928028), (8588, 1, 928751), (9054, 2, 1015117), (8777, 9, 1186539), (8777, 9, 1187027), (8777, 9, 1187226), (8241, 7, 1187237), (8777, 9, 1187359), (8952, 0, 1274397), (8506, 6, 2140209)]"
2105 "[(8801, 14, 412537), (8593, 7, 463832)]"
8871 "[(148, 8, 418079), (207, 10, 709214), (233, 0, 721644), (890, 10, 779330), (233, 0, 887529), (68, 5, 1022499)]"
2138 "[(8482, 14, 418375), (8348, 1, 755308), (8425, 14, 1097800), (8425, 14, 1099625), (8425, 14, 1099698), (9102, 3, 1342297), (9102, 3, 1342333), (8361, 9, 1342417), (8504, 8, 1631758), (8260, 7, 1632389), (8260, 7, 1632465), (8260, 7, 1632562), (8351, 12, 1969877), (8612, 13, 2563570), (8526, 7, 2573241)]"
2148 "[(8682, 14, 421887), (8639, 14, 1633499), (8565, 15, 2094933), (8639, 14, 2237861), (8639, 14, 2238077), (8639, 14, 2238099), (8639, 14, 2238345), (8639, 14, 2500752)]"
8875 "[(611, 1, 422221), (68, 5, 432917), (1970, 2, 447511), (233, 0, 461072), (68, 5, 463950), (68, 5, 490777), (68, 5, 498460), (233, 0, 540729), (233, 0, 1313737), (608, 15, 1793723), (233, 0, 1838386), (608, 15, 1944390), (611, 1, 2410805), (233, 0, 2445734), (1013, 15, 2657418)]"
1078 "[(8481, 10, 423618), (8481, 10, 424489), (8481, 10, 668479), (8481, 10, 668635)]"
1038 "[(8249, 13, 428678), (8249, 13, 484765), (8249, 13, 513573), (8249, 13, 536857), (8249, 13, 536883), (8249, 13, 600191), (8249, 13, 600226), (8249, 13, 600253), (9166, 7, 1800484), (9166, 7, 1800604), (9166, 7, 1800620), (9166, 7, 1800862), (9166, 7, 1800916), (9166, 7, 1801008), (9166, 7, 1801251), (9166, 7, 1801261), (9166, 7, 1801402), (9166, 7, 1801474), (9166, 7, 1801564), (9166, 7, 1801624), (9166, 7, 1801699), (9166, 7, 1801731), (9166, 7, 1801832), (9166, 7, 1804126), (9166, 7, 1804172), (9166, 7, 1804263), (9166, 7, 1879386), (9166, 7, 1879669), (9166, 7, 1880216), (9166, 7, 2499469), (9166, 7, 2499504)]"
26 "[(8240, 12, 433954), (8372, 3, 775674), (8338, 12, 865680), (8936, 12, 871092), (8567, 10, 1377129), (8823, 13, 2078606), (8333, 15, 2339597), (8587, 13, 2594052)]"
1267 "[(8842, 3, 434727), (8842, 3, 507701), (8842, 3, 508053), (8842, 3, 598917), (8791, 5, 867131)]"
8480 "[(570, 3, 441958), (3299, 5, 722138), (608, 15, 1201105), (608, 15, 1201352), (570, 3, 1408866), (570, 3, 1408972), (570, 3, 1486453), (570, 3, 1486482), (570, 3, 1721888), (570, 3, 1916321), (570, 3, 1916347), (233, 0, 2266933), (1023, 5, 2325221), (1023, 5, 2326771), (267, 9, 2614547)]"
2230 "[(8686, 0, 445412), (8466, 2, 458122), (8645, 0, 500775), (8824, 0, 500969), (8343, 9, 530874), (8633, 5, 627997), (8633, 5, 666249), (8466, 2, 682038), (8529, 2, 691130), (8466, 2, 709243), (8343, 9, 709316), (8343, 9, 715070), (8548, 15, 938388), (8548, 15, 974361), (8771, 1, 1022711), (8771, 1, 1022770), (8355, 8, 1035919), (8645, 0, 1139236), (8257, 12, 1183548), (8466, 2, 1324200), (8695, 10, 1529136), (8806, 9, 1627568), (8243, 7, 1659161), (8502, 12, 1664324), (8476, 13, 1758015), (9166, 7, 1787930), (8466, 2, 1838241), (8341, 14, 2264861), (8355, 8, 2344415), (8466, 2, 2352544), (8937, 6, 2428750), (8676, 9, 2655498)]"
8888 "[(2096, 6, 447455), (1367, 13, 472198), (1367, 13, 472260), (590, 1, 473050), (2334, 13, 482462), (68, 5, 484336), (2353, 5, 485908), (17, 11, 487791), (1392, 1, 488988), (2390, 14, 492313), (2390, 14, 492424), (2390, 14, 492835), (17, 11, 497075), (2119, 1, 506770), (2486, 6, 512481), (164, 0, 518705), (2552, 7, 525892), (17, 11, 545671), (2055, 1, 551966), (2660, 5, 555656), (2660, 5, 558398), (167, 11, 563151), (1314, 5, 563305), (2726, 15, 573999), (935, 5, 577004), (17, 11, 581995), (2660, 5, 591224), (2660, 5, 591950), (17, 11, 600344), (421, 7, 604918), (421, 7, 605097), (421, 7, 605145), (1036, 7, 610836), (477, 12, 611564), (2552, 7, 619079), (233, 0, 626293), (40, 0, 631635), (547, 1, 659809), (547, 1, 659857), (2654, 6, 669690), (935, 5, 675169), (2660, 5, 676836), (547, 1, 681919), (3285, 0, 716956), (3360, 6, 739174), (3360, 6, 739199), (611, 1, 781330), (3360, 6, 782980), (3360, 6, 791067), (3360, 6, 791134), (477, 12, 809826), (477, 12, 809852), (477, 12, 809888), (73, 10, 823795), (1127, 2, 852554), (2925, 0, 871991), (2552, 7, 877729), (1127, 2, 912945), (1127, 2, 919201), (2134, 1, 1718587), (40, 0, 1749075)]"
2247 "[(8412, 2, 450389)]"
828 "[(8622, 1, 451391), (8622, 1, 451515), (8622, 1, 451971), (9168, 6, 2091647), (9168, 6, 2091927), (9168, 6, 2091997), (9168, 6, 2092809), (9168, 6, 2092945), (9168, 6, 2093207), (9168, 6, 2093385), (9168, 6, 2093797), (9168, 6, 2181708), (9168, 6, 2181903), (9168, 6, 2182135), (9168, 6, 2183072), (9168, 6, 2183409), (9168, 6, 2183808), (9168, 6, 2184003), (9168, 6, 2184137), (9168, 6, 2185033), (9168, 6, 2185588), (9168, 6, 2185667), (9168, 6, 2186563), (9168, 6, 2186889), (9168, 6, 2187194), (9168, 6, 2187504), (9168, 6, 2187880), (9168, 6, 2188115), (9168, 6, 2188814), (9168, 6, 2188980), (9168, 6, 2189144), (9168, 6, 2189691), (9168, 6, 2189735), (9168, 6, 2190158), (9168, 6, 2262922), (9168, 6, 2263096), (9168, 6, 2263274), (9168, 6, 2263366), (9153, 2, 2268610), (9153, 2, 2268791), (9153, 2, 2268884), (9153, 2, 2268920), (9153, 2, 2269070), (9153, 2, 2269143), (9153, 2, 2269171), (9153, 2, 2269657), (9153, 2, 2269710), (9153, 2, 2269753), (9153, 2, 2269784), (9153, 2, 2271308), (9153, 2, 2271522)]"
2293 "[(8633, 5, 471082), (8260, 7, 996753)]"
2374 "[(8848, 5, 489295), (8854, 10, 498613), (8324, 10, 722890), (8676, 9, 1478678), (9001, 15, 1489248), (8639, 14, 2238270), (8618, 9, 2413479), (8446, 6, 2413911), (8676, 9, 2599524)]"
2480 "[(8302, 5, 509921), (8302, 5, 509974), (8302, 5, 510010), (8302, 5, 743849), (8757, 0, 2393603), (8757, 0, 2411954), (8757, 0, 2412027), (8302, 5, 2493300)]"
2483 "[(8780, 0, 512062)]"
2505 "[(8855, 1, 516001), (8588, 1, 926923)]"
8691 "[(2507, 1, 516290), (611, 1, 953968), (611, 1, 954112), (611, 1, 954208)]"
2546 "[(8299, 2, 525674)]"
2615 "[(8559, 1, 540264), (9089, 6, 1487434), (8858, 2, 2063865), (8978, 1, 2068293), (8672, 7, 2331763)]"
8886 "[(233, 0, 540870), (233, 0, 717015), (233, 0, 809521), (383, 10, 2315092), (480, 2, 2449267), (2488, 11, 2493516)]"
8542 "[(890, 10, 588557), (40, 0, 1548219), (3483, 5, 2457139)]"
8498 "[(443, 0, 599426), (68, 5, 679200), (749, 10, 712832), (443, 0, 1010985), (1189, 2, 1146172), (3592, 14, 1264121), (443, 0, 1402429), (2065, 12, 1615850), (2065, 12, 1626889), (1397, 8, 1724131), (611, 1, 2152841), (443, 0, 2224560), (443, 0, 2224724), (4085, 0, 2256451)]"
2899 "[(8351, 12, 606737), (8817, 10, 2412662)]"
2234 "[(8479, 6, 611873), (9072, 3, 1139251), (9072, 3, 1139347), (9072, 3, 1139463), (9072, 3, 1139495), (9072, 3, 1141319), (9072, 3, 1141342), (9168, 6, 1921612)]"
2953 "[(8364, 14, 617121), (8308, 5, 1005907), (8392, 6, 1006144), (8755, 5, 1143787), (8815, 3, 1189897), (8683, 7, 2147357), (9054, 2, 2387615)]"
2976 "[(8687, 9, 624285)]"
8653 "[(233, 0, 624906), (749, 10, 701036), (2923, 0, 954397), (1058, 0, 1007589)]"
2991 "[(8872, 5, 628530)]"
2216 "[(8623, 8, 643718), (8639, 14, 905729), (8694, 12, 1135046), (8582, 8, 1210049), (8893, 8, 1413699), (8623, 8, 1424193), (8639, 14, 1665925), (8985, 8, 2085964), (8985, 8, 2085981), (8467, 15, 2164971), (8467, 15, 2165012), (8467, 15, 2165070), (8694, 12, 2308587), (8414, 13, 2631727)]"
2128 "[(8969, 5, 676136), (9069, 2, 1175116), (8805, 3, 1517471), (9144, 0, 1535527), (9177, 8, 1852250), (8632, 12, 2130133), (8805, 3, 2211782), (8805, 3, 2211817), (8805, 3, 2211872)]"
8932 "[(983, 5, 677316), (233, 0, 715519), (993, 0, 2254063)]"
2101 "[(8940, 5, 681137), (8940, 5, 681165), (8940, 5, 681449), (8940, 5, 754403)]"
3203 "[(8341, 14, 689018)]"
8967 "[(1586, 10, 721158)]"
3367 "[(8250, 5, 741841), (8250, 5, 741987)]"
3146 "[(8351, 12, 743293), (8806, 9, 1044129), (8806, 9, 1125286), (8806, 9, 1327693), (8816, 11, 1509668), (8574, 15, 2092685), (8964, 13, 2246631), (8975, 10, 2384562), (8351, 12, 2420467), (8549, 12, 2567567)]"
1994 "[(8617, 2, 752793), (8617, 2, 820466)]"
3495 "[(8588, 1, 777006), (8722, 5, 777172), (8734, 5, 777586), (8969, 5, 956873), (8806, 9, 1137339), (8887, 3, 1137490), (8806, 9, 1213259), (9072, 3, 1466620), (9151, 7, 1713187), (9149, 5, 1713278), (9132, 1, 1713319), (8452, 5, 2074581), (9151, 7, 2074684), (9151, 7, 2076897), (8883, 5, 2308310), (8937, 6, 2512695)]"
3508 "[(8421, 13, 780071)]"
3511 "[(8413, 14, 781354)]"
227 "[(8466, 2, 781360), (8849, 13, 1372334), (8849, 13, 1372496), (8849, 13, 1373039), (8736, 5, 1396718), (8736, 5, 1397876), (8644, 12, 1473018), (8849, 13, 1473421), (8849, 13, 1488915), (8849, 13, 1489719), (8849, 13, 1489762), (8849, 13, 1490303), (8849, 13, 1527512), (8849, 13, 1530065), (8849, 13, 1530595), (8849, 13, 1565178), (8849, 13, 1565339), (8849, 13, 1574818), (8849, 13, 1712472), (8849, 13, 1742110), (8849, 13, 1742172), (8644, 12, 1824664), (8644, 12, 1824942), (8849, 13, 1836208), (8849, 13, 1979432), (8849, 13, 1979603), (8849, 13, 1979690), (8849, 13, 1979788), (8849, 13, 1979825), (8849, 13, 2083359), (8849, 13, 2083951), (8849, 13, 2084466), (8849, 13, 2129112), (8849, 13, 2133333), (8849, 13, 2133816), (8849, 13, 2173132), (8849, 13, 2357966), (8849, 13, 2430344), (8849, 13, 2434831)]"
3534 "[(8531, 12, 789121), (8531, 12, 1428576)]"
3142 "[(8507, 2, 800439), (8507, 2, 800739), (8734, 5, 845982), (9166, 7, 1775650), (9166, 7, 1775756), (9166, 7, 1786909), (9166, 7, 1787093)]"
8490 "[(3563, 13, 801201), (1778, 0, 1140559)]"
8885 "[(68, 5, 809865), (656, 0, 2056919), (656, 0, 2056977), (656, 0, 2057012), (3670, 0, 2080167), (3670, 0, 2080577), (228, 1, 2189027)]"
3593 "[(8526, 7, 816977)]"
3694 "[(8612, 13, 848752), (8456, 1, 853390), (9072, 3, 1202219), (8837, 15, 1721179), (8474, 12, 1805783)]"
3757 "[(8734, 5, 867799), (8734, 5, 1119400), (8363, 0, 1264490), (8363, 0, 1264721), (8250, 5, 1486832), (8734, 5, 1487058)]"
8600 "[(3819, 7, 886303)]"
9007 "[(73, 10, 888008), (73, 10, 979411), (480, 2, 1711419), (40, 0, 1720573), (6743, 0, 1961134)]"
3893 "[(8521, 8, 917720), (8268, 5, 1178259)]"
3920 "[(8733, 2, 925062), (8733, 2, 941831), (8733, 2, 942787), (8940, 5, 2543192)]"
802 "[(8814, 7, 927553), (9078, 6, 1571394)]"
3748 "[(8260, 7, 930483), (8622, 1, 945172), (8622, 1, 945580), (8893, 8, 946317), (9069, 2, 1174843), (8268, 5, 1428356), (8268, 5, 1428942), (8247, 6, 1530202), (8549, 12, 1691329), (9071, 3, 1703893), (8733, 2, 1974146), (8347, 6, 2115364)]"
8870 "[(3969, 2, 936311), (233, 0, 1059982), (1284, 11, 1096260), (233, 0, 1234362), (608, 15, 2249004), (480, 2, 2540732), (974, 1, 2656436), (974, 1, 2656506)]"
727 "[(8651, 5, 952022), (8991, 2, 963876)]"
9031 "[(3238, 11, 963183), (3238, 11, 964902), (608, 15, 968883), (2936, 10, 972291), (2936, 10, 972485), (2114, 11, 1170607), (68, 5, 1178634), (233, 0, 1321454), (608, 15, 1344989), (608, 15, 1345017), (608, 15, 1345048), (608, 15, 1345076), (233, 0, 2011868), (1533, 6, 2627302)]"
4157 "[(8683, 7, 999943), (9062, 5, 1726922), (8598, 5, 2149957)]"
1942 "[(9054, 2, 1015247)]"
4252 "[(8588, 1, 1022823), (8887, 3, 1627789), (8887, 3, 1628000)]"
2320 "[(9048, 13, 1025222)]"
8305 "[(233, 0, 1061083), (367, 1, 1689241)]"
4432 "[(8670, 0, 1072715)]"
4438 "[(8683, 7, 1074748), (8683, 7, 1075019)]"
2833 "[(8318, 2, 1088569), (9079, 2, 2287128)]"
4468 "[(8806, 9, 1088661)]"
3985 "[(8683, 7, 1095260), (8683, 7, 1612968), (8263, 5, 1633881)]"
3326 "[(8556, 11, 1103277)]"
4549 "[(9048, 13, 1112710)]"
4665 "[(9072, 3, 1160413), (9072, 3, 1238800), (8577, 14, 1804635), (9102, 3, 1872501)]"
1305 "[(8268, 5, 1163233), (8268, 5, 1163319), (8268, 5, 1187460), (8268, 5, 1187553), (8268, 5, 1199067), (8268, 5, 1200603), (8268, 5, 1200675), (8268, 5, 1200772), (8268, 5, 1200881), (8268, 5, 1212767), (8268, 5, 1212914), (8268, 5, 1213074), (8268, 5, 1213331), (8268, 5, 1213457), (8268, 5, 1213870), (8268, 5, 1213970), (9166, 7, 1777001), (8285, 8, 1778607), (9166, 7, 1778878), (9166, 7, 1784332), (9166, 7, 1803288), (9166, 7, 1803669), (9166, 7, 1809107), (9166, 7, 1950000), (8883, 5, 2290376), (8268, 5, 2293612), (8268, 5, 2293702), (8268, 5, 2294100), (8268, 5, 2294190), (8268, 5, 2302593), (8268, 5, 2371707), (8268, 5, 2497095), (8883, 5, 2548678)]"
4697 "[(8752, 3, 1169786), (8752, 3, 1169823), (9071, 3, 1686749), (9071, 3, 1687018), (9071, 3, 1687065), (8563, 11, 1885506), (8563, 11, 1885567)]"
1493 "[(8411, 3, 1170439), (8507, 2, 1208426), (8507, 2, 1544788), (9069, 2, 1635286), (9069, 2, 1691641), (9069, 2, 1790416), (9069, 2, 1790591), (9069, 2, 1790707)]"
2387 "[(8268, 5, 1198898), (8268, 5, 1199717), (9089, 6, 1623515)]"
8575 "[(4739, 14, 1209765), (1046, 13, 1332078), (1434, 1, 1336113), (4657, 14, 1347834), (450, 1, 1356964), (994, 5, 1359672), (5347, 6, 1370369), (5347, 6, 1372220), (68, 5, 1374388), (50, 2, 1376583), (867, 2, 1378366), (4739, 14, 1394088), (4739, 14, 1394140), (4739, 14, 1394448), (4739, 14, 1397452), (4739, 14, 1417701), (4739, 14, 1508100), (1680, 5, 1628791), (1680, 5, 1628819), (611, 1, 1635505), (1680, 5, 1637609), (4739, 14, 1640745), (4739, 14, 1640769), (5622, 11, 1641101), (17, 11, 1657356), (5847, 6, 1663216), (4085, 0, 1665266), (17, 11, 1683372), (17, 11, 1720005), (4739, 14, 1755117), (4739, 14, 1784021), (499, 5, 1817133), (499, 5, 1903152)]"
3270 "[(8402, 2, 1235096), (8896, 7, 2630750)]"
2270 "[(9072, 3, 1237429), (9072, 3, 1237448)]"
422 "[(8235, 12, 1265067), (8235, 12, 1265661), (8235, 12, 1265736), (8331, 12, 2334884), (8331, 12, 2335166), (8331, 12, 2335385), (8331, 12, 2385239), (8331, 12, 2385271), (8331, 12, 2486425), (8331, 12, 2510380), (8434, 12, 2510512), (8434, 12, 2510874), (8434, 12, 2511038)]"
9088 "[(608, 15, 1270693), (608, 15, 1276537), (608, 15, 1276552), (608, 15, 1276568), (2923, 0, 1296152), (608, 15, 1304379), (68, 5, 1330323), (608, 15, 1344974), (608, 15, 1345003), (608, 15, 1345031), (608, 15, 1345062), (233, 0, 1495507), (1449, 11, 2382298), (17, 11, 2623433), (1276, 14, 2623596)]"
5091 "[(8526, 7, 1280313), (8311, 13, 1886841)]"
3482 "[(9086, 13, 1286633)]"
1791 "[(8406, 6, 1288754)]"
3091 "[(8268, 5, 1298174), (8814, 7, 2219542)]"
5209 "[(9102, 3, 1325574), (9102, 3, 1332786), (8269, 3, 1333637), (8269, 3, 1613364)]"
3863 "[(8601, 3, 1330030), (9163, 1, 2148424)]"
5329 "[(8260, 7, 1367647)]"
1452 "[(8250, 5, 1404122), (8250, 5, 1404211)]"
2076 "[(8325, 13, 1407947), (8325, 13, 1408131)]"
5475 "[(8251, 1, 1424405), (8389, 11, 2030347)]"
5518 "[(9089, 6, 1443051)]"
9104 "[(4085, 0, 1451911)]"
4259 "[(8261, 12, 1459427), (8261, 12, 1461887), (8252, 7, 2319945), (8683, 7, 2362678)]"
78 "[(9133, 1, 1485566), (9133, 1, 1485592)]"
3318 "[(9096, 1, 1523552), (9096, 1, 1526517), (9096, 1, 1526780)]"
4515 "[(8699, 10, 1537963), (8594, 6, 1618047), (8644, 12, 1681442), (8545, 1, 2129992)]"
2646 "[(8778, 2, 1550932)]"
122 "[(8314, 6, 1557408)]"
8986 "[(233, 0, 1578012), (68, 5, 1695297), (1218, 14, 1709550), (2936, 10, 1719987), (1218, 14, 1721626), (1218, 14, 1761328), (1058, 0, 1816073), (68, 5, 1992150), (68, 5, 1993698), (233, 0, 2267991)]"
9142 "[(912, 9, 1613632), (2864, 5, 1621764), (233, 0, 1662851), (4648, 13, 1673347), (1314, 5, 1800944), (68, 5, 1989128), (2864, 5, 2058694), (1519, 13, 2129873), (68, 5, 2136739), (4648, 13, 2183275), (4648, 13, 2187588)]"
5300 "[(8676, 9, 1636905), (8876, 7, 1820508), (8876, 7, 2312502)]"
5772 "[(9071, 3, 1667439)]"
252 "[(8840, 0, 1671575), (8611, 14, 2541830)]"
3148 "[(8558, 7, 1720323), (8558, 7, 1720507), (9166, 7, 1722194), (9166, 7, 1722856), (9166, 7, 1727568), (9166, 7, 1727887), (9166, 7, 1728092), (9166, 7, 1729451), (9166, 7, 1779350), (9166, 7, 1785324), (9166, 7, 1785532), (9166, 7, 1789289), (9166, 7, 1789363), (9166, 7, 1789472), (9166, 7, 1789579), (9166, 7, 1801381), (9166, 7, 1801431), (9166, 7, 1801974), (9166, 7, 1802181), (9166, 7, 1803879), (9166, 7, 1818856), (9166, 7, 1818960), (9166, 7, 1819095), (9166, 7, 1819232), (9166, 7, 1819293), (9166, 7, 1819375), (9166, 7, 1827680), (9166, 7, 1860094), (9166, 7, 1880905), (9166, 7, 1901433), (9166, 7, 1901561), (9166, 7, 1901704), (9166, 7, 1901772), (9166, 7, 1909084), (9166, 7, 1966603), (9166, 7, 2044800), (9166, 7, 2049175), (9166, 7, 2060271), (9166, 7, 2097732), (9166, 7, 2097841), (9166, 7, 2098348), (9166, 7, 2121818), (9166, 7, 2123097), (9166, 7, 2123134), (9166, 7, 2158769), (9166, 7, 2158815), (9166, 7, 2159191), (9166, 7, 2159278), (9166, 7, 2159421), (9166, 7, 2159911), (9166, 7, 2160290), (9166, 7, 2160387), (9166, 7, 2161514), (9166, 7, 2161581), (9166, 7, 2162703), (9166, 7, 2162853), (9166, 7, 2163548), (9166, 7, 2165262), (9166, 7, 2165517), (9166, 7, 2167323), (9166, 7, 2251592), (9166, 7, 2344469), (9166, 7, 2485082), (8347, 6, 2505596), (8347, 6, 2505821), (8347, 6, 2507345), (8937, 6, 2507896), (8937, 6, 2508537), (8937, 6, 2509862), (8937, 6, 2510160), (8937, 6, 2510253), (8937, 6, 2510339), (8937, 6, 2560491), (8937, 6, 2560762), (8937, 6, 2560869), (8937, 6, 2561245), (8937, 6, 2564443), (8937, 6, 2564710), (8347, 6, 2577418), (8937, 6, 2593237), (8937, 6, 2643922), (8937, 6, 2644590), (8937, 6, 2644731), (8347, 6, 2666964)]"
9143 "[(596, 1, 1742760), (611, 1, 2109691)]"
6278 "[(8801, 14, 1745079)]"
6323 "[(8249, 13, 1769734), (8517, 8, 2037470)]"
4997 "[(8590, 5, 1778592)]"
6368 "[(9166, 7, 1787960), (8704, 10, 2667696)]"
6464 "[(8241, 7, 1826455), (9163, 1, 2169719), (9163, 1, 2345951)]"
6470 "[(8356, 5, 1829581), (8418, 8, 2165850), (8801, 14, 2167665), (8812, 7, 2168291), (8627, 14, 2185826), (9080, 5, 2233598), (8985, 8, 2273953), (8665, 6, 2281269), (8665, 6, 2281609), (8325, 13, 2281723), (8665, 6, 2281985), (8665, 6, 2282129), (8665, 6, 2282205)]"
8707 "[(233, 0, 1836113)]"
5442 "[(9166, 7, 1852616), (8347, 6, 2273893), (8347, 6, 2274650), (9205, 5, 2334483), (9205, 5, 2334791)]"
6596 "[(8356, 5, 1897366)]"
6653 "[(8590, 5, 1917315), (8590, 5, 1962730)]"
4587 "[(8410, 2, 1972700)]"
3322 "[(9190, 15, 1977684)]"
6799 "[(8356, 5, 1981508)]"
1255 "[(8251, 1, 1985269)]"
6819 "[(8356, 5, 1994399)]"
6828 "[(8314, 6, 1998891), (8502, 12, 2170961), (8937, 6, 2608571), (9205, 5, 2608578), (8971, 7, 2608586)]"
2257 "[(9071, 3, 2001701), (9071, 3, 2002289), (9071, 3, 2002634)]"
2500 "[(8347, 6, 2055445)]"
3932 "[(9168, 6, 2085477), (9168, 6, 2085554), (9168, 6, 2085715), (9168, 6, 2085742), (9168, 6, 2085954), (9205, 5, 2157615)]"
7196 "[(8718, 15, 2160611)]"
5396 "[(8683, 7, 2161486), (8718, 15, 2164817), (8718, 15, 2164854), (8683, 7, 2503208), (8347, 6, 2505539), (8347, 6, 2505663)]"
7205 "[(8801, 14, 2163709), (8672, 7, 2568111), (8371, 12, 2631485), (9084, 2, 2631706), (8371, 12, 2632082), (8295, 13, 2647257), (8426, 0, 2654421), (8426, 0, 2656495)]"
465 "[(8866, 15, 2172107), (8562, 15, 2172231), (8562, 15, 2416908)]"
3467 "[(8565, 15, 2239140), (8565, 15, 2667510)]"
3478 "[(9205, 5, 2245025)]"
7236 "[(8308, 5, 2262688)]"
3278 "[(8347, 6, 2290439), (8347, 6, 2451131)]"
6735 "[(8683, 7, 2300885)]"
7614 "[(8356, 5, 2325338)]"
5782 "[(9205, 5, 2333665), (9205, 5, 2334363)]"
7711 "[(8734, 5, 2380061)]"
9223 "[(1739, 2, 2405696), (1184, 15, 2419495), (1552, 11, 2421197), (5853, 2, 2427773), (310, 10, 2455600), (7850, 6, 2457635), (6919, 6, 2477101), (148, 8, 2481304), (935, 5, 2520731), (935, 5, 2520755), (1552, 11, 2530435), (2654, 6, 2567453), (68, 5, 2577077), (22, 7, 2587543), (646, 6, 2596050)]"
6410 "[(9166, 7, 2407755)]"
7813 "[(9166, 7, 2432204)]"
9222 "[(233, 0, 2447750)]"
2384 "[(9205, 5, 2479673)]"
9219 "[(890, 10, 2494699), (68, 5, 2532796)]"
6500 "[(8466, 2, 2572684), (8466, 2, 2573971)]"
3939 "[(8572, 11, 2573015)]"
250 "[(8994, 0, 2612541), (8994, 0, 2612899), (8994, 0, 2612965), (8994, 0, 2613282), (8994, 0, 2613339), (8994, 0, 2613554), (8994, 0, 2614718), (8994, 0, 2614864), (8994, 0, 2614996), (8994, 0, 2615414), (8994, 0, 2615668), (8994, 0, 2615748), (8994, 0, 2616177), (8994, 0, 2616423), (8994, 0, 2616503), (8994, 0, 2616583), (8994, 0, 2616837)]"
4327 "[(8549, 12, 2663859)]"
