8244 "[(40, 0, 3226), (57, 14, 5056), (57, 14, 5800), (68, 5, 20820), (40, 0, 30522), (57, 14, 45624), (57, 14, 56386), (233, 0, 368014), (57, 14, 368969), (485, 8, 478369), (485, 8, 478436), (485, 8, 478603), (485, 8, 478630), (485, 8, 478652), (485, 8, 478775), (68, 5, 659408), (983, 5, 687499), (254, 8, 723314), (254, 8, 724830), (254, 8, 725059), (233, 0, 808532), (40, 0, 940948), (485, 8, 1259706), (485, 8, 1259986), (233, 0, 1839174), (485, 8, 1859431), (485, 8, 1861487), (485, 8, 1861634), (485, 8, 1874561), (485, 8, 1874663), (485, 8, 1874996), (40, 0, 2185594), (485, 8, 2234653), (485, 8, 2234798), (485, 8, 2234828), (485, 8, 2234981)]"
55 "[(8278, 15, 4780), (8411, 3, 2672808)]"
73 "[(8266, 11, 7100), (8297, 0, 7116), (8234, 1, 7128), (8433, 3, 37800), (8434, 12, 37961), (8404, 15, 37980), (8534, 0, 117372), (8407, 14, 117998), (8354, 14, 118022), (8283, 8, 118041), (8888, 4, 823795), (8462, 14, 823861), (8339, 4, 823982), (8678, 7, 823989), (8413, 14, 824051), (8603, 4, 824163), (9012, 6, 887811), (8678, 7, 887857), (8543, 3, 887975), (9007, 4, 888008), (8429, 15, 888111), (8973, 14, 888138), (8755, 5, 888158), (8846, 1, 888495), (8688, 14, 979183), (8999, 0, 979335), (8380, 15, 979366), (9007, 4, 979411), (9040, 14, 979473), (8429, 15, 979535), (9048, 13, 1077626), (9055, 11, 1077737), (9045, 2, 1079401), (8539, 14, 1082366), (8857, 14, 1165751), (8828, 9, 1165759), (8832, 0, 1166013), (8429, 15, 1166122), (8296, 13, 1166141), (8517, 8, 1169640), (8367, 3, 2163192), (8895, 0, 2186002), (8790, 9, 2186242), (9157, 0, 2186404), (8250, 5, 2186485), (9068, 15, 2186487), (8298, 4, 2186670), (9203, 1, 2186672), (8625, 11, 2186681), (8617, 2, 2186699), (9166, 7, 2186705), (9054, 2, 2279890), (8812, 7, 2335481), (8300, 3, 2335504), (9136, 11, 2335708), (8319, 7, 2335753), (8571, 1, 2335770), (8892, 8, 2335776), (8731, 0, 2335968), (9092, 5, 2336054), (8590, 5, 2336081), (9121, 0, 2336089), (9160, 5, 2336192), (9133, 1, 2336271), (8624, 0, 2356044), (8545, 1, 2356190), (8943, 0, 2356270), (8295, 13, 2356298), (8270, 0, 2356306), (9054, 2, 2356336), (9157, 0, 2356352), (9053, 2, 2356415), (8734, 5, 2356418), (8331, 12, 2356952), (8539, 14, 2357025)]"
209 "[(8382, 11, 26484), (8382, 11, 781335), (8382, 11, 1170839), (8382, 11, 1386406), (8382, 11, 2269470)]"
383 "[(8325, 13, 53563), (8518, 2, 350793), (8312, 15, 439465), (8414, 13, 830362), (8414, 13, 864014), (8410, 2, 868245), (8757, 0, 1959840), (8423, 7, 2062771), (8246, 13, 2172199), (9153, 2, 2172297), (8750, 0, 2209278), (9153, 2, 2256378), (8886, 4, 2315092), (9153, 2, 2322442), (9074, 2, 2467512), (8456, 1, 2511285)]"
604 "[(8563, 11, 79111), (8693, 0, 226830), (8949, 9, 1635987)]"
749 "[(8606, 1, 107006), (8423, 7, 157105), (8447, 12, 254218), (8623, 8, 697548), (8653, 4, 701036), (8498, 4, 712832), (8804, 0, 765112), (8904, 3, 849069), (9006, 2, 874460), (8742, 2, 1055085), (8807, 8, 1240928), (8623, 8, 1313130), (9155, 3, 1921966), (9167, 2, 1973291), (8347, 6, 2003971), (8623, 8, 2178172), (9020, 2, 2182454), (8433, 3, 2515658), (8611, 14, 2517291)]"
207 "[(8534, 0, 109567), (8298, 4, 228749), (8871, 4, 709214), (8955, 11, 1234276), (8429, 15, 1314558)]"
780 "[(8616, 12, 114150), (8616, 12, 114340), (8616, 12, 1693806), (8616, 12, 1694356), (8616, 12, 1694459)]"
8330 "[(40, 0, 116604), (40, 0, 287184), (40, 0, 460158), (233, 0, 626283), (40, 0, 628899)]"
8289 "[(40, 0, 116629), (40, 0, 287246), (40, 0, 460223)]"
823 "[(8261, 12, 123585), (8261, 12, 202697), (8261, 12, 261726), (8372, 3, 357190), (8261, 12, 484721), (8261, 12, 701586), (8239, 11, 731963), (8239, 11, 913295), (8239, 11, 913715), (8239, 11, 914206), (8261, 12, 986161), (8239, 11, 1609813), (8261, 12, 1685211), (8261, 12, 1685305), (8648, 11, 2541930), (8261, 12, 2557989)]"
8635 "[(659, 14, 127320), (1854, 13, 461127), (233, 0, 626302), (3257, 11, 706130), (303, 11, 808831), (233, 0, 810244), (220, 12, 2620635)]"
887 "[(8243, 7, 138885), (8243, 7, 138905), (8466, 2, 300323), (8572, 11, 328978), (8572, 11, 331055), (8824, 0, 332000), (8572, 11, 333215), (8466, 2, 1268243), (8466, 2, 1271278), (8676, 9, 1434117), (9125, 0, 1453610), (9125, 0, 1453630), (9125, 0, 1453794), (8466, 2, 2310983), (8686, 0, 2313541), (8243, 7, 2675018)]"
890 "[(8657, 4, 139887), (8542, 4, 588557), (8921, 0, 734020), (8871, 4, 779330), (8231, 0, 939993), (8534, 0, 1026432), (8855, 1, 1215520), (8725, 0, 1370899), (8725, 0, 1650138), (9159, 0, 1703825), (8726, 15, 1778771), (9137, 0, 2142605), (9145, 0, 2142732), (9137, 0, 2142915), (9219, 4, 2494699), (9047, 15, 2639271), (9209, 13, 2670173)]"
790 "[(8412, 2, 140954), (8412, 2, 154571), (8412, 2, 154609)]"
8666 "[(912, 9, 143668), (303, 11, 1678804)]"
924 "[(8412, 2, 145994), (8412, 2, 153805)]"
8422 "[(68, 5, 147073), (233, 0, 282941), (1601, 7, 397396)]"
943 "[(8672, 7, 149635)]"
1007 "[(8299, 2, 157696), (8274, 2, 168956), (8257, 12, 180600), (8411, 3, 186302), (8274, 2, 199437), (8411, 3, 234415), (8411, 3, 236425), (8466, 2, 1362202), (8466, 2, 1406428), (8466, 2, 1406493), (9151, 7, 1751018), (9151, 7, 1751058), (9151, 7, 1751149), (9151, 7, 1752704), (9151, 7, 1752745), (9151, 7, 1752817), (9151, 7, 1754821), (8466, 2, 1976151), (8736, 5, 1999408), (8734, 5, 2076174), (8866, 15, 2574509)]"
1022 "[(8412, 2, 160380), (8412, 2, 161181), (8412, 2, 161220), (8412, 2, 161415)]"
8695 "[(1013, 15, 163021), (437, 2, 205541), (68, 5, 1229750), (68, 5, 1477487), (233, 0, 1494785), (2230, 4, 1529136), (2365, 2, 1546825), (233, 0, 1577684), (4019, 1, 2004306)]"
1065 "[(8285, 8, 167151), (8807, 8, 716169), (8285, 8, 797754), (9198, 8, 2343929), (9198, 8, 2345150), (8285, 8, 2347647), (9198, 8, 2455767)]"
1095 "[(8520, 14, 172750), (9205, 5, 2200854)]"
1164 "[(8474, 12, 190792), (8548, 15, 635410), (8548, 15, 637838), (8549, 12, 1208194), (8467, 15, 1227217)]"
8537 "[(107, 1, 193909), (364, 1, 230417), (364, 1, 230454), (107, 1, 279218), (364, 1, 326979), (364, 1, 327259), (364, 1, 328822), (364, 1, 335708), (364, 1, 466060), (364, 1, 466098), (364, 1, 466339), (977, 5, 508799), (107, 1, 539475), (107, 1, 539566), (233, 0, 540660), (364, 1, 588273), (364, 1, 588402), (68, 5, 589624), (107, 1, 632718), (364, 1, 645547), (364, 1, 661094), (364, 1, 670549), (364, 1, 671778), (364, 1, 672161), (983, 5, 674765), (983, 5, 674866), (983, 5, 674915), (983, 5, 675101), (425, 1, 734731), (107, 1, 887931), (107, 1, 888187), (1726, 14, 1041295), (17, 11, 1177025), (107, 1, 1309726), (364, 1, 1461754), (107, 1, 1610564), (107, 1, 1610681), (364, 1, 1697875), (364, 1, 1697936), (364, 1, 1697954), (364, 1, 1698071), (364, 1, 1698646), (364, 1, 1698751), (364, 1, 1700100), (364, 1, 1700189), (364, 1, 1700256), (364, 1, 1707811), (1726, 14, 2147052), (364, 1, 2222988), (364, 1, 2666188), (364, 1, 2666653), (364, 1, 2668338)]"
1176 "[(8441, 0, 196426), (8254, 0, 196686), (8734, 5, 431334), (8848, 5, 436037), (8433, 3, 658044), (9006, 2, 845603), (8387, 0, 846065), (8623, 8, 1105340), (9140, 2, 1817811), (9140, 2, 1817858), (8937, 6, 2675734)]"
1183 "[(8728, 11, 198434), (8728, 11, 198452), (9069, 2, 1169083), (8637, 11, 1949754)]"
8448 "[(1102, 0, 230589), (40, 0, 884716), (1853, 0, 953296), (1853, 0, 953371), (4752, 11, 1755737), (4752, 11, 1755763)]"
1331 "[(8649, 5, 232958), (8649, 5, 233006), (8756, 11, 1988521), (8756, 11, 1988613), (8756, 11, 1988761), (8756, 11, 1988840), (8756, 11, 1989001), (8756, 11, 1989315)]"
1359 "[(8579, 3, 238823), (8484, 0, 239705), (8290, 6, 325328), (8905, 8, 813247), (8990, 14, 813296), (8965, 0, 814266), (8812, 7, 1416391), (9089, 6, 1416670), (9167, 2, 1796247), (9123, 8, 1849654), (8987, 0, 1946811), (8623, 8, 2195599), (8701, 8, 2198865), (8499, 0, 2199108)]"
1490 "[(8613, 4, 264766), (8868, 0, 954038)]"
8342 "[(425, 1, 271217), (425, 1, 271764), (425, 1, 272044), (425, 1, 272206), (425, 1, 272377), (40, 0, 287235), (40, 0, 460187)]"
8662 "[(1547, 14, 277506), (425, 1, 684860), (1547, 14, 969811), (68, 5, 1249575), (233, 0, 1662172)]"
400 "[(8785, 15, 283071), (8785, 15, 316596), (8785, 15, 316621), (8785, 15, 317224), (8785, 15, 317453), (8785, 15, 317604), (8785, 15, 317719), (8785, 15, 317768), (8785, 15, 317875), (8517, 8, 320974), (8785, 15, 323199), (8785, 15, 323238), (8785, 15, 323254), (8785, 15, 334992), (8572, 11, 335136), (8572, 11, 335196), (8572, 11, 335444), (8785, 15, 366562), (8572, 11, 366699), (8572, 11, 380936), (8572, 11, 401230), (8785, 15, 453562), (8785, 15, 536046), (8572, 11, 836156), (8785, 15, 854319), (8785, 15, 856564), (8785, 15, 857331), (8785, 15, 858726), (8785, 15, 859400), (8785, 15, 860549), (8785, 15, 883103), (8785, 15, 920809), (8785, 15, 921203), (8785, 15, 924651), (8572, 11, 1014823), (8572, 11, 1141734), (8572, 11, 1141778), (8785, 15, 1426013), (8785, 15, 1426038), (8785, 15, 1426053), (8785, 15, 1426603), (8785, 15, 1426755), (8785, 15, 1426799), (8785, 15, 1444351), (8785, 15, 1451583), (8785, 15, 1526706), (8572, 11, 1613236), (8572, 11, 1698240), (8572, 11, 2023765), (8572, 11, 2051183), (8572, 11, 2227223), (8892, 8, 2476622), (8572, 11, 2668968)]"
8409 "[(40, 0, 287276), (40, 0, 460324), (1726, 14, 754678)]"
8564 "[(1601, 7, 293402), (1601, 7, 381052), (1601, 7, 381110), (233, 0, 810238), (303, 11, 917259), (220, 12, 980222), (233, 0, 1319352), (303, 11, 1330570), (1601, 7, 1513500), (1601, 7, 1513706), (1601, 7, 1514051), (220, 12, 2635513), (220, 12, 2644113)]"
8699 "[(940, 11, 297452), (1778, 0, 1335561), (139, 9, 1379243), (4515, 4, 1537963), (1013, 15, 1538319), (456, 7, 1550190), (68, 5, 1552348), (655, 15, 1638038), (655, 15, 1638220), (655, 15, 1644580), (655, 15, 1918453), (655, 15, 1918520), (655, 15, 1918557), (86, 12, 1984054), (655, 15, 2149195), (4085, 0, 2271658), (1448, 15, 2346819)]"
8737 "[(1641, 14, 307639), (1641, 14, 307696), (370, 13, 1828526), (5622, 11, 2289724)]"
8789 "[(67, 0, 311281), (233, 0, 364787), (870, 3, 408311)]"
896 "[(8572, 11, 332585)]"
1786 "[(8826, 2, 333076), (8856, 13, 380570), (9206, 2, 2154074), (9218, 3, 2334451)]"
1521 "[(8389, 11, 342904), (8466, 2, 1126882), (8430, 11, 1296790), (8430, 11, 1471416), (8430, 11, 1811859), (8902, 11, 2421571)]"
8839 "[(1218, 14, 343008)]"
1857 "[(8755, 5, 358269), (8470, 1, 866765), (8588, 1, 966877), (8702, 6, 1028998), (8702, 6, 1029187), (9166, 7, 1705737), (8585, 1, 2383436)]"
1916 "[(8347, 6, 360606)]"
1929 "[(8466, 2, 364538), (8343, 9, 449525), (8433, 3, 547516), (8433, 3, 614964), (8685, 15, 774704), (8676, 9, 2520925)]"
8792 "[(233, 0, 370047), (233, 0, 1234225)]"
8854 "[(799, 0, 376618), (1184, 15, 410596), (799, 0, 420348), (659, 14, 453925), (2374, 4, 498613), (2427, 9, 499069), (799, 0, 506516), (467, 13, 2588334)]"
1963 "[(8520, 14, 379934), (8520, 14, 379976)]"
1971 "[(8853, 11, 380928), (8360, 11, 1005833), (8360, 11, 1006548), (8360, 11, 1007398), (8360, 11, 1034448), (9069, 2, 1169079), (8853, 11, 1969405), (8360, 11, 2040822), (8360, 11, 2041509), (8360, 11, 2042379), (8360, 11, 2043458), (8853, 11, 2282052), (8360, 11, 2479356), (8853, 11, 2479406), (8853, 11, 2628259), (8853, 11, 2628287), (8853, 11, 2628333)]"
8847 "[(611, 1, 381028), (2515, 7, 518345), (983, 5, 675416), (983, 5, 675734), (45, 14, 721008), (45, 14, 768125), (772, 5, 1312659), (772, 5, 1312678), (233, 0, 1316162), (4085, 0, 1319398), (772, 5, 1372487), (772, 5, 1642381), (772, 5, 1642518), (772, 5, 1643388), (4085, 0, 2004544), (67, 0, 2045486), (772, 5, 2159963), (772, 5, 2161012), (4085, 0, 2273931), (4085, 0, 2417601)]"
2031 "[(8578, 1, 396240)]"
8567 "[(303, 11, 414464), (1726, 14, 754452), (45, 14, 759037), (1184, 15, 940316), (26, 4, 1377129)]"
8765 "[(2054, 14, 418687), (303, 11, 723219), (47, 2, 1282004), (47, 2, 1282091), (47, 2, 1340873), (47, 2, 1425870)]"
8481 "[(1078, 4, 423618), (1078, 4, 424489), (537, 15, 510385), (1078, 4, 668479), (1078, 4, 668635)]"
2181 "[(8275, 7, 429757), (9198, 8, 2150266), (8241, 7, 2159849)]"
1586 "[(8846, 1, 451179), (8231, 0, 451490), (8967, 4, 721158), (8784, 12, 969559), (8832, 0, 1066890), (9049, 3, 1067032), (9123, 8, 1498532), (8787, 11, 1585342), (9063, 3, 1845345), (9063, 3, 1845365), (9155, 3, 1920127), (9063, 3, 1930917), (9063, 3, 1930927), (9197, 8, 2036702), (9210, 0, 2276152)]"
8798 "[(233, 0, 456369), (233, 0, 1150611), (233, 0, 1409932)]"
8714 "[(40, 0, 460290)]"
2305 "[(8284, 12, 474741)]"
2312 "[(8239, 11, 476442)]"
2348 "[(8552, 7, 485144), (8552, 7, 485175), (8552, 7, 749631)]"
2194 "[(8827, 7, 513079), (8827, 7, 1114389), (8827, 7, 1539525)]"
2622 "[(8734, 5, 543331), (8734, 5, 543596), (8734, 5, 543756), (8734, 5, 549706), (9224, 2, 2437992), (9224, 2, 2439990)]"
8803 "[(370, 13, 553347)]"
2658 "[(8571, 1, 554763)]"
2715 "[(8637, 11, 572538)]"
2738 "[(8633, 5, 576955), (9202, 3, 2123188), (9202, 3, 2123199), (9202, 3, 2123210), (9202, 3, 2123311), (9202, 3, 2123494)]"
1202 "[(8649, 5, 584049)]"
8684 "[(1276, 14, 587852), (1276, 14, 587946), (2863, 11, 851885), (4178, 2, 1005799), (4178, 2, 1006343), (4178, 2, 1006436), (13, 11, 1103773), (13, 11, 1275755), (13, 11, 1351220), (13, 11, 1351314), (13, 11, 1362866), (13, 11, 1365049), (13, 11, 1365062), (13, 11, 1365090), (13, 11, 1365107), (13, 11, 1365121), (2319, 8, 1450249), (13, 11, 1534903), (13, 11, 1535029), (2863, 11, 1535618), (2863, 11, 1535789), (4178, 2, 1539421), (4459, 11, 1610767), (13, 11, 1621225), (13, 11, 1621262), (13, 11, 1622001), (13, 11, 1622113), (13, 11, 1622826), (13, 11, 1707627), (13, 11, 1707648), (337, 8, 1709969), (337, 8, 1709987), (13, 11, 1939271), (13, 11, 1940728), (13, 11, 1953190), (13, 11, 1956502), (13, 11, 1969942), (13, 11, 1969955), (13, 11, 1969978), (13, 11, 1970039), (6770, 11, 1970378), (6770, 11, 1970448), (13, 11, 1970647), (13, 11, 1970919), (13, 11, 1970973), (13, 11, 1971082), (13, 11, 1971124), (13, 11, 1971138), (13, 11, 1974311), (2863, 11, 2228150), (2863, 11, 2481239), (2863, 11, 2481288), (2863, 11, 2482128), (2863, 11, 2482175), (2863, 11, 2483128), (13, 11, 2489795), (13, 11, 2489824), (13, 11, 2489840), (2863, 11, 2565767)]"
2819 "[(8639, 14, 592332), (8463, 15, 1803574)]"
2825 "[(8239, 11, 593233), (8239, 11, 598531), (8239, 11, 611433), (8239, 11, 944354), (8239, 11, 951855), (8239, 11, 953777), (8239, 11, 954560), (8239, 11, 1360155), (8239, 11, 1691035), (8239, 11, 2563944)]"
2826 "[(8379, 14, 593299), (8379, 14, 593448)]"
3036 "[(8241, 7, 643717), (8241, 7, 643813), (9048, 13, 1065025), (9215, 9, 2517106)]"
2136 "[(8827, 7, 666171), (8827, 7, 666213), (8827, 7, 672891), (8827, 7, 703683)]"
1468 "[(8732, 14, 670299)]"
8975 "[(486, 2, 690900), (1185, 4, 710156), (1185, 4, 710657), (1185, 4, 710731), (1185, 4, 710974), (935, 5, 1358904), (935, 5, 1358917), (5552, 7, 1452747), (5552, 7, 1452877), (5552, 7, 1452976), (5552, 7, 1453011), (5552, 7, 1453135), (5552, 7, 1453409), (5552, 7, 1453996), (5552, 7, 1454592), (6396, 2, 1803245), (732, 7, 1804715), (2085, 12, 2151478), (2085, 12, 2151509), (17, 11, 2164279), (2537, 1, 2230837), (1277, 1, 2294161), (1277, 1, 2294189), (1277, 1, 2316718), (5552, 7, 2318185), (5552, 7, 2318313), (5552, 7, 2318493), (732, 7, 2321535), (5552, 7, 2321885), (5552, 7, 2322794), (1277, 1, 2323203), (912, 9, 2323630), (912, 9, 2323778), (1277, 1, 2323899), (912, 9, 2323989), (912, 9, 2324083), (5552, 7, 2331447), (1865, 7, 2337179), (6396, 2, 2337806), (1865, 7, 2349271), (3146, 4, 2384562), (1865, 7, 2402743), (1865, 7, 2402778), (1865, 7, 2664012)]"
1182 "[(8360, 11, 692240), (8360, 11, 692401), (8360, 11, 692447), (8360, 11, 692721), (8360, 11, 692769), (8360, 11, 692785), (8360, 11, 692993), (8360, 11, 693036), (8360, 11, 693340), (8360, 11, 693415), (8360, 11, 693499), (8360, 11, 693556), (8360, 11, 693850), (8360, 11, 693867), (8360, 11, 693880), (8360, 11, 693923), (8360, 11, 694161), (8360, 11, 694202), (8360, 11, 694217), (8360, 11, 694248), (8360, 11, 694284), (8360, 11, 694298), (8360, 11, 694322), (8360, 11, 694331), (8360, 11, 694372), (8360, 11, 694402), (8360, 11, 694446), (8360, 11, 694483), (8360, 11, 694544), (8360, 11, 694583), (8360, 11, 694671), (8360, 11, 694721), (8360, 11, 694840), (8360, 11, 694861), (8360, 11, 694873), (8360, 11, 694885), (8360, 11, 694939), (8360, 11, 695079), (8360, 11, 695125)]"
3273 "[(8887, 3, 711610), (8887, 3, 711717), (8887, 3, 712288), (8887, 3, 712319), (8887, 3, 712507)]"
8294 "[(233, 0, 713821), (4633, 6, 1145388), (4633, 6, 1146138), (4633, 6, 1146213), (4633, 6, 1146295), (4633, 6, 1228653), (4633, 6, 1228719), (4633, 6, 1228790), (4633, 6, 1228921), (40, 0, 1579799), (1058, 0, 1815614)]"
8948 "[(40, 0, 717354), (233, 0, 721283), (537, 15, 1160300)]"
8698 "[(233, 0, 717561)]"
8324 "[(2374, 4, 722890), (835, 11, 997496), (611, 1, 2193663), (4085, 0, 2285731), (303, 11, 2585211)]"
8960 "[(303, 11, 723252), (40, 0, 1292065), (40, 0, 1495558)]"
8656 "[(537, 15, 740751), (68, 5, 1202397), (68, 5, 2451109), (68, 5, 2556084), (68, 5, 2663467)]"
8327 "[(1726, 14, 753568)]"
997 "[(8998, 12, 754379), (8998, 12, 970443), (8998, 12, 1583863), (8998, 12, 1611281), (8998, 12, 1613386), (8998, 12, 1613425), (8998, 12, 1613470), (8998, 12, 1614625), (8998, 12, 1614746), (8998, 12, 1614929), (8998, 12, 1615796), (8998, 12, 1617563), (8998, 12, 1620150), (8998, 12, 1622458)]"
3466 "[(8679, 11, 766185), (8679, 11, 1638554)]"
3507 "[(9006, 2, 779860), (9006, 2, 780001), (9006, 2, 780041), (9006, 2, 780168), (9006, 2, 783409), (9006, 2, 783436), (8239, 11, 815779), (9006, 2, 851841), (9006, 2, 852103), (9006, 2, 852258), (8239, 11, 897221), (9006, 2, 905960), (9006, 2, 915703), (9006, 2, 915770), (9006, 2, 916005), (8239, 11, 917634), (8239, 11, 921537), (8239, 11, 925803), (8239, 11, 1002547), (8239, 11, 1003082), (8239, 11, 1003320), (8239, 11, 1003530), (8239, 11, 1005879), (8239, 11, 1007964), (8239, 11, 1011748), (8239, 11, 1095998), (9006, 2, 1158078), (9006, 2, 1165980), (9006, 2, 1166044), (8239, 11, 1183208), (8239, 11, 1183711), (8239, 11, 1183930), (9006, 2, 1190875), (8239, 11, 1277615), (8239, 11, 1277705), (8239, 11, 1279901), (9006, 2, 1888793), (9006, 2, 1888843), (9006, 2, 1888935), (9006, 2, 1937076), (9006, 2, 1959550), (9006, 2, 1959756), (9006, 2, 1959928), (9006, 2, 1960655), (9006, 2, 2039404), (9006, 2, 2047294), (9006, 2, 2047360), (8239, 11, 2340858), (9205, 5, 2463149), (9205, 5, 2463360), (8239, 11, 2583470), (8239, 11, 2583879)]"
2336 "[(8637, 11, 831508), (8637, 11, 1321387)]"
3681 "[(8534, 0, 844766), (8685, 15, 1116396), (8806, 9, 1117368), (8273, 1, 1274729), (8273, 1, 1275228), (8273, 1, 1968275), (8273, 1, 1968423), (8295, 13, 2054456), (9176, 15, 2122342), (8592, 15, 2199514)]"
3729 "[(8649, 5, 857333)]"
2936 "[(8251, 1, 861088), (9031, 4, 972291), (9031, 4, 972485), (8986, 4, 1719987), (9182, 14, 1916081), (9182, 14, 2002250)]"
3755 "[(8288, 12, 867121), (8806, 9, 948286), (8806, 9, 948341), (8806, 9, 1122539), (8806, 9, 1122579), (8806, 9, 1122583), (8806, 9, 1319797), (8806, 9, 1320384), (8806, 9, 1320391), (8806, 9, 1320475), (8806, 9, 1325049), (8963, 15, 1476387), (8963, 15, 1476389)]"
9028 "[(220, 12, 885546), (7488, 6, 2544947), (806, 1, 2545105), (156, 14, 2545170), (17, 11, 2545614), (17, 11, 2545677), (156, 14, 2545755), (1277, 1, 2550903), (1277, 1, 2550921), (318, 11, 2553074), (482, 7, 2553457), (482, 7, 2553978), (482, 7, 2563893), (6569, 6, 2577187), (6569, 6, 2577212), (1973, 7, 2610667), (1973, 7, 2610816), (482, 7, 2660042), (482, 7, 2660169)]"
1644 "[(8623, 8, 890721), (8623, 8, 891004)]"
2032 "[(8713, 11, 916336), (8679, 11, 1379374), (8713, 11, 1379425), (8713, 11, 1463177)]"
9026 "[(68, 5, 927285), (870, 3, 927420), (68, 5, 928625), (303, 11, 940030), (659, 14, 953443), (900, 11, 1616646)]"
8877 "[(303, 11, 939977), (303, 11, 1152474), (303, 11, 1768078), (4085, 0, 2033504)]"
3362 "[(8734, 5, 966533)]"
9039 "[(233, 0, 973005), (489, 1, 1189119), (489, 1, 1189148)]"
8349 "[(220, 12, 979766), (4085, 0, 1331792), (220, 12, 1402720), (40, 0, 1717966), (40, 0, 1748975), (40, 0, 1819316), (40, 0, 2015724), (242, 3, 2035094), (4139, 11, 2090003), (4139, 11, 2090020), (242, 3, 2109114), (242, 3, 2109350), (220, 12, 2169878), (220, 12, 2170081), (220, 12, 2170709), (40, 0, 2251332), (384, 7, 2327451), (220, 12, 2613016), (220, 12, 2634371), (220, 12, 2634437), (220, 12, 2634706)]"
8287 "[(4085, 0, 1049710), (367, 1, 1689135)]"
4390 "[(8358, 12, 1053599), (8260, 7, 1201240), (8672, 7, 1201501), (8548, 15, 1201629), (8593, 7, 1202183), (8295, 13, 1386335), (8361, 9, 2251156), (8361, 9, 2251298), (8361, 9, 2251411), (8361, 9, 2251625), (8361, 9, 2251897), (8361, 9, 2252263), (9168, 6, 2423336), (8526, 7, 2423667), (8687, 9, 2423938), (8638, 2, 2490270)]"
2659 "[(8749, 12, 1079790), (9089, 6, 1633926), (9117, 9, 1713436)]"
3899 "[(9072, 3, 1157936)]"
4763 "[(9069, 2, 1180982)]"
9082 "[(4273, 11, 1198497), (233, 0, 1230939), (608, 15, 1259629), (608, 15, 1259643), (608, 15, 1259666), (608, 15, 1259679), (671, 15, 1260165), (5943, 6, 1609741)]"
4842 "[(8308, 5, 1199452)]"
1673 "[(8284, 12, 1213999), (8555, 15, 2482186)]"
4917 "[(9079, 2, 1215497)]"
4947 "[(8742, 2, 1232665)]"
9076 "[(40, 0, 1239645)]"
391 "[(8648, 11, 1243311)]"
239 "[(8603, 4, 1260393), (8603, 4, 1346689)]"
530 "[(9019, 11, 1277149)]"
8770 "[(40, 0, 1292078)]"
8508 "[(303, 11, 1330521), (220, 12, 1504522), (220, 12, 1504613), (220, 12, 1504755), (220, 12, 1504879), (220, 12, 1505001), (220, 12, 1506093), (220, 12, 1565894), (220, 12, 1566725), (220, 12, 1584421), (220, 12, 1603369), (220, 12, 1694039), (220, 12, 1694083), (220, 12, 1748485), (220, 12, 1748565), (220, 12, 1748665), (40, 0, 1748869), (220, 12, 1749364), (220, 12, 1755146), (220, 12, 1756966), (220, 12, 1757036), (220, 12, 1757111), (220, 12, 1757448), (220, 12, 1769922), (220, 12, 1775269), (220, 12, 1775503), (40, 0, 1819251), (220, 12, 1831542), (220, 12, 1831720), (220, 12, 1835707), (220, 12, 1835804), (220, 12, 1841166), (220, 12, 1848163), (220, 12, 1854868), (220, 12, 1854911), (220, 12, 1855148), (220, 12, 1855214), (220, 12, 1855298), (220, 12, 1857055), (220, 12, 1861847), (220, 12, 1861887), (220, 12, 1861984), (220, 12, 1862040), (220, 12, 1912369), (220, 12, 1937324), (220, 12, 1937454), (220, 12, 1937503), (220, 12, 1938850), (220, 12, 1951574), (303, 11, 1971011), (220, 12, 2091080), (220, 12, 2110128), (220, 12, 2113755), (220, 12, 2113855), (220, 12, 2213710), (220, 12, 2213801), (559, 15, 2317205), (220, 12, 2353450), (220, 12, 2353487), (220, 12, 2387006), (220, 12, 2387051), (220, 12, 2387498), (220, 12, 2445514), (220, 12, 2446627), (220, 12, 2446822), (220, 12, 2446846), (220, 12, 2446970), (220, 12, 2447024), (220, 12, 2447117), (220, 12, 2459003), (220, 12, 2459040), (220, 12, 2459129), (996, 1, 2544904), (4139, 11, 2544997), (220, 12, 2630793), (220, 12, 2630853), (220, 12, 2635107), (537, 15, 2664892)]"
9046 "[(303, 11, 1330550), (40, 0, 1495586)]"
8929 "[(3390, 11, 1344764), (3390, 11, 1461814), (2863, 11, 1533240), (2863, 11, 1535928), (2863, 11, 1535943), (3390, 11, 1547848), (3390, 11, 1691346), (3390, 11, 1696857), (3390, 11, 2289548), (17, 11, 2660187), (3390, 11, 2677842), (3390, 11, 2677935), (3390, 11, 2677979)]"
5366 "[(8261, 12, 1375559)]"
1300 "[(8578, 1, 1422815), (8578, 1, 1423101), (8578, 1, 1423603), (8578, 1, 1423763), (8578, 1, 1423855), (8578, 1, 1424029), (8648, 11, 1630518), (8648, 11, 1630533)]"
5550 "[(8555, 15, 1451387)]"
9044 "[(40, 0, 1495595)]"
5699 "[(9096, 1, 1499308)]"
2040 "[(8578, 1, 1512738), (9021, 11, 2560908)]"
302 "[(8906, 13, 1516053)]"
3579 "[(8569, 2, 1527165), (8569, 2, 1527253)]"
9008 "[(4085, 0, 1559225), (68, 5, 2132454)]"
8956 "[(220, 12, 1566354), (220, 12, 1603750), (482, 7, 1869412), (220, 12, 2110446), (552, 8, 2140014), (482, 7, 2174292), (2277, 11, 2282722), (482, 7, 2321452), (220, 12, 2354150), (233, 0, 2355767), (220, 12, 2387808), (220, 12, 2387858), (318, 11, 2393894), (318, 11, 2393920)]"
5193 "[(8391, 12, 1594348), (8391, 12, 1594508)]"
5932 "[(8466, 2, 1603709)]"
5971 "[(8446, 6, 1619971)]"
5975 "[(8250, 5, 1621175)]"
8817 "[(623, 11, 1625030), (623, 11, 1637917), (623, 11, 1639219), (623, 11, 1639249), (623, 11, 1678800), (623, 11, 1678895), (623, 11, 1678920), (623, 11, 1678934), (623, 11, 1679016), (623, 11, 1684811), (623, 11, 1697378), (623, 11, 1720803), (623, 11, 1768933), (623, 11, 1782914), (623, 11, 1806083), (623, 11, 2152128), (370, 13, 2174988), (370, 13, 2175330), (623, 11, 2237566), (623, 11, 2237647), (623, 11, 2237687), (623, 11, 2292570), (623, 11, 2292672), (623, 11, 2292764), (623, 11, 2304390), (623, 11, 2304567), (623, 11, 2305902), (623, 11, 2305942), (623, 11, 2306118), (623, 11, 2306769), (623, 11, 2323701), (623, 11, 2323743), (623, 11, 2323771), (623, 11, 2323899), (623, 11, 2324545), (623, 11, 2373542), (2899, 4, 2412662), (623, 11, 2479819), (623, 11, 2480900), (623, 11, 2481140), (623, 11, 2481318), (1921, 11, 2495203), (623, 11, 2500136), (623, 11, 2649623), (623, 11, 2661751), (623, 11, 2662964)]"
6118 "[(8260, 7, 1688542)]"
8704 "[(40, 0, 1718049), (40, 0, 1819370), (220, 12, 1857222), (220, 12, 1857261), (40, 0, 1924131), (220, 12, 2110383), (4139, 11, 2121050), (4139, 11, 2121093), (4139, 11, 2121105), (4139, 11, 2121122), (4139, 11, 2121150), (220, 12, 2169485), (220, 12, 2169522), (220, 12, 2169666), (220, 12, 2254808), (6368, 4, 2667696)]"
8945 "[(40, 0, 1748924), (40, 0, 1819268), (40, 0, 2015592), (40, 0, 2512241)]"
8938 "[(40, 0, 1749020), (40, 0, 1819336)]"
3205 "[(9166, 7, 1794429), (9166, 7, 1794536)]"
6395 "[(8374, 12, 1798204)]"
6423 "[(8532, 8, 1811529)]"
8774 "[(1655, 2, 1863099), (1655, 2, 1863189), (1655, 2, 1863438), (1655, 2, 1863527), (1655, 2, 2014429)]"
9164 "[(671, 15, 1898607), (608, 15, 2031533), (233, 0, 2448340), (233, 0, 2531006), (826, 0, 2600893)]"
6155 "[(8998, 12, 1900023)]"
6398 "[(9166, 7, 1936392), (9166, 7, 1938028)]"
310 "[(8347, 6, 1943053), (8452, 5, 2109848), (9223, 4, 2455600)]"
9184 "[(233, 0, 2013893), (4085, 0, 2033817)]"
6010 "[(8640, 15, 2027882)]"
9194 "[(608, 15, 2034149), (303, 11, 2048575), (233, 0, 2094201), (5383, 14, 2144986), (233, 0, 2445369)]"
8861 "[(537, 15, 2053892), (4001, 14, 2151849)]"
2434 "[(9115, 1, 2070465), (9115, 1, 2070687)]"
2169 "[(8540, 15, 2071512), (8540, 15, 2071576), (8540, 15, 2071670)]"
3351 "[(8628, 1, 2112761)]"
6309 "[(9034, 12, 2139702)]"
5169 "[(8419, 8, 2157129)]"
7093 "[(8992, 11, 2158452)]"
8489 "[(370, 13, 2175435), (370, 13, 2175447), (370, 13, 2312900)]"
9173 "[(40, 0, 2251323), (40, 0, 2512234)]"
6492 "[(8288, 12, 2271858)]"
8773 "[(17, 11, 2275842)]"
1614 "[(8637, 11, 2305571)]"
8914 "[(623, 11, 2306667), (623, 11, 2642475), (623, 11, 2643183), (623, 11, 2643215), (68, 5, 2644418), (623, 11, 2648763), (623, 11, 2653274)]"
7458 "[(8367, 3, 2307897)]"
4213 "[(8239, 11, 2326370)]"
5394 "[(8535, 4, 2343927), (9023, 2, 2464609)]"
5985 "[(8703, 12, 2466052), (8703, 12, 2466077), (8703, 12, 2466447)]"
7622 "[(8271, 2, 2470062)]"
2590 "[(9215, 9, 2557597)]"
