8227 "[(7, 12, 384), (731, 11, 393985), (938, 12, 463796), (938, 12, 464028), (938, 12, 464054), (938, 12, 529738), (181, 12, 576696), (181, 12, 576730), (181, 12, 578415), (7, 12, 1024625), (7, 12, 1050882), (7, 12, 1050977), (731, 11, 1051083), (7, 12, 1061263), (16, 13, 1532168), (16, 13, 1532313), (16, 13, 1532412), (16, 13, 1532459), (16, 13, 1532866), (16, 13, 1532940), (16, 13, 1533148), (16, 13, 1533309), (16, 13, 1533325), (16, 13, 1533481), (16, 13, 1533528), (16, 13, 1533613), (16, 13, 1533655), (7, 12, 1760844), (7, 12, 1760925), (181, 12, 1763488), (7, 12, 1838844), (7, 12, 1838997), (7, 12, 1982223), (1256, 12, 2032516), (7, 12, 2167031), (7, 12, 2188157), (7, 12, 2188210), (4434, 12, 2284748), (7, 12, 2618029)]"
8248 "[(22, 7, 1340), (233, 0, 286431), (233, 0, 365573), (233, 0, 374307), (608, 15, 386632), (233, 0, 452884), (40, 0, 452952), (17, 11, 705971), (4412, 12, 1060740), (40, 0, 1492249)]"
8273 "[(49, 2, 4487), (22, 7, 29543), (778, 2, 113334), (795, 2, 141405), (1036, 7, 161791), (1036, 7, 161839), (1036, 7, 161871), (49, 2, 163483), (1036, 7, 356671), (156, 14, 381855), (49, 2, 468070), (745, 0, 531852), (745, 0, 531880), (17, 11, 539914), (532, 14, 544487), (3108, 13, 670274), (3108, 13, 670275), (795, 2, 718521), (68, 5, 719724), (1189, 2, 736564), (1189, 2, 736620), (1189, 2, 736668), (1189, 2, 736943), (1189, 2, 737015), (1189, 2, 737130), (3573, 2, 805887), (795, 2, 830739), (1732, 2, 866127), (49, 2, 867270), (795, 2, 930940), (1189, 2, 970765), (795, 2, 1001124), (795, 2, 1011309), (423, 11, 1018836), (608, 15, 1231942), (3681, 10, 1274729), (3681, 10, 1275228), (795, 2, 1317581), (608, 15, 1796135), (2923, 0, 1894008), (671, 15, 1923694), (17, 11, 1943699), (3681, 10, 1968275), (3681, 10, 1968423), (778, 2, 2039025), (795, 2, 2107428), (7977, 7, 2534873)]"
8234 "[(73, 10, 7128), (328, 12, 206851), (1235, 6, 212489), (328, 12, 218905), (17, 11, 463581), (1235, 6, 831626), (1778, 0, 978997)]"
107 "[(8319, 7, 11940), (8319, 7, 12199), (8537, 10, 193909), (8319, 7, 194656), (8275, 7, 277274), (8275, 7, 277346), (8275, 7, 277435), (8319, 7, 278947), (8537, 10, 279218), (8275, 7, 286008), (8319, 7, 287259), (8319, 7, 339217), (8319, 7, 339248), (8319, 7, 339303), (8319, 7, 339364), (8275, 7, 382959), (8275, 7, 383778), (8275, 7, 384053), (8275, 7, 384730), (8275, 7, 432175), (8275, 7, 432284), (8319, 7, 444807), (8319, 7, 446369), (8319, 7, 446571), (8319, 7, 460122), (8319, 7, 466011), (8319, 7, 517196), (8275, 7, 517448), (8537, 10, 539475), (8537, 10, 539566), (8537, 10, 632718), (8319, 7, 811541), (8537, 10, 887931), (8537, 10, 888187), (8537, 10, 1309726), (8319, 7, 1334626), (8319, 7, 1432872), (8537, 10, 1610564), (8537, 10, 1610681), (8631, 6, 1679131), (8631, 6, 1714657), (8319, 7, 2307028), (8319, 7, 2393472)]"
109 "[(8252, 7, 12415), (8252, 7, 93680), (8247, 6, 320938), (8247, 6, 321022), (8252, 7, 331270), (8734, 5, 421275), (8852, 4, 759526), (8733, 2, 951015), (8734, 5, 1243191), (8733, 2, 1325170), (9069, 2, 1483193), (9069, 2, 1487359), (8733, 2, 1839201), (8734, 5, 1873440), (8520, 14, 1873884), (8520, 14, 1875321), (8520, 14, 1875359), (8520, 14, 1875385), (8260, 7, 2519313), (8426, 0, 2565117), (8426, 0, 2565159), (8427, 7, 2618299), (9084, 2, 2632421), (9084, 2, 2634335), (9084, 2, 2636254), (9084, 2, 2652328), (8520, 14, 2653102)]"
95 "[(8336, 6, 17435), (8261, 12, 17757), (8702, 6, 553353), (8336, 6, 622384), (8336, 6, 647154), (8336, 6, 703892), (8336, 6, 809016), (8336, 6, 898672), (8336, 6, 937953), (8336, 6, 967053), (8336, 6, 983358), (8336, 6, 1024147), (8336, 6, 1069425), (8336, 6, 1155722), (8336, 6, 1196858), (9078, 6, 1197316), (9078, 6, 1197365), (9078, 6, 1197397), (8336, 6, 1232482), (8406, 6, 1232701), (8406, 6, 1233194), (8381, 6, 1722949), (9166, 7, 1897024)]"
8348 "[(158, 0, 19122), (17, 11, 222144), (2110, 14, 592470), (2138, 4, 755308), (2110, 14, 937752), (2110, 14, 938333), (68, 5, 939576), (2110, 14, 1104250), (68, 5, 1105468), (2110, 14, 1106067), (2110, 14, 1624054), (96, 13, 1742555), (96, 13, 1742604), (2110, 14, 1879765), (2110, 14, 2148134), (2110, 14, 2148229), (68, 5, 2149490), (96, 13, 2171364), (3042, 9, 2178268), (2110, 14, 2234878), (2110, 14, 2315111), (2110, 14, 2317878), (3180, 0, 2321179)]"
8368 "[(184, 0, 22619), (443, 0, 61537), (355, 0, 107345), (972, 3, 153383), (443, 0, 159173), (355, 0, 191151), (443, 0, 234988), (355, 0, 277901), (355, 0, 277984), (1630, 0, 303263), (1630, 0, 303335), (355, 0, 305259), (1348, 0, 403198), (355, 0, 450901), (355, 0, 535115), (3018, 0, 638106), (3018, 0, 726988), (355, 0, 733294), (355, 0, 733609), (2923, 0, 996103), (443, 0, 1060258), (443, 0, 1060421), (4801, 0, 1190746), (1348, 0, 1270320), (1348, 0, 1270751), (969, 0, 1335932), (423, 11, 1422233), (17, 11, 1452262), (3109, 3, 1497909), (4586, 11, 1515750), (17, 11, 1518085), (17, 11, 1594989), (443, 0, 1614085), (537, 15, 1696915), (443, 0, 1699252), (443, 0, 1699274), (443, 0, 1717948), (443, 0, 1718859), (443, 0, 1719089), (1348, 0, 1794439), (6852, 0, 2051397), (6852, 0, 2051521)]"
215 "[(8387, 0, 26987)]"
228 "[(8318, 2, 29220), (8318, 2, 29338), (8318, 2, 29425), (8318, 2, 29775), (8318, 2, 29795), (8318, 2, 29913), (8318, 2, 29970), (8734, 5, 208977), (8250, 5, 2159393), (8885, 4, 2189027)]"
450 "[(8317, 12, 62439), (8339, 4, 673835), (9072, 3, 1146981), (8575, 4, 1356964)]"
466 "[(8423, 7, 63593), (8896, 7, 476672), (8250, 5, 1385995), (9166, 7, 1855037), (9168, 6, 1880844), (8546, 6, 2464396)]"
489 "[(8411, 3, 65693), (8411, 3, 65719), (9039, 10, 1189119), (9039, 10, 1189148), (9131, 0, 2242038), (9131, 0, 2242060), (9131, 0, 2242504)]"
492 "[(8520, 14, 65869), (8520, 14, 66583), (8520, 14, 66901), (8520, 14, 68423), (8520, 14, 73208), (8520, 14, 73234), (8520, 14, 80407), (8520, 14, 80513), (8520, 14, 80683), (8520, 14, 80835), (8520, 14, 81109), (8520, 14, 81155), (8520, 14, 159033), (8887, 3, 529128), (8520, 14, 683073), (8969, 5, 749375), (9048, 13, 1009133), (8969, 5, 1133408), (9072, 3, 1139982), (9072, 3, 1140205), (9072, 3, 1140294), (9072, 3, 1140910), (9072, 3, 1141477), (9072, 3, 1141682), (9072, 3, 1142124), (9072, 3, 1142162), (9072, 3, 1142344), (9072, 3, 1142528), (9072, 3, 1145405), (9185, 5, 1899122), (9185, 5, 1899284), (9185, 5, 1899736), (9185, 5, 1901149), (9185, 5, 1902544), (9185, 5, 1904301), (9185, 5, 1904539), (9185, 5, 1905805), (9185, 5, 1906636), (9185, 5, 1906681), (9185, 5, 1906728), (9185, 5, 1907261), (9185, 5, 1907359), (9185, 5, 1907570), (9185, 5, 1907609), (9185, 5, 1911227), (9185, 5, 1912253), (9185, 5, 1912927), (8734, 5, 2254915), (8734, 5, 2256334)]"
8 "[(8350, 6, 67421), (8631, 6, 124694), (8631, 6, 301739), (8631, 6, 301822), (8631, 6, 306357), (8631, 6, 306596), (8631, 6, 306857), (8631, 6, 306927), (8631, 6, 306969), (8631, 6, 307326), (8604, 14, 428345), (8631, 6, 464241), (8520, 14, 659357), (8520, 14, 659525), (8520, 14, 675652), (8520, 14, 776908), (8520, 14, 777004), (8631, 6, 820128), (8631, 6, 829280), (9048, 13, 1082769), (9048, 13, 1108590), (9048, 13, 1108621), (9048, 13, 1119458), (9048, 13, 1362092), (9048, 13, 1362113), (8350, 6, 1672139), (9168, 6, 1934141), (9168, 6, 1934323), (9168, 6, 1934698), (9168, 6, 1934864), (8631, 6, 1963125), (9168, 6, 1963893), (9168, 6, 1963957), (9168, 6, 1964071), (9168, 6, 1964103), (9168, 6, 1964218), (9168, 6, 1970022), (9168, 6, 1970190), (8275, 7, 1989207), (9168, 6, 2025378), (8452, 5, 2066828), (8816, 11, 2415588), (8816, 11, 2415622)]"
590 "[(8427, 7, 77229), (8427, 7, 77265), (8427, 7, 77297), (8888, 4, 473050), (8640, 15, 680559)]"
611 "[(8325, 13, 80242), (8401, 14, 107273), (8609, 2, 107660), (8401, 14, 120137), (8355, 8, 201029), (8586, 9, 247335), (8346, 14, 247435), (8583, 13, 290429), (8295, 13, 291334), (8346, 14, 299264), (8434, 12, 300926), (8434, 12, 302181), (8346, 14, 339066), (8355, 8, 346964), (8355, 8, 350499), (8847, 10, 381028), (8401, 14, 382020), (8875, 4, 422221), (8358, 12, 423564), (8837, 15, 423710), (8346, 14, 426639), (8726, 15, 512175), (8685, 15, 636003), (8777, 9, 636332), (8888, 4, 781330), (8263, 5, 781338), (8620, 14, 810574), (8620, 14, 810774), (8269, 3, 860649), (8561, 14, 880093), (8611, 14, 896002), (8618, 9, 896993), (8974, 15, 901704), (8367, 3, 943466), (8691, 4, 953968), (8691, 4, 954112), (8691, 4, 954208), (8339, 4, 965028), (8801, 14, 986435), (8685, 15, 1031099), (8562, 15, 1031100), (8950, 9, 1032368), (8343, 9, 1049418), (8336, 6, 1063459), (8801, 14, 1068280), (8401, 14, 1072192), (8504, 8, 1074040), (8341, 14, 1077038), (8963, 15, 1116072), (8510, 4, 1122197), (8950, 9, 1205391), (8824, 0, 1229353), (8295, 13, 1312393), (8295, 13, 1312506), (8295, 13, 1312574), (8721, 12, 1312708), (8824, 0, 1315793), (8685, 15, 1325532), (8552, 7, 1325615), (8265, 12, 1326649), (8528, 14, 1326664), (8685, 15, 1338720), (8384, 12, 1340332), (9059, 9, 1381663), (9048, 13, 1392472), (8993, 11, 1393733), (8917, 13, 1463793), (8682, 14, 1466932), (8682, 14, 1572924), (8438, 0, 1587934), (8419, 8, 1588048), (8438, 0, 1589109), (8648, 11, 1596720), (8440, 12, 1597003), (8687, 9, 1597456), (8575, 4, 1635505), (8285, 8, 1636311), (8602, 11, 1676466), (8602, 11, 1677639), (8343, 9, 1731514), (9166, 7, 1827940), (9166, 7, 1828066), (8645, 0, 1836572), (8645, 0, 1836640), (8645, 0, 1836641), (8554, 2, 1900010), (8446, 6, 1920028), (8718, 15, 1935019), (8346, 14, 1984972), (8876, 7, 2000694), (8841, 13, 2001216), (8637, 11, 2109350), (9143, 4, 2109691), (9166, 7, 2114069), (8925, 12, 2148705), (8498, 4, 2152841), (8324, 10, 2193663), (9151, 7, 2199968), (8612, 13, 2232545), (8323, 12, 2236616), (8824, 0, 2257502), (8361, 9, 2286855), (8819, 13, 2336443), (8665, 6, 2373242), (8665, 6, 2373455), (8962, 2, 2410003), (8875, 4, 2410805), (8446, 6, 2500356), (8963, 15, 2512751), (8561, 14, 2515779), (8572, 11, 2603720), (8283, 8, 2667393)]"
8293 "[(40, 0, 85656), (1004, 14, 158998), (145, 13, 273165), (145, 13, 273185), (167, 11, 319472), (2186, 15, 430540), (2186, 15, 613680), (3518, 3, 1614342), (3518, 3, 1614384), (2478, 11, 1877383), (5622, 11, 2046684)]"
8585 "[(657, 9, 89666), (104, 12, 1070408), (233, 0, 1232834), (1857, 10, 2383436), (1921, 11, 2505065)]"
680 "[(8263, 5, 92922)]"
703 "[(8594, 6, 99379), (8485, 7, 523038), (8919, 7, 534017), (8401, 14, 837633), (8401, 14, 839970), (8435, 2, 862657), (8611, 14, 945610), (8611, 14, 945702), (8611, 14, 945759), (8435, 2, 1041475), (8435, 2, 1042187), (8661, 5, 1486060), (8661, 5, 1486187), (8275, 7, 1989230), (8275, 7, 1989471), (8340, 0, 2327401), (8993, 11, 2499671)]"
8606 "[(749, 10, 107006), (17, 11, 424239), (233, 0, 1495116), (4085, 0, 1752501), (1471, 0, 1916389), (608, 15, 2248295), (4085, 0, 2439151), (17, 11, 2524152), (532, 14, 2525086), (17, 11, 2576448)]"
744 "[(8608, 12, 107597), (8312, 15, 190212), (8722, 5, 190471), (8333, 15, 365842), (8447, 12, 392296), (8290, 6, 1355011), (8814, 7, 1578463), (8351, 12, 1944657), (8612, 13, 1945274), (8636, 0, 1946140), (8636, 0, 1946175), (8801, 14, 2269506), (8356, 5, 2311363), (9214, 8, 2355881), (9072, 3, 2664779)]"
8588 "[(754, 5, 108027), (757, 11, 108677), (853, 3, 130883), (68, 5, 206706), (36, 3, 209832), (1367, 13, 240074), (1367, 13, 243998), (1367, 13, 244999), (1610, 0, 294898), (1610, 0, 295792), (1610, 0, 295834), (1610, 0, 295941), (1610, 0, 296017), (1610, 0, 302059), (1367, 13, 311186), (480, 2, 311410), (480, 2, 311847), (1367, 13, 315409), (1367, 13, 316028), (1367, 13, 316073), (1367, 13, 316964), (1367, 13, 317222), (1793, 13, 334288), (1827, 6, 339434), (552, 8, 346614), (164, 0, 349437), (36, 3, 351658), (36, 3, 359642), (1610, 0, 371973), (1992, 0, 387645), (36, 3, 388711), (754, 5, 409519), (2137, 0, 418140), (271, 2, 420947), (271, 2, 421002), (68, 5, 422216), (1992, 0, 462006), (1992, 0, 462116), (1367, 13, 467425), (1367, 13, 467487), (935, 5, 497569), (1992, 0, 535971), (1992, 0, 538593), (1610, 0, 558084), (1992, 0, 558615), (1992, 0, 558830), (664, 4, 572038), (68, 5, 601396), (1610, 0, 617861), (1610, 0, 618173), (356, 12, 654153), (125, 11, 690275), (3495, 4, 777006), (3503, 0, 778431), (1793, 13, 839422), (1793, 13, 839505), (68, 5, 882029), (17, 11, 912007), (2505, 4, 926923), (2093, 4, 928751), (68, 5, 941160), (1036, 7, 949943), (1036, 7, 949982), (1857, 10, 966877), (233, 0, 973081), (4252, 4, 1022823), (1367, 13, 1080622), (4473, 14, 1091600), (2388, 6, 1100031), (1992, 0, 1115743), (167, 11, 1184585), (68, 5, 1252356), (3067, 3, 1517241), (3067, 3, 1517266), (2708, 3, 1872657), (912, 9, 1957911)]"
798 "[(8466, 2, 119205)]"
8622 "[(831, 3, 125370), (284, 6, 132863), (867, 2, 134532), (284, 6, 135885), (761, 2, 137708), (17, 11, 138587), (421, 7, 138670), (421, 7, 138697), (318, 11, 153166), (318, 11, 164278), (318, 11, 164404), (22, 7, 179353), (17, 11, 182370), (65, 12, 187689), (935, 5, 194790), (322, 2, 195067), (68, 5, 196959), (1280, 4, 219712), (322, 2, 219779), (322, 2, 219819), (68, 5, 220527), (322, 2, 234411), (322, 2, 234793), (322, 2, 234818), (322, 2, 235372), (728, 11, 235676), (728, 11, 235757), (728, 11, 235785), (1355, 2, 238339), (284, 6, 238938), (423, 11, 239259), (1382, 7, 241977), (1419, 4, 247872), (480, 2, 248723), (17, 11, 259231), (1013, 15, 262511), (17, 11, 264623), (1527, 3, 272870), (1527, 3, 273015), (1552, 11, 280259), (322, 2, 283803), (322, 2, 283933), (322, 2, 284393), (322, 2, 286177), (156, 14, 289805), (322, 2, 303339), (552, 8, 303999), (322, 2, 322291), (322, 2, 323256), (17, 11, 327702), (660, 0, 334138), (1792, 4, 334265), (17, 11, 341903), (1860, 2, 346308), (17, 11, 349161), (17, 11, 349446), (17, 11, 349463), (125, 11, 355098), (1157, 4, 358362), (1157, 4, 358528), (482, 7, 359228), (1928, 6, 364328), (1928, 6, 365952), (233, 0, 368885), (537, 15, 387284), (2005, 4, 391094), (1754, 4, 392731), (482, 7, 401179), (482, 7, 401310), (482, 7, 401371), (482, 7, 401486), (482, 7, 401811), (482, 7, 401988), (828, 4, 451391), (828, 4, 451515), (828, 4, 451971), (175, 11, 452150), (2274, 2, 463188), (2005, 4, 499902), (1184, 15, 591151), (1975, 14, 598268), (284, 6, 678255), (3004, 15, 717431), (322, 2, 735042), (322, 2, 735242), (322, 2, 880563), (322, 2, 881720), (322, 2, 881820), (322, 2, 882313), (322, 2, 882334), (322, 2, 885907), (322, 2, 886830), (2595, 6, 893889), (3748, 4, 945172), (3748, 4, 945580), (356, 12, 999928), (659, 14, 2184658)]"
8470 "[(537, 15, 135319), (940, 11, 152465), (1670, 14, 324494), (1793, 13, 731117), (1793, 13, 731375), (1793, 13, 731442), (402, 3, 742787), (221, 5, 759316), (221, 5, 782954), (221, 5, 786476), (1857, 10, 866765), (537, 15, 1112800), (233, 0, 1315867), (233, 0, 1418730), (2390, 14, 1493038), (233, 0, 1666036), (233, 0, 1750456), (537, 15, 1945564), (1726, 14, 2147102), (4085, 0, 2170819), (5855, 7, 2657449)]"
885 "[(8466, 2, 138806), (8466, 2, 143972), (8446, 6, 337662), (8466, 2, 338503), (9102, 3, 1420090), (8734, 5, 2302756)]"
8619 "[(150, 2, 145712), (150, 2, 183053), (233, 0, 374583), (826, 0, 782746), (467, 13, 918217), (467, 13, 918375), (233, 0, 1059650), (233, 0, 1664177)]"
367 "[(8275, 7, 152171), (8447, 12, 479731), (8346, 14, 1502400), (8814, 7, 1502688), (8254, 0, 1530226), (8395, 0, 1582090), (8815, 3, 1582677), (8339, 4, 1587435), (9002, 5, 1588456), (8482, 14, 1591436), (9041, 15, 1594631), (8832, 0, 1594691), (8848, 5, 1606123), (8287, 10, 1689135), (8305, 4, 1689241), (8255, 15, 1690550), (8262, 8, 1705569), (8904, 3, 1756193), (8611, 14, 1854310), (8331, 12, 1934078), (8556, 11, 1962602), (9200, 14, 2108004), (8952, 0, 2121027), (8426, 0, 2300180), (8670, 0, 2454599), (9032, 11, 2542403), (8594, 6, 2543776)]"
8668 "[(977, 5, 152951), (977, 5, 156051), (977, 5, 156098), (977, 5, 408972), (977, 5, 409032), (977, 5, 416939), (977, 5, 417010), (977, 5, 418566), (977, 5, 495907), (977, 5, 823851), (977, 5, 826258), (977, 5, 826518), (977, 5, 826605), (977, 5, 826636), (977, 5, 827541), (977, 5, 828362), (977, 5, 912515), (977, 5, 913410), (977, 5, 913502), (977, 5, 930791), (1726, 14, 948593), (4085, 0, 1038335), (977, 5, 1163665), (977, 5, 1163880), (977, 5, 1183425), (233, 0, 1315871), (977, 5, 1460496), (977, 5, 1460672), (977, 5, 1460981), (977, 5, 1461451), (977, 5, 1461817), (977, 5, 1462675), (977, 5, 1585237), (977, 5, 1585746), (977, 5, 1586003), (977, 5, 1586073), (977, 5, 1586371), (977, 5, 1586386), (977, 5, 1586653), (977, 5, 1674850), (977, 5, 1696951), (977, 5, 1696978), (977, 5, 1697299), (977, 5, 1886834), (4085, 0, 1910040), (977, 5, 1931030), (977, 5, 1931254), (977, 5, 2036688), (977, 5, 2036831), (977, 5, 2036876), (977, 5, 2036912), (977, 5, 2126077), (977, 5, 2126444), (977, 5, 2134807), (977, 5, 2212643), (977, 5, 2213208), (119, 3, 2270109), (119, 3, 2270206), (119, 3, 2270233), (119, 3, 2270526), (119, 3, 2270554), (119, 3, 2270614), (119, 3, 2270782), (119, 3, 2270876), (119, 3, 2271158), (119, 3, 2271420), (119, 3, 2271638), (119, 3, 2271749), (119, 3, 2271799), (119, 3, 2271848), (119, 3, 2271931), (119, 3, 2272101), (119, 3, 2272150), (119, 3, 2272267), (119, 3, 2272312), (119, 3, 2272374), (119, 3, 2272421), (119, 3, 2272485), (68, 5, 2273702), (2054, 14, 2400415), (977, 5, 2565011), (119, 3, 2572448), (119, 3, 2572608), (977, 5, 2631583), (119, 3, 2640960), (119, 3, 2641006), (119, 3, 2641065), (977, 5, 2644472)]"
1009 "[(8683, 7, 157861), (8356, 5, 1467451), (8356, 5, 1596989), (8356, 5, 1880764)]"
1014 "[(8604, 14, 158546), (8402, 2, 1570874), (8602, 11, 1872709), (8602, 11, 1872779), (8604, 14, 2253988), (8733, 2, 2510068)]"
8545 "[(68, 5, 165089), (233, 0, 454000), (233, 0, 626501), (3237, 2, 698718), (3237, 2, 698787), (3237, 2, 698881), (3237, 2, 708211), (3237, 2, 708320), (3407, 6, 752607), (2806, 3, 838765), (3407, 6, 847112), (537, 15, 919517), (1449, 11, 923899), (17, 11, 1024462), (483, 5, 1024655), (497, 4, 1024783), (1013, 15, 1024873), (3237, 2, 1145926), (17, 11, 1177348), (483, 5, 1178501), (284, 6, 1360871), (3567, 2, 1386924), (3567, 2, 1386979), (233, 0, 1492055), (17, 11, 1534863), (4586, 11, 1534925), (4586, 11, 1535334), (17, 11, 1540077), (68, 5, 1614544), (68, 5, 1684414), (3407, 6, 1900847), (6696, 3, 1940570), (6696, 3, 1940763), (6696, 3, 1941005), (6696, 3, 1941449), (954, 0, 1989592), (552, 8, 2032607), (4515, 4, 2129992), (1726, 14, 2139362), (1813, 6, 2352337), (73, 10, 2356190), (233, 0, 2357024), (1552, 11, 2445435), (233, 0, 2445453), (1552, 11, 2445475), (1552, 11, 2445501)]"
8559 "[(1082, 2, 169658), (1082, 2, 240290), (2158, 2, 424381), (2158, 2, 441302), (2232, 11, 445502), (2232, 11, 445825), (1082, 2, 446388), (1471, 0, 447590), (17, 11, 480020), (2408, 5, 494840), (2615, 4, 540264), (17, 11, 649672), (2408, 5, 658826), (2232, 11, 695565), (660, 0, 873317), (1268, 0, 900615), (68, 5, 1002003), (45, 14, 1030277), (2232, 11, 1037654), (1853, 0, 1075273), (2232, 11, 1444168), (4056, 6, 1566174), (1726, 14, 1638114), (1082, 2, 1729493), (1268, 0, 1756769), (1268, 0, 1761163), (1082, 2, 1818515), (68, 5, 1824097), (1082, 2, 1827347), (1082, 2, 1827850), (1082, 2, 1828022), (1082, 2, 1829712), (628, 15, 2260092)]"
968 "[(8275, 7, 172827)]"
1126 "[(8466, 2, 180995), (8466, 2, 181028), (8466, 2, 370472)]"
189 "[(8466, 2, 198446), (8466, 2, 198481), (8466, 2, 198703), (8466, 2, 198749)]"
1245 "[(8719, 5, 213789)]"
1261 "[(8719, 5, 216998), (8339, 4, 848785), (8779, 15, 1339696), (8398, 7, 2460047), (8398, 7, 2460099)]"
1277 "[(8299, 2, 219357), (8299, 2, 219376), (8601, 3, 220598), (8601, 3, 220627), (8331, 12, 374815), (8331, 12, 374836), (8583, 13, 374929), (8583, 13, 374953), (8572, 11, 376310), (8572, 11, 376337), (8434, 12, 383545), (8434, 12, 383570), (8411, 3, 388982), (8411, 3, 389005), (8791, 5, 406271), (8791, 5, 406292), (8791, 5, 406308), (8534, 0, 727508), (8534, 0, 727578), (8576, 8, 811210), (8576, 8, 811229), (9048, 13, 1019608), (9048, 13, 1019640), (8269, 3, 1065979), (8269, 3, 1066002), (8237, 6, 1096831), (8237, 6, 1096858), (8404, 15, 1105929), (8404, 15, 1105951), (8292, 12, 1673824), (8292, 12, 1673875), (8292, 12, 1673898), (8749, 12, 2043383), (8749, 12, 2043446), (8749, 12, 2043487), (8467, 15, 2277166), (8467, 15, 2277188), (8975, 10, 2294161), (8975, 10, 2294189), (8975, 10, 2316718), (8975, 10, 2323203), (8975, 10, 2323899), (8516, 13, 2392849), (8516, 13, 2392867), (9071, 3, 2395192), (9071, 3, 2395211), (9028, 10, 2550903), (9028, 10, 2550921)]"
1012 "[(8387, 0, 223978), (8387, 0, 224036), (8387, 0, 224090), (8297, 0, 224392), (8387, 0, 551180), (8297, 0, 1284153), (8297, 0, 1284238), (8297, 0, 1529291), (8297, 0, 1675696), (8645, 0, 1870553), (8645, 0, 2188627), (8645, 0, 2188677), (8297, 0, 2388547), (8297, 0, 2388723)]"
364 "[(8520, 14, 224826), (8537, 10, 230417), (8537, 10, 230454), (8537, 10, 326979), (8537, 10, 327259), (8537, 10, 328822), (8537, 10, 335708), (8520, 14, 338059), (8520, 14, 391838), (8537, 10, 466060), (8537, 10, 466098), (8537, 10, 466339), (8520, 14, 586918), (8520, 14, 587035), (8520, 14, 587405), (8520, 14, 587893), (8537, 10, 588273), (8537, 10, 588402), (8520, 14, 591543), (8537, 10, 645547), (8537, 10, 661094), (8537, 10, 670549), (8520, 14, 670947), (8537, 10, 671778), (8537, 10, 672161), (9048, 13, 1011639), (8537, 10, 1461754), (8537, 10, 1697875), (8537, 10, 1697936), (8537, 10, 1697954), (8537, 10, 1698071), (8537, 10, 1698646), (8537, 10, 1698751), (8537, 10, 1700100), (8537, 10, 1700189), (8537, 10, 1700256), (8537, 10, 1707811), (8520, 14, 1875205), (8520, 14, 1877140), (8520, 14, 1877143), (8520, 14, 1877155), (8520, 14, 2222694), (8537, 10, 2222988), (8537, 10, 2666188), (8537, 10, 2666653), (8537, 10, 2668338)]"
1299 "[(8466, 2, 225310), (8466, 2, 755022), (8466, 2, 1477755), (8466, 2, 1905939)]"
349 "[(8611, 14, 237033)]"
1420 "[(8343, 9, 248094)]"
1180 "[(8249, 13, 248982)]"
1434 "[(8603, 4, 250813), (8603, 4, 250840), (8965, 0, 671109), (8575, 4, 1336113)]"
1479 "[(8583, 13, 261981), (8583, 13, 261998)]"
996 "[(8540, 15, 262235), (8591, 7, 329492), (8591, 7, 329644), (8591, 7, 329851), (8591, 7, 329904), (8510, 4, 330465), (8510, 4, 330508), (8284, 12, 441309), (9072, 3, 1209987), (9072, 3, 1210132), (9072, 3, 1210159), (9072, 3, 1210189), (9072, 3, 1210217), (9072, 3, 1210360), (8887, 3, 1313265), (8887, 3, 1313315), (8887, 3, 1313375), (8887, 3, 1313423), (8887, 3, 1313480), (8411, 3, 1381155), (8411, 3, 1491983), (8411, 3, 1492033), (8411, 3, 1492489), (8508, 10, 2544904)]"
425 "[(8342, 10, 271217), (8342, 10, 271764), (8342, 10, 272044), (8342, 10, 272206), (8342, 10, 272377), (8662, 10, 684860), (8537, 10, 734731)]"
1549 "[(8269, 3, 277839), (8269, 3, 466161), (8688, 14, 615256), (8688, 14, 615756), (8688, 14, 616767), (8688, 14, 617812), (8887, 3, 678555), (8688, 14, 975058), (8688, 14, 975540), (8591, 7, 2096203), (8506, 6, 2228751), (8591, 7, 2423635), (8591, 7, 2427481), (8617, 2, 2436759), (8617, 2, 2437239), (8617, 2, 2437423), (8686, 0, 2673220)]"
8251 "[(233, 0, 285898), (68, 5, 351039), (445, 2, 513002), (445, 2, 513120), (2936, 10, 861088), (68, 5, 952341), (983, 5, 1124172), (40, 0, 1153252), (1036, 7, 1386965), (5475, 4, 1424405), (1853, 0, 1424892), (423, 11, 1812398), (68, 5, 1814490), (68, 5, 1894797), (4296, 13, 1905003), (1255, 4, 1985269), (68, 5, 1986006), (68, 5, 2194558), (1726, 14, 2662951)]"
1588 "[(8466, 2, 289296), (8466, 2, 290349)]"
1634 "[(8274, 2, 304067)]"
1649 "[(8807, 8, 307428), (8454, 12, 1279947)]"
990 "[(8631, 6, 311684), (8631, 6, 311875), (8631, 6, 313420), (8887, 3, 996681), (8887, 3, 996791), (8887, 3, 996951)]"
1536 "[(8412, 2, 317804)]"
1072 "[(8297, 0, 324741)]"
1829 "[(8312, 15, 339935), (8887, 3, 746062), (8806, 9, 1125497), (8591, 7, 2425555), (8883, 5, 2602960), (8883, 5, 2603034)]"
8758 "[(68, 5, 341944), (68, 5, 353229), (246, 11, 557554), (68, 5, 1052333), (68, 5, 1099201), (5869, 2, 1570139), (68, 5, 1588873), (68, 5, 2068508), (68, 5, 2183116), (68, 5, 2217824), (68, 5, 2268879), (5869, 2, 2311338), (5869, 2, 2321175), (5869, 2, 2321269), (5869, 2, 2325371), (68, 5, 2349432), (68, 5, 2350655), (5869, 2, 2415207), (5869, 2, 2415881), (68, 5, 2435106), (233, 0, 2447669), (5869, 2, 2507165), (5869, 2, 2522448), (5869, 2, 2588166), (5869, 2, 2589865), (5869, 2, 2590789), (5869, 2, 2591227), (5869, 2, 2591353), (5869, 2, 2591830), (5869, 2, 2592061), (5869, 2, 2592258), (68, 5, 2641901), (5869, 2, 2652563)]"
8835 "[(233, 0, 368197), (1778, 0, 426212), (423, 11, 426417), (671, 15, 431803), (671, 15, 431831), (1264, 12, 500000), (71, 9, 507194), (608, 15, 513380), (71, 9, 726607), (1778, 0, 900927), (71, 9, 1383352), (71, 9, 1383751), (71, 9, 1454162), (71, 9, 1553919), (71, 9, 1796575), (71, 9, 2223579), (71, 9, 2223628)]"
1981 "[(8408, 5, 384089), (9069, 2, 1235441)]"
8846 "[(826, 0, 386798), (2051, 0, 400386), (1586, 10, 451179), (233, 0, 542231), (659, 14, 623523), (1499, 0, 717269), (1499, 0, 718916), (73, 10, 888495), (4001, 14, 1029249), (4085, 0, 1045664), (826, 0, 1130165)]"
8855 "[(1970, 2, 389161), (2039, 8, 403151), (68, 5, 423601), (40, 0, 437070), (233, 0, 453545), (40, 0, 460481), (1013, 15, 510702), (2505, 4, 516001), (68, 5, 523852), (2730, 0, 574683), (2730, 0, 574816), (2881, 14, 603508), (68, 5, 896038), (68, 5, 994269), (2923, 0, 1017879), (233, 0, 1058755), (40, 0, 1060865), (2495, 0, 1193499), (890, 10, 1215520), (233, 0, 1232818), (68, 5, 1322015), (233, 0, 1489480), (68, 5, 1615939), (125, 11, 2002401)]"
2024 "[(8858, 2, 394785), (8858, 2, 688183), (8858, 2, 688337), (9166, 7, 1798907), (8347, 6, 2388251)]"
8578 "[(2031, 10, 396240), (608, 15, 585279), (1268, 0, 591829), (608, 15, 656739), (3794, 9, 877790), (1670, 14, 1364670), (1069, 2, 1384590), (1300, 10, 1422815), (659, 14, 1423060), (1300, 10, 1423101), (1300, 10, 1423603), (1300, 10, 1423763), (1300, 10, 1423855), (1300, 10, 1424029), (2040, 10, 1512738), (4001, 14, 2151751), (3794, 9, 2505905)]"
547 "[(8868, 0, 399217), (8868, 0, 399378), (8868, 0, 399430), (8868, 0, 400439), (8868, 0, 400534), (8868, 0, 400557), (8868, 0, 402469), (8868, 0, 402711), (8868, 0, 403043), (8868, 0, 468831), (8868, 0, 468982), (8868, 0, 469139), (8868, 0, 469247), (8868, 0, 582669), (8888, 4, 659809), (8888, 4, 659857), (8888, 4, 681919), (8868, 0, 684912), (8868, 0, 699329), (8868, 0, 709471), (8868, 0, 709567), (8868, 0, 1104094), (8868, 0, 1105447), (8868, 0, 1106492), (8868, 0, 1108920), (8868, 0, 1120974), (8868, 0, 1138043), (8868, 0, 1192051), (8868, 0, 1192163), (8868, 0, 1193811), (8868, 0, 1194209), (8868, 0, 1196762), (8868, 0, 1197568), (8868, 0, 1198095), (8868, 0, 1203914), (8868, 0, 1203971), (8868, 0, 1213126), (8868, 0, 1213366), (8868, 0, 1213571), (8868, 0, 1215024), (8868, 0, 1215453), (8868, 0, 1216541), (8868, 0, 1217263), (8868, 0, 1274345), (8868, 0, 1276209), (8868, 0, 1276800), (8868, 0, 1277604), (8868, 0, 1279017), (8868, 0, 1280154), (8868, 0, 1282475), (8868, 0, 1376460), (8868, 0, 1440439), (8868, 0, 1442016), (8868, 0, 1511070), (8868, 0, 1570308)]"
974 "[(8734, 5, 411165), (8734, 5, 411331), (8734, 5, 411451), (9048, 13, 1014640), (9048, 13, 1014758), (9048, 13, 1014788), (8411, 3, 1275503), (9166, 7, 1794040), (8937, 6, 2051702), (8937, 6, 2051740), (8870, 4, 2656436), (8870, 4, 2656506)]"
2209 "[(8257, 12, 435914)]"
8882 "[(1471, 0, 447710)]"
8443 "[(68, 5, 480646)]"
1392 "[(8888, 4, 488988), (8631, 6, 837999), (9048, 13, 984139), (9048, 13, 984225), (9048, 13, 984335), (9048, 13, 984444), (9048, 13, 985226), (9048, 13, 985522), (9048, 13, 987263), (9048, 13, 987338), (9048, 13, 987954), (9048, 13, 988002), (9048, 13, 988202), (9185, 5, 1952876), (9185, 5, 1952900), (9048, 13, 2299527)]"
2403 "[(8277, 8, 494104), (8998, 12, 1719883)]"
2119 "[(8888, 4, 506770), (9048, 13, 1058123), (9048, 13, 1064707), (9048, 13, 1065045), (9048, 13, 1065201), (8268, 5, 1300411)]"
2507 "[(8691, 4, 516290)]"
985 "[(8887, 3, 523883), (8887, 3, 532693), (8887, 3, 532773), (8887, 3, 532894), (8887, 3, 533091), (8887, 3, 533222)]"
2624 "[(8591, 7, 545451)]"
2055 "[(8888, 4, 551966), (8411, 3, 895025), (8245, 4, 1601925), (8245, 4, 1602012), (8526, 7, 1602866), (8526, 7, 1602976), (8441, 0, 2093220)]"
8928 "[(1268, 0, 553131), (1268, 0, 653789), (233, 0, 886256), (1185, 4, 913972), (2864, 5, 1189201), (68, 5, 1190442), (2864, 5, 1191251), (2864, 5, 1448210), (68, 5, 1506524), (2864, 5, 1538936), (2864, 5, 1538977), (2864, 5, 1539102), (2864, 5, 1539414), (2864, 5, 1620232), (2864, 5, 1620267), (2864, 5, 1718713), (912, 9, 1919771), (68, 5, 1920649), (5129, 5, 2635248), (5129, 5, 2639962)]"
8571 "[(2658, 10, 554763), (1219, 11, 807446), (1219, 11, 807521), (233, 0, 1234208), (518, 9, 1388883), (167, 11, 1392983), (73, 10, 2335770)]"
1378 "[(8734, 5, 578016), (8339, 4, 685439), (8319, 7, 759906), (8631, 6, 2389102)]"
2134 "[(8937, 6, 584878), (9048, 13, 992383), (9048, 13, 992409), (9048, 13, 992465), (9048, 13, 1015621), (9072, 3, 1187747), (9072, 3, 1187797), (8937, 6, 1419433), (8937, 6, 1419482), (9072, 3, 1430170), (8888, 4, 1718587), (8937, 6, 2019402), (8937, 6, 2019429), (8438, 0, 2047211), (8937, 6, 2058205), (8937, 6, 2058690), (8347, 6, 2059386), (8937, 6, 2059644), (8937, 6, 2059698), (8937, 6, 2059775), (8347, 6, 2059887), (8937, 6, 2134086), (8319, 7, 2148214), (8319, 7, 2148283), (9205, 5, 2153591), (9205, 5, 2153632), (8937, 6, 2191479), (9205, 5, 2191621), (8937, 6, 2191690), (9205, 5, 2224050), (9205, 5, 2224069), (9205, 5, 2224086), (8937, 6, 2384750), (8937, 6, 2460500), (8937, 6, 2460653), (8314, 6, 2461224), (8526, 7, 2461227), (8247, 6, 2479183), (9214, 8, 2480127), (8504, 8, 2480150), (8438, 0, 2485507), (8347, 6, 2554059), (8631, 6, 2574492), (8576, 8, 2574502), (8347, 6, 2586732), (8937, 6, 2639671), (9084, 2, 2643167)]"
2797 "[(8887, 3, 589011), (8887, 3, 590802), (8969, 5, 761812), (8887, 3, 777416), (9072, 3, 1454963), (8319, 7, 2037567), (8247, 6, 2540018)]"
8771 "[(1268, 0, 591209), (2863, 11, 599507), (3743, 14, 863407), (2230, 4, 1022711), (2230, 4, 1022770), (2863, 11, 1025118), (233, 0, 1061313), (931, 7, 1169138), (233, 0, 1233517), (233, 0, 1416990), (1726, 14, 2137028), (233, 0, 2448765), (965, 3, 2565923)]"
8456 "[(2810, 9, 591420), (2810, 9, 591486), (233, 0, 625282), (3694, 4, 853390), (233, 0, 1152173), (2461, 0, 2315260), (2461, 0, 2315648), (383, 10, 2511285), (480, 2, 2540931), (835, 11, 2637092), (835, 11, 2638972)]"
2818 "[(8477, 12, 592288)]"
8901 "[(659, 14, 610522)]"
8614 "[(1173, 11, 630493), (2196, 7, 655072), (233, 0, 716947)]"
989 "[(8856, 13, 665555)]"
8978 "[(1314, 5, 693923), (233, 0, 809893), (2054, 14, 1099741), (68, 5, 1208001), (4085, 0, 1840051), (2615, 4, 2068293)]"
3265 "[(8887, 3, 709244), (8887, 3, 709408)]"
1224 "[(8556, 11, 721730), (8887, 3, 840616), (9069, 2, 1178216), (9071, 3, 1562892)]"
2011 "[(8969, 5, 759391), (8969, 5, 759503), (8969, 5, 759546), (9168, 6, 2048232), (9168, 6, 2048455), (8250, 5, 2158755)]"
3504 "[(8520, 14, 778976)]"
3613 "[(8295, 13, 823406), (8873, 2, 1083540), (9062, 5, 1085071), (8997, 0, 1129845)]"
3706 "[(8247, 6, 851500), (8253, 4, 1269581)]"
1598 "[(8466, 2, 913011), (8466, 2, 2027747), (8466, 2, 2027921), (8466, 2, 2128124), (8466, 2, 2128347)]"
2848 "[(8887, 3, 920097), (8887, 3, 920657), (8887, 3, 920804), (8887, 3, 921288), (8887, 3, 921387), (8887, 3, 921562), (9048, 13, 1122102)]"
4000 "[(8333, 15, 943991)]"
4015 "[(8266, 11, 948552), (8266, 11, 948627)]"
4019 "[(8874, 15, 949264), (8806, 9, 1127509), (8806, 9, 1127518), (8806, 9, 1207657), (8402, 2, 1213433), (8402, 2, 1213434), (8502, 12, 1213466), (8502, 12, 1213468), (8806, 9, 1217731), (8419, 8, 1322668), (8419, 8, 1322670), (8350, 6, 1322736), (8350, 6, 1322743), (8331, 12, 1323069), (8331, 12, 1323072), (8466, 2, 1323555), (8466, 2, 1323563), (8240, 12, 1981672), (8240, 12, 1981676), (8695, 10, 2004306), (8446, 6, 2005775)]"
3896 "[(9034, 12, 998276), (8719, 5, 1096039), (9069, 2, 1260436), (8295, 13, 2109232)]"
806 "[(9048, 13, 1000916), (8752, 3, 1001072), (8752, 3, 1001157), (8752, 3, 1001191), (8752, 3, 1001528), (8295, 13, 1204653), (9028, 10, 2545105)]"
4202 "[(8466, 2, 1009952), (8435, 2, 1146007), (8435, 2, 1146036), (8466, 2, 1628589), (8466, 2, 1628769), (8435, 2, 1717541), (8466, 2, 2112427), (8435, 2, 2443647), (8435, 2, 2641588), (8435, 2, 2641748)]"
1672 "[(8548, 15, 1055177), (9168, 6, 2006419)]"
8628 "[(4506, 15, 1100157), (2131, 15, 1347220), (68, 5, 1470944), (233, 0, 1839294), (867, 2, 1983098), (4085, 0, 2100276), (3351, 10, 2112761), (68, 5, 2121954), (68, 5, 2208981)]"
4630 "[(8358, 12, 1141251)]"
4651 "[(8237, 6, 1150645)]"
3855 "[(9072, 3, 1157878), (9072, 3, 1157896)]"
2012 "[(8247, 6, 1175104), (9072, 3, 1175262), (9072, 3, 1261825), (9072, 3, 1262067), (8247, 6, 1269692), (9072, 3, 1350396), (9072, 3, 1522455)]"
8322 "[(1219, 11, 1178830)]"
4756 "[(9072, 3, 1179701)]"
1381 "[(8247, 6, 1279564), (8247, 6, 1342151), (8247, 6, 1426705), (8247, 6, 1427102), (8247, 6, 1512351), (8247, 6, 1531396), (8247, 6, 1534080), (8247, 6, 1534190), (8247, 6, 1621924), (8247, 6, 1622147), (8247, 6, 1622282), (8247, 6, 2462500)]"
5119 "[(8350, 6, 1289299)]"
9096 "[(534, 3, 1292437), (534, 3, 1293434), (534, 3, 1295700), (534, 3, 1296421), (43, 5, 1302649), (318, 11, 1304998), (68, 5, 1311230), (43, 5, 1320774), (43, 5, 1320887), (4635, 3, 1321202), (5206, 3, 1323021), (5206, 3, 1323065), (5206, 3, 1323115), (5206, 3, 1323163), (3756, 13, 1330600), (43, 5, 1330717), (68, 5, 1340486), (17, 11, 1343767), (1682, 6, 1350748), (43, 5, 1353371), (534, 3, 1371600), (646, 6, 1380290), (646, 6, 1380877), (935, 5, 1384260), (646, 6, 1385062), (646, 6, 1385727), (935, 5, 1386969), (1059, 0, 1387685), (1059, 0, 1387712), (2925, 0, 1391878), (221, 5, 1400664), (221, 5, 1400829), (1527, 3, 1411609), (646, 6, 1454854), (646, 6, 1455059), (221, 5, 1458388), (646, 6, 1462304), (221, 5, 1471760), (646, 6, 1472647), (119, 3, 1478663), (119, 3, 1478735), (119, 3, 1478759), (119, 3, 1478866), (221, 5, 1478893), (119, 3, 1479481), (221, 5, 1479578), (68, 5, 1487093), (646, 6, 1487611), (646, 6, 1487640), (853, 3, 1487961), (5699, 10, 1499308), (3085, 12, 1518428), (3318, 4, 1523552), (3318, 4, 1526517), (3318, 4, 1526780), (43, 5, 1527302), (119, 3, 1535856), (119, 3, 1540467), (221, 5, 1554934), (935, 5, 1555521), (221, 5, 1556923), (221, 5, 1557034), (221, 5, 1557367), (221, 5, 1557472), (221, 5, 1557551), (221, 5, 1562211), (221, 5, 1563762), (221, 5, 1564315), (646, 6, 1590053), (3029, 3, 1627005), (3085, 12, 1627914), (221, 5, 1653345), (221, 5, 1656790), (221, 5, 1661503), (221, 5, 1662539), (221, 5, 1663530), (221, 5, 1663924), (3085, 12, 1667127), (3085, 12, 1667972), (6041, 5, 1675320), (221, 5, 1735127), (221, 5, 1822074), (221, 5, 1906021)]"
8580 "[(17, 11, 1296993)]"
2749 "[(8603, 4, 1314376)]"
9099 "[(68, 5, 1316607), (4085, 0, 1320150), (3591, 11, 1361385), (68, 5, 1392665), (233, 0, 1923158), (68, 5, 1988305), (608, 15, 2247541), (608, 15, 2247554), (608, 15, 2247566), (68, 5, 2420231)]"
5201 "[(8466, 2, 1320026)]"
8894 "[(68, 5, 1321452), (68, 5, 1340050), (68, 5, 1513266), (4085, 0, 1564217), (1471, 0, 1654643), (233, 0, 1749220), (532, 14, 2485122)]"
5045 "[(9102, 3, 1331667)]"
596 "[(8640, 15, 1353859), (8268, 5, 1555242), (8586, 9, 1741331), (9143, 4, 1742760), (8421, 13, 2579998), (8642, 9, 2596791)]"
5453 "[(8937, 6, 1410943)]"
1160 "[(8274, 2, 1435797)]"
1537 "[(8444, 0, 1439399), (8444, 0, 1439592), (8444, 0, 1439763), (8444, 0, 1439803), (8444, 0, 1440289), (8444, 0, 1440361), (8444, 0, 1440398), (8444, 0, 1440476), (8444, 0, 1440515), (8444, 0, 1440798)]"
2375 "[(8900, 9, 1460908)]"
5151 "[(8268, 5, 1471656), (8268, 5, 1529392), (8268, 5, 1551309)]"
9132 "[(68, 5, 1483957), (931, 7, 1516770), (931, 7, 1519923), (68, 5, 1555648), (4085, 0, 1558542), (68, 5, 1561698), (3495, 4, 1713319)]"
9133 "[(78, 4, 1485566), (78, 4, 1485592), (5677, 13, 1488034), (233, 0, 1923115), (68, 5, 1930778), (73, 10, 2336271), (68, 5, 2383819), (826, 0, 2429742), (233, 0, 2448421)]"
2316 "[(8500, 5, 1525875), (8500, 5, 1528989), (8500, 5, 1529243)]"
4100 "[(8401, 14, 1532850), (9151, 7, 1673132), (9151, 7, 1773602), (9151, 7, 1774028), (9151, 7, 1774124), (9151, 7, 1957275), (9151, 7, 1957651), (9151, 7, 1957969), (8927, 0, 2221641), (8927, 0, 2222349)]"
5795 "[(8247, 6, 1542801)]"
1556 "[(8612, 13, 1546298)]"
5909 "[(8556, 11, 1586670), (8556, 11, 1864075), (8556, 11, 1864406), (8556, 11, 1864865), (8556, 11, 2125568)]"
1885 "[(8260, 7, 1624791), (8260, 7, 1627428), (8260, 7, 1712513), (8260, 7, 2441689), (8319, 7, 2492039), (8319, 7, 2492657), (8591, 7, 2609992)]"
9163 "[(2231, 3, 1662214), (2231, 3, 1662237), (646, 6, 1670048), (646, 6, 1670893), (646, 6, 1671305), (646, 6, 1671657), (646, 6, 1672847), (646, 6, 1673157), (646, 6, 1673979), (6091, 5, 1674096), (6093, 14, 1674778), (646, 6, 1674942), (646, 6, 1675076), (646, 6, 1675279), (1367, 13, 1676406), (1367, 13, 1676684), (1367, 13, 1676735), (1367, 13, 1676833), (1367, 13, 1676913), (1367, 13, 1677088), (1367, 13, 1677276), (1367, 13, 1677291), (1367, 13, 1677848), (1367, 13, 1678112), (1367, 13, 1679119), (1367, 13, 1679241), (68, 5, 1681872), (1367, 13, 1684211), (484, 3, 1689960), (853, 3, 1692580), (1367, 13, 1694254), (853, 3, 1694698), (853, 3, 1694966), (1570, 3, 1705257), (68, 5, 1707239), (2468, 3, 1712016), (2468, 3, 1712071), (1276, 14, 1712812), (1276, 14, 1712977), (1276, 14, 1713105), (1276, 14, 1713229), (4895, 6, 1715438), (646, 6, 1716125), (935, 5, 1717489), (935, 5, 1717505), (143, 13, 1718425), (3039, 0, 1720821), (646, 6, 1722804), (646, 6, 1750337), (646, 6, 1762478), (350, 11, 1783871), (646, 6, 1797650), (935, 5, 1814631), (96, 13, 1815192), (96, 13, 1815203), (96, 13, 1815348), (646, 6, 1816113), (5855, 7, 1816637), (3512, 14, 1894896), (3512, 14, 1895199), (17, 11, 1895544), (22, 7, 1901908), (6612, 14, 1903812), (6093, 14, 1968064), (646, 6, 2069031), (3863, 4, 2148424), (6464, 4, 2169719), (646, 6, 2245470), (646, 6, 2245598), (6464, 4, 2345951), (646, 6, 2446613), (646, 6, 2446629), (646, 6, 2525449)]"
1596 "[(9151, 7, 1691754), (9151, 7, 1980631)]"
6358 "[(9166, 7, 1783814)]"
6383 "[(9166, 7, 1793724)]"
5556 "[(8500, 5, 1805983)]"
6108 "[(9166, 7, 1878736)]"
1567 "[(9166, 7, 1895947)]"
6658 "[(9185, 5, 1920086)]"
6472 "[(8323, 12, 1939573), (8323, 12, 1939706), (8323, 12, 1940043)]"
3009 "[(8640, 15, 1983111)]"
2008 "[(8275, 7, 1987954)]"
792 "[(8452, 5, 2067383)]"
6960 "[(8268, 5, 2067934)]"
9115 "[(2434, 10, 2070465), (2434, 10, 2070687)]"
3187 "[(8438, 0, 2138562), (8438, 0, 2138668)]"
9179 "[(68, 5, 2138841)]"
2116 "[(9198, 8, 2145080)]"
5586 "[(9205, 5, 2164344)]"
2955 "[(8592, 15, 2165773)]"
5735 "[(9202, 3, 2171724), (9202, 3, 2172023)]"
9150 "[(4085, 0, 2181557)]"
9203 "[(73, 10, 2186672), (40, 0, 2188309), (4085, 0, 2356438)]"
6081 "[(9080, 5, 2230328)]"
2537 "[(8975, 10, 2230837)]"
650 "[(8971, 7, 2237721)]"
1516 "[(8250, 5, 2246868)]"
816 "[(8261, 12, 2280633)]"
9122 "[(4085, 0, 2292588)]"
1554 "[(8989, 8, 2336376)]"
6213 "[(8637, 11, 2367344)]"
5838 "[(9166, 7, 2417835), (9166, 7, 2418503)]"
2244 "[(8446, 6, 2489866)]"
1200 "[(8314, 6, 2502168)]"
9169 "[(40, 0, 2502926)]"
1661 "[(8250, 5, 2507475)]"
7988 "[(8268, 5, 2543829)]"
7837 "[(8466, 2, 2558751), (8466, 2, 2559062)]"
5711 "[(8565, 15, 2574393), (8565, 15, 2574476)]"
