17 "[(8243, 7, 1177), (8249, 13, 1451), (8284, 12, 5670), (8323, 12, 12817), (8341, 14, 16814), (8402, 2, 30558), (8374, 12, 32797), (8318, 2, 37052), (8438, 0, 40111), (8446, 6, 41785), (8499, 0, 70128), (8358, 12, 88465), (8361, 9, 95431), (8401, 14, 97223), (8589, 14, 106658), (8275, 7, 124186), (8622, 1, 138587), (8411, 3, 148451), (8426, 0, 149743), (8411, 3, 150750), (8682, 14, 153558), (8685, 15, 156157), (8246, 13, 157360), (8401, 14, 158754), (8676, 9, 165616), (8283, 8, 170050), (8246, 13, 170305), (8622, 1, 182370), (8411, 3, 186170), (8720, 14, 186869), (8644, 12, 188207), (8726, 15, 195902), (8243, 7, 205623), (8438, 0, 214194), (8348, 1, 222144), (8346, 14, 241163), (8343, 9, 246215), (8411, 3, 250645), (8622, 1, 259231), (8685, 15, 262248), (8446, 6, 263090), (8622, 1, 264623), (8722, 5, 270554), (8446, 6, 272005), (8466, 2, 272778), (8554, 2, 277089), (8295, 13, 280653), (8446, 6, 281680), (8313, 14, 286459), (8797, 5, 290085), (8411, 3, 302573), (8246, 13, 314620), (8411, 3, 316136), (8622, 1, 327702), (8814, 7, 328209), (8331, 12, 331428), (8622, 1, 341903), (8726, 15, 346243), (8466, 2, 346591), (8411, 3, 347927), (8622, 1, 349161), (8622, 1, 349446), (8622, 1, 349463), (8384, 12, 355509), (8781, 5, 368350), (8284, 12, 369969), (8411, 3, 386921), (8429, 15, 396941), (8591, 7, 399642), (8314, 6, 409032), (8652, 8, 409723), (8356, 5, 415752), (8482, 14, 417663), (8606, 1, 424239), (8801, 14, 425109), (8243, 7, 430636), (8316, 13, 438426), (8777, 9, 444777), (8639, 14, 450448), (8234, 1, 463581), (8559, 1, 480020), (8896, 7, 483671), (8888, 4, 487791), (8881, 5, 495688), (8888, 4, 497075), (8246, 13, 498413), (8677, 8, 500223), (8356, 5, 502589), (8243, 7, 505770), (8883, 5, 512569), (8318, 2, 519929), (8301, 13, 522829), (8273, 1, 539914), (8591, 7, 545464), (8888, 4, 545671), (8491, 15, 574110), (8873, 2, 574217), (8548, 15, 577042), (8343, 9, 577059), (8285, 8, 580995), (8888, 4, 581995), (8813, 0, 586709), (8936, 12, 587862), (8936, 12, 589851), (8320, 4, 591771), (8352, 14, 597249), (8936, 12, 597371), (8888, 4, 600344), (8703, 12, 609019), (8343, 9, 621128), (8390, 3, 624975), (8343, 9, 627094), (8936, 12, 627789), (8559, 1, 649672), (8639, 14, 650776), (8401, 14, 652500), (8887, 3, 657375), (8887, 3, 657593), (8644, 12, 672140), (8361, 9, 675391), (8554, 2, 675486), (8320, 4, 676229), (8852, 4, 679787), (8339, 4, 684551), (8943, 0, 685350), (8263, 5, 688553), (8341, 14, 689784), (8339, 4, 698451), (8237, 6, 704521), (8248, 1, 705971), (8339, 4, 715913), (8936, 12, 728806), (8466, 2, 731575), (8339, 4, 737406), (8346, 14, 742683), (8301, 13, 747410), (8777, 9, 752573), (8267, 3, 755056), (8246, 13, 757576), (8471, 3, 760066), (8504, 8, 760194), (8736, 5, 764241), (8318, 2, 766357), (8726, 15, 773973), (8295, 13, 774571), (8726, 15, 779528), (8421, 13, 780099), (8676, 9, 783903), (8237, 6, 793047), (8237, 6, 797183), (8295, 13, 822677), (8777, 9, 825063), (8971, 7, 825994), (8246, 13, 858799), (8341, 14, 863564), (8246, 13, 868624), (8419, 8, 871402), (8243, 7, 873642), (8726, 15, 878525), (8339, 4, 879534), (8676, 9, 881064), (8644, 12, 885983), (8736, 5, 891314), (8429, 15, 892574), (9034, 12, 907414), (8588, 1, 912007), (8339, 4, 916514), (8852, 4, 926450), (8339, 4, 932185), (8554, 2, 935577), (8446, 6, 938933), (8339, 4, 940838), (8777, 9, 943887), (8243, 7, 944414), (8887, 3, 945200), (8491, 15, 945278), (8341, 14, 947089), (8828, 9, 949674), (8339, 4, 952992), (8777, 9, 960272), (8974, 15, 962914), (8849, 13, 966052), (8246, 13, 969142), (8341, 14, 969832), (8638, 2, 984715), (8339, 4, 986486), (8812, 7, 999102), (8339, 4, 1000228), (8893, 8, 1000847), (8260, 7, 1003483), (8339, 4, 1010178), (9054, 2, 1015091), (9054, 2, 1016013), (8237, 6, 1018203), (8719, 5, 1023542), (8545, 1, 1024462), (8812, 7, 1025418), (8237, 6, 1035624), (8370, 6, 1039706), (8347, 6, 1039949), (8718, 15, 1040206), (8343, 9, 1044488), (8343, 9, 1047691), (8343, 9, 1049065), (8343, 9, 1050121), (8358, 12, 1062475), (8467, 15, 1080478), (9054, 2, 1081021), (9054, 2, 1081992), (8288, 12, 1091842), (8339, 4, 1092220), (8876, 7, 1097091), (8282, 9, 1097572), (8339, 4, 1098852), (8425, 14, 1098961), (8766, 2, 1106252), (8806, 9, 1115592), (8278, 15, 1118203), (8806, 9, 1118243), (8806, 9, 1125442), (8357, 13, 1126298), (8446, 6, 1134208), (8263, 5, 1137392), (8295, 13, 1143093), (8371, 12, 1158969), (8852, 4, 1161250), (8611, 14, 1161499), (8301, 13, 1165148), (8268, 5, 1167999), (9034, 12, 1171292), (9034, 12, 1171504), (8537, 10, 1177025), (8577, 14, 1177111), (8545, 1, 1177348), (8577, 14, 1178609), (8282, 9, 1185294), (8950, 9, 1191265), (8876, 7, 1204189), (8279, 2, 1205398), (8358, 12, 1207695), (8257, 12, 1214745), (8419, 8, 1229217), (8906, 13, 1233299), (8601, 3, 1235203), (9086, 13, 1239819), (9086, 13, 1240203), (9086, 13, 1240486), (9086, 13, 1240628), (9086, 13, 1240676), (9086, 13, 1241046), (9086, 13, 1241074), (9078, 6, 1258061), (9034, 12, 1260994), (8358, 12, 1262198), (8318, 2, 1262916), (9045, 2, 1265413), (8952, 0, 1271867), (8952, 0, 1274581), (8577, 14, 1274585), (8644, 12, 1276240), (8558, 7, 1277732), (8785, 15, 1284382), (8639, 14, 1289579), (8708, 13, 1290562), (8243, 7, 1290879), (8580, 1, 1296993), (8282, 9, 1307327), (8243, 7, 1318486), (8685, 15, 1332614), (8685, 15, 1334654), (8361, 9, 1338845), (8361, 9, 1340223), (9096, 1, 1343767), (8361, 9, 1353110), (8284, 12, 1358485), (8828, 9, 1360669), (8952, 0, 1363706), (8964, 13, 1371820), (8778, 2, 1374825), (9059, 9, 1382073), (8446, 6, 1383723), (8801, 14, 1385013), (8777, 9, 1390432), (8801, 14, 1393972), (8906, 13, 1398969), (8467, 15, 1400037), (8466, 2, 1405141), (8370, 6, 1422914), (8577, 14, 1429761), (8466, 2, 1430587), (8308, 5, 1449232), (8368, 1, 1452262), (8682, 14, 1468658), (8963, 15, 1470771), (8618, 9, 1475321), (8457, 12, 1480405), (8283, 8, 1482699), (8374, 12, 1485436), (8644, 12, 1490251), (8828, 9, 1496494), (8561, 14, 1496593), (8438, 0, 1498908), (8893, 8, 1511272), (8974, 15, 1517603), (8645, 0, 1517697), (8368, 1, 1518085), (8766, 2, 1519870), (8370, 6, 1522895), (9078, 6, 1525352), (8801, 14, 1527274), (8545, 1, 1534863), (8545, 1, 1540077), (8676, 9, 1546887), (9069, 2, 1548501), (9071, 3, 1549220), (9071, 3, 1549349), (8682, 14, 1549470), (9071, 3, 1556188), (8682, 14, 1561457), (8547, 12, 1566855), (9069, 2, 1569102), (8421, 13, 1593742), (8368, 1, 1594989), (8295, 13, 1595274), (8686, 0, 1605856), (8282, 9, 1609607), (8594, 6, 1617883), (8682, 14, 1632837), (8682, 14, 1633970), (8577, 14, 1638104), (8243, 7, 1646341), (8575, 4, 1657356), (8766, 2, 1659342), (9069, 2, 1660299), (8249, 13, 1672796), (8575, 4, 1683372), (9151, 7, 1696480), (8351, 12, 1697586), (8736, 5, 1699817), (8682, 14, 1712999), (8491, 15, 1719479), (8575, 4, 1720005), (8343, 9, 1721726), (8446, 6, 1722039), (8384, 12, 1724016), (8734, 5, 1729681), (8541, 8, 1730306), (8282, 9, 1737907), (8301, 13, 1738253), (8540, 15, 1741585), (8686, 0, 1774007), (8486, 12, 1780722), (9166, 7, 1783816), (8687, 9, 1790433), (8402, 2, 1889772), (8333, 15, 1892392), (9163, 1, 1895544), (9080, 5, 1896045), (8841, 13, 1899807), (8686, 0, 1907631), (8639, 14, 1909783), (8246, 13, 1912419), (8841, 13, 1913664), (8374, 12, 1922905), (8636, 0, 1928055), (8594, 6, 1942183), (8273, 1, 1943699), (8849, 13, 1951655), (8467, 15, 1966071), (8591, 7, 1973951), (8971, 7, 1975738), (8474, 12, 1980603), (9166, 7, 1981308), (8446, 6, 1982818), (8777, 9, 1992469), (8682, 14, 1992928), (8467, 15, 2044507), (8812, 7, 2047889), (9059, 9, 2049669), (8812, 7, 2051599), (8806, 9, 2056249), (8801, 14, 2066927), (8541, 8, 2068785), (8361, 9, 2071333), (8260, 7, 2074765), (8357, 13, 2077717), (8618, 9, 2083795), (8639, 14, 2084161), (8636, 0, 2084782), (8801, 14, 2085862), (8636, 0, 2088543), (8718, 15, 2089045), (8801, 14, 2108109), (8801, 14, 2108498), (8801, 14, 2108531), (8295, 13, 2108938), (8243, 7, 2109754), (8801, 14, 2110795), (8814, 7, 2121554), (8591, 7, 2133305), (9166, 7, 2139030), (8346, 14, 2140741), (8243, 7, 2142325), (8812, 7, 2143379), (8463, 15, 2143495), (9168, 6, 2152318), (8682, 14, 2157066), (8703, 12, 2158645), (8975, 10, 2164279), (8627, 14, 2169264), (8685, 15, 2173400), (8801, 14, 2173608), (8974, 15, 2176182), (8801, 14, 2180112), (8682, 14, 2189109), (9198, 8, 2191837), (8836, 12, 2193725), (8682, 14, 2198183), (8333, 15, 2211443), (8347, 6, 2215625), (8351, 12, 2217986), (8351, 12, 2218106), (8812, 7, 2218411), (8243, 7, 2218961), (8471, 3, 2220054), (8541, 8, 2223062), (8347, 6, 2225381), (8652, 8, 2234795), (8361, 9, 2235673), (9205, 5, 2238172), (8639, 14, 2239009), (8917, 13, 2239094), (8827, 7, 2240662), (8427, 7, 2243303), (8876, 7, 2246265), (8361, 9, 2249684), (8361, 9, 2250936), (8361, 9, 2251075), (8361, 9, 2251370), (8361, 9, 2251959), (8361, 9, 2252579), (8361, 9, 2257817), (8849, 13, 2261258), (8243, 7, 2264647), (8307, 9, 2265161), (8318, 2, 2268685), (8665, 6, 2272941), (8665, 6, 2274740), (8773, 10, 2275842), (8883, 5, 2275900), (8665, 6, 2278000), (8665, 6, 2279923), (8665, 6, 2280758), (8665, 6, 2281415), (8665, 6, 2281720), (9034, 12, 2298411), (8561, 14, 2299797), (9205, 5, 2299862), (8883, 5, 2300364), (9034, 12, 2306038), (8677, 8, 2315568), (8347, 6, 2318254), (8985, 8, 2318770), (8726, 15, 2321256), (9205, 5, 2337165), (8491, 15, 2339543), (8307, 9, 2341699), (8618, 9, 2343120), (8561, 14, 2343821), (8347, 6, 2344697), (8568, 12, 2346273), (8814, 7, 2347379), (8250, 5, 2351229), (8627, 14, 2354380), (8347, 6, 2385390), (8686, 0, 2387683), (8516, 13, 2387964), (8491, 15, 2388613), (8347, 6, 2389871), (9168, 6, 2391476), (9168, 6, 2391794), (8295, 13, 2395533), (8618, 9, 2396071), (8446, 6, 2404179), (8250, 5, 2406176), (8570, 15, 2412625), (8672, 7, 2415713), (8876, 7, 2418867), (9224, 2, 2424496), (8318, 2, 2449659), (8250, 5, 2477785), (8686, 0, 2489937), (9197, 8, 2493185), (8347, 6, 2494672), (8577, 14, 2497857), (8347, 6, 2502584), (8343, 9, 2503915), (8963, 15, 2512326), (8298, 4, 2516685), (8606, 1, 2524152), (9028, 10, 2545614), (9028, 10, 2545677), (8528, 14, 2546374), (8581, 15, 2549562), (8401, 14, 2556945), (8295, 13, 2568572), (8606, 1, 2576448), (8260, 7, 2583263), (8555, 15, 2583732), (9205, 5, 2589464), (8669, 7, 2606863), (8639, 14, 2617955), (9088, 4, 2623433), (8612, 13, 2629352), (8577, 14, 2631746), (9084, 2, 2653565), (8929, 10, 2660187), (8260, 7, 2665755), (8333, 15, 2666260), (8639, 14, 2672189), (8576, 8, 2673416), (8676, 9, 2678000)]"
8266 "[(73, 10, 7100), (68, 5, 646298), (68, 5, 650027), (3385, 15, 746400), (68, 5, 941239), (4015, 1, 948552), (4015, 1, 948627), (2654, 6, 998097), (68, 5, 1328498), (628, 15, 2333836), (608, 15, 2427238), (664, 4, 2676698), (664, 4, 2676731)]"
103 "[(8316, 13, 11710), (8299, 2, 318984), (8618, 9, 558763), (8504, 8, 573198), (8887, 3, 657729), (8887, 3, 658021), (8380, 15, 919476), (8761, 4, 1343595), (9077, 6, 2014696)]"
125 "[(8325, 13, 15797), (8361, 9, 95854), (8591, 7, 96076), (8466, 2, 273306), (8676, 9, 273368), (8622, 1, 355098), (8356, 5, 360329), (8343, 9, 449071), (8627, 14, 450240), (8558, 7, 514057), (8593, 7, 531536), (8593, 7, 531915), (8874, 15, 688132), (8588, 1, 690275), (8246, 13, 690287), (8339, 4, 789505), (8421, 13, 880957), (8374, 12, 881385), (8570, 15, 882705), (8974, 15, 962660), (8974, 15, 963053), (8343, 9, 1046436), (8343, 9, 1049186), (8343, 9, 1049903), (8343, 9, 1051370), (8806, 9, 1120998), (8243, 7, 1121750), (8426, 0, 1276465), (8426, 0, 1276569), (8883, 5, 1276596), (8507, 2, 1481240), (8507, 2, 1481588), (8618, 9, 1482644), (8591, 7, 1744956), (8402, 2, 2001858), (8855, 1, 2002401), (8355, 8, 2107072), (8917, 13, 2173937), (8985, 8, 2259255), (9205, 5, 2415260), (8676, 9, 2606015)]"
8315 "[(150, 2, 18349), (445, 2, 61814), (625, 2, 82573), (68, 5, 83776), (1505, 0, 268003), (150, 2, 439799), (233, 0, 545289), (68, 5, 1011303), (233, 0, 1057136), (445, 2, 1294691), (445, 2, 1294850)]"
167 "[(8355, 8, 20569), (8722, 5, 257299), (8734, 5, 257410), (8401, 14, 258402), (8401, 14, 258919), (8293, 1, 319472), (8314, 6, 494801), (8264, 15, 562251), (8888, 4, 563151), (8237, 6, 706671), (8237, 6, 706752), (8237, 6, 707249), (8237, 6, 707584), (9034, 12, 998242), (9034, 12, 998301), (9034, 12, 998357), (9034, 12, 998358), (9034, 12, 998540), (8812, 7, 999206), (9034, 12, 1171604), (8276, 13, 1173719), (8446, 6, 1177281), (8446, 6, 1177283), (8806, 9, 1180021), (8806, 9, 1180034), (8588, 1, 1184585), (8591, 7, 1267714), (8295, 13, 1386572), (8571, 1, 1392983), (8243, 7, 1469597), (8577, 14, 1699610), (8577, 14, 1720290), (8592, 15, 1748549), (8883, 5, 1786643), (9166, 7, 1810192), (8636, 0, 2088694), (8636, 0, 2088719), (8636, 0, 2088720), (8801, 14, 2325040)]"
8382 "[(209, 10, 26484), (209, 10, 781335), (1069, 2, 851819), (2121, 5, 861889), (2923, 0, 942261), (2023, 5, 1011915), (2728, 8, 1011951), (2121, 5, 1120955), (209, 10, 1170839), (209, 10, 1386406), (40, 0, 1543139), (1069, 2, 1622138), (1069, 2, 1623195), (233, 0, 1922804), (209, 10, 2269470)]"
246 "[(8247, 6, 32354), (8772, 12, 409561), (8777, 9, 468238), (8758, 1, 557554), (8607, 7, 654480), (8887, 3, 683658), (8893, 8, 985265), (8532, 8, 985678), (8766, 2, 986093), (9166, 7, 2070825), (9166, 7, 2070920), (8347, 6, 2297627)]"
8385 "[(233, 0, 32801), (233, 0, 282985), (799, 0, 290469), (1184, 15, 324640), (799, 0, 333616), (233, 0, 460443), (40, 0, 461582), (233, 0, 1494739), (233, 0, 1576281), (2746, 13, 1645325), (2746, 13, 1645342), (659, 14, 1908364)]"
303 "[(8450, 13, 43022), (8546, 6, 207147), (8823, 13, 374062), (8567, 10, 414464), (8879, 9, 566463), (8461, 13, 595377), (8765, 10, 723219), (8960, 10, 723252), (8635, 10, 808831), (8969, 5, 808898), (8540, 15, 830594), (8996, 14, 830782), (8540, 15, 917097), (8312, 15, 917154), (8564, 10, 917259), (8540, 15, 939914), (8877, 10, 939977), (9026, 10, 940030), (8540, 15, 1025467), (8877, 10, 1152474), (8483, 15, 1257216), (8702, 6, 1330488), (8508, 10, 1330521), (9046, 10, 1330550), (8564, 10, 1330570), (8996, 14, 1334600), (9064, 0, 1337851), (8581, 15, 1415688), (8401, 14, 1415773), (8971, 7, 1415933), (8344, 15, 1585575), (8666, 10, 1678804), (8877, 10, 1768078), (8508, 10, 1971011), (8514, 15, 1971049), (9194, 10, 2048575), (8286, 12, 2150176), (9168, 6, 2275572), (8526, 7, 2293545), (9125, 0, 2293572), (8555, 15, 2451026), (8324, 10, 2585211), (9034, 12, 2649019)]"
318 "[(8302, 5, 44232), (8302, 5, 44306), (8302, 5, 50565), (8302, 5, 50612), (8302, 5, 51086), (8302, 5, 51206), (8302, 5, 51260), (8302, 5, 51287), (8372, 3, 152603), (8622, 1, 153166), (8622, 1, 164278), (8622, 1, 164404), (8887, 3, 492943), (8892, 8, 503428), (8887, 3, 553447), (8887, 3, 596332), (8887, 3, 604412), (8261, 12, 617452), (8339, 4, 738459), (8887, 3, 852816), (8887, 3, 852876), (8887, 3, 852929), (8887, 3, 852981), (8887, 3, 853545), (8887, 3, 870869), (8887, 3, 871113), (8617, 2, 900927), (8887, 3, 907921), (8887, 3, 908018), (8887, 3, 1043591), (8887, 3, 1043611), (8887, 3, 1043714), (9045, 2, 1064236), (9045, 2, 1064253), (8806, 9, 1066040), (8806, 9, 1066587), (8806, 9, 1066954), (8887, 3, 1200926), (8887, 3, 1201059), (9069, 2, 1211388), (9069, 2, 1211613), (9069, 2, 1304295), (9096, 1, 1304998), (8887, 3, 1431983), (8887, 3, 1432040), (8887, 3, 1435189), (8887, 3, 1435313), (9080, 5, 2232895), (9080, 5, 2232956), (8956, 10, 2393894), (8956, 10, 2393920), (9028, 10, 2553074), (9215, 9, 2563459), (9215, 9, 2563546), (9215, 9, 2563565), (9215, 9, 2563592), (9215, 9, 2563625), (9215, 9, 2563800), (9215, 9, 2563863), (9215, 9, 2564059), (9215, 9, 2564081), (9215, 9, 2564161), (9215, 9, 2575911), (9215, 9, 2575955), (8887, 3, 2579156), (8887, 3, 2579388), (8887, 3, 2579484), (8887, 3, 2579573), (9084, 2, 2637403), (9084, 2, 2637449), (9084, 2, 2638487), (9084, 2, 2638915), (9084, 2, 2639140), (9084, 2, 2639171), (9084, 2, 2639281), (9084, 2, 2639951), (9215, 9, 2668841), (9084, 2, 2670628), (9084, 2, 2670863), (9084, 2, 2671177), (9084, 2, 2671373)]"
350 "[(8466, 2, 48938), (8665, 6, 142828), (8314, 6, 486228), (8548, 15, 655456), (8887, 3, 658881), (8318, 2, 908010), (8612, 13, 1159257), (8371, 12, 1160113), (9163, 1, 1783871), (8347, 6, 2301992), (8502, 12, 2303235)]"
420 "[(8423, 7, 59581), (8423, 7, 59676), (8423, 7, 59841), (8438, 0, 150741), (9034, 12, 1264321), (8243, 7, 1527099), (8812, 7, 2219820), (8812, 7, 2219947), (9168, 6, 2391587)]"
423 "[(8318, 2, 59854), (8531, 12, 71443), (8240, 12, 185352), (8240, 12, 185390), (8622, 1, 239259), (8384, 12, 351880), (8876, 7, 417871), (8835, 1, 426417), (8346, 14, 437468), (8548, 15, 445500), (8548, 15, 445677), (8548, 15, 445758), (8548, 15, 445799), (8654, 14, 529248), (8346, 14, 604030), (8423, 7, 681330), (8791, 5, 692175), (8591, 7, 696122), (8887, 3, 851053), (8374, 12, 878115), (8273, 1, 1018836), (8469, 8, 1023480), (8357, 13, 1035677), (8806, 9, 1045278), (8370, 6, 1097240), (8883, 5, 1121575), (8806, 9, 1179668), (8511, 8, 1194602), (8241, 7, 1194666), (8350, 6, 1202977), (8593, 7, 1203009), (9048, 13, 1288601), (8502, 12, 1302201), (8777, 9, 1305379), (8502, 12, 1335677), (8283, 8, 1336201), (8777, 9, 1369057), (8446, 6, 1369084), (9086, 13, 1422194), (8368, 1, 1422233), (8350, 6, 1422452), (8819, 13, 1452038), (8292, 12, 1464923), (8791, 5, 1577177), (8384, 12, 1640740), (8237, 6, 1703256), (8251, 1, 1812398), (8454, 12, 2304084), (9166, 7, 2318316), (8612, 13, 2409917), (8384, 12, 2491156), (8781, 5, 2491199)]"
545 "[(8517, 8, 71616), (8517, 8, 2306664)]"
285 "[(8546, 6, 72489), (8546, 6, 72499), (8623, 8, 122257), (8623, 8, 122305), (8623, 8, 122317), (8411, 3, 132632), (8372, 3, 330148), (8249, 13, 730046), (8623, 8, 738095), (8249, 13, 759795), (8249, 13, 759902), (8249, 13, 828497), (8249, 13, 828507), (8249, 13, 849214), (8623, 8, 900889), (8249, 13, 916307), (8249, 13, 916363), (8249, 13, 916389), (8249, 13, 916421), (8249, 13, 917729), (8249, 13, 980074), (9048, 13, 986683), (9048, 13, 986730), (8623, 8, 1075468), (8623, 8, 1090025), (8623, 8, 1090034), (8249, 13, 1091783), (8249, 13, 1152669), (8577, 14, 1165764), (8577, 14, 1174659), (8577, 14, 1174790), (8577, 14, 1177719), (9072, 3, 1178197), (8577, 14, 1194457), (8623, 8, 1239994), (8249, 13, 1337030), (8249, 13, 1337095), (8249, 13, 1337126), (8295, 13, 1341126), (8295, 13, 1341160), (8295, 13, 1341179), (8295, 13, 1341208), (8295, 13, 1341287), (8411, 3, 1344124), (8295, 13, 1346936), (8295, 13, 1346992), (8295, 13, 1347009), (8295, 13, 1347069), (8295, 13, 1347120), (8295, 13, 1347216), (8623, 8, 1352640), (8249, 13, 1420408), (8295, 13, 1436826), (8295, 13, 1452056), (8295, 13, 1500285), (8887, 3, 1511690), (8295, 13, 1587800), (8295, 13, 1605421), (8295, 13, 1605473), (8295, 13, 1675931), (8249, 13, 1711071), (8577, 14, 1776551), (8411, 3, 1885318), (8411, 3, 1936600), (8249, 13, 1967902), (8623, 8, 2361151), (9084, 2, 2629384), (9084, 2, 2629400), (9084, 2, 2629420)]"
8563 "[(604, 10, 79111), (782, 0, 1190805), (148, 8, 1271263), (3108, 13, 1274411), (3108, 13, 1274413), (1726, 14, 1460361), (4806, 9, 1696997), (4806, 9, 1697066), (4178, 2, 1700643), (4697, 4, 1885506), (4697, 4, 1885567), (859, 14, 2496568)]"
8239 "[(230, 6, 81084), (230, 6, 414595), (2312, 10, 476442), (2825, 10, 593233), (2825, 10, 598531), (2825, 10, 611433), (823, 10, 731963), (3507, 10, 815779), (3507, 10, 897221), (823, 10, 913295), (823, 10, 913715), (823, 10, 914206), (3507, 10, 917634), (3507, 10, 921537), (3507, 10, 925803), (2825, 10, 944354), (2825, 10, 951855), (2825, 10, 953777), (2825, 10, 954560), (3507, 10, 1002547), (3507, 10, 1003082), (3507, 10, 1003320), (3507, 10, 1003530), (3507, 10, 1005879), (3507, 10, 1007964), (3507, 10, 1011748), (3507, 10, 1095998), (3507, 10, 1183208), (3507, 10, 1183711), (3507, 10, 1183930), (3507, 10, 1277615), (3507, 10, 1277705), (3507, 10, 1279901), (2825, 10, 1360155), (823, 10, 1609813), (2825, 10, 1691035), (2174, 2, 1734170), (4213, 10, 2326370), (3507, 10, 2340858), (2825, 10, 2563944), (3507, 10, 2583470), (3507, 10, 2583879)]"
623 "[(8517, 8, 82165), (8517, 8, 147119), (8517, 8, 307188), (8517, 8, 307204), (8517, 8, 501508), (8517, 8, 663253), (8517, 8, 663302), (8892, 8, 667382), (8892, 8, 667497), (8892, 8, 667515), (8892, 8, 667557), (8892, 8, 667732), (8892, 8, 667870), (8892, 8, 667952), (8517, 8, 751514), (8576, 8, 765548), (8576, 8, 768001), (8576, 8, 768044), (8576, 8, 768084), (8517, 8, 1036839), (8892, 8, 1081708), (8892, 8, 1082745), (8989, 8, 1346394), (8989, 8, 1347517), (8989, 8, 1617171), (8989, 8, 1617207), (8989, 8, 1617244), (8817, 10, 1625030), (8817, 10, 1637917), (8817, 10, 1639219), (8817, 10, 1639249), (8817, 10, 1678800), (8817, 10, 1678895), (8817, 10, 1678920), (8817, 10, 1678934), (8817, 10, 1679016), (8817, 10, 1684811), (8817, 10, 1697378), (8817, 10, 1720803), (8817, 10, 1768933), (8817, 10, 1782914), (8817, 10, 1806083), (8989, 8, 2143864), (8817, 10, 2152128), (8892, 8, 2214068), (8817, 10, 2237566), (8817, 10, 2237647), (8817, 10, 2237687), (8517, 8, 2238376), (8517, 8, 2238420), (8517, 8, 2238456), (8517, 8, 2238475), (8817, 10, 2292570), (8817, 10, 2292672), (8817, 10, 2292764), (8817, 10, 2304390), (8817, 10, 2304567), (8817, 10, 2305902), (8817, 10, 2305942), (8817, 10, 2306118), (8914, 10, 2306667), (8817, 10, 2306769), (8817, 10, 2323701), (8817, 10, 2323743), (8817, 10, 2323771), (8817, 10, 2323899), (8817, 10, 2324545), (8817, 10, 2373542), (8892, 8, 2468123), (8817, 10, 2479819), (8817, 10, 2480900), (8817, 10, 2481140), (8817, 10, 2481318), (8817, 10, 2500136), (9215, 9, 2642124), (8914, 10, 2642475), (8914, 10, 2643183), (8914, 10, 2643215), (8914, 10, 2648763), (8817, 10, 2649623), (9215, 9, 2652982), (8914, 10, 2653274), (8817, 10, 2661751), (8817, 10, 2662964), (9215, 9, 2668901)]"
8572 "[(627, 8, 83039), (384, 7, 325144), (573, 12, 328733), (912, 9, 328826), (887, 10, 328978), (1755, 7, 329219), (573, 12, 329671), (887, 10, 331055), (896, 10, 332585), (887, 10, 333215), (400, 10, 335136), (400, 10, 335196), (400, 10, 335444), (317, 7, 343311), (400, 10, 366699), (1277, 1, 376310), (1277, 1, 376337), (400, 10, 380936), (400, 10, 401230), (400, 10, 836156), (356, 12, 1000033), (400, 10, 1014823), (400, 10, 1141734), (400, 10, 1141778), (384, 7, 1548042), (400, 10, 1613236), (400, 10, 1698240), (400, 10, 2023765), (400, 10, 2051183), (400, 10, 2227223), (3939, 4, 2573015), (611, 1, 2603720), (400, 10, 2668968)]"
728 "[(8318, 2, 103952), (8318, 2, 104017), (8622, 1, 235676), (8622, 1, 235757), (8622, 1, 235785), (8232, 14, 1473307), (8232, 14, 1475547), (8753, 0, 1487195), (8772, 12, 1535804), (8772, 12, 1535906), (8370, 6, 1547400), (8862, 0, 2016504), (8862, 0, 2016588), (8862, 0, 2016651)]"
739 "[(8423, 7, 105669), (8717, 8, 1363886), (8717, 8, 1364433), (8717, 8, 1364493), (8717, 8, 1409581), (8717, 8, 1414969), (8717, 8, 1415553), (8717, 8, 1415578), (8717, 8, 1417061), (8717, 8, 1420725), (8717, 8, 1579662), (8717, 8, 1615443), (8717, 8, 1620940)]"
757 "[(8588, 1, 108677)]"
777 "[(8354, 14, 112907), (8354, 14, 121812), (8354, 14, 121879), (8354, 14, 139057), (8354, 14, 199668), (8354, 14, 660212), (9151, 7, 1708901), (9151, 7, 1763675), (9151, 7, 2533761)]"
8258 "[(233, 0, 114480), (233, 0, 1921351), (233, 0, 2094310)]"
835 "[(8633, 5, 125634), (8372, 3, 126515), (8633, 5, 392749), (8873, 2, 565485), (8633, 5, 565761), (8633, 5, 565863), (8633, 5, 565885), (8633, 5, 566911), (8633, 5, 566920), (8457, 12, 649283), (8324, 10, 997496), (8410, 2, 1168566), (8446, 6, 1327650), (9215, 9, 2467100), (9215, 9, 2467113), (8411, 3, 2634545), (8456, 1, 2637092), (8456, 1, 2638972)]"
900 "[(8663, 0, 141350), (9026, 10, 1616646), (8398, 7, 2325941)]"
940 "[(8291, 14, 147929), (8470, 1, 152465), (8457, 12, 232754), (8363, 0, 233801), (8699, 10, 297452)]"
8389 "[(68, 5, 153938), (1521, 10, 342904), (233, 0, 373865), (659, 14, 877078), (5475, 4, 2030347), (233, 0, 2186343)]"
731 "[(8682, 14, 154307), (8682, 14, 154451), (8734, 5, 262716), (8734, 5, 263603), (8366, 12, 307276), (8719, 5, 309803), (8529, 2, 324186), (8227, 1, 393985), (8410, 2, 486227), (8410, 2, 486247), (8410, 2, 486283), (8410, 2, 486379), (8295, 13, 491639), (8682, 14, 509824), (8801, 14, 671409), (8415, 7, 684766), (8515, 5, 695003), (8515, 5, 695117), (8734, 5, 787088), (8719, 5, 940987), (8227, 1, 1051083), (8295, 13, 1054033), (8241, 7, 1100054), (8410, 2, 1177609), (8410, 2, 1177656), (8410, 2, 1180335), (8241, 7, 1396602), (8241, 7, 1396812), (8682, 14, 1649840), (8682, 14, 1820578), (8682, 14, 1820649), (8682, 14, 1890988), (8682, 14, 2063793), (8682, 14, 2120683), (9069, 2, 2141024), (8734, 5, 2259487), (8719, 5, 2495075), (8719, 5, 2495126)]"
8650 "[(782, 0, 155227), (782, 0, 196155), (782, 0, 323871), (782, 0, 627454), (2153, 13, 652234), (782, 0, 1353895), (782, 0, 1358400), (782, 0, 1663295), (782, 0, 1701585), (782, 0, 1795972), (782, 0, 1871342), (782, 0, 1872991), (782, 0, 1873160), (782, 0, 1878310), (2881, 14, 1882638), (782, 0, 1883537), (2881, 14, 1883743), (782, 0, 1884071), (782, 0, 1884929), (782, 0, 1885077), (782, 0, 1885260), (730, 12, 1887016), (730, 12, 1887036), (782, 0, 1947042), (782, 0, 1955401), (782, 0, 1957855), (1308, 15, 1975745), (782, 0, 2054011), (233, 0, 2095928), (782, 0, 2210686)]"
8679 "[(934, 8, 158727), (934, 8, 168816), (934, 8, 241674), (3466, 10, 766185), (2032, 10, 1379374), (3466, 10, 1638554), (934, 8, 2052480), (934, 8, 2156807), (934, 8, 2587585), (934, 8, 2657219), (934, 8, 2668361)]"
1112 "[(8285, 8, 176418)]"
1137 "[(8462, 14, 185148), (8530, 0, 358525), (8530, 0, 389833), (8726, 15, 693783), (8530, 0, 702583), (8726, 15, 951870), (8726, 15, 1038970), (8726, 15, 1211504), (8965, 0, 1445863), (8734, 5, 1644565), (9071, 3, 2288723)]"
1155 "[(8645, 0, 188354), (8290, 6, 1708685)]"
8602 "[(1158, 9, 188724), (532, 14, 251499), (608, 15, 525002), (2110, 14, 699649), (532, 14, 714510), (1013, 15, 937349), (1013, 15, 938087), (1013, 15, 938261), (2110, 14, 938457), (233, 0, 971997), (68, 5, 973235), (22, 7, 1064017), (2708, 3, 1181185), (954, 0, 1311382), (68, 5, 1351331), (2110, 14, 1564099), (611, 1, 1676466), (611, 1, 1677639), (1813, 6, 1829625), (1014, 1, 1872709), (1014, 1, 1872779), (143, 13, 2165272), (5216, 5, 2385962), (730, 12, 2481472), (730, 12, 2481495)]"
8728 "[(1183, 10, 198434), (1183, 10, 198452)]"
1229 "[(8366, 12, 211509)]"
8660 "[(537, 15, 217139), (1780, 14, 1401352)]"
1284 "[(8484, 0, 228495), (8872, 5, 635391), (8872, 5, 635425), (8872, 5, 635454), (8870, 4, 1096260), (9072, 3, 1159400), (9072, 3, 1159424), (9072, 3, 1171608), (9072, 3, 1174881), (9072, 3, 1337978)]"
8658 "[(934, 8, 228497), (934, 8, 237928), (2750, 5, 584167), (934, 8, 1030421), (934, 8, 1115848), (934, 8, 1349366), (934, 8, 1372327), (934, 8, 1449093), (934, 8, 1549656), (934, 8, 1954898), (752, 15, 1962618), (934, 8, 1971154), (934, 8, 2051596)]"
1319 "[(8604, 14, 229973), (8604, 14, 311996), (8604, 14, 312120)]"
1320 "[(8514, 15, 230569), (8514, 15, 309497), (8514, 15, 309689), (8514, 15, 310326), (8278, 15, 997936)]"
1325 "[(8638, 2, 231984), (8638, 2, 2223591), (9215, 9, 2309461), (9215, 9, 2556424)]"
8754 "[(1347, 6, 237938), (1778, 0, 567141), (68, 5, 1436465), (68, 5, 1439553), (68, 5, 1446345), (1726, 14, 1460809), (40, 0, 1492361), (68, 5, 1501865), (68, 5, 1528088), (68, 5, 1545579), (40, 0, 1562355), (233, 0, 1578282), (233, 0, 1837222), (40, 0, 1932322)]"
8625 "[(156, 14, 238989), (532, 14, 574270), (337, 8, 601846), (4085, 0, 1841765), (73, 10, 2186681), (40, 0, 2188355), (233, 0, 2268883), (4085, 0, 2293516)]"
1364 "[(8441, 0, 239428), (9111, 12, 1538594), (9111, 12, 1538939), (9111, 12, 1539009), (9111, 12, 1539211), (9111, 12, 1539345), (9111, 12, 1539519), (9111, 12, 1545158), (9111, 12, 1546085), (9111, 12, 1546363), (9111, 12, 1546645), (9111, 12, 2224448), (9111, 12, 2224535), (9111, 12, 2225405), (9111, 12, 2225565), (9111, 12, 2229300), (9111, 12, 2229867), (9111, 12, 2229914), (9111, 12, 2230307), (9111, 12, 2230502), (9111, 12, 2468027)]"
1219 "[(8576, 8, 241734), (8576, 8, 302395), (8892, 8, 492709), (8892, 8, 500876), (8892, 8, 500957), (8576, 8, 760036), (8571, 1, 807446), (8571, 1, 807521), (8576, 8, 839904), (8576, 8, 849487), (8892, 8, 1116329), (8322, 1, 1178830), (8892, 8, 1197918), (8892, 8, 1198434), (8892, 8, 1256868), (8576, 8, 1360449), (8576, 8, 1367204), (8576, 8, 1515735), (8517, 8, 1516315), (8576, 8, 1545780), (8576, 8, 1545861), (8576, 8, 1545895), (8892, 8, 1778074), (8892, 8, 1803972), (8823, 13, 2217218)]"
1313 "[(8576, 8, 242001), (8576, 8, 242089), (8576, 8, 242323), (8576, 8, 242533), (8576, 8, 328764), (8576, 8, 328885), (8576, 8, 328958), (8576, 8, 330461), (9215, 9, 2371859), (9215, 9, 2639294), (9215, 9, 2639311)]"
1449 "[(8300, 3, 255741), (8869, 8, 400189), (8286, 12, 745284), (8343, 9, 857474), (8361, 9, 869317), (8545, 1, 923899), (8618, 9, 1367853), (8414, 13, 1459351), (9051, 12, 1476927), (8785, 15, 1658146), (8387, 0, 1778422), (8467, 15, 1966363), (8876, 7, 2325570), (9088, 4, 2382298)]"
8637 "[(1013, 15, 265592), (2715, 10, 572538), (954, 0, 695761), (2336, 10, 831508), (3717, 13, 854270), (2336, 10, 1321387), (5327, 9, 1364824), (826, 0, 1470675), (826, 0, 1562295), (826, 0, 1821989), (40, 0, 1925147), (1183, 10, 1949754), (2769, 6, 2095687), (611, 1, 2109350), (57, 14, 2114850), (509, 2, 2117032), (1614, 10, 2305571), (6213, 1, 2367344)]"
1552 "[(8302, 5, 278256), (8622, 1, 280259), (8302, 5, 280461), (8565, 15, 449674), (8565, 15, 449953), (8302, 5, 763735), (9006, 2, 1020278), (8278, 15, 1063541), (9069, 2, 1239895), (8631, 6, 1403463), (9223, 4, 2421197), (8545, 1, 2445435), (8545, 1, 2445475), (8545, 1, 2445501), (9223, 4, 2530435)]"
1173 "[(8300, 3, 285132), (8614, 1, 630493), (8543, 3, 677181), (8930, 3, 677505), (8939, 0, 678921), (8610, 0, 679143), (8966, 0, 689208), (9012, 6, 847154), (9012, 6, 847155), (8696, 2, 1037709), (8424, 0, 1126257), (8255, 15, 1139507), (9107, 9, 2101505), (9198, 8, 2173997)]"
8793 "[(1572, 5, 285748), (68, 5, 764540), (68, 5, 1952039), (40, 0, 2014274), (40, 0, 2100376), (68, 5, 2165024), (954, 0, 2429262)]"
8430 "[(1499, 0, 297162), (233, 0, 452910), (1376, 12, 748774), (1521, 10, 1296790), (1521, 10, 1471416), (456, 7, 1617793), (1521, 10, 1811859), (68, 5, 2076256)]"
8716 "[(68, 5, 309807), (3592, 14, 1702518)]"
1663 "[(8609, 2, 311735), (8893, 8, 1001321), (8777, 9, 1178765), (8367, 3, 1181382), (8676, 9, 1519843), (8591, 7, 1969487), (8591, 7, 1970540), (8591, 7, 1974416), (8541, 8, 2071506), (8333, 15, 2073863), (8491, 15, 2073956), (8952, 0, 2140075), (8719, 5, 2302967), (9034, 12, 2303145)]"
1435 "[(8312, 15, 324611), (8312, 15, 1430275), (8312, 15, 1466176), (8312, 15, 1533683), (8312, 15, 1593824), (8312, 15, 1778259), (8312, 15, 1793937), (8312, 15, 1794088), (8312, 15, 2112240), (8312, 15, 2129282), (8312, 15, 2415255), (8312, 15, 2415637), (8312, 15, 2415873), (8312, 15, 2416818)]"
339 "[(8761, 4, 329503), (8761, 4, 329650), (8761, 4, 329922), (8761, 4, 330894), (8761, 4, 330973), (8761, 4, 331072), (8761, 4, 402963), (8761, 4, 861238), (8761, 4, 861647), (8761, 4, 1304050), (8761, 4, 1304168), (8761, 4, 1304609), (8766, 2, 1309659), (8766, 2, 1349252), (8761, 4, 1451138), (8761, 4, 1451468), (8761, 4, 1451855), (8761, 4, 1452291), (8761, 4, 1452490), (8507, 2, 1467444), (8766, 2, 2307723), (8766, 2, 2554405), (9069, 2, 2581770), (8766, 2, 2644680)]"
1764 "[(8365, 8, 330039), (8515, 5, 413590), (8515, 5, 649625), (9048, 13, 1007063)]"
1492 "[(8593, 7, 341051), (8482, 14, 834435), (8638, 2, 851373), (9034, 12, 1200694), (9034, 12, 1200772), (9034, 12, 1203018), (9034, 12, 1203481), (9034, 12, 1205654), (9034, 12, 1293099), (9034, 12, 1293134), (9034, 12, 1293136), (8638, 2, 1794591), (9034, 12, 2133411), (9034, 12, 2216011), (8638, 2, 2224114), (9034, 12, 2317954)]"
1270 "[(8584, 15, 341798), (8887, 3, 675528), (8887, 3, 675637), (8577, 14, 1278985), (8724, 3, 1822392), (8510, 4, 1822781), (8683, 7, 1885953), (8763, 0, 2196592), (9214, 8, 2326062)]"
8816 "[(45, 14, 347813), (920, 4, 409224), (45, 14, 594994), (233, 0, 624275), (1813, 6, 1483687), (3146, 4, 1509668), (156, 14, 1662859), (156, 14, 1663202), (8, 1, 2415588), (8, 1, 2415622), (233, 0, 2531528)]"
8595 "[(1004, 14, 354369), (1760, 9, 710858), (1760, 9, 710926), (1760, 9, 710990), (524, 15, 2062636), (6385, 14, 2217207)]"
1903 "[(8710, 15, 357226), (8892, 8, 582152), (8710, 15, 751738), (9215, 9, 2312568)]"
1921 "[(8316, 13, 361878), (8893, 8, 891518), (9078, 6, 1282242), (8883, 5, 2326040), (8806, 9, 2327400), (9214, 8, 2400870), (8817, 10, 2495203), (8734, 5, 2495591), (8734, 5, 2495662), (8665, 6, 2498617), (9215, 9, 2503965), (8612, 13, 2504933), (8585, 1, 2505065), (8612, 13, 2505580)]"
8853 "[(1971, 10, 380928), (1971, 10, 1969405), (1971, 10, 2282052), (233, 0, 2440150), (1971, 10, 2479406), (783, 15, 2535695), (3269, 14, 2552217), (3269, 14, 2552331), (1971, 10, 2628259), (1971, 10, 2628287), (1971, 10, 2628333)]"
2114 "[(8644, 12, 414565), (8687, 9, 736462), (9031, 4, 1170607), (8471, 3, 1715507), (8365, 8, 2042772), (8778, 2, 2045699)]"
8373 "[(68, 5, 428004), (233, 0, 540724), (2708, 3, 572614), (2708, 3, 576575), (1036, 7, 597260), (1036, 7, 597332), (1036, 7, 597412), (1036, 7, 597435), (1036, 7, 597628), (2864, 5, 684724), (2864, 5, 684758), (1670, 14, 712278)]"
1761 "[(8316, 13, 434486), (9069, 2, 1169751), (9069, 2, 1170051)]"
2232 "[(8559, 1, 445502), (8559, 1, 445825), (8559, 1, 695565), (8559, 1, 1037654), (8559, 1, 1444168)]"
2242 "[(8717, 8, 447984), (8930, 3, 576530), (8558, 7, 1732895), (8558, 7, 1750342), (9166, 7, 2001825), (9176, 15, 2006415), (9176, 15, 2006546), (8592, 15, 2253271), (9063, 3, 2321805)]"
199 "[(8297, 0, 449885), (8297, 0, 450459)]"
175 "[(8622, 1, 452150), (8733, 2, 813918), (8733, 2, 814035), (8408, 5, 816453), (8260, 7, 1870142), (8590, 5, 2636807)]"
2277 "[(8639, 14, 463662), (8343, 9, 1084772), (8710, 15, 1084996), (8577, 14, 1177625), (8540, 15, 1846235), (8956, 10, 2282722), (8314, 6, 2454777), (8314, 6, 2454880)]"
8800 "[(509, 2, 494937), (799, 0, 1716368), (4085, 0, 1739553), (233, 0, 1748476)]"
2477 "[(8892, 8, 509298), (8517, 8, 509672), (8892, 8, 1651571)]"
8556 "[(1466, 14, 509351), (1224, 1, 721730), (68, 5, 722979), (664, 4, 936180), (3326, 4, 1103277), (4635, 3, 1308479), (5909, 1, 1586670), (40, 0, 1749888), (5909, 1, 1864075), (5909, 1, 1864406), (5909, 1, 1864865), (367, 1, 1962602), (5909, 1, 2125568), (2404, 12, 2321391), (8119, 8, 2621898)]"
8912 "[(2485, 2, 512397)]"
2488 "[(8896, 7, 512642), (8886, 4, 2493516)]"
1772 "[(8761, 4, 515237), (8761, 4, 592010), (8339, 4, 916993), (8761, 4, 1344947), (8761, 4, 1344978), (8761, 4, 1345092), (8761, 4, 1351482), (8761, 4, 1384560), (8761, 4, 1447042), (8761, 4, 1449053), (8761, 4, 1646419), (9166, 7, 1892748), (9166, 7, 1892769), (9166, 7, 1893007), (9166, 7, 1893140), (9166, 7, 1893206), (9166, 7, 1910709), (9166, 7, 1910783), (9166, 7, 1911550), (9166, 7, 1966182), (9166, 7, 1966469), (9166, 7, 1966496), (9166, 7, 1966621), (9166, 7, 1966704), (9166, 7, 1966816), (9166, 7, 1966871), (8761, 4, 1978064), (8761, 4, 1978278), (9166, 7, 2055869)]"
2503 "[(8388, 8, 515685)]"
8647 "[(1069, 2, 524336), (1448, 15, 883833), (1448, 15, 884231), (4085, 0, 1139015), (337, 8, 1603006)]"
2573 "[(8462, 14, 529669), (8295, 13, 692355), (8462, 14, 692442), (8462, 14, 692474)]"
8671 "[(2671, 8, 558765), (2671, 8, 558850), (233, 0, 885928), (2671, 8, 1167864), (2671, 8, 1167903), (2671, 8, 1177269), (2671, 8, 1255598), (233, 0, 1922798)]"
2687 "[(8645, 0, 564975), (8594, 6, 1942426)]"
2855 "[(8887, 3, 597784), (8887, 3, 597922), (8887, 3, 598023), (8887, 3, 745698)]"
2863 "[(8771, 1, 599507), (8684, 10, 851885), (9048, 13, 1008980), (8771, 1, 1025118), (9072, 3, 1141969), (8929, 10, 1533240), (8684, 10, 1535618), (8684, 10, 1535789), (8929, 10, 1535928), (8929, 10, 1535943), (8684, 10, 2228150), (8684, 10, 2481239), (8684, 10, 2481288), (8684, 10, 2482128), (8684, 10, 2482175), (8684, 10, 2483128), (8684, 10, 2565767)]"
2892 "[(8750, 0, 605176), (9100, 0, 1642418), (9124, 5, 2074424), (9074, 2, 2621662), (8594, 6, 2636562)]"
8487 "[(2923, 0, 612398), (2923, 0, 948925)]"
2965 "[(8887, 3, 621678), (8887, 3, 621896), (8887, 3, 621982), (9168, 6, 2176452), (9168, 6, 2176973)]"
8787 "[(233, 0, 624825), (696, 8, 967783), (3612, 15, 1003064), (3612, 15, 1003586), (3517, 0, 1004492), (1586, 10, 1585342)]"
8955 "[(68, 5, 639507), (68, 5, 644719), (233, 0, 810304), (207, 10, 1234276), (1247, 5, 1318453), (68, 5, 1582532), (1059, 0, 2520538), (1059, 0, 2520643)]"
8492 "[(1778, 0, 684223), (4085, 0, 1754911), (68, 5, 2050206)]"
8360 "[(1182, 10, 692240), (1182, 10, 692401), (1182, 10, 692447), (1182, 10, 692721), (1182, 10, 692769), (1182, 10, 692785), (1182, 10, 692993), (1182, 10, 693036), (1182, 10, 693340), (1182, 10, 693415), (1182, 10, 693499), (1182, 10, 693556), (1182, 10, 693850), (1182, 10, 693867), (1182, 10, 693880), (1182, 10, 693923), (1182, 10, 694161), (1182, 10, 694202), (1182, 10, 694217), (1182, 10, 694248), (1182, 10, 694284), (1182, 10, 694298), (1182, 10, 694322), (1182, 10, 694331), (1182, 10, 694372), (1182, 10, 694402), (1182, 10, 694446), (1182, 10, 694483), (1182, 10, 694544), (1182, 10, 694583), (1182, 10, 694671), (1182, 10, 694721), (1182, 10, 694840), (1182, 10, 694861), (1182, 10, 694873), (1182, 10, 694885), (1182, 10, 694939), (1182, 10, 695079), (1182, 10, 695125), (1971, 10, 1005833), (1971, 10, 1006548), (1971, 10, 1007398), (1971, 10, 1034448), (1971, 10, 2040822), (1971, 10, 2041509), (1971, 10, 2042379), (1971, 10, 2043458), (1971, 10, 2479356)]"
3238 "[(8611, 14, 698909), (9031, 4, 963183), (9031, 4, 964902), (8526, 7, 1117061), (8402, 2, 1202276), (8402, 2, 1202377), (9059, 9, 1390216), (8682, 14, 1713392), (8682, 14, 1713511), (8526, 7, 2040322)]"
3257 "[(8635, 10, 706130)]"
8942 "[(233, 0, 718285), (68, 5, 868041), (2402, 2, 978817), (2402, 2, 978860), (2402, 2, 978971), (2402, 2, 979078), (2402, 2, 979164), (2402, 2, 979215), (2402, 2, 979313), (2402, 2, 979360), (2402, 2, 979400), (2402, 2, 979760), (2402, 2, 979919), (2402, 2, 980142), (68, 5, 980924), (2402, 2, 1146455), (2402, 2, 1148212), (2402, 2, 1180564), (2402, 2, 1180818), (2402, 2, 1180852), (2402, 2, 1180984), (2402, 2, 1182455), (2402, 2, 1182758), (2402, 2, 1193270), (68, 5, 1411844), (1058, 0, 2143061)]"
8648 "[(3352, 12, 735738), (104, 12, 1093296), (104, 12, 1093360), (391, 10, 1243311), (859, 14, 1504113), (233, 0, 1575061), (611, 1, 1596720), (4178, 2, 1629356), (1300, 10, 1630518), (1300, 10, 1630533), (4085, 0, 1741088), (104, 12, 1755005), (104, 12, 1755082), (104, 12, 2045261), (104, 12, 2045365), (104, 12, 2045471), (4178, 2, 2217789), (4178, 2, 2217822), (823, 10, 2541930)]"
8959 "[(537, 15, 740606), (467, 13, 787992), (467, 13, 788555), (3070, 0, 1013953), (3070, 0, 1013979)]"
8747 "[(3385, 15, 746433)]"
9000 "[(497, 4, 772195), (233, 0, 813989)]"
3502 "[(8339, 4, 778382), (9090, 5, 1284544)]"
8923 "[(954, 0, 783157), (2595, 6, 1150970), (509, 2, 2465125), (509, 2, 2465129), (233, 0, 2531718)]"
3591 "[(8633, 5, 815499), (8402, 2, 1207659), (9099, 1, 1361385), (9144, 0, 1548614), (9155, 3, 1631166), (9155, 3, 1704964), (9140, 2, 1727840), (9155, 3, 1903774), (9202, 3, 2113772)]"
2478 "[(8822, 2, 839124), (8293, 1, 1877383)]"
8968 "[(3720, 0, 855000), (3720, 0, 855274), (608, 15, 1386548), (993, 0, 1990178), (233, 0, 2014671), (4085, 0, 2034466)]"
3722 "[(8950, 9, 857268), (8257, 12, 1010400), (8257, 12, 1010962)]"
8437 "[(532, 14, 890209)]"
238 "[(8513, 3, 915711), (9103, 15, 1335614), (8762, 3, 2025362), (8762, 3, 2025761), (8762, 3, 2025908)]"
8713 "[(2032, 10, 916336), (2032, 10, 1379425), (2032, 10, 1463177)]"
8727 "[(484, 3, 947839), (484, 3, 947860), (233, 0, 973204), (804, 0, 1135843), (233, 0, 1232925)]"
4112 "[(8733, 2, 984398), (8736, 5, 1403157), (8736, 5, 1404240), (8736, 5, 1538565), (8736, 5, 1539217), (8736, 5, 1550787), (8736, 5, 1551673), (9181, 3, 2008264)]"
4186 "[(8438, 0, 1007299), (8591, 7, 1721207), (8983, 9, 1809878), (9059, 9, 1810696), (9059, 9, 1810913), (9059, 9, 1814912), (9059, 9, 1815487), (8990, 14, 2172843), (8985, 8, 2439008), (9182, 14, 2465825), (9182, 14, 2465879), (8971, 7, 2645834), (8735, 14, 2647165), (9023, 2, 2647968)]"
541 "[(8411, 3, 1023381), (8411, 3, 1023578), (8415, 7, 1792276), (8814, 7, 2033160), (8814, 7, 2035248), (8466, 2, 2472011), (8814, 7, 2574516), (8814, 7, 2575050), (8591, 7, 2582506), (8814, 7, 2584110), (9084, 2, 2624874), (8772, 12, 2628548), (8257, 12, 2649147), (8814, 7, 2664962), (8814, 7, 2665106)]"
4266 "[(8591, 7, 1026055), (9034, 12, 1260548), (8591, 7, 1542233), (8260, 7, 1791885), (8591, 7, 1975296), (9166, 7, 1982166), (9071, 3, 2228702), (8781, 5, 2230547), (8781, 5, 2230830), (8781, 5, 2230891), (9084, 2, 2634381)]"
4273 "[(8237, 6, 1027342), (9082, 10, 1198497), (8402, 2, 1202822), (9034, 12, 1203156)]"
4164 "[(8343, 9, 1052875), (8343, 9, 1052876), (8591, 7, 1677898), (8591, 7, 1735684), (9135, 9, 2274592), (8665, 6, 2284879)]"
9055 "[(73, 10, 1077737), (3440, 3, 1790635)]"
8992 "[(602, 15, 1081858), (1042, 2, 1414698), (233, 0, 1416902), (2390, 14, 1497258), (7093, 10, 2158452), (143, 13, 2482008), (532, 14, 2482197), (532, 14, 2589726)]"
4464 "[(8733, 2, 1087596), (8686, 0, 1178642), (8243, 7, 2629488), (8243, 7, 2629536), (8243, 7, 2629614)]"
31 "[(8535, 4, 1093500), (8535, 4, 1093629), (8535, 4, 1948319), (8535, 4, 1948519)]"
3605 "[(8295, 13, 1101608), (8347, 6, 1452863), (8290, 6, 1893256)]"
13 "[(8684, 10, 1103773), (8684, 10, 1275755), (8684, 10, 1351220), (8684, 10, 1351314), (8684, 10, 1362866), (8684, 10, 1365049), (8684, 10, 1365062), (8684, 10, 1365090), (8684, 10, 1365107), (8684, 10, 1365121), (8684, 10, 1534903), (8684, 10, 1535029), (8684, 10, 1621225), (8684, 10, 1621262), (8684, 10, 1622001), (8684, 10, 1622113), (8684, 10, 1622826), (8684, 10, 1707627), (8684, 10, 1707648), (8684, 10, 1939271), (8684, 10, 1940728), (8684, 10, 1953190), (8684, 10, 1956502), (8684, 10, 1969942), (8684, 10, 1969955), (8684, 10, 1969978), (8684, 10, 1970039), (8684, 10, 1970647), (8684, 10, 1970919), (8684, 10, 1970973), (8684, 10, 1971082), (8684, 10, 1971124), (8684, 10, 1971138), (8684, 10, 1974311), (8684, 10, 2489795), (8684, 10, 2489824), (8684, 10, 2489840)]"
8706 "[(268, 2, 1113437), (268, 2, 1113732), (7176, 3, 2166413), (1276, 14, 2621950), (1276, 14, 2622088), (1276, 14, 2622145), (7176, 3, 2655633)]"
4586 "[(8268, 5, 1124146), (8466, 2, 1271918), (8368, 1, 1515750), (8545, 1, 1534925), (8545, 1, 1535334), (8734, 5, 1729905)]"
1831 "[(9069, 2, 1170506), (9069, 2, 1170628), (9069, 2, 1170677), (9069, 2, 1170698), (9215, 9, 2399996)]"
8544 "[(356, 12, 1172592), (627, 8, 1444394), (627, 8, 1444522), (627, 8, 1444595), (1314, 5, 1463915), (1314, 5, 1464023), (1314, 5, 1464265), (1314, 5, 1464317), (2495, 0, 1464939), (1314, 5, 1464959), (1314, 5, 1465065), (1314, 5, 1465433), (4065, 9, 1475710), (4065, 9, 1475811), (1570, 3, 1532310)]"
3025 "[(9069, 2, 1173556), (8551, 13, 2544669)]"
4752 "[(9069, 2, 1179217), (8243, 7, 1205828), (8687, 9, 1376092), (8849, 13, 1412050), (8370, 6, 1422835), (8486, 12, 1423181), (8577, 14, 1428909), (8577, 14, 1429449), (8318, 2, 1436321), (8618, 9, 1449363), (8682, 14, 1540200), (9071, 3, 1549296), (9086, 13, 1672914), (8448, 10, 1755737), (8448, 10, 1755763), (8719, 5, 1978573), (9084, 2, 2624802), (9084, 2, 2625128), (9084, 2, 2625614), (9084, 2, 2625664), (9084, 2, 2625897), (9084, 2, 2626005), (9084, 2, 2626108), (9084, 2, 2626153), (8401, 14, 2627689), (8772, 12, 2627704), (8612, 13, 2631421)]"
1616 "[(9048, 13, 1210473), (9048, 13, 1210570)]"
9043 "[(233, 0, 1232009), (40, 0, 1291908)]"
8272 "[(233, 0, 1239619)]"
9019 "[(537, 15, 1242597), (530, 10, 1277149), (2069, 13, 1313484), (2069, 13, 1313505), (4085, 0, 1598683), (115, 4, 2520517), (480, 2, 2542084), (480, 2, 2542149)]"
8626 "[(164, 0, 1243115), (5137, 6, 1293462), (1670, 14, 2190110)]"
3663 "[(8676, 9, 1294512), (8676, 9, 1294565), (8676, 9, 1294607), (8519, 13, 1559711), (8676, 9, 1640609)]"
9095 "[(233, 0, 1316143), (40, 0, 1661232), (4085, 0, 1671766), (22, 7, 1905599), (40, 0, 1908890)]"
8369 "[(4085, 0, 1325654), (233, 0, 2095796)]"
3390 "[(8929, 10, 1344764), (8929, 10, 1461814), (8929, 10, 1547848), (8929, 10, 1691346), (8929, 10, 1696857), (8929, 10, 2289548), (8929, 10, 2677842), (8929, 10, 2677935), (8929, 10, 2677979)]"
5397 "[(8644, 12, 1382176), (8812, 7, 2218534), (8471, 3, 2220031)]"
8993 "[(611, 1, 1393733), (233, 0, 1413420), (2196, 7, 2386514), (2196, 7, 2386738), (233, 0, 2440249), (2708, 3, 2477217), (703, 1, 2499671)]"
8690 "[(233, 0, 1416695)]"
210 "[(9103, 15, 1427763)]"
5491 "[(8250, 5, 1429566), (8250, 5, 1968768)]"
5532 "[(8618, 9, 1446197), (8249, 13, 1651785), (8734, 5, 1729797), (8791, 5, 2613791)]"
5622 "[(9113, 2, 1469273), (9058, 14, 1495966), (8419, 8, 1496002), (8703, 12, 1531454), (9059, 9, 1534147), (8526, 7, 1535054), (9069, 2, 1543434), (8387, 0, 1621291), (8246, 13, 1624345), (8575, 4, 1641101), (8343, 9, 1659700), (8402, 2, 1819884), (8645, 0, 1837892), (9079, 2, 1869184), (8807, 8, 1881680), (8806, 9, 1926095), (8331, 12, 1928475), (9117, 9, 1943483), (8361, 9, 1966891), (8293, 1, 2046684), (9113, 2, 2073987), (8963, 15, 2081492), (8377, 13, 2155304), (9071, 3, 2162495), (8550, 13, 2218330), (8791, 5, 2263882), (8636, 0, 2289097), (8737, 10, 2289724), (8828, 9, 2322098), (8665, 6, 2368928), (9151, 7, 2377915), (9198, 8, 2414506), (8593, 7, 2419334), (8686, 0, 2443283), (8377, 13, 2491969), (8990, 14, 2573550), (8574, 15, 2589084), (8491, 15, 2594589), (8576, 8, 2628075), (8516, 13, 2655731)]"
5463 "[(8466, 2, 1492505), (8516, 13, 1798254)]"
5457 "[(8620, 14, 1508643)]"
8756 "[(68, 5, 1541636), (1331, 10, 1988521), (1331, 10, 1988613), (1331, 10, 1988761), (1331, 10, 1988840), (1331, 10, 1989001), (1331, 10, 1989315), (3963, 9, 2043315), (3963, 9, 2043464)]"
9136 "[(497, 4, 1542872), (799, 0, 1629814), (659, 14, 1731235), (233, 0, 1839656), (4085, 0, 1843797), (799, 0, 1968331), (73, 10, 2335708)]"
4459 "[(8684, 10, 1610767)]"
8988 "[(5321, 3, 1633611), (482, 7, 1643425), (482, 7, 1643708), (482, 7, 1645663), (482, 7, 1645720), (482, 7, 1645921), (233, 0, 1662221), (537, 15, 1672655), (537, 15, 1672986), (537, 15, 1698101), (3070, 0, 1950366), (3070, 0, 1950519), (482, 7, 1967605), (3070, 0, 1969436), (3070, 0, 1969633), (3070, 0, 1969688), (3070, 0, 1969879), (3070, 0, 1970452), (3070, 0, 1970604), (3070, 0, 1970637), (3070, 0, 1971115), (3070, 0, 1971194), (482, 7, 1992835), (482, 7, 1993475), (482, 7, 2045470), (482, 7, 2045564), (482, 7, 2077114), (482, 7, 2077189), (482, 7, 2077243), (482, 7, 2077322), (482, 7, 2077458), (233, 0, 2097178), (482, 7, 2215769), (3070, 0, 2219103), (3070, 0, 2235803), (68, 5, 2309133), (68, 5, 2310944), (482, 7, 2314083), (482, 7, 2327667), (3070, 0, 2484577), (3070, 0, 2484626), (3070, 0, 2484694), (3070, 0, 2484792), (1185, 4, 2627307), (1185, 4, 2627802), (1185, 4, 2628309), (1185, 4, 2628495)]"
9110 "[(4085, 0, 1668254)]"
8957 "[(913, 0, 1810125), (1726, 14, 2140521)]"
9093 "[(83, 3, 1840544), (509, 2, 1947941)]"
6523 "[(8783, 0, 1863742)]"
2190 "[(8528, 14, 1888472)]"
6564 "[(8639, 14, 1909782), (8639, 14, 1909888)]"
8979 "[(40, 0, 1925914)]"
6770 "[(8684, 10, 1970378), (8684, 10, 1970448)]"
1789 "[(8763, 0, 2018910)]"
1076 "[(8463, 15, 2059546), (9020, 2, 2244888), (8463, 15, 2246085), (8463, 15, 2279918)]"
329 "[(8822, 2, 2077271)]"
8916 "[(2637, 0, 2089326)]"
4139 "[(8349, 10, 2090003), (8349, 10, 2090020), (8704, 10, 2121050), (8704, 10, 2121093), (8704, 10, 2121105), (8704, 10, 2121122), (8704, 10, 2121150), (8508, 10, 2544997)]"
5917 "[(8939, 0, 2107603), (8939, 0, 2126610), (8939, 0, 2127046), (8939, 0, 2127092), (8939, 0, 2265737), (8939, 0, 2265738)]"
8859 "[(4085, 0, 2171419)]"
3557 "[(8629, 15, 2176255)]"
7307 "[(9034, 12, 2211884), (8687, 9, 2312941)]"
3293 "[(8295, 13, 2329286)]"
1119 "[(9215, 9, 2364626), (9215, 9, 2364679), (9215, 9, 2365972), (9215, 9, 2366029), (9215, 9, 2369487), (9215, 9, 2371322), (9215, 9, 2507928), (9215, 9, 2508519), (9215, 9, 2508541), (9215, 9, 2513235), (9215, 9, 2612089)]"
8436 "[(4085, 0, 2372747)]"
7557 "[(8639, 14, 2419793)]"
8902 "[(1521, 10, 2421571)]"
1386 "[(8271, 2, 2465279)]"
4427 "[(8638, 2, 2482738)]"
9032 "[(367, 1, 2542403)]"
9021 "[(2040, 10, 2560908), (68, 5, 2595191), (3676, 3, 2645437)]"
3903 "[(8826, 2, 2574237), (8826, 2, 2574238)]"
6965 "[(9020, 2, 2590312)]"
7787 "[(9084, 2, 2659905)]"
5872 "[(8697, 9, 2668848)]"
