35 8262 2377
54 8277 4751
61 8283 5498
61 8283 5646
61 8283 5705
77 8285 7339
77 8285 7445
77 8285 7609
77 8285 8907
116 8283 14115
116 8283 14841
116 8283 16298
138 8283 17215
149 8283 17991
149 8283 18044
149 8283 18212
180 8365 22165
61 8283 27330
216 8388 27486
216 8388 27521
216 8388 28041
216 8388 28264
216 8388 29415
216 8388 29557
231 8285 29939
249 8277 33643
253 8418 33875
254 8419 34442
254 8419 34566
274 8365 37883
254 8355 40064
254 8355 41059
298 8283 42233
307 8262 43381
308 8451 43398
308 8455 43903
308 8455 44344
308 8455 44512
308 8455 44855
308 8455 44979
308 8455 45121
308 8455 45189
327 8451 45270
308 8455 45281
327 8451 45522
327 8451 45643
327 8451 45997
333 8458 46068
337 8460 46336
337 8460 46405
337 8460 46431
337 8460 46444
337 8460 46536
337 8460 46608
337 8460 46681
344 8460 47811
327 8451 47960
346 8458 48122
348 8355 48485
354 8283 49089
354 8283 49909
346 8469 50786
346 8469 50826
363 8283 51273
354 8283 51472
253 8418 51585
307 8262 57084
307 8262 57610
327 8455 59120
327 8455 59147
438 8504 61146
438 8504 61220
442 8504 61467
444 8458 61575
369 8458 61850
461 8419 63240
478 8511 64718
485 8517 65318
494 8521 66014
494 8521 66054
494 8521 66091
506 8283 67609
506 8283 67886
308 8455 69717
506 8532 69743
308 8455 69830
308 8455 70010
308 8455 70238
308 8455 70355
308 8455 70621
536 8541 71173
506 8283 71817
552 8458 72791
552 8458 72824
485 8517 76277
583 8285 76344
138 8283 80715
138 8283 80812
618 8536 81615
618 8536 81681
619 8277 81725
619 8277 81860
636 8576 84801
636 8576 84938
636 8576 85149
636 8576 85709
614 8582 86411
116 8283 86809
670 8532 91828
231 8285 93308
670 8532 94733
670 8536 95860
670 8536 95994
670 8536 96099
670 8532 96713
696 8388 98062
552 8262 99167
216 8388 100551
216 8388 103159
216 8388 103191
216 8388 103676
216 8388 103767
216 8388 103821
216 8388 104204
216 8388 104289
216 8388 104750
216 8388 104760
216 8388 105160
216 8388 105217
766 8277 110276
346 8355 111690
346 8469 112013
346 8615 112062
216 8388 112281
791 8623 115805
344 8460 117842
344 8460 117870
344 8460 117978
344 8460 118230
344 8460 118244
344 8460 118256
344 8460 118299
344 8460 118433
825 8365 123941
825 8365 128278
506 8277 128386
180 8365 131834
344 8460 132240
344 8460 132262
344 8460 132331
344 8460 132382
868 8277 134584
877 8652 136910
888 8365 139455
888 8365 139527
902 8283 141965
327 8576 143158
327 8576 143463
327 8576 143810
934 8576 146992
337 8460 147161
636 8576 147727
902 8283 149288
902 8283 149405
961 8677 151167
148 8418 152809
991 8615 155058
485 8517 155123
485 8517 155248
485 8517 155292
485 8517 156377
485 8517 156804
485 8517 159458
1025 8677 160443
485 8517 160578
485 8517 160700
327 8451 162974
327 8451 163040
327 8451 163107
327 8576 163371
327 8576 163417
1047 8418 164277
1056 8701 165533
1056 8701 165561
1066 8283 167210
1066 8469 167460
327 8576 168066
274 8365 169133
934 8576 169209
274 8365 170031
1085 8283 170048
1066 8615 170247
444 8458 170586
444 8458 170779
1056 8701 171322
308 8451 171343
308 8451 171554
308 8451 171682
1090 8511 171685
1098 8532 173071
1098 8532 173189
1056 8701 173227
1098 8532 173338
1098 8532 173831
1098 8532 174116
1098 8532 174788
35 8262 175734
1098 8532 177261
494 8623 178221
1056 8701 178334
1123 8717 179677
1123 8717 179701
1123 8717 179887
552 8262 180090
216 8388 180225
216 8388 180243
1098 8532 180303
216 8388 180324
1098 8532 180570
216 8388 180608
216 8388 181241
216 8388 181315
216 8388 181341
216 8388 181359
216 8388 181381
216 8388 181422
1129 8536 181451
1130 8532 181739
1056 8701 185965
636 8576 186695
1148 8717 187217
216 8388 190617
216 8388 190637
670 8532 192291
216 8388 193713
1175 8511 196343
216 8388 197313
216 8388 197362
216 8388 197379
216 8388 197634
216 8388 198219
216 8388 198359
216 8388 198415
337 8460 202096
337 8460 202197
337 8460 202269
337 8460 202310
337 8460 202350
337 8460 202365
337 8460 202425
337 8460 202514
337 8460 202547
327 8576 204294
216 8388 205822
216 8388 205948
216 8388 205969
555 8388 208431
1234 8582 212330
1236 8388 212495
1236 8388 212535
1239 8582 213075
308 8451 215835
308 8451 217476
1263 8536 217616
308 8451 217650
308 8451 217846
327 8576 218206
308 8451 219536
327 8451 219647
327 8451 219713
327 8451 219787
327 8451 219870
308 8451 221354
308 8451 221681
552 8504 221912
308 8451 221982
934 8576 222323
1287 8615 222751
1288 8262 222767
1293 8582 223547
583 8285 224311
54 8277 224762
888 8365 226576
1306 8469 227348
1311 8283 227892
1311 8283 228253
346 8458 230553
934 8576 234158
1344 8285 235344
1344 8285 235359
1344 8285 235459
1345 8285 235563
636 8576 237339
902 8283 238838
552 8262 240012
552 8262 240241
1287 8615 241712
1406 8277 245730
1432 8277 250184
1432 8469 250482
934 8576 250792
1130 8532 252000
1311 8283 253343
506 8283 253522
1311 8283 253623
1311 8283 253782
506 8283 253808
506 8283 253836
1234 8582 255822
506 8582 255991
308 8451 256896
308 8451 257027
308 8451 257170
308 8451 257363
308 8451 257418
308 8451 257429
216 8388 258148
1464 8517 259325
1464 8517 260349
308 8455 260409
308 8455 260734
308 8455 261099
308 8455 261566
308 8455 261954
308 8455 262300
308 8455 262708
308 8455 263109
308 8455 263479
308 8455 263842
308 8455 264345
308 8455 264715
308 8455 265054
308 8455 265489
346 8458 265715
216 8388 266893
1123 8717 269760
1123 8717 269913
636 8576 269990
636 8576 270099
1520 8355 271022
1520 8355 271180
61 8283 271996
274 8365 274890
1066 8458 275433
1066 8458 275477
1542 8701 275723
1542 8701 275903
1542 8701 276107
274 8365 276139
1542 8701 276292
1542 8701 276433
1542 8701 276586
274 8365 277596
274 8365 277765
274 8365 278099
274 8365 278610
1066 8458 279615
1569 8511 283819
1569 8511 283857
1569 8511 284230
327 8576 284249
1569 8469 284466
327 8451 284557
327 8451 284605
1569 8469 284613
327 8451 284640
1569 8469 284662
327 8451 284695
1569 8511 284784
327 8455 286349
506 8283 286728
1569 8511 286810
1569 8511 287228
1569 8469 288891
1569 8469 290195
1569 8469 290839
1569 8469 290879
1569 8469 291236
1569 8469 291556
1569 8469 292678
1569 8469 292736
552 8458 294072
485 8517 294236
485 8517 294323
485 8517 294441
485 8517 294599
231 8285 296025
1569 8511 297318
1569 8511 297718
1569 8511 297851
308 8455 298014
308 8455 298520
485 8517 303250
1639 8576 305938
1639 8576 306048
1639 8576 306220
346 8458 307054
1130 8532 309004
485 8517 311153
1667 8458 312692
1712 8504 321213
1716 8458 322407
1765 8469 330438
54 8277 332840
1801 8677 335501
934 8576 336177
327 8576 337561
536 8277 338453
536 8277 338557
506 8277 342724
1851 8283 344084
1851 8283 344216
1851 8283 345246
438 8504 345762
438 8504 345890
1712 8504 346583
1871 8355 349428
1130 8532 349819
1851 8283 349848
636 8576 350444
1851 8283 351332
346 8677 351960
346 8355 352336
346 8355 352403
346 8355 352575
346 8355 352618
1066 8458 353019
346 8615 353556
346 8469 353693
346 8511 353820
1898 8277 356150
1066 8677 358540
1066 8677 358584
346 8458 360602
346 8615 361546
346 8469 361702
636 8576 365703
1464 8517 367628
1464 8517 368092
1464 8517 368106
1464 8517 368446
1464 8517 368960
1464 8517 369932
1464 8517 369987
1464 8517 370971
1464 8517 371187
1464 8517 371431
1464 8517 372105
1569 8511 372361
1569 8469 372488
1569 8469 372893
1569 8511 373061
216 8388 373338
1569 8469 373556
231 8285 376116
346 8277 376183
506 8283 381760
1569 8511 383437
1569 8511 383518
346 8677 386042
346 8615 386377
1988 8355 386869
180 8365 386888
180 8365 387225
888 8365 388375
442 8504 389228
442 8504 389245
442 8511 393110
1306 8458 393127
2020 8517 393796
346 8277 395737
346 8277 395875
1569 8469 397385
253 8418 397456
2039 8262 397618
2039 8262 397653
2039 8262 397831
2039 8262 397858
2039 8262 397925
2039 8262 398380
2039 8262 399270
253 8418 401443
346 8458 403923
2082 8541 407726
2082 8541 407767
346 8262 408014
1066 8283 409878
2100 8277 411828
2100 8277 411858
2100 8277 411917
148 8277 412014
2020 8517 413922
494 8623 421118
494 8623 421136
308 8451 423826
308 8451 424009
308 8451 424135
308 8451 424225
308 8451 424279
308 8451 424377
308 8451 424441
308 8451 424623
308 8451 424772
308 8455 425224
1066 8469 425228
1066 8469 425245
1066 8615 425302
308 8455 425718
308 8455 425826
1287 8615 425970
308 8455 426312
308 8455 426383
308 8455 426584
308 8455 426713
308 8455 426792
1066 8283 426901
308 8455 426921
308 8455 427004
308 8455 427219
2170 8652 427299
1130 8532 427301
308 8455 427368
308 8455 427585
308 8455 427702
308 8455 427810
308 8455 427867
308 8455 427953
308 8455 428011
308 8455 428205
308 8455 428357
308 8455 428420
308 8455 428551
552 8262 428963
552 8262 429000
116 8283 429124
2189 8541 431428
2189 8541 431473
552 8262 433432
552 8262 433477
552 8262 433516
552 8652 433932
552 8652 433954
552 8652 434020
552 8652 434058
1066 8511 438518
346 8262 441739
1066 8615 442555
1066 8615 443487
2226 8504 444142
2227 8541 444163
2226 8504 444259
2226 8504 444370
346 8458 445299
346 8277 445898
1066 8418 449204
1066 8615 449350
346 8541 449850
1569 8511 450075
1569 8469 450633
1569 8469 451465
1569 8511 453221
1569 8469 453714
253 8418 454129
1569 8469 455070
1569 8469 455091
1569 8469 458101
1569 8469 458152
1569 8469 458327
327 8892 463811
327 8892 463988
327 8892 464007
231 8285 464693
327 8576 466388
2286 8893 467261
2287 8262 467888
485 8517 468829
2290 8285 469237
2290 8285 469548
2290 8285 469654
442 8504 470999
1569 8469 472965
1569 8469 473170
1569 8511 473465
506 8277 476046
2311 8677 476119
1569 8511 478064
327 8451 478548
2319 8898 478883
327 8892 479167
442 8532 479171
308 8451 479601
2325 8262 480270
2326 8582 480323
274 8365 480348
506 8582 481332
506 8582 481399
1130 8532 483077
536 8541 489089
2372 8262 489245
536 8541 489692
2376 8903 490241
327 8892 493176
1542 8905 495190
1542 8905 495443
1542 8905 495763
1542 8905 495839
1542 8905 496841
1542 8905 496892
1066 8615 496949
1397 8541 498236
346 8458 498312
1397 8541 498437
1066 8615 498938
61 8283 500830
2448 8652 502347
2376 8903 503182
2376 8903 504033
2459 8262 505153
1047 8418 507841
485 8517 508991
2476 8517 509048
485 8517 509099
485 8517 509311
485 8517 509396
485 8517 509586
485 8517 509634
485 8517 509699
485 8517 510000
1234 8582 510724
327 8892 510767
327 8892 510815
1234 8582 510878
485 8517 512362
485 8517 512498
1130 8532 514786
1130 8532 515439
1066 8418 516131
1130 8532 517506
308 8455 518366
308 8455 518768
308 8455 518893
308 8455 519301
2523 8262 519583
1066 8511 520947
2533 8701 521994
2561 8285 526929
494 8623 528491
494 8623 528517
494 8623 528594
2567 8283 528594
494 8623 528623
1066 8458 531632
1066 8458 531665
494 8623 533499
2594 8892 533869
2594 8892 533957
2602 8623 535531
2602 8623 535695
494 8623 535951
494 8623 536010
1123 8717 538377
2613 8285 539617
2617 8623 541037
1397 8623 541185
231 8285 542962
1542 8905 543066
1542 8905 543181
1542 8905 543516
1542 8905 543636
231 8285 543765
1542 8905 544301
1542 8905 544384
1542 8905 544482
1542 8905 544640
2638 8623 546745
2290 8285 550561
2290 8285 550714
216 8388 550742
2290 8285 550828
2290 8285 551084
2290 8285 551132
216 8388 551195
2290 8285 551292
180 8365 552778
216 8388 553898
216 8388 553906
506 8582 555375
2664 8582 556787
2672 8460 558964
506 8283 568853
2709 8277 571735
2709 8277 571925
506 8277 572393
506 8283 572889
2720 8532 573217
2720 8532 573361
1130 8532 573547
337 8460 574141
337 8460 574326
1047 8418 577055
2760 8285 580987
327 8892 584998
327 8455 585273
2785 8541 586860
2785 8541 587140
1148 8717 587963
1148 8869 588780
1263 8536 589786
2807 8717 591025
2807 8717 591088
2807 8717 591186
1432 8283 591912
1432 8283 592058
54 8277 592256
1432 8283 593450
2831 8365 594332
327 8892 594438
327 8892 594471
1432 8283 594524
1432 8283 594571
2835 8262 594709
327 8892 595348
1130 8532 595375
327 8892 595701
327 8892 595740
1432 8283 595972
1432 8283 596539
2849 8285 596565
1432 8283 596695
1432 8283 597648
1263 8623 597802
442 8504 597876
2856 8365 597969
506 8283 598116
2867 8582 600822
308 8455 601250
627 8536 601266
1851 8283 601403
442 8504 601440
308 8455 601464
627 8536 601628
308 8455 601664
1851 8283 601740
308 8455 601836
627 8536 601894
2876 8541 602699
2170 8652 603719
116 8504 604217
116 8504 604276
1851 8283 605787
274 8365 606065
1851 8283 606239
2896 8285 606391
1851 8283 606411
1066 8511 606872
1066 8511 607095
1851 8283 608288
1851 8283 609476
1851 8283 613224
1432 8283 616623
1432 8283 616844
2956 8504 617316
2956 8504 617525
2956 8504 617937
1542 8905 619178
231 8285 619473
346 8615 619598
346 8469 619660
1542 8905 619781
1542 8905 620484
1542 8905 620557
1542 8905 620861
1542 8905 621088
1066 8469 622066
1066 8469 622108
1542 8905 622498
1542 8905 622638
1542 8905 622747
1542 8905 622823
1542 8905 622884
1542 8905 622934
1542 8905 623011
1542 8905 623035
1542 8905 623213
1542 8905 623277
1542 8905 623456
1542 8905 623494
1542 8905 623546
1542 8905 623596
1542 8905 623741
1542 8905 623919
1542 8905 624273
1542 8905 624432
1542 8905 624460
2977 8652 624481
1542 8905 624559
1542 8905 624706
1542 8905 624750
1542 8905 624803
1140 8285 624857
1542 8905 624890
1542 8905 624981
1542 8905 625043
2980 8365 625732
1542 8905 625856
1542 8905 626036
1542 8905 626797
1542 8905 626921
1777 8623 626935
1542 8905 627230
1542 8905 627343
1542 8905 627764
1542 8905 627921
1066 8652 628004
1542 8905 628453
1542 8905 629008
1542 8905 629034
1542 8905 629253
1542 8905 629277
1542 8905 629340
1542 8905 629741
1066 8677 629814
1542 8905 629871
1066 8677 629903
1066 8536 630140
1542 8905 630246
1542 8905 630331
1542 8905 630383
1542 8905 630432
216 8388 630512
1542 8905 630686
1542 8905 630809
1542 8905 631109
1542 8905 631127
1542 8905 631994
3000 8458 632420
1542 8905 632651
1234 8582 633760
2290 8285 634398
2290 8285 634487
148 8504 634930
3011 8419 636436
3011 8419 636452
3011 8419 636473
3011 8419 636487
274 8365 639287
346 8504 639656
274 8365 639680
274 8365 639789
3011 8419 639803
274 8365 639892
3024 8285 640382
274 8365 640503
274 8365 640808
506 8582 640877
274 8365 641122
3011 8419 641673
442 8504 643864
337 8460 647620
337 8460 647686
337 8460 647738
337 8460 647761
337 8460 647777
337 8460 647867
337 8460 647924
506 8283 648099
3048 8623 649671
1306 8807 649808
1851 8283 650656
346 8458 652809
346 8458 654143
1569 8469 654663
346 8511 655253
346 8511 655391
346 8469 655534
1569 8511 657102
1263 8521 657466
346 8469 658049
346 8615 658110
1263 8623 658151
346 8677 658195
116 8504 658218
1569 8511 658488
1569 8511 658551
1569 8511 658585
1569 8511 658875
3079 8458 658988
506 8469 659454
346 8469 659953
3080 8869 660323
2020 8517 662338
1432 8283 662513
1287 8615 662771
1263 8623 665632
1263 8623 665651
1263 8623 665859
1306 8469 666275
1569 8511 666511
327 8576 666952
3093 8623 666979
1542 8905 667131
1542 8905 667635
1542 8905 667692
369 8458 667725
1542 8905 667726
1542 8905 667791
1542 8905 667975
1542 8905 668172
1542 8905 668303
346 8807 669066
3105 8869 669556
3107 8365 670168
1148 8717 672133
2671 8536 672988
3133 8807 674494
3149 8623 676586
3149 8623 676646
494 8623 677177
494 8285 677262
3149 8623 677348
3155 8283 677540
1851 8283 677796
1851 8283 678182
1542 8905 678200
1542 8905 678303
1716 8469 678327
1287 8615 678469
1851 8283 679674
1851 8283 679833
442 8504 679922
1851 8283 680119
1851 8283 680312
1066 8652 680369
1066 8652 680419
1066 8652 680474
1851 8283 680660
1066 8652 680788
1066 8652 680818
1066 8504 681209
1066 8355 682406
1066 8355 683005
1066 8355 683078
1066 8355 683167
1066 8355 683204
627 8536 685125
2807 8717 687183
2807 8717 687540
2807 8717 687613
3214 8541 692139
1851 8283 693695
1130 8532 694016
3223 8504 694304
1851 8283 694328
1851 8283 694430
3223 8504 694488
1066 8504 694742
494 8623 695920
494 8623 695957
231 8285 698616
346 8458 700687
2052 8536 700881
3247 8536 702298
3247 8536 702542
3247 8536 702608
3247 8536 702670
1066 8615 705513
1066 8615 706524
1263 8536 707285
3262 8285 707413
2894 8536 707420
2894 8536 707488
3262 8285 707505
2894 8985 708017
2894 8985 708362
2894 8985 708445
346 8355 709761
3268 8985 709830
3282 8536 716560
3282 8536 716633
3292 8536 720347
3292 8536 720385
3292 8985 720558
3292 8985 720762
3292 8985 720801
3292 8985 720864
3292 8985 721006
3292 8985 721021
3292 8985 721164
3292 8985 721259
3292 8985 721282
3292 8985 721353
3292 8985 721431
3292 8985 721476
3301 8985 723056
3307 8985 725347
1287 8615 726196
3313 8989 726803
3313 8989 726887
3313 8989 726948
3313 8989 726977
3313 8989 727061
3313 8989 727105
3313 8989 727168
3313 8989 727227
3313 8989 727273
3313 8989 727338
3313 8989 727959
3313 8989 728113
3313 8989 728127
3313 8989 728153
3319 8989 728165
3313 8989 728368
3313 8989 728487
3313 8989 728524
346 8623 728861
274 8365 729965
274 8365 730119
3313 8989 730338
442 8504 730621
1988 8355 737413
1988 8355 737446
1988 8355 737475
346 8355 740232
346 8355 741186
3370 8532 741940
3313 8989 742510
3313 8989 742555
1765 8985 742614
1765 8985 742627
1988 8355 743489
3313 8989 743550
3313 8989 743574
1988 8355 743933
1130 8532 744155
3313 8989 744175
3313 8989 744197
3313 8989 744232
346 8469 744794
3384 8985 746169
552 8277 746812
61 8283 747109
3313 8989 747839
3313 8989 747885
3313 8989 748016
3313 8989 748085
3313 8989 748148
3313 8989 748524
2671 8536 748876
2671 8536 748914
3313 8989 749040
1288 8262 749120
1148 8717 749323
3313 8989 749324
3313 8989 749334
327 8576 749348
3398 8623 751001
627 8536 751081
3400 8985 751386
3400 8985 751504
327 8451 751685
3400 8985 751713
2476 8517 751850
934 8576 752004
2476 8576 752018
485 8517 752044
485 8517 752076
485 8517 752105
485 8517 752171
485 8517 752226
3400 8985 752231
2671 8985 752315
3400 8985 752338
3400 8985 752413
494 8623 752936
3410 8576 753127
327 8451 753316
1287 8615 753465
337 8460 753568
337 8460 753681
337 8460 753773
337 8460 753927
337 8460 754150
337 8460 754272
337 8460 754396
337 8460 754563
3419 8576 754612
337 8460 754624
3080 8869 754806
3419 8576 754822
442 8504 754871
3423 8701 754985
1130 8532 755342
1090 8511 756287
2807 8717 759502
2807 8717 759556
2807 8717 759784
485 8517 760831
485 8517 761368
1148 8717 761727
3080 8869 761875
3080 8869 761970
1148 8869 762001
506 8283 762095
506 8283 762110
3080 8869 763485
3080 8869 763550
3080 8869 764477
3460 8893 764552
3080 8869 764652
3080 8869 765046
3465 8623 765925
3468 8582 766311
327 8576 766384
327 8451 766458
327 8451 766494
1140 8623 766578
3410 8576 767446
2807 8717 767462
1066 8511 767504
2807 8717 767514
1066 8511 767764
1066 8511 767855
1148 8717 767927
934 8576 768074
2807 8717 768219
636 8576 768440
1148 8717 768636
636 8576 768673
3465 8623 768884
3465 8623 768960
1066 8511 769002
636 8576 769207
494 8623 769238
1148 8869 769352
494 8623 769387
494 8623 769528
1066 8504 769532
1066 8985 771404
1066 8985 771437
1066 8985 771473
327 8576 772323
3484 8985 772505
327 8576 772721
1066 8536 773590
327 8576 773652
3491 8701 774488
54 8277 775377
116 8504 775806
636 8576 776484
116 8807 778103
231 8285 780452
2807 8717 782159
552 8262 782441
3080 8869 783272
478 8807 784155
2807 8717 784372
3525 8521 784847
346 8511 785240
346 8458 785385
2226 8985 785564
1148 8717 787345
3530 8582 787426
1148 8869 787631
3530 8582 787694
3531 8985 787696
3531 8985 787715
3531 8985 787848
3531 8985 787948
3536 8985 789365
3536 8985 789420
3539 8285 790130
3539 8285 790353
3539 8285 790583
3539 8285 790906
3539 8285 791212
3539 8285 791482
1066 8511 793198
3545 8985 794181
3548 8458 794720
1288 8262 795276
3268 8985 796217
3268 8985 796228
3575 8532 805175
3575 8532 805205
3575 8532 805792
1130 8532 807911
327 8576 808404
327 8576 808432
337 8460 811793
337 8460 811825
337 8460 811954
337 8460 812010
337 8460 812037
337 8460 812051
337 8460 812138
337 8460 812161
337 8460 812194
231 8285 813438
231 8285 813508
1047 8418 817033
1047 8418 817119
1047 8418 817289
1047 8418 817464
1047 8418 817611
1047 8418 818003
1047 8418 818340
1047 8418 818434
3313 8989 822741
3313 8989 822751
3313 8989 822842
3313 8989 822871
3313 8989 822879
3313 8989 822930
3313 8989 822942
3313 8989 822970
3313 8989 823000
3313 8989 823021
3313 8989 823039
249 8469 823670
327 8451 823941
327 8451 824001
327 8451 824020
327 8451 824096
934 8576 824185
327 8451 824205
327 8451 824253
327 8451 826297
327 8576 827071
3626 8536 828001
3629 8285 829496
3630 8418 830230
3630 8418 830299
3313 8989 830907
3313 8989 830942
3313 8989 830981
3630 8418 831001
3313 8989 831015
3313 8989 831047
3313 8989 831097
3313 8989 831106
3313 8989 831123
3313 8989 831137
3313 8989 833198
2807 8717 834995
346 8541 835320
346 8458 836315
3080 9014 840388
494 8521 840745
494 8521 840760
494 8521 840773
3080 9014 840848
3080 9014 840917
3080 9014 841089
494 8521 841407
3080 9014 841493
3669 8504 841616
3080 9014 841646
442 8504 841719
3080 9014 841809
442 8504 841904
3080 9014 842024
3080 9014 842331
3080 9014 842567
3080 9014 842751
3080 9014 842919
1130 8532 843729
1090 8511 844453
1148 8717 844525
3080 9014 846333
934 8576 846440
3688 8985 846628
3080 9014 846923
636 8576 847215
3080 9014 847415
442 8458 847504
3690 8283 847792
636 8576 847822
3484 8985 847854
636 8576 848118
3080 9014 848564
3080 9014 848680
3080 9014 848918
3080 9014 849145
3080 9014 849289
3080 9014 849519
3080 9014 849679
3080 9014 849859
3700 8262 850224
3080 9014 850448
3484 8985 850529
3630 8418 850609
3705 8582 851113
3080 9014 851524
3080 9014 851784
231 8285 853350
3700 8262 853479
3080 9014 853588
327 8576 854177
485 8517 854332
327 8451 854517
934 8576 854569
327 8451 854574
327 8451 854615
327 8451 854657
494 8521 855808
3724 8469 856322
636 8576 858838
2671 8985 861164
2671 8985 861181
2671 8985 861271
2671 8985 861292
3080 9014 861654
3080 9014 861859
3080 9014 862044
3080 9014 862085
3080 9014 862346
636 8576 862812
3746 8283 863918
1712 8504 866525
3080 9014 869498
1432 8283 869581
3080 9014 869774
3080 9014 869968
308 8451 869981
3080 9014 870168
3080 9014 870259
308 8451 870384
3214 8541 870433
3214 8652 870668
308 8451 870783
308 8451 871167
308 8451 871188
670 8532 872623
670 8532 873060
494 8985 873543
636 8517 873669
494 8985 873743
3789 8582 875285
670 8532 875909
3796 8419 878122
1066 8582 878452
3798 8419 878601
1066 8582 878903
3815 8582 883426
3410 8576 884220
1066 8582 888056
442 8504 888322
61 8283 888410
61 8283 888650
61 8283 889355
670 8532 889716
254 8893 891295
3834 8893 891413
3835 8623 891641
3836 8623 891749
3836 8623 891787
3836 8623 892149
3839 8623 892559
346 8893 894145
346 8893 894886
327 8576 895289
327 8576 895311
327 8576 895334
3011 8419 896268
3011 8419 896305
3011 8419 896317
3011 8419 896470
3011 8419 896494
3011 8419 896526
3011 8419 896541
3011 8419 896768
3011 8419 896792
3011 8419 896949
3011 8419 897162
3011 8419 897177
3011 8419 897319
3850 8419 897334
3011 8419 897417
3011 8419 897451
3011 8419 897502
3011 8419 897529
3011 8419 897547
3011 8419 897605
3011 8419 897634
3011 8419 897657
3011 8419 898882
3011 8419 898933
3856 8541 900033
3859 8623 900282
2325 8623 901641
3870 8893 906224
3870 8893 906435
506 8582 906590
3873 8623 906654
506 8283 908346
308 8455 908485
308 8455 909079
308 8455 909712
1287 8615 910584
3262 8623 912253
3262 8623 912493
3885 8893 912537
308 8455 913033
1130 8532 913208
308 8455 913429
2025 8277 913771
308 8455 913985
506 8277 914252
3313 8989 914305
274 8365 914478
274 8365 914701
274 8365 914753
506 8532 915000
274 8365 915173
506 8582 915667
274 8365 916106
1569 8469 917111
1569 8511 917652
552 8623 917779
552 8623 917786
1569 8511 917806
552 8623 917837
2376 8903 917995
2025 8277 918216
506 8277 919077
1569 8511 919750
442 8504 920923
3906 8521 921155
3909 8418 921678
1263 8623 923015
1263 8623 923139
3915 8623 923149
1263 8623 923444
1263 8623 923508
3917 8623 923662
3313 8989 924941
461 8419 925118
1263 8623 925387
1066 8511 925412
3923 8511 926126
3924 8623 926659
3926 8365 926854
1066 8511 927032
3928 8623 927295
1066 8615 927390
3222 8521 927875
274 8365 928223
3935 8277 928729
333 8541 930097
3943 8285 930585
2728 8419 931226
536 8541 932092
3080 8869 932545
346 8677 932806
346 8677 932834
3951 8623 933058
3423 8701 933291
3953 8582 933628
3423 8701 933662
3953 8582 933828
3953 8582 934279
1148 8869 934499
3961 8623 934651
3965 8623 935474
1263 8623 935913
3965 8521 935937
3965 8521 935952
3965 8521 935971
3965 8521 935990
3968 8532 936169
1066 8677 936584
1569 8511 936586
1066 8677 936600
1569 8511 936872
506 8532 937048
1569 8511 937130
506 8582 937566
1130 8532 938308
1712 8504 938517
3982 8458 939126
3984 8536 940126
3986 8893 940181
442 8504 940271
552 8458 940872
274 8365 943022
3997 8623 943150
1130 8532 943193
2523 8262 943387
274 8365 943534
2523 8262 943624
274 8365 943711
274 8365 943860
35 8262 943966
3011 8419 944119
2523 8262 944566
2523 8262 944772
4004 8623 945705
3525 8623 946684
3080 8869 946765
3080 8869 946862
3080 8869 947212
3525 8623 947270
4010 8893 947472
4014 8521 948374
4022 8521 949628
4024 8285 950662
3080 8869 951184
1712 8504 951463
4024 8285 951567
636 8576 951810
636 8576 951834
4029 8623 951902
494 8623 951946
670 8532 956165
1066 8677 956313
3080 9014 956415
3080 9014 956461
4043 8893 958147
4043 8893 958371
4043 8893 958542
4043 8893 959097
3965 8623 959645
4043 8893 959701
4043 8893 960071
4043 8893 960403
1799 8262 961748
3548 8458 962700
346 8355 962718
3548 8458 962875
4060 8504 965025
3080 9014 966179
3080 9014 967051
3491 8701 967139
3491 8701 967393
3080 9014 967461
3080 9014 968150
3080 9014 968390
3080 8869 968446
4069 8893 968568
3080 9014 968762
3080 9014 968958
3080 9014 969014
1066 8652 970242
1140 8893 972737
346 8623 973275
4004 8285 974385
3080 9014 977556
3080 9014 977677
3080 9014 977799
442 8504 977917
3080 9014 978006
3080 9014 978515
3080 9014 978784
3080 9014 979120
4103 8623 979564
3080 9014 979628
3080 9014 979671
3080 9014 979891
3080 9014 979969
3080 9014 980233
3080 9014 980517
3080 9014 980733
4108 8623 983094
308 8455 984300
308 8451 984554
308 8451 984691
308 8451 984828
308 8451 984937
308 8451 985096
346 8893 985103
308 8451 985210
308 8451 985306
346 8893 985375
346 8893 985417
308 8451 985477
308 8455 986097
2325 8623 987816
506 8582 992424
4043 8893 994276
4043 8893 994433
4150 8989 997344
4150 8989 997356
4150 8989 997368
4150 8989 997399
3222 8521 998831
1130 8532 1000381
4161 8893 1000562
3080 9014 1001762
3080 9014 1002008
3080 9014 1002242
3080 9014 1002739
308 8455 1003251
3080 9014 1003272
308 8455 1003593
308 8455 1003988
308 8455 1004398
308 8455 1004714
308 8455 1005073
3313 8989 1005342
2728 8623 1005630
3313 8989 1008794
3313 8989 1008813
636 8576 1009968
3080 9014 1010574
4206 8511 1010643
3080 9014 1010674
4206 8469 1010817
4206 8511 1010833
3080 9014 1011273
636 8576 1011456
3080 9014 1011514
3080 9014 1011625
3080 9014 1011816
3080 9014 1012088
3080 9014 1012361
3080 9014 1012616
3080 9014 1015225
1148 8869 1015753
3222 8521 1017610
2602 8623 1017832
3915 8623 1018158
2602 8623 1018776
4022 8521 1019519
2226 8504 1019685
4022 8521 1019751
2226 8504 1019754
4022 8521 1019781
2226 8504 1019817
4022 8521 1020294
4022 8521 1020967
442 8504 1021187
2962 8623 1021553
442 8504 1022278
54 8277 1022372
3080 9014 1023879
3080 9014 1024027
3080 9014 1024055
3080 9014 1024069
3080 9014 1024081
3080 9014 1024092
3080 9014 1024119
3080 9014 1024134
3080 9014 1024144
3080 9014 1024373
3080 9014 1024500
3080 9014 1024736
3080 9014 1024773
3080 9014 1024831
3080 9014 1024861
3080 9014 1024904
3080 9014 1024958
3080 9014 1025005
494 8521 1026210
327 8892 1026647
308 8455 1026867
308 8455 1027405
4274 8532 1027575
442 8532 1027741
308 8455 1027856
308 8455 1028289
308 8455 1028520
1066 8511 1028525
308 8455 1028674
4282 8623 1028778
308 8455 1028821
308 8455 1028899
4282 8623 1028985
308 8455 1028987
308 8455 1029121
4289 8517 1030680
2672 8460 1030857
3080 9014 1031339
3080 9014 1031530
3080 9014 1031689
2602 8623 1032035
2448 8541 1033748
4300 8892 1034649
4300 8892 1035029
4303 8701 1035416
1066 8677 1035485
3080 9014 1035810
3080 9014 1036098
4024 8285 1036513
4310 8623 1036676
4310 8623 1036752
4024 8285 1036766
4313 8623 1037045
116 8807 1037616
4317 8893 1037785
1569 8511 1038108
4328 8285 1039749
4328 8285 1039813
4328 8285 1039838
494 8623 1039907
494 8623 1039942
494 8623 1039966
4337 8623 1041553
4350 8623 1043982
4354 8277 1044496
4358 8893 1045144
4364 8893 1046309
4371 8521 1048088
2098 8623 1050051
494 8521 1050367
670 8532 1051187
4383 8677 1051288
4383 8677 1051320
670 8532 1051567
4387 8285 1052314
4387 8285 1052346
3850 8419 1053196
3850 8419 1053484
3850 8419 1053543
2807 8717 1054276
4397 8521 1055570
3850 8419 1056708
1066 8985 1057665
1066 8536 1057752
3850 8419 1058025
4060 8521 1058738
4060 8623 1059107
4060 8623 1059280
1066 8285 1059758
1066 8285 1059854
1066 8285 1059876
1066 8285 1059968
327 8892 1066688
4421 8582 1066906
3011 8419 1067094
3011 8419 1067135
274 8365 1071355
4430 8893 1071566
231 8285 1071591
274 8365 1072276
506 8582 1074578
308 8455 1074950
308 8455 1075032
308 8455 1075247
308 8455 1075342
308 8455 1075433
308 8455 1075516
308 8455 1075605
308 8455 1075695
506 8283 1076967
3222 8521 1078688
4450 8283 1079832
308 8455 1080773
346 8458 1083316
4461 8532 1085215
552 8623 1088550
4470 8521 1089014
1716 8277 1091441
442 8504 1091609
442 8504 1091684
506 8277 1092886
4477 8504 1093703
442 8504 1093735
4477 8504 1093837
1130 8532 1094959
354 8283 1095201
3928 8985 1095248
2376 8903 1095789
2376 8903 1095843
2376 8903 1095928
2376 8903 1096033
2376 8903 1096172
2376 8903 1096403
2376 8903 1096466
2376 8903 1096518
2376 8903 1096567
2376 8903 1096618
2376 8903 1096665
2376 8903 1096695
2376 8903 1096736
2376 8903 1096775
2376 8903 1096807
1130 8532 1096922
2376 8903 1097113
2376 8903 1097613
2376 8903 1097776
2376 8903 1097884
2376 8903 1098580
2376 8903 1099366
274 8365 1099907
2448 8419 1099957
3943 8285 1100161
442 8504 1100185
3943 8285 1100435
3943 8285 1100597
1667 8262 1100928
1148 8717 1101195
1148 8717 1101291
461 8419 1101918
61 8283 1102552
1066 8985 1103067
2376 8903 1104097
2376 8903 1104121
2376 8903 1104197
506 8283 1104345
2376 8903 1104346
2376 8903 1104455
2376 8903 1104622
2376 8903 1104691
2376 8903 1104748
2376 8903 1104853
2376 8903 1104943
2376 8903 1104986
2376 8903 1105228
2376 8903 1105607
4522 8469 1105896
2376 8903 1105925
4522 8469 1106041
2376 8903 1106068
2376 8903 1106108
2376 8903 1106152
2376 8903 1106306
2376 8903 1106396
2376 8903 1106624
2376 8903 1106857
2376 8903 1107019
1542 8905 1107266
2376 8903 1107314
1542 8905 1107329
442 8903 1107636
442 8903 1107653
442 8903 1107664
1148 8717 1108076
1306 8717 1108196
1148 8717 1108321
1148 8717 1108649
1090 8469 1109375
2807 8717 1109919
1716 8458 1110003
961 8623 1110275
494 8521 1110972
2376 8903 1112793
2376 8903 1112938
3080 8869 1113412
1148 8869 1114186
1148 8717 1114275
485 8517 1115243
485 8517 1115335
485 8517 1115439
485 8517 1115479
636 8517 1115501
485 8517 1115925
1130 8532 1116424
636 8517 1117707
636 8517 1118137
636 8517 1118734
327 8892 1119281
327 8892 1119332
308 8455 1120364
308 8455 1120440
308 8455 1120606
308 8455 1120850
308 8455 1120975
494 8521 1121361
2376 8903 1121369
231 8285 1122254
3080 8869 1123108
3080 9014 1123762
3080 8869 1123947
3080 8869 1124443
4597 8365 1127711
1066 8355 1130652
1066 8355 1130718
1066 8355 1130790
1066 8355 1130843
54 8277 1130937
494 8623 1130975
3080 8869 1131003
2287 8262 1132909
636 8517 1133065
1148 8869 1135634
494 8623 1136309
494 8623 1136338
4626 8521 1137385
1140 8521 1137606
1140 8521 1137627
216 8388 1147608
216 8388 1147661
216 8388 1147676
216 8388 1147686
216 8388 1147722
216 8388 1147745
216 8388 1147783
1025 8677 1148915
274 8365 1153125
274 8365 1155545
274 8365 1155779
4659 8521 1156285
274 8365 1156756
274 8365 1158115
4668 8985 1162168
506 8582 1165877
4684 8541 1168459
4684 8541 1168496
1569 8511 1168534
4684 8541 1168681
116 8807 1172575
3313 8989 1174079
3313 8989 1174111
3313 8989 1174168
3313 8989 1174431
3313 8989 1174483
3313 8989 1174504
3313 8989 1174893
4728 8532 1175591
442 8532 1176273
4735 8807 1176649
4735 8807 1176667
442 8504 1177718
461 8419 1178458
3398 8521 1178883
3850 8419 1180646
3105 8869 1181582
1542 8905 1186392
1542 8905 1186417
4786 8615 1187086
327 8892 1187595
3928 8985 1189391
2020 8517 1189600
3384 8985 1189995
4800 8807 1190654
4802 8419 1191375
494 8521 1195184
4826 8419 1196190
327 8892 1198574
327 8892 1199079
308 8455 1199210
327 8892 1199328
307 8623 1199375
231 8285 1205591
4885 8677 1206762
506 8582 1210213
4928 8283 1221052
1148 8869 1222189
4932 8277 1223097
4935 8285 1223786
346 8893 1225452
346 8893 1225498
346 8623 1225618
3965 8893 1225975
346 8469 1226025
346 8615 1226070
3965 8893 1226095
3965 8893 1226310
3965 8893 1226380
3965 8893 1226546
3965 8893 1226851
3965 8893 1226911
3965 8893 1226962
346 8469 1226963
231 8285 1227441
346 8277 1227996
346 8541 1228200
346 8541 1228531
346 8541 1230803
1287 8615 1231260
1287 8511 1231526
346 8893 1232769
1066 8262 1232813
346 8893 1232889
346 8893 1233009
4024 8285 1233155
1025 8677 1234111
4981 8355 1241208
4981 8355 1241853
344 8460 1242473
344 8460 1243717
344 8460 1243754
344 8460 1243784
344 8460 1243823
4990 8419 1245087
344 8460 1246706
344 8460 1246761
344 8460 1246791
506 8283 1247146
344 8460 1247234
344 8460 1247264
344 8460 1247282
344 8460 1247385
344 8460 1247446
344 8460 1247491
344 8460 1247589
231 8285 1247696
2989 8521 1247968
3870 8893 1249029
344 8460 1252087
5001 8388 1253638
461 8419 1254339
346 8623 1257000
337 8460 1257121
346 8623 1257154
337 8460 1257181
346 8458 1258476
5012 8262 1258833
346 8355 1259034
4800 8807 1259089
333 8283 1259886
4800 8807 1259976
5016 8419 1260058
5017 8892 1260138
346 8458 1260275
4800 8807 1260669
354 8283 1260740
4800 8807 1260770
5018 8536 1260775
4800 8807 1260916
5018 8536 1260936
4800 8807 1260943
5018 8536 1261003
5018 8536 1261041
1130 8532 1261134
346 8893 1261144
4800 8807 1261228
346 8893 1261263
2376 8903 1261266
346 8521 1261345
327 8892 1261450
148 8283 1261641
346 8469 1261702
346 8355 1261959
4800 8807 1261991
4800 8807 1262667
346 8893 1262680
346 8623 1262753
4800 8807 1263193
4800 8807 1263233
346 8521 1263337
346 8521 1263364
346 8469 1263895
4800 8807 1263912
4800 8807 1264250
2290 8285 1264394
346 8893 1264399
2290 8285 1264457
2376 8903 1264496
4800 8807 1264535
2290 8285 1264579
346 8521 1264585
2290 8285 1264619
2290 8285 1264648
346 8521 1264678
346 8893 1265511
4800 8807 1265550
346 8893 1265589
346 8893 1265831
346 8521 1266215
346 8615 1266996
346 8469 1267036
346 8677 1267107
5041 8623 1267296
346 8893 1267795
346 8893 1267867
5041 8511 1268001
346 8623 1268348
461 8419 1269312
4800 8807 1269646
4800 8807 1269931
346 8893 1270774
346 8623 1270818
346 8893 1271333
346 8893 1271387
5000 8458 1273180
3935 8623 1273490
346 8893 1273698
346 8521 1273751
346 8521 1274334
5066 8893 1274355
4935 8285 1274371
4935 8285 1274593
346 8623 1274598
346 8623 1274878
1432 8355 1276069
5081 8623 1277048
552 8623 1277641
346 8893 1278274
2807 8717 1278534
346 8893 1278890
346 8893 1279026
1432 8469 1279492
35 8262 1279839
2098 8893 1279859
2098 8893 1279981
2098 8893 1280017
2098 8893 1280043
2098 8893 1280064
2098 8893 1280132
2098 8893 1280597
2098 8893 1280645
494 8521 1281516
552 8623 1281664
5099 8582 1281952
3484 8985 1283045
1287 8615 1283076
1287 8615 1284123
1287 8615 1284235
5108 8521 1284456
1287 8615 1284457
1287 8615 1284587
1130 8532 1284639
5108 8521 1284753
5108 8521 1284997
5122 8460 1288631
307 8623 1288761
494 8623 1292929
148 8504 1297739
5152 8277 1299299
1130 8532 1299300
494 8623 1300597
3011 8419 1301139
3011 8419 1301548
3011 8419 1301657
552 8623 1303041
552 8623 1303078
552 8623 1303137
552 8623 1303177
5165 8419 1304392
1066 8652 1310712
2098 8893 1310923
494 8623 1312035
494 8623 1312629
494 8623 1312689
5185 8623 1312885
1148 8717 1313085
494 8623 1313517
4800 8807 1315532
4800 8807 1315580
4800 8807 1315683
346 8355 1317225
536 8541 1318277
536 8541 1318416
4800 8807 1319728
5122 8460 1320319
5122 8460 1320487
4800 8807 1320795
346 8623 1320941
346 8893 1321052
5202 8277 1321053
346 8615 1321133
346 8469 1321176
346 8893 1321320
346 8893 1321828
346 8893 1321940
346 8893 1322020
346 8893 1322068
346 8893 1322107
346 8541 1322610
2170 8285 1323184
346 8541 1323696
346 8262 1323959
346 8262 1324023
346 8262 1324052
346 8262 1324129
346 8283 1324373
4800 8807 1325162
4800 8807 1325178
344 8460 1325523
5208 8277 1325557
344 8460 1325583
344 8460 1325595
5208 8277 1325597
344 8460 1325624
344 8460 1325680
344 8460 1325752
346 8893 1325758
344 8460 1325834
346 8893 1325892
346 8893 1325931
274 8365 1328448
344 8460 1329999
344 8460 1330045
344 8460 1330095
344 8460 1330377
1288 8262 1331010
1306 8717 1333592
1716 8521 1334720
231 8285 1335034
5227 8893 1335257
5230 8355 1335882
4800 8807 1335956
344 8460 1336030
4800 8807 1336045
344 8460 1336046
344 8460 1336129
344 8460 1336187
1716 8521 1336210
344 8460 1336217
5232 8418 1336236
1716 8469 1336699
4800 8807 1337439
4800 8807 1338991
442 8504 1339534
344 8460 1340187
344 8460 1340238
344 8460 1340263
506 8277 1340598
3398 8623 1340688
3398 8623 1340705
3313 8989 1340971
3313 8989 1341027
3313 8989 1341043
3313 8989 1341052
344 8460 1341080
3313 8989 1341083
344 8460 1341110
344 8460 1341187
2082 8893 1341190
3313 8989 1341295
344 8460 1341331
344 8460 1341735
4800 8807 1342607
4800 8807 1342771
4800 8807 1342907
5122 8460 1343032
4800 8807 1343054
4800 8807 1343091
1287 8615 1343444
344 8460 1343973
506 8532 1344073
3313 8989 1344896
3313 8989 1344914
3313 8989 1344952
1988 8355 1345901
1988 8355 1345921
3313 8989 1346609
2376 8903 1346804
3313 8989 1346823
3313 8989 1346926
3313 8989 1346950
3313 8989 1346959
3313 8989 1346967
3313 8989 1346989
2376 8903 1347137
2376 8903 1347389
2376 8903 1347582
2376 8903 1348092
2376 8903 1348430
2376 8903 1348611
2376 8903 1348726
2376 8903 1348887
2376 8903 1349044
2376 8903 1349157
327 8989 1349164
2376 8903 1349185
327 8989 1349188
2376 8903 1349275
2376 8903 1349533
2376 8903 1349922
2376 8903 1349968
2376 8903 1350225
2376 8903 1350300
2376 8903 1350494
2956 8504 1352655
442 8504 1353169
494 8521 1354606
1130 8532 1355632
1130 8532 1356817
1047 8418 1358367
2098 8893 1359151
1047 8418 1359802
327 8576 1360396
1148 8717 1360445
327 8451 1360451
327 8451 1360557
1047 8418 1360617
1047 8418 1361107
1047 8418 1361183
1047 8418 1361509
1306 8717 1361651
327 8576 1361989
1047 8418 1362083
1066 8582 1362101
1066 8582 1362259
1047 8418 1362668
1047 8418 1362997
327 8451 1363680
327 8451 1363740
337 8460 1363843
337 8460 1364331
327 8451 1365767
327 8451 1365842
346 8623 1366643
494 8623 1367503
346 8893 1368048
346 8521 1368106
346 8511 1368495
327 8576 1372425
4060 8504 1372632
4060 8504 1372883
1148 8717 1374798
327 8576 1375765
307 8623 1379883
307 8521 1380117
1066 8418 1381869
5402 8365 1383690
5403 8985 1383940
61 8283 1386982
4024 8285 1388316
1148 8717 1389526
2602 8623 1390531
216 8388 1394931
4800 8807 1398652
3491 9116 1398725
934 8576 1400202
4800 8807 1407094
346 8541 1408577
346 8262 1408819
346 8893 1408968
346 8893 1409240
344 8460 1411048
344 8460 1411140
344 8460 1411171
344 8460 1411289
344 8460 1411306
344 8460 1411364
344 8460 1411408
344 8460 1411422
344 8460 1411529
4800 8807 1413629
216 8388 1415569
337 8460 1415856
337 8460 1415955
4800 8807 1416397
231 8285 1417530
308 8451 1418193
4800 8807 1418367
308 8451 1418476
308 8451 1418604
308 8451 1418675
506 8283 1419718
1306 8717 1420570
3669 8504 1421004
442 8504 1424051
5476 8582 1425009
346 8623 1425872
346 8677 1426247
1047 8418 1427520
934 8576 1429565
308 8451 1430648
308 8451 1431286
308 8451 1431316
308 8451 1431394
308 8451 1431793
2319 8898 1433178
327 8451 1433685
327 8451 1433770
327 8451 1433903
148 8623 1435367
3491 9116 1437772
346 8458 1439952
5504 8521 1439990
346 8521 1440118
346 8893 1440229
346 8469 1440632
346 8677 1440674
346 8893 1440753
1148 8717 1444078
1148 8717 1444160
54 8277 1444624
1148 8717 1444866
1148 8717 1444890
1148 8717 1444967
5531 8893 1446079
327 8576 1447402
5538 9123 1447903
327 8451 1448173
1306 8717 1448203
327 8451 1448213
327 8451 1448262
327 8451 1448298
327 8576 1448856
1148 8717 1449151
934 8576 1449221
1148 8717 1449342
5538 9123 1449435
5538 9123 1449472
5538 9123 1449501
5538 9123 1451143
5538 9123 1451201
1344 8285 1451637
494 8623 1452872
5538 9123 1453003
5538 9123 1454190
5538 9123 1454298
5538 9123 1454429
308 8451 1454439
308 8451 1454556
346 8893 1454734
346 8623 1454827
308 8451 1454865
308 8451 1455101
308 8451 1455162
308 8451 1455205
5571 8652 1458131
442 8504 1458282
1175 8511 1458302
5571 8652 1458443
327 8451 1458542
327 8451 1458574
2476 8517 1459370
1047 8418 1459386
2476 8517 1459460
1287 8615 1459522
1287 8615 1459548
2476 8576 1459859
327 8576 1460150
1047 8418 1460200
1047 8418 1460229
4786 8541 1460233
4786 8541 1460473
5579 8623 1460542
5580 8576 1460624
308 8455 1461452
308 8455 1461823
308 8455 1462259
1066 8469 1462712
308 8455 1462766
308 8455 1463177
308 8455 1463681
5538 9123 1464215
5538 9123 1464301
5603 8615 1464545
231 8285 1467248
5571 8652 1468458
3080 8869 1469115
3080 8869 1469176
3080 8869 1469233
934 8576 1469983
5625 8285 1470105
2876 8615 1470113
5625 8285 1470587
3080 8869 1471693
5628 8355 1471841
5625 8285 1471925
4786 8541 1473071
4786 8541 1473222
4786 8541 1473247
4786 8541 1473324
4786 8541 1473386
5625 8285 1473543
1148 8869 1473823
5644 8511 1475933
116 8504 1477965
116 8807 1478068
116 8807 1478143
670 8532 1478309
636 8576 1478437
670 8532 1479280
5662 8283 1482696
1066 8511 1485811
3105 8869 1487161
1148 8869 1488213
5678 8582 1488298
5688 8419 1490845
1066 8355 1492287
1066 8355 1492317
1066 8355 1492498
1066 8355 1492701
1066 8355 1492729
3011 8419 1497636
3011 8419 1497839
3011 8419 1497905
3011 8419 1497933
3011 8419 1498010
3011 8419 1498068
308 8455 1498368
308 8455 1498861
148 8623 1498908
308 8455 1499309
308 8455 1499753
308 8455 1500171
308 8455 1500604
308 8455 1500993
308 8455 1501825
308 8455 1502191
308 8455 1502580
308 8455 1503390
308 8455 1503779
308 8451 1503872
308 8451 1503981
308 8451 1504104
308 8451 1504196
308 8451 1504281
308 8451 1504308
308 8451 1504386
308 8451 1504432
308 8451 1504516
5538 9123 1505526
180 8365 1508339
5723 8893 1510308
5723 8893 1510370
5723 8893 1510417
5723 8893 1510449
5723 8893 1510733
5723 8893 1510921
5723 8893 1511112
5723 8893 1511269
5723 8893 1511327
5723 8893 1514529
5723 8893 1514921
308 8455 1515052
308 8455 1515231
308 8455 1515360
308 8455 1515512
308 8455 1515683
308 8455 1515820
308 8455 1515950
308 8455 1516042
308 8455 1516203
308 8455 1516268
308 8455 1516339
308 8455 1516508
308 8455 1516560
308 8455 1516708
5723 8893 1516788
5723 8893 1516824
308 8455 1516867
308 8455 1516958
1667 8458 1517412
5662 8283 1521812
5662 8283 1522018
5662 8283 1522041
3491 9116 1522089
3080 8869 1522401
3491 9116 1522676
5662 8283 1522725
3491 9116 1522744
3491 9116 1522767
3491 9116 1522954
5662 8283 1523077
506 8283 1523126
4800 8807 1525091
4800 8807 1525155
4800 8807 1525270
4800 8807 1525422
4800 8807 1525508
4800 8807 1525547
4800 8807 1525581
4800 8807 1525808
5227 8893 1525847
4450 8418 1525889
4800 8807 1526767
4800 8807 1526846
3080 8869 1528563
274 8365 1531300
636 8576 1532577
2807 8717 1532606
1130 8532 1532757
2807 8717 1532932
2602 8623 1533535
3491 9116 1534464
3491 9116 1534554
5723 8893 1535910
3491 9116 1535956
3491 9116 1535989
3491 9116 1536279
2989 8283 1536352
1148 8717 1538392
494 8623 1539368
5723 8893 1539479
5723 8893 1539549
1148 8869 1539648
337 8460 1539913
337 8460 1539934
337 8460 1540536
3491 9116 1541212
4786 8541 1541371
5793 8262 1542275
3491 9116 1542454
3491 9116 1542825
5799 8652 1543093
3491 9116 1543160
5799 8652 1543161
3491 9116 1543248
5799 8652 1543270
5799 8652 1543790
327 8576 1543830
5799 8652 1543890
5799 8652 1544033
3491 9116 1544318
5799 8652 1544592
307 8262 1544709
5799 8652 1544801
3491 9116 1546057
3491 9116 1546313
3080 8869 1546332
3491 9116 1546362
3491 9116 1546500
3491 9116 1546544
3491 9116 1546613
3491 9116 1546684
3491 9116 1546806
3491 9116 1546868
1066 8469 1547952
1066 8469 1548030
1148 8869 1548079
3491 9116 1548957
3491 9116 1548993
3491 9116 1550159
3491 9116 1550186
3965 8623 1550412
1898 8277 1550464
636 8576 1553094
3491 9116 1555350
3080 8869 1555913
3080 8869 1555960
3080 8869 1556040
3080 8869 1556128
3080 8869 1556688
3080 8869 1557070
1148 8869 1557485
5839 8504 1557595
3105 8869 1557623
478 8504 1558126
478 8504 1558241
274 8365 1558255
274 8365 1558797
231 8285 1559150
116 8807 1560482
116 8807 1560484
116 8807 1560519
494 8623 1561276
3080 8869 1563431
3105 8869 1566333
3491 9116 1568612
670 8532 1568900
3491 9116 1569801
670 8532 1570160
5870 8511 1570198
5870 8677 1570252
3491 9116 1570399
3491 9116 1570544
3491 9116 1571249
346 8893 1573755
346 8893 1573802
346 8893 1573843
346 8893 1573879
1066 8536 1576700
216 8388 1576824
216 8388 1576834
4800 8807 1577936
4800 8807 1578063
4800 8807 1578374
4800 8807 1578508
4800 8807 1578715
4800 8807 1578820
4800 8807 1580417
274 8365 1580749
54 8277 1584154
5813 8277 1588072
5538 9123 1591076
5538 9123 1592909
5538 9123 1593112
2876 8652 1595083
2376 8903 1595247
506 8277 1595473
274 8365 1595998
506 9123 1597247
506 9123 1599095
506 9123 1599529
4800 8807 1599614
4800 8807 1599639
308 8455 1599699
506 9123 1599711
5538 9123 1599756
506 9123 1599762
5538 9123 1599867
506 9123 1599883
5538 9123 1599886
308 8455 1599899
5538 9123 1600015
506 9123 1600020
308 8455 1600023
5538 9123 1600041
506 9123 1600070
5538 9123 1600143
5538 9123 1600191
506 9123 1600747
506 9123 1600772
5538 9123 1600839
506 9123 1600973
506 9123 1601393
1148 8717 1602705
1148 8717 1602723
4885 8677 1602989
4885 8677 1603005
4885 8677 1603056
4800 8807 1603099
4800 8807 1603471
4800 8807 1603555
4800 8807 1604595
5934 8418 1604671
552 8623 1605611
442 8504 1605835
1047 8418 1606071
435 8623 1606568
435 8623 1606722
506 9123 1607121
3080 8869 1607170
307 8623 1607201
506 9123 1607542
4800 8807 1607563
4800 8807 1607780
506 9123 1608504
506 9123 1608821
3491 9116 1609127
3491 9116 1609786
3491 9116 1609818
506 9123 1611334
3491 9116 1611642
3491 9116 1612020
3965 8623 1612109
3491 9116 1612152
3491 9116 1612353
3491 9116 1612906
494 8623 1613171
506 9123 1613187
506 9123 1614855
1066 8418 1615130
5969 8285 1618483
1148 8869 1619559
5538 9123 1619921
5538 9123 1620060
5538 9123 1620146
5538 9123 1620202
1148 8717 1620244
5538 9123 1620411
3491 9116 1620741
3491 9116 1620946
333 8511 1621033
333 8615 1621052
333 8677 1621206
494 8623 1621231
333 8677 1621248
5538 9123 1621338
333 8469 1621356
5538 9123 1621438
5538 9123 1621507
5538 9123 1621641
3491 9116 1621749
1066 8511 1621912
1148 8717 1622043
1066 8615 1622209
1066 8469 1622254
2448 8652 1622591
4800 8807 1624266
5538 9123 1624422
2020 8517 1626219
494 8623 1626464
4250 8623 1626531
4250 8623 1626576
2867 8582 1626602
4250 8623 1626656
5813 8521 1626779
5995 8893 1626832
494 8623 1626922
346 8893 1627310
346 8521 1627492
346 8521 1627616
346 8893 1627789
5999 8285 1628059
6008 8285 1631568
494 8623 1631586
494 8623 1631710
494 8623 1633015
506 9123 1633343
494 8623 1633413
3491 9116 1633422
506 9123 1633988
3491 9116 1634101
506 9123 1634320
506 9123 1634584
442 8504 1635831
442 8504 1635914
442 8504 1635992
442 8504 1636021
1140 8623 1636162
1140 8623 1636175
5799 8652 1636664
5799 8652 1636719
442 8504 1637805
494 8623 1638158
3491 9116 1638631
3491 9116 1639012
3491 9116 1639420
3491 9116 1640132
442 8504 1640248
442 8504 1640312
442 8504 1640354
3491 9116 1640823
231 8285 1641076
3080 8869 1641756
3080 8869 1641878
1066 8615 1642269
1148 8869 1642565
6008 8285 1643315
216 8388 1643827
1066 8652 1644119
216 8388 1644614
216 8388 1644639
216 8388 1644676
216 8388 1644709
216 8388 1644793
6049 8285 1645006
3491 9116 1646093
6054 8511 1646119
3491 9116 1646381
1130 8532 1646396
3491 9116 1646474
3491 9116 1646571
6058 8623 1647018
116 8504 1647438
3491 9116 1648010
1066 8511 1650346
1066 8469 1651357
670 8532 1652997
670 8532 1653834
1130 8532 1654085
346 8623 1654100
346 8469 1654314
346 8615 1654381
5685 8285 1656754
3491 9116 1657448
494 8893 1658641
346 8615 1658983
1288 8262 1659166
1288 8262 1659547
6031 8504 1659651
6031 8504 1659653
494 8623 1659956
346 8893 1659982
346 8893 1660043
346 8623 1660171
346 8893 1660230
346 8893 1660294
346 8893 1660418
494 8893 1660454
346 8893 1661062
216 8388 1661738
327 8892 1674761
327 8892 1674776
327 8892 1674932
327 8892 1675190
344 8460 1675459
506 9123 1678877
346 8355 1679466
5813 8623 1680214
346 8893 1680944
506 9123 1681269
346 8623 1681436
506 9123 1681619
5813 8893 1681743
346 8677 1681767
346 8893 1681984
346 8615 1682349
346 8469 1682442
4800 8807 1682571
506 9123 1682783
346 8521 1682843
506 9123 1683778
4885 8677 1687427
1569 8511 1688964
1569 8469 1689377
1569 8469 1689419
1569 8469 1689485
1569 8469 1689582
1569 8469 1689603
2319 8898 1690043
6124 8419 1690740
442 8469 1691389
3491 9116 1691963
3491 9116 1692665
3491 9116 1692703
3491 9116 1693050
2319 8898 1693442
2319 8898 1693492
3491 9116 1693504
2319 8898 1693571
6137 8623 1694546
3491 9116 1694694
6137 8623 1694719
6137 8623 1694823
344 8898 1694829
3491 9116 1694869
3491 9116 1694941
506 9123 1695026
506 9123 1695568
344 8898 1696085
6149 8504 1697623
506 9123 1698121
506 9123 1698741
5538 9123 1699414
346 8893 1699998
346 8623 1700083
2319 8898 1700095
2319 8898 1700196
2319 8898 1700362
346 8521 1700526
346 8458 1700654
333 8283 1700802
346 8893 1701424
346 8893 1701489
346 8893 1701520
506 8283 1702166
506 8283 1702225
3928 8985 1702738
3491 9116 1704817
3491 9116 1704846
1066 8469 1705418
1066 8418 1705630
1066 8418 1705638
2448 8652 1706611
2448 8652 1706846
4786 8615 1708590
2867 8536 1711971
307 8623 1715506
1066 8418 1716330
1066 8418 1716428
6008 8285 1716752
6008 8285 1717304
1066 8418 1717509
494 8521 1718717
485 8517 1720113
485 8517 1720214
485 8517 1720427
485 8517 1720516
485 8517 1720569
485 8517 1720715
5799 8652 1721057
5799 8652 1721137
6219 8536 1722245
6220 8892 1722314
1066 8469 1724303
1066 8418 1724658
442 8504 1724897
327 8892 1725017
6228 8285 1725356
506 9123 1726338
506 8277 1726402
6008 8458 1726558
2476 8517 1727054
2476 8892 1727344
3965 8623 1727810
494 8893 1728099
506 9123 1728159
494 8893 1728711
1066 8469 1729640
231 8285 1729821
6243 8541 1730297
231 8285 1730466
4024 8285 1731974
6251 8283 1732729
3080 8869 1738940
1148 8869 1739708
4060 8504 1739760
4060 8504 1739842
1236 8388 1741699
2567 8283 1742072
1066 8677 1743224
344 8898 1745691
231 8285 1746723
6282 8521 1748311
344 8898 1751977
344 8898 1755513
344 8898 1755583
344 8898 1756123
344 8898 1757189
344 8898 1757776
344 8898 1757831
5122 8460 1760340
5122 8460 1760389
344 8898 1761526
344 8898 1762213
344 8898 1762220
344 8898 1762233
344 8898 1762270
5538 9123 1762672
344 8898 1762681
5538 9123 1762702
344 8898 1763338
344 8898 1763373
3967 8677 1763961
5538 9123 1765424
6149 8985 1765709
6149 8985 1765726
442 8504 1765820
6228 8285 1766561
148 8504 1766649
5538 9123 1767333
5538 9123 1767560
5538 9123 1767707
442 8504 1768088
1569 8469 1770093
506 9123 1770202
1569 8469 1770822
1569 8469 1771083
1569 8469 1771384
506 9123 1771849
1569 8469 1772666
506 8582 1775861
506 9123 1779205
6353 8504 1781983
636 8576 1782150
6362 8615 1785016
6365 8469 1786933
5538 9123 1788713
2246 8469 1789927
2246 8469 1789929
6374 8285 1790468
6374 8285 1790747
6378 8277 1791294
6378 8277 1791320
1569 8469 1791729
5799 8652 1793869
5799 8652 1794398
5799 8652 1794595
5799 8652 1794701
3491 9116 1794831
249 8283 1796345
2989 8283 1799878
346 8893 1803140
346 8893 1803194
346 8893 1803246
346 8893 1803280
1140 8285 1803449
6407 8615 1803540
3491 9116 1804187
2020 8517 1806066
327 8892 1807330
442 8504 1809761
442 8504 1809784
442 8504 1809809
1130 8532 1810687
442 8504 1811805
442 8532 1811997
231 8285 1812182
6008 8285 1812857
6008 8285 1812891
1066 8615 1813175
6428 8365 1814286
6428 8365 1814698
6428 8365 1814760
6428 8365 1814873
1712 8504 1815565
1712 8504 1815591
1066 8615 1816362
1066 8615 1816431
4935 8285 1818720
4935 8285 1819719
636 8576 1819751
3080 8869 1819939
3080 8869 1820198
1066 8677 1821007
1066 8677 1821235
1066 8677 1821492
1066 8677 1821739
3491 9116 1822341
3491 9116 1822366
1066 8677 1823583
1236 8388 1824283
4060 8504 1825858
344 8898 1826421
344 8898 1826448
344 8898 1826746
4935 8285 1826930
3491 9116 1827689
3491 9116 1828082
344 8898 1828226
344 8898 1828370
344 8898 1828508
344 8898 1828566
344 8898 1828570
344 8898 1828584
344 8898 1828632
344 8898 1828670
344 8898 1828725
3491 9116 1828739
344 8898 1829261
344 8898 1829439
3491 9116 1829707
3105 8869 1830347
6473 8541 1830934
3491 9116 1830943
6473 8541 1831154
344 8898 1831296
344 8898 1831741
344 8898 1831784
344 8898 1832088
344 8898 1832222
344 8898 1832291
346 8893 1832412
344 8898 1832862
344 8898 1832901
1066 8262 1833023
344 8898 1833661
344 8898 1833910
344 8898 1834560
344 8898 1835045
344 8898 1835110
344 8898 1835802
536 8541 1836193
344 8898 1838228
344 8898 1838454
344 8898 1838495
344 8898 1838558
344 8898 1838974
344 8898 1839233
344 8898 1839358
344 8898 1839822
344 8898 1839912
344 8898 1839982
344 8898 1841635
344 8898 1841679
344 8898 1841795
2319 8898 1843623
2319 8898 1843683
6505 8504 1845558
2671 8985 1847254
2671 8985 1847339
2671 8985 1847456
3262 9177 1851508
1140 8285 1852205
3262 9177 1852233
3262 9177 1852247
442 8504 1852591
442 8504 1852651
3262 9177 1853215
3548 8458 1853394
3262 9177 1854093
3262 9177 1854711
3262 9177 1854883
3262 9177 1854962
3262 9177 1855115
3262 9177 1855182
3262 9177 1855200
3262 9177 1855350
3262 9177 1855590
3262 9177 1855795
3262 9177 1856357
3262 9177 1856522
3262 9177 1856983
6516 8285 1857502
4800 8807 1858206
4800 8807 1858226
4800 8807 1858267
3262 9177 1858361
1236 8388 1858381
1236 8388 1858435
3262 9177 1858454
4800 8807 1858484
4800 8807 1858540
1236 8388 1858788
1236 8388 1858821
3262 9177 1859109
3262 9177 1859990
3262 9177 1860030
3262 9177 1860319
1236 8388 1860584
3262 9177 1860623
4800 8807 1860951
4800 8807 1861034
3262 9177 1861077
4800 8807 1861148
3262 9177 1861224
3262 9177 1861698
3262 9177 1861776
344 8460 1862523
344 8460 1862550
344 8460 1862645
4800 8807 1862652
344 8460 1862666
344 8460 1862680
346 8355 1862704
6473 8541 1862767
344 8460 1862803
344 8460 1862821
344 8460 1862920
344 8460 1862944
3262 9177 1863015
344 8460 1863057
3262 9177 1863078
3262 9177 1863296
3262 9177 1863306
3262 9177 1863520
3262 9177 1863557
3262 9177 1863815
3262 9177 1863899
3262 9177 1863945
2376 8903 1864011
3262 9177 1864062
2376 8903 1864078
2376 8903 1864124
2376 8903 1864198
3262 9177 1864221
2376 8903 1864229
2376 8903 1864274
3262 9177 1864302
2376 8903 1864311
2376 8903 1864359
3262 9177 1864633
116 8807 1864716
6526 8469 1865407
1130 8532 1866276
1287 8615 1866803
346 8469 1867938
3491 9116 1868129
3491 9116 1868207
3491 9116 1868301
346 8677 1868404
346 8677 1868457
346 8893 1868951
2876 8652 1869208
2020 8576 1869241
346 8458 1869633
1712 8504 1870298
61 8283 1871257
552 8277 1871471
346 8469 1871597
346 8355 1871937
346 8677 1872122
506 8283 1872261
552 8277 1872667
3262 9177 1874035
3262 9177 1874729
3262 9177 1874968
3262 9177 1875119
3262 9177 1875231
3262 9177 1876956
3262 9177 1877518
3491 9116 1877932
3491 9116 1877988
506 8532 1878128
346 8807 1878180
3491 9116 1878186
506 8532 1878190
5538 8807 1878293
506 8277 1878421
3222 8521 1878428
346 8807 1878754
346 8355 1878910
3262 9177 1879207
506 8541 1879614
3262 9177 1879638
3262 9177 1879674
3262 9177 1879775
442 8504 1879789
3262 9177 1879815
3262 9177 1879827
1066 8615 1880286
3262 9177 1880557
1066 8615 1880612
3262 9177 1880767
536 8458 1880856
3262 9177 1880879
3262 9177 1880917
3262 9177 1881311
3262 9177 1881839
3262 9177 1882931
3262 9177 1883070
4786 8893 1883607
3262 9177 1883875
3262 9177 1884347
3262 9177 1884559
3262 9177 1884641
346 8677 1885968
346 8469 1886105
54 8277 1886717
1716 8469 1887843
1716 8677 1888079
1130 8532 1889032
555 8388 1889633
555 8388 1890019
6580 8985 1891138
934 8576 1891428
3982 8623 1892302
1287 8615 1892592
1287 8615 1892863
231 8285 1893302
327 8576 1895056
6593 8893 1895193
3491 9116 1895415
6593 8893 1895655
327 8576 1896167
6598 8582 1897953
3080 8869 1901842
3080 9014 1902847
6618 8985 1905855
3491 9116 1905975
6620 8262 1906248
6620 8262 1906268
3491 9116 1907138
1288 8262 1907289
3491 9116 1907309
1148 8869 1907484
1288 8262 1907521
3491 9116 1908460
3491 9116 1908610
4935 8285 1909108
3491 9116 1909437
3491 9116 1910046
1288 8262 1910065
344 8898 1916513
346 8615 1917192
346 8469 1917396
346 8469 1917488
3262 9177 1918529
3491 9116 1918532
3491 9116 1918576
3080 8869 1918765
3080 8869 1918827
3080 8869 1918907
3262 9177 1918948
3080 8869 1918987
3080 8869 1919062
3080 8869 1919124
3080 8869 1919301
3080 8869 1919367
3080 8869 1919423
344 8898 1919491
3080 8869 1919521
3080 8869 1919573
3080 8869 1919670
3080 8869 1919717
3080 8869 1919773
3080 8869 1919846
3080 8869 1919899
3080 8869 1919962
3080 8869 1920006
3080 8869 1920075
3080 8869 1920111
3080 8869 1920161
344 8898 1920670
344 8898 1920697
344 8898 1920747
344 8898 1920866
346 8355 1922138
1066 8511 1925642
344 8898 1925647
1066 8511 1925662
1066 8511 1925887
346 8677 1926483
344 8898 1926485
344 8898 1927496
344 8898 1927738
346 8893 1927775
344 8898 1928062
346 8893 1928093
346 8623 1928204
346 8893 1928676
344 8898 1929657
3943 8285 1930872
506 8582 1935185
3548 8458 1935854
506 9123 1937013
344 8460 1937200
344 8460 1937257
344 8460 1937307
344 8460 1937940
344 8460 1938078
344 8460 1938096
344 8460 1938120
344 8460 1938211
344 8460 1938337
5041 8521 1938453
344 8460 1938552
506 9123 1939798
506 9123 1940137
506 9123 1940188
6593 8893 1940257
6704 8277 1942955
6593 8893 1943145
1148 8869 1947508
6715 8285 1949912
6717 8989 1950625
6717 8989 1950632
6717 8989 1950750
3491 9116 1953149
3491 9116 1953442
3262 9177 1954701
3491 9116 1954765
54 8277 1955244
2287 8532 1955773
1047 8418 1958757
346 8623 1959525
3262 9177 1961013
2476 8517 1961572
934 8576 1961694
3262 9177 1962080
3262 9177 1962138
636 8576 1962207
3262 9177 1962244
636 8576 1962285
1130 8532 1962392
3262 9177 1962468
1464 8517 1963016
3262 9177 1963050
3262 9177 1963352
3262 9177 1963910
4800 8807 1963934
3262 9177 1964215
3262 9177 1964254
1130 8532 1964534
3262 9177 1964786
3262 9177 1964871
3262 9177 1965179
3262 9177 1965422
1066 8262 1965441
3262 9177 1965460
3491 9116 1965467
1066 8262 1965489
3491 9116 1965612
494 8285 1965680
494 8285 1965721
3262 9177 1966177
3262 9177 1966216
3491 9116 1966608
1066 8355 1966848
327 8576 1966964
6760 8365 1967023
3262 9177 1967273
6760 8365 1967385
3491 9116 1967403
3491 9116 1967803
3491 9116 1968163
3491 9116 1968320
3491 9116 1968436
3262 9177 1968670
3491 9116 1969156
3491 9116 1969340
3491 9116 1969531
934 8576 1970313
3262 9177 1970416
3262 9177 1970731
506 9123 1972228
3080 8869 1972681
3080 9014 1972736
3080 9014 1972775
6779 8262 1973919
3105 8869 1974510
6779 8262 1975901
3262 9177 1978431
3262 9177 1978811
934 8576 1979043
3484 8458 1979855
3262 9177 1979920
627 8677 1980412
1025 8677 1980432
485 8517 1980543
485 8517 1980611
485 8517 1980706
485 8517 1980927
552 8623 1980995
552 8623 1981482
6800 8677 1981526
1148 8869 1981733
1025 8677 1981744
506 8283 1981805
4928 8283 1983109
308 8451 1983683
308 8451 1983788
308 8451 1983896
308 8451 1983966
3525 8893 1984871
552 8623 1985288
552 8623 1985311
3491 9116 1985457
3525 8893 1985542
3491 9116 1986281
3491 9116 1987041
3262 8623 1993536
231 8285 1995157
6825 8576 1996799
180 8365 1997187
180 8365 1997252
6827 8517 1997900
3491 9116 1998394
3491 9116 1998976
3491 9116 1999154
3491 9116 1999267
3491 9116 2000303
3491 9116 2000730
6839 8458 2002613
1066 8615 2002791
6839 8458 2002815
636 8576 2009069
636 8517 2010424
636 8517 2010509
1066 8469 2010564
1066 8469 2010966
1066 8511 2011227
1066 8469 2011252
1066 8511 2011341
346 8985 2011714
344 8460 2012299
344 8460 2013198
344 8460 2013415
344 8460 2014634
344 8460 2014699
344 8460 2014754
180 8365 2015028
344 8460 2015589
344 8460 2015773
344 8460 2015836
337 8460 2017543
344 8460 2020765
1287 8615 2023467
506 9123 2025893
506 9123 2026425
506 9123 2026464
506 9123 2026552
506 9123 2029419
6871 8623 2029674
506 9123 2029686
148 8623 2029705
6871 8623 2029750
148 8623 2029764
346 8677 2031220
308 8451 2031701
327 8576 2031750
6873 8536 2031813
327 8451 2031869
327 8451 2031891
327 8451 2031926
327 8451 2031948
308 8451 2033737
6875 8623 2034254
308 8451 2036474
308 8451 2036771
934 8576 2036796
308 8451 2037098
327 8451 2037376
327 8451 2037430
327 8451 2037502
327 8451 2037546
6760 8365 2038943
3491 9116 2040852
3491 9116 2042046
3491 9116 2042265
3491 9116 2042379
506 9123 2043440
6901 8677 2044904
6901 8677 2044935
346 8677 2045175
3491 9116 2045188
4786 8541 2045233
346 8469 2045291
3491 9116 2045335
3491 9116 2045393
346 8355 2045395
327 8576 2045856
3491 9116 2046521
4786 8541 2046633
3491 9116 2046652
4786 8541 2046683
4786 8541 2046717
4786 8541 2046797
4786 8541 2047071
4786 8541 2047199
4786 8541 2047789
4786 8541 2047837
4786 8541 2047869
4786 8541 2047946
4786 8541 2048055
4786 8541 2048079
4786 8541 2048113
4786 8541 2048203
4786 8541 2048235
4786 8541 2048428
934 8576 2049477
3410 8576 2050006
3080 8869 2050027
6913 8615 2050074
1066 8511 2050099
1066 8469 2050167
1066 8355 2050902
1066 8615 2050963
6916 8576 2051861
6916 8576 2051905
6917 8701 2051944
4786 8541 2052858
4786 8541 2052950
4786 8541 2052968
4786 8541 2053038
4786 8541 2053065
4786 8541 2053096
4786 8541 2053128
4786 8541 2053166
5793 8262 2053314
327 8451 2053522
327 8451 2053563
327 8451 2053610
327 8451 2053646
327 8451 2055467
6924 8623 2055534
327 8576 2055690
636 8576 2056205
934 8576 2057913
3080 9014 2058754
3080 9014 2058814
3080 9014 2058884
506 9123 2061671
327 8576 2064071
6951 8892 2064476
6952 8262 2064626
636 8576 2064693
636 8576 2064938
636 8576 2065134
1066 8418 2065253
1066 8418 2065277
636 8576 2065371
636 8576 2066846
636 8576 2066942
3491 9116 2067110
3491 9116 2067180
3491 9116 2067229
344 8898 2067446
344 8898 2067563
3410 8576 2067945
3491 9116 2068108
3491 9116 2068177
3491 9116 2068583
3491 9116 2068643
344 8898 2068688
6961 8623 2068916
6961 8623 2068959
3491 9116 2068968
3491 9116 2069485
3491 9116 2069737
3491 9116 2069859
3491 9116 2069958
5538 9123 2070415
3491 9116 2071593
1712 8504 2071779
3491 9116 2072090
3491 9116 2072142
3491 9116 2072265
308 8451 2072282
308 8451 2072454
308 8451 2072626
308 8451 2072841
308 8451 2072921
1066 9197 2073850
4786 8541 2076061
4786 8541 2076133
2319 8898 2076336
2319 8898 2076913
346 8893 2080028
346 9198 2083330
346 9198 2083444
346 9198 2083462
346 9198 2084022
346 9198 2084115
3080 8869 2084212
3080 8869 2084244
346 9198 2084275
3080 8869 2084302
3080 8869 2084337
1066 8418 2084342
346 9198 2084396
3080 8869 2084412
1066 8418 2084487
7007 8623 2084550
346 9198 2084756
346 9198 2084806
346 9198 2084925
346 9198 2084949
346 9198 2084983
346 9198 2085194
346 9198 2085295
346 9198 2085720
346 9198 2085916
346 9198 2086037
346 9198 2086103
346 9198 2086128
1148 8869 2088154
1148 8869 2088259
696 8985 2090649
1066 8985 2093617
1066 8985 2093681
6618 8985 2093761
6618 8985 2093809
6618 8985 2093904
6618 8985 2094518
1066 8985 2094563
7041 8985 2094602
1066 8985 2094689
1066 8985 2094707
1066 8985 2094769
1066 8985 2094789
1066 8985 2094865
7041 8985 2094942
1066 9197 2094969
6618 8985 2095046
7041 8985 2095346
1140 8985 2096923
670 8532 2098850
7041 8985 2100880
7063 8985 2103662
7063 8985 2103846
6618 8985 2103851
2962 8985 2105818
274 8365 2106177
274 8365 2106343
7066 8652 2106540
7067 8985 2106562
7066 8652 2106596
7067 8985 2106656
274 8365 2106716
7067 8985 2106730
7041 8985 2106814
7066 8652 2106877
7066 8652 2106921
7067 8985 2107036
7067 8985 2107370
274 8365 2107450
7067 8985 2107452
7073 8388 2109454
7073 8388 2109496
3262 9177 2110690
274 8365 2110999
555 8388 2112213
552 8418 2113388
552 8418 2113398
552 8418 2113421
7090 8576 2115251
344 8460 2115560
344 8460 2115645
344 8460 2115696
344 8460 2115751
344 8460 2115858
344 8460 2115870
344 8460 2115879
344 8460 2115922
7091 8262 2115967
7092 8985 2116019
7091 8262 2116129
7094 8355 2116517
2876 8652 2116697
5538 9123 2118376
344 8460 2118737
344 8460 2118845
180 8365 2119215
6917 8701 2120434
6917 8701 2121005
6917 8701 2121811
6917 8701 2122628
6917 8701 2122818
6137 8623 2122995
6917 8701 2123027
6917 8701 2123418
3491 9116 2123671
6917 8701 2123783
7107 8285 2123851
7107 8285 2123923
1066 8985 2123938
1066 8985 2124018
3491 8701 2124794
3491 8701 2126349
3491 8701 2126545
3491 8701 2127166
3491 8701 2127422
3491 8701 2127829
1066 8985 2128040
1066 8985 2128108
3491 8701 2128121
1066 8985 2128139
1066 8985 2128209
3491 8701 2128217
1066 8985 2128377
3491 8701 2128500
1066 8985 2128504
1066 8985 2128557
3491 8701 2128810
3491 8701 2128902
1066 8985 2128960
1066 8985 2128974
3484 8985 2129473
3491 8701 2129624
1066 8985 2130764
337 8460 2131016
7067 8985 2131445
333 8458 2132356
333 8458 2132393
1066 8985 2132717
1066 8985 2133304
7126 8985 2133476
1130 8532 2133582
3491 8701 2135194
3491 8701 2135423
3491 8701 2135512
7132 8985 2135868
1066 9197 2135900
7132 8985 2135931
7138 8985 2137039
7138 8985 2137195
7138 8985 2137286
3484 8985 2137868
7141 8469 2138452
1066 8469 2138907
3484 8985 2138929
3484 8985 2138949
3048 8985 2139192
552 8504 2140535
552 8504 2140685
552 8504 2140791
1130 8532 2140882
3484 8985 2144129
3484 8985 2144157
3965 8623 2144316
3690 8469 2144443
3965 8623 2144457
3690 8469 2144472
3965 8623 2144730
4800 8807 2145396
4800 8807 2145486
308 8451 2147222
308 8451 2147381
308 8451 2147555
308 8451 2147646
308 8451 2147782
308 8451 2147886
619 8277 2148329
3410 8576 2148510
308 8451 2149539
308 8451 2149654
3484 8985 2149746
308 8455 2150120
7165 8285 2150247
308 8455 2150575
934 8576 2150899
308 8455 2151010
1066 9197 2151342
308 8455 2151403
308 8455 2151808
308 8455 2152268
494 8985 2152412
308 8455 2152688
536 8458 2153179
536 8458 2153379
3491 8701 2153429
327 8576 2153716
3491 8701 2153797
3491 8701 2153824
3491 8701 2154293
3491 9116 2154660
3080 9014 2154732
494 8521 2154962
3400 8985 2155422
3400 8985 2155543
3400 8985 2155766
3400 8985 2155926
1066 8985 2158372
3690 8511 2159195
3690 8511 2159250
3690 8469 2160102
3690 8469 2160161
3690 8511 2160215
3690 8469 2160341
494 8985 2161672
7200 8511 2161856
7200 8511 2161927
7202 8517 2162402
7200 8511 2162407
7200 8511 2162605
7200 8511 2162674
7200 8511 2162742
231 8285 2163488
346 9198 2163944
7206 9198 2164047
1066 8469 2164138
346 9198 2164162
7206 9198 2164315
1066 8511 2164318
7206 9198 2164355
346 9198 2164424
7206 9198 2164526
346 9198 2164603
7211 9198 2164652
346 9198 2164720
346 9198 2164756
7213 9198 2164787
7206 9198 2164795
7211 9198 2164824
346 9198 2164847
346 9198 2165078
346 9198 2165091
346 9198 2165140
346 9198 2165339
7213 9198 2165348
346 9198 2165428
346 9198 2165497
346 9198 2165512
346 9198 2165535
346 9198 2165849
346 9198 2165889
346 9198 2165909
7206 9198 2165978
1066 8985 2166028
7206 9198 2166066
346 9198 2166095
346 9198 2166114
7206 9198 2166123
1066 8615 2166202
346 9198 2166219
346 9198 2166314
346 9198 2166324
7213 9198 2166351
346 9198 2166553
346 9198 2166567
346 9198 2166583
346 9198 2166890
346 9198 2166911
346 9198 2167144
346 9198 2167178
346 9198 2167316
346 9198 2167334
3410 8576 2167658
7220 9198 2167675
346 9198 2167678
346 9198 2167690
7206 9198 2167733
346 9198 2167778
7213 9198 2167797
7206 9198 2167838
346 9198 2167901
346 9198 2167923
346 9198 2167996
346 9198 2168007
346 9198 2168155
346 9198 2168166
346 9198 2168501
346 9198 2168536
346 9198 2168544
346 9198 2168574
346 9198 2168693
346 9198 2168728
346 9198 2168738
346 9198 2168756
346 9198 2168772
346 9198 2168795
7206 9198 2168940
346 9198 2169001
346 9198 2169011
346 9198 2169099
346 9198 2169275
346 9198 2169289
346 9198 2169331
346 9198 2169519
636 8576 2169525
346 9198 2169530
7206 9198 2169682
346 9198 2169949
346 9198 2169969
1066 8418 2170186
346 9198 2170220
346 9198 2170229
346 9198 2170475
346 9198 2170486
346 9198 2170835
346 9198 2170862
346 9198 2170872
346 9198 2170887
346 9198 2170911
346 9198 2171050
346 9198 2171063
7206 9198 2171071
346 9198 2171102
346 9198 2171122
346 9198 2171235
346 9198 2171260
346 9198 2171276
346 9198 2171642
346 9198 2171653
346 9198 2171794
346 9198 2171875
346 9198 2171893
346 9198 2172091
346 9198 2172102
346 9198 2172114
346 9198 2172172
5799 8652 2172301
346 9198 2172399
346 9198 2172410
346 9198 2172665
346 9198 2172676
346 9198 2172985
346 9198 2173014
346 9198 2173023
7211 9198 2173043
5799 8652 2173146
346 9198 2173190
346 9198 2173201
5799 8652 2173349
346 9198 2173414
346 9198 2173425
3410 8576 2173613
346 9198 2173807
346 9198 2173838
346 9198 2173916
7235 9198 2173964
1066 8677 2174033
346 9198 2174040
1066 8677 2174042
346 9198 2174050
346 9198 2174150
1066 8677 2174247
346 9198 2174306
346 9198 2174317
346 9198 2174368
7237 9198 2174418
346 9198 2174505
346 9198 2174515
346 9198 2174527
346 9198 2174790
1066 8677 2174796
346 9198 2174809
1066 8677 2174819
1066 8677 2174864
1066 8677 2175141
346 9198 2175157
1066 8677 2175165
346 9198 2175176
1066 8677 2175303
1066 8677 2175378
346 9198 2175431
346 9198 2175441
1066 8677 2175728
346 9198 2175808
346 9198 2175819
346 9198 2176020
346 9198 2176032
1066 8677 2176051
1066 8677 2176195
346 9198 2176311
346 9198 2176329
346 9198 2176695
1066 8511 2176698
346 9198 2176706
1066 8985 2176716
346 9198 2176759
346 9198 2176842
346 9198 2176955
346 9198 2176966
346 9198 2177221
346 9198 2177233
346 9198 2177303
7206 9198 2177313
346 9198 2177518
346 9198 2177529
7211 9198 2177891
346 9198 2177902
346 9198 2177913
7211 9198 2177967
346 9198 2178083
346 9198 2178134
346 9198 2178148
346 9198 2178161
346 9198 2178194
7206 9198 2178295
346 9198 2178330
346 9198 2178358
346 9198 2178375
346 9198 2178414
346 9198 2178612
346 9198 2178622
346 9198 2178952
346 9198 2178965
346 9198 2179059
346 9198 2179089
346 9198 2179099
346 9198 2179230
1777 8985 2179256
346 9198 2179258
346 9198 2179267
346 9198 2179309
1777 8985 2179316
1777 8985 2179403
346 9198 2179440
346 9198 2179452
346 9198 2179465
346 9198 2179480
6618 8985 2179485
346 9198 2179666
346 9198 2179697
346 9198 2179707
346 9198 2179723
346 9198 2179746
6618 8985 2179879
346 9198 2179942
346 9198 2179982
346 9198 2180005
346 9198 2180060
346 9198 2180272
346 9198 2180295
7211 9198 2180382
346 9198 2180451
346 9198 2180545
346 9198 2180580
346 9198 2180600
346 9198 2180611
346 9198 2180625
346 9198 2180677
346 9198 2180738
346 9198 2180830
346 9198 2180842
346 9198 2181171
346 9198 2181190
346 9198 2181201
346 9198 2181216
346 9198 2181251
346 9198 2181485
346 9198 2181499
346 9198 2181513
346 9198 2181760
346 9198 2181773
346 9198 2181984
346 9198 2181995
346 9198 2182130
346 9198 2182154
346 9198 2182186
346 9198 2182206
346 9198 2182239
346 9198 2182633
346 9198 2182644
346 9198 2182829
346 9198 2182864
346 9198 2182876
346 9198 2182965
346 9198 2183057
346 9198 2183069
346 9198 2183082
346 9198 2183279
346 9198 2183295
346 9198 2183620
346 9198 2183637
346 9198 2183651
346 9198 2183674
346 9198 2183825
346 9198 2183836
2287 8262 2183884
346 9198 2184081
346 9198 2184093
346 9198 2184396
346 9198 2184431
346 9198 2184465
346 9198 2184494
346 9198 2184513
346 9198 2184688
346 9198 2184772
346 9198 2184785
7263 8469 2184918
346 9198 2185003
346 9198 2185030
346 9198 2185273
346 9198 2185367
346 9198 2185413
346 9198 2185423
346 9198 2185453
346 9198 2185600
346 9198 2185612
346 9198 2185909
346 9198 2185921
346 9198 2185933
346 9198 2186423
346 9198 2186435
7206 9198 2186445
346 9198 2186564
346 9198 2186582
346 9198 2186657
346 9198 2186668
346 9198 2186720
346 9198 2186735
346 9198 2186891
346 9198 2186903
346 9198 2186968
346 9198 2187015
344 9198 2187258
346 9198 2187332
346 9198 2187361
346 9198 2187541
346 9198 2187552
346 9198 2187809
346 9198 2187830
346 9198 2188205
346 9198 2188217
346 9198 2188464
346 9198 2188477
346 9198 2188815
346 9198 2188843
346 9198 2188862
346 9198 2188873
346 9198 2188913
346 9198 2189053
346 9198 2189067
346 9198 2189418
346 9198 2189445
346 9198 2189521
346 9198 2189659
346 9198 2189695
346 9198 2189706
346 9198 2189739
346 9198 2189872
346 9198 2189899
346 9198 2189914
346 9198 2190125
346 9198 2190186
346 9198 2190200
346 9198 2190395
346 9198 2190410
346 9198 2190704
346 9198 2190723
346 9198 2190748
346 9198 2191198
346 9198 2191237
346 9198 2191250
346 9198 2191266
346 9198 2191428
346 9198 2191540
346 9198 2191567
346 9198 2191631
346 9198 2191660
346 9198 2191700
344 9198 2191938
346 9198 2191987
346 9198 2192001
346 9198 2192024
346 9198 2192036
344 9198 2192091
344 9198 2192170
344 9198 2192201
346 9198 2192293
346 9198 2192317
346 9198 2192488
7206 9198 2192500
346 9198 2193035
346 9198 2193345
346 9198 2193414
7206 9198 2194534
180 8365 2194837
308 8455 2195229
7278 8985 2196125
7278 8985 2196653
7278 8985 2196798
346 8355 2197061
344 8460 2197719
344 8460 2197917
344 8460 2197959
344 8460 2197977
344 8460 2198078
344 8460 2198106
344 8460 2198204
344 8460 2198229
344 8460 2198288
344 8460 2198299
346 8541 2201266
346 8677 2201393
1712 8504 2201428
346 8615 2201714
346 8469 2201759
7091 8418 2203088
7091 8418 2203105
7293 8283 2204718
337 8460 2205138
337 8460 2205242
506 8277 2206418
7300 8517 2208065
7300 8517 2208123
7300 8517 2208368
3491 8701 2209448
506 8985 2211048
3491 8701 2213297
3491 8701 2213408
2671 8985 2215077
2671 8985 2215599
2671 8985 2215665
2671 8985 2215697
3690 8469 2215856
1066 8469 2216700
3484 8985 2216751
1066 8985 2217243
2671 8985 2217572
2671 8985 2217708
2671 8985 2217771
2671 8985 2217798
1066 8469 2218021
3491 8701 2219247
7329 8458 2219373
3491 8701 2219563
3491 8701 2219659
3491 8701 2220063
555 8388 2220885
3491 8701 2222324
7343 8541 2223051
7343 8541 2223241
4786 8541 2223907
4786 8541 2223948
4786 8541 2223983
4786 8541 2224025
4786 8541 2224059
4786 8541 2224087
4786 8541 2224144
4786 8541 2224387
4786 8541 2224467
2962 8985 2225362
3491 8701 2225822
3491 8701 2225876
346 8893 2226390
346 8469 2226773
1287 8615 2226943
7361 8285 2227595
1287 8615 2227752
2020 8517 2228061
346 8283 2228122
2020 8517 2228320
506 8277 2228536
442 8504 2230107
2962 8985 2230478
494 8985 2232047
3491 8701 2232666
3491 8701 2232732
7385 8355 2233497
308 8455 2233727
54 8277 2234094
506 9123 2234100
506 8283 2234169
308 8455 2234196
3484 8985 2234537
308 8455 2234622
494 8985 2234656
3484 8985 2234758
3484 8985 2234767
7392 8652 2234780
7392 8652 2234830
3491 8701 2234997
3491 8701 2235145
231 8285 2235376
7392 8652 2235780
308 8455 2236243
3214 8541 2236565
308 8455 2236600
308 8455 2236970
7396 8615 2236998
3491 8701 2237040
308 8455 2237399
3491 8701 2237734
308 8455 2237812
3491 8701 2237965
308 8455 2238234
3491 8701 2238445
308 8455 2238630
308 8455 2238701
1066 8511 2238771
308 8455 2238806
308 8455 2238894
308 8455 2239011
308 8455 2239146
308 8455 2239279
308 8455 2239361
308 8455 2239435
308 8455 2239587
308 8455 2239687
308 8455 2239850
308 8455 2240034
308 8455 2240107
308 8455 2240212
308 8455 2240339
308 8455 2240575
308 8455 2240688
1066 8418 2240869
1130 8532 2241283
3491 8701 2242387
1066 8511 2243827
7092 8536 2245015
3491 8701 2245482
1066 8418 2248381
1712 8504 2248515
7420 8418 2249014
1066 8418 2249383
1066 8418 2249439
1066 8418 2249714
7424 8511 2249881
7428 9123 2250622
7431 8469 2251011
3491 8701 2252504
3301 8985 2252766
7439 8985 2252806
3491 8701 2252909
3301 8536 2252912
3491 8701 2252946
1066 8536 2253216
7439 8536 2253223
3491 8701 2253290
3491 8701 2253326
3491 8701 2253421
7441 8985 2253565
636 8576 2253576
116 8504 2254199
116 8504 2254386
3491 8701 2254811
7439 8536 2255017
7439 8536 2255044
7439 8536 2255206
7439 8536 2255246
7439 8536 2255337
6913 8615 2256197
6913 8469 2256217
7445 8985 2257215
494 8985 2260066
1066 8677 2260987
7456 8985 2261550
1066 8677 2262056
3491 8701 2262332
3690 8615 2263296
7456 8985 2263727
7456 8985 2263795
7456 8985 2263851
7456 8985 2264045
7456 8985 2264860
7456 8985 2264912
7465 8985 2265407
7465 8985 2265543
1066 8985 2265998
1066 8985 2266039
1066 8677 2266454
2962 8985 2268345
2962 8985 2268398
346 8893 2268639
7472 8985 2270695
7472 8985 2270755
2962 8985 2273688
274 8365 2275840
7485 8985 2276284
5870 8458 2276358
7492 8623 2278585
2671 8985 2279738
148 8623 2279950
2671 8985 2280673
2671 8985 2280696
346 8985 2285162
7516 8582 2289263
2671 8985 2295947
3491 8701 2296451
1130 8532 2297524
3491 8701 2298075
3491 8701 2298298
3491 8701 2298651
3491 8701 2298709
2671 8985 2298826
2671 8985 2298948
2671 8985 2299071
2671 8985 2299109
2671 8985 2299162
2894 8504 2299762
442 9214 2299901
2894 8504 2299961
249 9214 2299979
442 9214 2300218
442 9214 2300464
442 9214 2300564
442 9214 2300947
3491 8701 2300955
442 9214 2301019
442 9214 2301112
442 9214 2301129
442 9214 2301551
442 9214 2301595
3491 8701 2301618
7538 8504 2301664
442 9214 2301743
442 9214 2301762
442 9214 2301855
3491 8701 2301954
7538 9214 2301960
442 9214 2302041
442 9214 2302109
7538 8504 2302205
442 9214 2302223
442 9214 2302786
3491 8701 2302989
1066 9214 2302993
442 9214 2303153
442 9214 2303279
442 9214 2303470
442 9214 2303723
1066 9214 2303778
442 9214 2303935
442 9214 2303970
1066 9214 2304099
442 9214 2304168
442 9214 2304185
4786 8615 2304313
7546 9214 2305050
7547 8262 2305080
7396 8652 2305167
7396 8652 2305200
7396 8652 2305346
7396 9214 2305831
2671 8985 2305859
3484 8985 2306353
1311 9214 2306554
7091 9214 2306699
1066 8504 2306742
7091 9214 2306753
7551 8504 2306783
7091 9214 2306954
1311 9214 2307011
619 9214 2307939
3491 8701 2308196
346 8458 2308218
346 8677 2309090
7562 9214 2309225
3669 8504 2309551
1898 8277 2309978
7565 8985 2309980
1898 8277 2310302
1066 8504 2310906
442 9214 2310953
552 9214 2311209
2962 8985 2311338
552 9214 2311402
442 9214 2311578
506 9214 2311756
506 9214 2311791
506 9214 2312167
3491 8701 2312179
3491 8701 2312242
506 9214 2312325
2962 8504 2312439
2962 8504 2312499
506 9214 2312502
1066 9214 2312509
3491 8701 2312605
1066 8504 2312628
7067 8985 2312684
2962 8985 2313209
3491 8701 2313212
494 8893 2313450
7575 8985 2313669
3491 8701 2313863
506 9214 2314011
1130 8532 2314792
1066 9214 2315058
442 9214 2315460
327 8576 2315498
494 8623 2315515
327 8576 2315603
494 8521 2315632
442 9214 2316394
442 9214 2316521
442 9214 2316676
442 9214 2316706
1898 8458 2316888
442 9214 2316925
442 9214 2316987
442 9214 2317316
1066 8536 2317397
7588 8536 2317610
7588 8536 2317688
1066 8536 2317692
7588 8536 2317770
1066 8536 2317841
1898 8458 2318429
1066 9197 2318481
442 9214 2319410
442 9214 2319470
442 9214 2319588
4735 9214 2319635
442 9214 2319881
619 9214 2319883
442 9214 2319936
442 9214 2320050
1263 8536 2320273
494 8985 2320415
4735 9214 2320519
442 8504 2321053
494 8985 2321306
494 8985 2321315
494 8985 2321323
494 8985 2321334
494 8985 2321410
1130 8532 2321425
494 8985 2321466
1066 8985 2321569
1066 8985 2321578
494 8985 2321700
7538 8504 2321773
7538 8504 2321797
7601 8536 2322613
442 9214 2322638
442 9214 2322666
7602 8985 2322688
442 9214 2322690
494 8985 2322726
2671 8985 2322764
442 8504 2322787
494 8985 2322894
494 8985 2322986
7604 8536 2323007
7604 8536 2323085
346 8458 2323097
494 8985 2323176
442 9214 2323192
442 9214 2323208
506 8277 2323282
494 8985 2323310
7606 8892 2323343
346 8677 2323353
3491 8701 2323371
7606 8892 2323406
7609 8521 2323457
3491 8701 2323485
3491 8701 2323583
3491 8701 2323678
327 8892 2323749
327 8892 2323780
3491 8701 2323823
346 8893 2323835
327 8892 2323862
3491 8701 2323967
3491 8701 2324144
442 9214 2324160
3491 8701 2324248
442 9214 2324429
442 9214 2324551
442 9214 2324600
3935 8277 2324621
3491 8701 2324740
494 8623 2324928
3491 8701 2324938
7609 8521 2325169
346 8469 2325327
346 8615 2325397
2671 8985 2325489
494 8623 2325562
506 8532 2326030
506 8532 2326078
494 8521 2326085
2476 8517 2326672
7617 8985 2326696
494 8985 2326760
1130 8532 2326792
2476 8517 2326960
485 8517 2326973
3491 8701 2327052
485 8517 2327077
3491 8701 2327095
485 8517 2327203
3491 8701 2327292
1130 8532 2327414
485 8517 2327490
485 8517 2327561
506 8582 2327564
7619 8536 2327696
3491 8701 2327779
2246 8536 2327839
506 8277 2327888
327 8892 2328214
494 8985 2328614
3491 8701 2328879
494 8623 2328905
7623 8504 2329004
506 9123 2329176
506 9123 2329411
1090 9214 2329530
1140 8985 2329809
7624 8504 2330020
7625 8504 2330269
1311 9214 2330298
7625 8504 2330306
485 8517 2330380
442 8504 2330396
485 8517 2330406
485 8517 2330428
7626 8277 2330472
485 8517 2330659
3410 8892 2330673
485 8517 2330680
485 8517 2330766
485 8517 2330921
7626 8652 2330926
485 8517 2331213
485 8517 2331312
1712 8504 2331345
1712 8504 2331454
337 8460 2331497
3965 9214 2331523
3965 9214 2331539
3965 9214 2331621
3965 9214 2331640
3965 9214 2331660
1712 8504 2331675
1066 8536 2331731
1712 8504 2331759
7630 8536 2331816
3965 8504 2331877
3965 8504 2331927
1712 8504 2332056
1712 8504 2332168
7624 8504 2332255
1066 8504 2332690
552 8504 2332746
1066 8504 2332782
61 8504 2333280
1712 9214 2334372
1712 8504 2334977
1712 8504 2335000
116 8504 2336402
1712 8504 2336434
7439 8504 2336611
116 8504 2336742
231 8285 2337147
7647 8285 2337622
2894 8504 2338280
2894 8504 2338469
7439 8985 2338769
7648 8504 2338837
308 8455 2339104
308 8455 2339207
308 8455 2339344
116 8504 2339480
438 8504 2339586
116 8504 2340002
7650 8504 2340172
7650 8504 2340862
7650 8504 2341161
7653 8504 2341864
7653 8504 2341900
116 8504 2342045
2894 8504 2342278
7654 8504 2343029
7654 8504 2343103
1066 8504 2343290
116 8504 2343317
1066 8504 2343368
1066 8504 2343454
1066 8504 2343714
3491 8701 2344501
1140 8985 2344650
7654 8504 2344762
3491 8701 2344858
7654 8504 2345085
3669 8504 2345093
3491 8701 2345245
7654 8504 2345437
7660 9198 2345506
7660 9198 2345647
7654 8504 2345725
7654 8504 2345919
7654 8504 2346116
1066 8504 2346332
7660 9198 2346544
7660 9198 2346600
3669 8504 2347323
3669 8504 2347370
3669 8504 2347390
3669 8504 2347423
1066 8504 2349022
1066 9214 2354437
7092 8985 2355065
1140 8985 2357665
7673 8504 2357771
7673 8504 2357828
7673 8504 2357881
54 8277 2359319
7674 8623 2359583
7674 8521 2360712
7538 8504 2362949
7538 8985 2363119
7684 8504 2365226
506 8504 2366368
3222 8521 2366504
327 8892 2366736
327 8892 2366776
327 8892 2366851
327 8892 2366955
327 8892 2367145
327 8892 2367294
327 8892 2367529
327 8892 2367575
327 8892 2367736
7690 8504 2367766
7538 8504 2370077
7654 8504 2370929
7654 8504 2371054
7654 8504 2371702
5538 8504 2371821
7696 8504 2372325
7067 8985 2374587
7067 8985 2374888
7067 8985 2374978
327 8451 2375443
7702 8365 2375605
7538 8504 2375850
552 8504 2375984
552 8504 2376055
5538 8504 2376069
552 8504 2376101
5538 8504 2376142
327 8451 2376381
7706 8504 2377778
5538 8504 2377898
7538 8504 2378429
1287 8615 2380288
1287 8615 2380337
7713 8623 2380472
7713 8623 2380527
7713 8623 2380561
7713 8623 2380586
2319 8898 2380825
2319 8898 2381066
2319 8898 2381648
2319 8898 2381863
2319 8898 2382387
2319 8898 2382869
7538 8504 2384284
1066 8504 2385415
1066 9214 2385552
461 8419 2386947
7538 8504 2387069
442 8504 2387070
7538 9214 2387094
7538 8504 2387244
7735 8504 2388852
442 8504 2388943
7737 8285 2389957
333 8283 2390705
7737 8285 2390961
333 8458 2391218
1712 8504 2391647
333 8677 2391689
442 9214 2392076
4786 8615 2393269
1066 8504 2393551
7742 8365 2393665
1066 8504 2394037
442 8504 2394209
1066 8504 2394311
1066 8504 2394721
1066 8504 2394792
442 8504 2394908
7744 9214 2395035
7744 9214 2395072
442 9214 2395101
7742 8365 2396018
7742 8365 2396620
6378 8277 2396923
1066 9197 2396936
1066 9197 2397503
7753 8285 2398466
2020 8517 2398725
2671 8985 2399042
7758 8504 2399871
274 8365 2401483
274 8365 2401546
1712 8504 2401588
274 8365 2401630
1066 8504 2401867
1066 8504 2402026
442 8504 2403200
442 8504 2403389
4668 8504 2403458
442 8504 2403537
7766 8504 2403590
442 9214 2403608
4668 8504 2403767
442 8504 2403849
442 8504 2403951
442 8504 2404017
4668 8504 2404025
442 8504 2404055
4668 8504 2404180
442 9214 2404248
1066 8504 2404308
1066 8504 2404326
327 8892 2404601
327 8892 2404924
1066 8504 2405021
552 8504 2405067
552 8504 2405209
1066 8504 2405211
552 8504 2405258
442 8504 2405794
7775 8582 2406245
1066 8504 2406385
327 8892 2406442
1066 8504 2406615
442 8504 2406967
1066 8504 2406982
442 8504 2407112
442 8504 2408915
327 8892 2409151
6544 8504 2409602
494 8623 2409851
494 8623 2409865
1066 8504 2410634
1066 8504 2411070
1066 8504 2412564
1066 8504 2412599
3965 8504 2414418
3965 8504 2414473
327 8892 2416359
231 8285 2416691
231 8504 2417117
1311 8504 2418904
3491 8701 2419036
3491 8701 2419293
1066 8504 2420261
1066 8504 2420430
3491 8701 2420542
3491 8701 2420578
2319 8898 2420654
3491 8701 2420782
3491 8701 2420837
2956 8504 2420854
3491 8701 2420950
3850 8419 2420999
3491 8701 2421001
3850 8419 2421149
1066 8504 2421154
1066 8504 2421283
3850 8419 2422049
1712 8504 2423007
1712 8504 2423093
7601 8536 2423652
1066 8504 2424308
2319 8898 2424347
3815 8582 2425280
3965 8285 2427703
3491 8701 2428401
1066 8536 2428481
3491 8701 2428492
1066 8536 2428854
1066 8536 2428883
1066 8536 2429036
1898 8458 2429417
1898 8458 2429779
253 8418 2429876
3491 8701 2431740
3491 8701 2433311
3491 8701 2433458
253 8869 2433684
3965 8623 2433748
3491 8701 2433751
3491 8701 2433791
3965 8893 2433853
3965 8469 2434025
3965 8469 2434050
3965 8893 2434113
3965 8469 2434148
3965 8623 2434170
3965 8469 2434220
3965 8615 2434265
3965 8615 2434299
3965 8893 2434632
3965 8893 2434648
346 8469 2435002
7819 8504 2435078
7822 8419 2435361
1066 8677 2435519
1066 8677 2435608
1148 8869 2436531
346 8541 2436697
346 8541 2436754
180 8365 2437526
346 8677 2437628
7690 8504 2438946
3746 8419 2442726
2567 9214 2443542
1025 8677 2445794
7834 8898 2445981
1066 8504 2446450
274 8365 2446631
1263 8536 2448235
1263 8536 2448506
1263 8536 2448595
1263 8536 2448633
1263 8536 2448867
4674 8365 2451414
1263 8536 2452091
1263 8536 2452368
1263 8536 2452585
1263 8536 2452622
7538 8504 2453019
1263 8536 2453021
7538 8504 2453537
7538 8504 2453557
7538 9214 2453673
442 8504 2454610
442 8504 2454800
442 8504 2454839
7538 8504 2455155
442 8504 2455863
337 8460 2458281
337 8460 2458465
337 8460 2458519
337 8460 2458568
337 8460 2458719
337 8460 2458734
337 8460 2458747
337 8460 2458814
337 8460 2458878
2876 8504 2459732
442 8504 2460070
442 8504 2460084
7853 8504 2460136
7853 8504 2460427
7853 8504 2460448
442 8504 2461133
3491 8701 2463111
3491 8701 2463272
7860 8504 2463382
3491 8701 2463580
485 8517 2463610
3491 8701 2463660
485 8517 2463715
3491 8701 2463986
3491 8701 2464015
627 8536 2464446
1090 8469 2464815
1090 8469 2464939
3491 8701 2465033
3491 8701 2465067
3491 8701 2465144
2671 8262 2465713
1311 8504 2466378
442 8504 2466881
346 8355 2466983
442 8504 2467151
636 8517 2467592
506 9123 2467757
506 8504 2468084
461 8419 2468856
346 8458 2469008
1712 8504 2469518
3491 8701 2469583
344 8460 2470199
346 8458 2470396
1130 8532 2470439
3491 8701 2470503
7878 9198 2470902
7878 9198 2470923
346 8469 2470963
1311 9214 2471235
346 8677 2471338
7880 8469 2471770
7880 8469 2471802
7880 8469 2471842
7880 8469 2471866
1311 8504 2472956
3491 8701 2472997
1311 8504 2473004
3079 8541 2473352
3079 8469 2473434
3079 8615 2473474
1311 8504 2473518
1287 8615 2473901
3491 8701 2474829
3079 8677 2474898
3491 8701 2474940
3079 9214 2475098
346 8511 2477493
346 8469 2477539
346 8615 2477621
327 8451 2477683
552 8458 2477817
552 8458 2477832
346 8677 2478081
3965 8285 2478817
1066 9197 2479229
1066 9197 2479250
1263 8536 2479404
1066 9197 2479508
346 8355 2479606
1263 8536 2479609
346 8677 2479667
346 9214 2479712
1263 8536 2479748
346 8469 2479754
1263 8536 2479775
346 8807 2479787
1066 9197 2479890
1066 9197 2479976
1263 8536 2480011
1066 9197 2480013
1263 8536 2480067
1066 9197 2480126
1263 8536 2480150
506 8532 2480208
1263 8536 2480564
2962 8985 2480773
7899 9214 2481005
3491 8701 2481008
7899 9214 2481026
3491 8701 2481157
3491 8701 2481284
1066 9197 2481333
3491 8701 2481405
1066 9197 2481405
442 8504 2481666
1066 9197 2481683
4250 9214 2482917
346 8355 2483176
7538 8504 2483226
1066 9197 2483356
346 8469 2483398
346 8615 2483449
346 8677 2483518
7899 9214 2483777
7906 8582 2483900
3491 8701 2484076
1066 8504 2484169
1066 8504 2484303
3491 8701 2484844
3491 8701 2484984
7899 8541 2485008
442 8504 2485557
442 8504 2485641
442 8504 2485733
1066 9197 2485766
1066 9197 2485992
442 8504 2486973
2876 8504 2487054
442 8504 2487097
442 8504 2487250
442 8504 2487719
506 8532 2488185
442 8504 2488728
7916 8504 2489354
7916 8504 2489401
1311 9197 2489807
1066 9197 2489900
1066 9197 2489924
461 8582 2489933
1066 9197 2489939
7918 8504 2490183
461 8582 2490726
1311 9197 2490738
1066 9197 2490758
1066 9197 2490770
1066 9197 2490888
1066 9197 2491266
7538 8504 2491323
1066 9197 2491444
1066 9197 2491499
1066 9197 2491542
3491 8701 2491975
1066 9197 2492083
3460 8893 2492263
1066 9197 2492375
1066 9197 2492568
346 8504 2492855
1066 9197 2492873
7919 9197 2493022
3491 8701 2493035
1066 9197 2493064
346 8504 2493118
346 8504 2493169
7919 9197 2493183
3491 8701 2493192
346 8504 2493221
1066 9197 2493312
346 8504 2493376
7919 9197 2493488
1066 9197 2493542
442 8504 2494124
7923 8285 2494571
1263 8536 2494830
442 8504 2495033
1263 8536 2495061
1263 8536 2495182
1263 8536 2495284
442 9214 2495385
1263 8536 2495390
442 9214 2495424
1263 8536 2495905
1263 8536 2496103
7924 8504 2496234
1263 8536 2496514
1263 8536 2496646
1066 9197 2496722
1263 8536 2496723
1263 8536 2496788
4004 8285 2496975
1263 8536 2497148
1263 8536 2497232
1066 9197 2497315
1263 8536 2497336
7926 8504 2498117
4786 8615 2499037
3491 8701 2499237
442 8504 2499445
442 8504 2499606
4786 8615 2499618
3491 8701 2499767
1311 8504 2500256
1311 8504 2500287
442 8504 2500327
7654 8504 2500499
442 8504 2501117
442 8504 2501444
442 8504 2501460
442 8504 2502045
442 9214 2502377
442 9214 2502813
7918 8504 2503013
7918 8504 2503044
7918 8504 2503098
442 8504 2503130
3000 8504 2505015
506 8504 2505241
7918 9197 2505324
7918 9197 2505409
7918 9197 2505430
552 9214 2505595
7933 9198 2505695
7934 8365 2505976
1712 8504 2506186
7936 8985 2506741
3491 8701 2507252
7938 9197 2507762
614 8504 2509785
7941 8262 2509986
4935 8285 2510067
7941 8262 2510223
7941 8262 2510300
1712 8504 2510488
3690 9214 2510523
3690 9214 2510567
3690 9214 2510654
1066 9197 2511007
614 8504 2511027
1712 8504 2511069
614 8504 2511363
614 8504 2511534
4371 8623 2512471
1066 9197 2513806
231 8285 2515167
1066 9197 2515313
7949 9197 2515576
3491 8701 2516637
1066 9197 2516857
3491 8701 2517151
3491 8701 2517599
3491 8701 2517639
1066 9197 2517791
1066 9197 2518608
1066 9197 2523789
1263 8536 2525927
1263 8536 2526142
1263 8536 2526170
346 8677 2526194
1263 8536 2526451
1066 9197 2526598
1066 9197 2526604
1066 9197 2526621
346 8469 2526847
346 8615 2526904
7971 9197 2527534
1066 9197 2527930
1066 9197 2527973
346 8355 2529106
1066 8985 2530371
346 8355 2533005
148 8521 2533708
344 8460 2534797
344 8460 2534832
344 8460 2534899
344 8460 2534957
344 8460 2534974
344 8460 2534996
344 8460 2535012
344 8460 2535137
7979 8277 2536172
7979 8277 2536534
7979 8277 2536602
254 9197 2536719
506 8277 2537683
506 8262 2538736
7984 8365 2538900
461 8582 2540866
461 8582 2541416
461 8582 2542597
344 8460 2542704
344 8460 2543044
461 8582 2543057
344 8460 2543097
344 8460 2543140
461 8582 2543185
344 8460 2543258
344 8460 2543443
344 8460 2543498
442 9214 2543554
442 9214 2543586
506 9214 2543594
442 8504 2543696
442 8504 2543742
7926 9214 2546537
1712 8504 2547204
274 8365 2547889
274 8365 2548222
8001 9197 2549507
442 8504 2550489
344 8460 2550722
344 8460 2550767
344 8460 2550806
148 8623 2550870
344 8460 2550905
344 8460 2551001
344 8460 2551029
327 8451 2552504
327 8451 2552534
442 9214 2552615
8005 8458 2553427
1066 9197 2554287
1066 9197 2554406
1066 9197 2554525
1287 8615 2554931
116 8504 2557343
1066 9197 2557677
1066 9197 2558446
1066 9197 2558500
8015 9197 2558806
7428 8504 2558975
346 8458 2559327
346 8677 2559378
1066 9197 2559645
1066 8504 2560512
1066 9197 2561066
1712 8504 2561355
461 8582 2562142
7361 8504 2562253
8022 9197 2562817
1066 9197 2562893
1066 9197 2562987
7918 9197 2563040
327 8576 2563456
1066 9197 2563721
442 8504 2564101
442 8504 2564115
3690 8469 2564156
442 8504 2564219
2567 8582 2564278
116 8504 2564362
442 9214 2564380
1066 9197 2564381
552 8262 2564418
1311 8511 2564435
1311 8511 2564463
1066 9197 2564524
1066 9197 2564878
1130 8532 2565354
461 8582 2566085
1287 8615 2566228
327 8576 2566311
327 8576 2566358
6916 8576 2566412
327 8451 2566428
327 8451 2566457
1464 8517 2566542
2476 8517 2566683
1066 9197 2566730
8033 9197 2566763
934 8576 2567053
555 8388 2567076
2476 8517 2567107
1066 9197 2567269
1066 9197 2567390
8038 8388 2567697
636 8576 2567805
636 8576 2567922
636 8517 2568085
485 8517 2568226
485 8517 2568272
636 8517 2568319
485 8517 2568391
485 8517 2568472
1066 9197 2568726
327 8451 2569816
1406 8277 2571082
8048 8985 2571135
4786 8615 2572016
8053 8262 2572667
8053 8262 2572700
4786 8615 2572729
1712 8504 2572813
3491 9116 2573155
1066 9197 2573183
1066 9197 2573194
1066 9197 2573213
8057 8504 2573361
442 8504 2573502
3491 9116 2573619
3491 9116 2573959
3491 9116 2574079
148 9214 2574335
3491 9116 2574703
934 8576 2574846
442 8504 2575051
1712 8504 2575120
3491 9116 2575134
3491 9116 2575175
442 8504 2575377
1712 8504 2575562
3491 9116 2575728
1712 8504 2575832
1712 8504 2575870
3491 9116 2575945
4935 8285 2576006
3491 9116 2576054
7538 8504 2576204
249 8277 2576342
249 8277 2576641
4935 8285 2576852
4935 8285 2577738
442 8504 2578120
442 8504 2578134
2876 9197 2578262
7067 8985 2578410
8067 8458 2578706
442 8504 2578737
8067 8458 2578742
636 8576 2579169
337 8460 2579633
8070 8262 2579678
3491 9116 2581963
2671 8985 2582479
934 8576 2582492
2671 8985 2582604
2671 8985 2582695
2671 8985 2582975
2671 8985 2583009
7538 8504 2583015
2671 8985 2583377
2671 8985 2583413
2671 8985 2583570
2671 8985 2583614
3214 8541 2583814
8078 9197 2585214
1066 9197 2586110
1066 9197 2586513
327 8451 2587120
327 8451 2587262
8015 9197 2587520
1066 8541 2587925
934 8576 2588641
442 8504 2589063
308 8451 2589527
308 8451 2589727
308 8451 2590102
1066 9197 2590329
1263 8623 2590604
1066 9197 2590613
2671 8536 2590842
2671 8985 2591042
2671 8985 2591166
3491 9116 2591332
2671 8985 2591435
2671 8985 2591495
1263 8536 2592271
1263 8536 2592475
1263 8536 2592716
1263 8536 2592945
1263 8536 2593139
7485 8652 2593279
148 8277 2593387
7933 9198 2593699
231 8285 2594030
8093 9197 2594111
1263 8536 2595106
1066 9197 2595221
1066 9197 2595381
494 8652 2597151
494 8652 2597205
494 8652 2597434
3080 8869 2598435
3080 8869 2598502
3080 8869 2598540
3080 8869 2598587
3080 8869 2598626
3080 8869 2598659
3080 8869 2598704
3080 8869 2598785
3080 8869 2598815
3080 8869 2598849
3080 8869 2598892
1712 8504 2598918
3080 8869 2598935
3080 8869 2598989
1712 8504 2599008
3080 8869 2599090
5122 8460 2599531
494 8652 2600457
8078 9197 2600871
494 8652 2601729
6704 8504 2604597
6704 8469 2604726
6704 8469 2604814
1066 9197 2605386
8105 8419 2605558
8105 8419 2605973
8105 8419 2606146
1066 9197 2606628
346 9198 2606684
3491 9116 2606744
346 9198 2606785
1066 9197 2606830
1066 9197 2606903
1066 9197 2607438
8038 8388 2607488
8038 8388 2607887
346 8677 2608766
346 8677 2608885
346 9198 2608990
346 9198 2609086
346 8469 2609611
346 8469 2609759
346 8615 2610239
2567 9214 2612585
1263 8536 2613072
1263 8536 2613094
1263 8536 2613146
8115 9014 2613698
1066 9197 2614004
346 9198 2614378
1066 9197 2616280
3000 8504 2617419
1025 8677 2617791
54 8277 2618166
344 8460 2620431
344 8460 2620493
344 8460 2620505
344 8460 2620556
344 8460 2620606
344 8460 2620626
344 8460 2620646
344 8460 2620689
344 8460 2620710
344 8460 2620861
555 8388 2621890
337 8460 2623894
506 8532 2624853
506 8277 2624945
346 9198 2625471
506 8262 2625911
506 8504 2626090
506 8504 2626145
1288 8262 2632337
346 8677 2635422
506 9123 2635880
506 9123 2635954
506 9123 2636142
934 8576 2639004
1148 8869 2639346
308 8451 2639906
308 8451 2639941
308 8451 2640172
308 8451 2640372
308 8451 2640726
8160 8892 2640836
148 9214 2641542
636 8576 2643266
3080 8869 2643465
2876 8652 2644938
8170 8576 2645179
3491 9116 2645548
3491 9116 2646093
8172 8504 2646136
3491 9116 2646211
3491 9116 2646722
3491 9116 2646827
3491 9116 2647218
1066 9197 2648350
346 8458 2649627
4885 8677 2649888
346 8677 2649891
346 9214 2650128
346 8355 2650246
346 8469 2650320
346 8511 2650405
346 8652 2651369
346 9214 2651565
1066 9197 2651859
249 8652 2652782
934 8576 2652922
249 8652 2653196
1311 9214 2653375
249 8652 2653531
1090 8511 2653538
4786 8652 2653553
249 8652 2653571
4786 8652 2653600
4786 8652 2653626
249 8652 2653766
1287 8615 2654248
636 8576 2654634
8119 8365 2655076
1130 8532 2655254
327 8576 2655271
327 8451 2655811
327 8451 2655873
327 8451 2655920
327 8451 2655978
327 8451 2656514
327 8451 2656565
327 8451 2656601
327 8451 2656654
346 9214 2658107
327 8451 2658211
327 8451 2658237
327 8576 2658333
346 9214 2658381
274 8365 2659490
1148 8869 2659657
346 8469 2660522
346 8615 2660563
934 8576 2660836
1066 9197 2660958
1066 9197 2661473
346 8677 2661731
346 8511 2661802
346 8615 2661841
461 8419 2665141
7654 8504 2665195
8119 8365 2665274
3491 8701 2665517
3491 8701 2665551
2876 8652 2665846
6251 8283 2665856
327 8451 2666259
327 8576 2666338
506 8532 2666402
506 8277 2666541
506 8532 2666616
636 8576 2668993
461 8582 2669075
636 8576 2669194
1066 8652 2669378
1066 9197 2669431
636 8576 2669618
636 8576 2669815
442 8504 2669818
636 8576 2670011
274 8365 2670168
1066 8262 2670487
442 8504 2670845
1130 8532 2671248
442 9214 2671274
327 8451 2677984
