11 8237 742
11 8237 1301
21 8247 1314
11 8237 1496
11 8237 1706
11 8237 1789
69 8290 6359
100 8314 11171
100 8314 11778
129 8336 16270
142 8336 17473
142 8336 17501
155 8347 18833
159 8350 19282
159 8350 19452
159 8350 20526
159 8350 20801
159 8350 21588
159 8350 21653
159 8350 23024
186 8370 23295
208 8381 26366
222 8392 28186
230 8396 29599
222 8392 30151
222 8392 31407
222 8392 32012
222 8392 32183
222 8392 32365
222 8392 34638
222 8392 34649
222 8392 34710
230 8396 34711
222 8392 35252
263 8370 36101
222 8392 37054
222 8392 38074
222 8392 38158
284 8350 40549
284 8247 42194
230 8396 43540
222 8392 43548
353 8392 49806
353 8392 51372
379 8478 53248
379 8478 53311
381 8479 53414
379 8478 53489
379 8478 53779
379 8478 53863
379 8478 53897
379 8478 53993
379 8478 54196
379 8478 54275
418 8478 59253
222 8392 61623
222 8392 62189
457 8506 63076
463 8506 63348
379 8478 64213
379 8478 64252
600 8370 78710
622 8370 82099
646 8546 86705
647 8392 87073
647 8392 87215
647 8392 87249
646 8546 87589
649 8314 87815
222 8392 94279
222 8392 94947
208 8381 95550
208 8381 95625
208 8381 95724
711 8347 100577
208 8381 100847
711 8347 101134
646 8546 113364
646 8546 114923
457 8506 115085
457 8506 115156
796 8506 116673
379 8478 125249
379 8478 126265
379 8478 126299
379 8478 126473
379 8478 126716
379 8478 127225
379 8478 129040
222 8392 129792
855 8446 131096
855 8446 132038
379 8478 134437
379 8478 134740
379 8478 134865
379 8478 135998
353 8392 138211
379 8478 141486
379 8478 143696
379 8478 144495
915 8350 144530
917 8247 144782
230 8396 144856
915 8350 144956
379 8478 145158
379 8478 145489
915 8350 145725
379 8478 145863
915 8350 145991
284 8247 146140
379 8478 146176
379 8478 146545
932 8370 146951
379 8478 148444
379 8478 148962
379 8478 149023
379 8478 149675
230 8396 150424
379 8478 152486
379 8478 152581
230 8396 154108
230 8396 154155
418 8478 155244
1008 8381 157766
230 8396 159850
230 8396 161077
1064 8546 167063
1064 8546 167108
646 8546 167449
1064 8546 167856
1064 8546 167886
1064 8546 167942
1064 8546 168050
1064 8546 168330
1064 8546 168699
1064 8546 168726
1064 8546 168745
1064 8546 168845
1064 8546 169473
1081 8392 169613
646 8546 173559
1099 8446 173575
1099 8446 175198
1122 8370 179342
1132 8370 182510
1132 8370 182559
1132 8370 182582
1165 8392 191443
1179 8381 197801
1179 8381 198625
230 8396 205466
230 8396 206165
457 8506 206202
230 8396 208915
230 8396 211125
379 8478 213389
379 8478 213492
379 8478 213594
379 8478 213645
379 8478 213760
230 8396 214431
379 8478 214459
379 8478 215068
379 8478 216221
379 8478 216278
379 8478 216417
379 8478 216545
379 8478 216675
379 8478 216833
379 8478 216967
379 8478 217102
1262 8247 217550
379 8478 217652
1262 8247 217930
379 8478 218579
379 8478 218617
230 8396 219102
796 8506 221636
379 8478 224295
379 8478 224346
379 8478 224388
379 8478 224898
379 8478 224937
379 8478 225464
379 8478 225799
379 8478 226330
379 8478 226432
379 8478 226489
379 8478 226577
379 8478 226794
379 8478 226875
379 8478 227010
379 8478 227480
379 8478 230169
379 8478 230607
379 8478 230850
418 8478 237015
379 8478 241661
379 8478 241802
379 8478 241994
379 8478 242218
379 8478 242416
69 8446 244110
379 8478 244569
379 8478 245036
379 8478 245334
379 8478 245377
379 8478 245436
379 8478 245538
379 8478 245871
353 8370 245959
379 8478 247377
1418 8446 247749
1418 8446 248452
1425 8446 249013
1426 8764 249016
159 8350 253144
159 8350 253457
379 8478 253698
1444 8446 253749
379 8478 254015
379 8478 254204
379 8478 254965
379 8478 255062
1456 8446 257648
1456 8446 257881
1179 8381 259196
1179 8406 259347
1488 8347 264447
543 8290 264545
543 8290 264997
159 8350 267076
159 8350 267163
543 8290 268070
543 8290 268175
543 8290 268252
543 8290 268265
543 8290 268300
543 8290 268587
543 8290 268644
543 8290 268670
69 8446 271704
69 8446 271846
69 8446 272326
1533 8446 273984
1533 8446 274634
1179 8336 279408
1558 8631 280679
1558 8631 280962
1565 8370 283004
230 8396 287325
230 8396 288741
230 8396 289199
379 8799 298442
379 8799 298625
379 8799 298769
379 8799 299147
379 8799 299262
379 8799 299635
379 8799 299802
379 8799 299874
379 8799 300283
379 8799 300342
379 8799 300476
379 8799 300888
379 8799 300948
379 8799 301047
379 8799 301305
379 8799 301551
379 8799 301575
379 8799 302258
379 8799 302420
379 8799 302686
379 8799 302820
379 8799 303600
379 8799 303939
379 8799 304008
379 8799 304472
379 8799 305514
379 8799 305625
379 8799 305785
379 8799 305921
379 8799 306002
379 8799 306113
379 8799 306489
379 8799 306672
379 8799 306759
379 8799 306955
1558 8350 310152
1558 8631 312064
1669 8446 312810
230 8396 315354
1690 8247 316808
1696 8350 318240
1696 8350 318380
1696 8350 318450
1724 8381 324724
1747 8350 328571
1747 8350 329203
1747 8350 329634
1747 8350 329827
1696 8350 332380
1696 8350 332440
1696 8350 332478
1790 8446 333831
1179 8381 334775
1179 8381 335365
230 8396 336553
1811 8479 336800
1817 8370 337587
1724 8381 339739
379 8799 343274
379 8799 343575
379 8799 343716
379 8799 343803
379 8799 343997
379 8799 344156
379 8799 345107
379 8799 345131
379 8799 345590
379 8799 345662
379 8799 345893
379 8799 345938
1179 8381 346005
379 8799 346057
379 8799 346089
142 8381 346136
379 8799 346146
379 8799 346196
379 8799 347238
379 8799 347364
379 8799 347662
379 8799 348034
379 8799 348484
379 8799 348613
1179 8336 355745
1179 8336 355838
1895 8314 356017
1897 8314 356130
1905 8446 357333
1912 8392 358523
1912 8392 358564
1912 8392 358594
1912 8392 358620
1912 8392 358657
1912 8392 358687
1912 8392 358859
1912 8392 358889
1912 8392 358942
1912 8392 358960
1905 8446 359704
1941 8370 370044
1558 8350 371532
230 8396 377345
1827 8247 380553
1558 8350 384670
1983 8381 384818
379 8478 390052
379 8478 390260
379 8478 390318
1682 8546 392851
379 8799 393313
379 8799 393728
379 8799 393780
379 8799 393989
379 8799 394295
379 8799 394500
379 8799 395274
379 8799 395475
379 8799 395572
230 8396 396172
1558 8350 401808
1558 8631 401846
1747 8350 402745
1747 8350 402797
1558 8631 402968
1558 8631 403139
1747 8350 403264
1558 8350 404924
1558 8350 404949
1558 8350 404981
2088 8392 409318
2095 8392 410596
2096 8479 410626
2108 8247 413204
379 8799 414644
379 8799 414791
379 8799 415372
379 8799 415748
379 8799 416249
2127 8446 416398
2127 8370 416480
2127 8370 416656
2132 8546 416842
2132 8546 417082
2132 8546 417143
1724 8381 419311
2132 8546 419566
1724 8381 420115
2145 8247 421207
353 8392 422405
379 8478 422984
2156 8446 423990
1905 8446 426890
2182 8631 429885
848 8631 430116
2182 8631 430192
2185 8764 430485
2185 8764 433125
2185 8764 433188
2185 8764 433354
2212 8314 436941
2212 8314 437056
2212 8314 437248
2212 8314 437344
646 8546 437706
2272 8446 461904
379 8478 464736
379 8478 464851
379 8478 464953
379 8478 465293
379 8478 466041
379 8478 466242
379 8478 466348
379 8478 466386
230 8396 467377
379 8478 467794
379 8478 467939
379 8478 468016
379 8478 468053
379 8478 468328
379 8478 468589
379 8478 468760
379 8478 469003
379 8478 469030
379 8478 469296
379 8478 469420
379 8478 469676
379 8478 470115
379 8478 470211
379 8478 470933
379 8478 471175
379 8478 471923
379 8478 472005
230 8396 475549
418 8478 475772
379 8799 477374
379 8799 477460
379 8799 477482
379 8799 477677
379 8799 477923
379 8799 478289
379 8799 478356
379 8799 478467
379 8799 478581
379 8799 478866
230 8396 479513
2333 8247 481924
159 8350 483504
1696 8350 486836
2360 8237 487408
2360 8237 487602
2360 8237 488186
159 8350 491453
2385 8314 491747
2385 8314 492001
2388 8314 492045
159 8350 492056
2393 8479 492813
2398 8314 493280
2388 8314 493699
2096 8479 494974
2416 8381 495943
1558 8350 496381
2419 8370 496772
1696 8350 497049
1696 8350 497478
230 8396 497525
2429 8446 499170
353 8370 503006
1179 8336 505293
1179 8336 505310
646 8546 506073
646 8546 506642
379 8799 511164
649 8314 512129
1696 8631 513230
1813 8479 513580
1827 8247 517030
1813 8479 517097
1813 8479 517142
1179 8381 520282
1912 8392 522939
1912 8392 523013
1912 8392 523113
2540 8479 523139
1912 8392 523156
1912 8392 523178
1912 8392 523202
1912 8392 523441
1912 8392 523553
1912 8392 523602
1912 8392 523658
1912 8392 523696
2549 8370 525340
600 8370 525553
159 8350 529485
69 8370 534428
2612 8446 539492
600 8370 540202
2627 8336 544612
142 8336 544695
1696 8350 545019
733 8314 550242
159 8350 554271
379 8799 556431
230 8396 556935
379 8799 558060
2088 8392 559120
2088 8392 559291
2675 8546 560634
2675 8546 561965
379 8478 562312
379 8478 562634
379 8478 562753
379 8478 563116
379 8478 563192
379 8478 563223
379 8478 563838
230 8396 563844
379 8478 563959
379 8478 564076
379 8478 564127
379 8478 564550
1696 8350 565298
159 8350 565513
159 8350 566501
353 8392 568936
353 8392 569355
1696 8350 570578
1696 8350 570722
2711 8336 571952
2711 8336 571972
2711 8336 572140
2711 8336 572350
2711 8336 572688
159 8350 576404
159 8350 576459
1696 8350 576542
1696 8350 576656
159 8350 577385
159 8350 577511
1696 8350 577539
1696 8350 577612
2711 8336 577867
1925 8336 581832
418 8478 581949
1925 8336 581979
284 8247 582850
379 8799 583550
379 8799 583799
379 8799 584024
1179 8336 586194
379 8478 586220
1179 8336 586364
1179 8336 586399
1179 8336 586683
1925 8336 588906
1925 8336 589061
1179 8336 589474
1179 8336 589512
1179 8381 589539
2821 8594 592649
1925 8336 592697
1925 8336 592971
1925 8336 593038
2823 8350 593039
1925 8336 593111
2828 8370 593409
2828 8370 593457
2829 8336 593819
1912 8392 594854
1912 8392 594911
1912 8392 594972
1912 8392 595137
1912 8392 595168
1912 8392 595248
1925 8336 595287
1912 8392 595380
1912 8392 595501
1912 8392 595640
1912 8392 595676
1912 8392 595714
1912 8392 595745
1912 8392 595772
1912 8392 595813
1912 8392 595857
1179 8336 595999
1179 8336 596211
1179 8336 596280
1179 8336 597154
2853 8336 597212
2853 8336 597447
1179 8336 597797
1179 8336 597815
1179 8336 598417
129 8336 598734
129 8336 598770
129 8336 598814
2627 8336 598992
1179 8336 601380
2185 8764 602472
2185 8764 602640
1795 8336 602671
1795 8336 602716
1795 8336 602745
142 8336 602919
142 8336 602934
142 8336 603186
2878 8347 603239
1795 8336 603271
2878 8347 603406
2878 8347 603756
2885 8237 603990
2889 8336 604273
1795 8336 604824
1179 8336 605768
142 8336 605879
2900 8392 606840
2878 8347 608196
2878 8347 608863
2878 8347 609028
2878 8347 609665
2878 8347 609714
2878 8347 610223
2878 8347 610306
2878 8347 610632
2924 8314 612511
1827 8247 614994
2878 8347 615090
2878 8347 615598
129 8336 617996
1912 8392 628581
1912 8392 628603
1912 8392 628673
1912 8392 628717
1912 8392 628767
1912 8392 628807
2627 8336 628896
1912 8392 628961
142 8336 628961
1912 8392 629020
1912 8392 629069
1912 8392 629100
1912 8392 629158
1912 8392 629199
1912 8392 629226
1912 8392 629269
1912 8392 629304
1912 8392 629321
1912 8392 629355
2992 8336 630015
2878 8347 632187
2878 8347 632479
2878 8347 633041
3002 8954 633066
230 8396 636065
379 8799 637731
379 8799 637940
379 8799 638646
379 8799 638987
379 8799 639269
379 8799 639694
230 8396 640104
230 8396 640196
379 8954 644417
379 8954 644522
379 8954 644653
379 8954 644718
379 8954 645408
379 8954 646030
379 8954 646974
379 8954 647581
379 8954 647746
733 8314 651698
3055 8446 652261
230 8396 652424
230 8396 652483
3077 8336 658020
3077 8336 658059
3077 8336 658108
3077 8336 658485
230 8396 669981
1724 8381 671168
646 8546 675069
1795 8336 683883
353 8370 684313
1795 8336 684435
353 8370 684470
353 8370 684532
1795 8336 684539
353 8370 684893
353 8370 684963
353 8370 685131
353 8370 685828
353 8370 685905
3197 8506 688224
3197 8506 688367
3200 8506 688542
2185 8764 690074
3220 8370 693453
1179 8381 693506
3241 8381 699998
3243 8446 700365
3243 8446 700485
1179 8336 703591
1925 8336 704489
3260 8446 706917
1347 8237 707905
1347 8237 707945
2429 8446 711562
2429 8446 711615
600 8370 713387
2878 8347 713736
2878 8347 714784
2878 8347 714833
2878 8347 715347
2878 8347 715383
2878 8347 716321
3294 8370 721073
3294 8370 721414
208 8381 722725
230 8396 722867
2711 8381 723303
230 8396 728204
1179 8381 729873
230 8396 730068
1179 8381 730279
230 8396 731216
418 8954 735323
353 8370 739420
3363 8396 740744
230 8396 741262
230 8396 741309
230 8396 741357
2522 8290 743774
2522 8290 743787
2522 8290 743852
379 8799 757277
3294 8370 758285
379 8799 758402
3441 8237 759058
379 8799 759134
379 8478 759565
379 8478 760627
2627 8381 761361
1724 8381 761677
2711 8381 762022
2711 8381 762060
2711 8381 762094
379 8478 763699
379 8478 763903
379 8478 763959
379 8478 764404
379 8478 764581
379 8478 764623
379 8478 764688
3461 8631 764724
379 8478 764935
379 8478 765365
379 8478 768069
1911 8314 768182
379 8478 768754
379 8478 768863
379 8954 769573
379 8954 770063
3485 8446 772857
3485 8446 775388
3494 8237 776429
3494 8237 776906
563 8237 778155
142 8336 778235
1179 8336 778476
1179 8381 778513
1179 8381 784119
1179 8381 784174
1179 8381 784538
1179 8381 784617
2627 8381 786855
142 8381 787194
142 8381 787228
142 8381 787247
142 8381 787414
1905 8446 788613
1983 8336 788926
646 8546 789093
1983 8336 789672
3561 8237 799644
3561 8237 800587
1946 8237 800698
1946 8237 802421
230 8396 806939
3581 8247 807021
230 8396 807325
1827 8247 812903
230 8396 814662
230 8396 818900
230 8396 819098
3606 9012 821927
3606 9012 822133
1235 8631 825489
1235 8631 825938
353 8370 827369
1235 8631 828460
1235 8631 828621
3407 8631 829025
3407 8631 829109
230 8396 832455
230 8396 832530
3606 9012 834432
3606 9012 835268
3606 9012 835551
3606 9012 835680
3606 9012 835749
3606 9012 835861
3606 9012 835896
3606 9012 835925
3606 9012 835995
3606 9012 836066
3606 9012 836084
3606 9012 836796
3606 9012 836919
3606 9012 837005
3606 9012 837252
3606 9012 837450
3606 9012 837472
3606 9012 837684
3606 9012 838080
3606 9012 839692
3606 9012 839843
3606 9012 839916
3606 9012 839979
379 8478 841304
379 8478 841378
379 8799 841654
3606 9012 841692
379 8799 841895
3671 9015 842402
3671 9015 842556
3671 9015 842781
3671 9015 843262
3671 9015 843380
3671 9015 843499
3671 9015 843745
3671 9015 843951
3671 9015 844087
21 8546 848170
3671 9015 849186
3671 9015 849214
3671 9015 849293
3671 9015 849938
3671 9015 849985
3671 9015 850762
3671 9015 851680
3671 9015 852159
3713 9018 852993
3671 9015 853167
3671 9015 853219
3671 9015 853267
1795 8336 853518
1795 8336 853832
3713 9018 853894
3671 9015 854568
3713 9018 854591
3671 9015 854870
3671 9015 855024
3671 9015 855064
3671 9015 855185
3671 9015 855319
3671 9015 855442
3671 9015 855745
3671 9015 855952
3671 9015 856087
3671 9015 856169
1235 8631 856228
3671 9015 856250
3671 9015 856285
3671 9015 856326
3671 9015 856650
3671 9015 856854
3713 9018 857601
3671 9015 857653
3671 9015 857845
3671 9015 857977
3671 9015 858060
3713 9018 858125
3671 9015 858323
3671 9015 858446
3671 9015 858892
3671 9015 859016
1350 8396 859758
1350 8396 859780
646 8546 860900
646 8546 861587
646 8546 862126
1179 8336 864221
1179 8381 864242
1179 8381 864375
1179 8381 864436
1179 8381 864528
3713 9018 865812
3752 9018 866073
3713 9018 866293
649 8314 866441
3713 9018 866935
3713 9018 867128
3752 9018 867660
3752 9018 867743
3713 9018 868317
3379 8446 868319
3379 8446 868455
3713 9018 868478
3379 8446 868688
3379 8446 868972
1911 8314 870359
3752 9018 871266
3752 9018 871298
3752 9018 871453
3752 9018 871638
3752 9018 874013
3713 9018 874074
3752 9018 874078
3752 9018 874109
3752 9018 874154
3713 9018 874236
3713 9018 874281
3752 9018 874284
3713 9018 874337
3713 9018 874426
3713 9018 874523
1795 8336 876201
1795 8336 876252
1795 8336 876312
1795 8336 876338
1795 8336 877131
3713 9018 877356
3752 9018 877755
3713 9018 877848
3713 9018 878015
3752 9018 878216
3713 9018 878272
3713 9018 878469
3799 8370 878648
3713 9018 878784
3713 9018 878876
3801 8370 879261
3713 9018 879367
3713 9018 879764
3713 9018 879877
3842 8446 894070
3713 9018 895074
230 8396 898981
1179 8336 901102
230 8396 904085
379 8799 904999
379 8799 905276
2885 8237 907001
379 8478 907276
379 8478 907571
379 8478 907723
379 8478 907825
379 8478 907967
379 8478 908116
379 8478 908186
379 8478 908637
379 8478 908696
208 8406 908823
379 8478 908988
379 8478 909049
379 8478 909102
379 8478 909250
379 8478 909377
379 8478 909682
353 8370 911017
3363 8396 916554
3671 9015 917122
3671 9015 917519
3671 9015 917784
230 8396 917785
3671 9015 918057
3671 9015 918491
3671 9015 918939
3671 9015 919162
3671 9015 919423
3671 9015 920785
3671 9015 920903
3671 9015 921035
3671 9015 921082
1350 8396 923384
3671 9015 924845
3671 9015 924892
3671 9015 924926
3671 9015 924970
3671 9015 925105
3671 9015 925321
3671 9015 925399
3671 9015 925488
3922 8370 926084
3930 8237 927403
3671 9015 927449
3671 9015 927624
3671 9015 928438
3671 9015 928532
3671 9015 928579
3671 9015 928603
3936 8237 929144
3671 9015 929874
418 8954 930819
142 8381 932948
3954 8446 933650
3957 8347 933945
3954 8446 934411
3671 9015 934937
3671 9015 935276
3671 9015 935443
2878 8479 938026
3671 9015 938082
3671 9015 938162
3671 9015 938224
3671 9015 938369
3671 9015 938396
3671 9015 938423
3671 9015 938459
3671 9015 938526
3671 9015 938545
3671 9015 938590
3671 9015 938694
3671 9015 938722
3671 9015 939007
3671 9015 939265
3671 9015 940616
3671 9015 940775
2878 8479 940843
3671 9015 940965
1925 8336 941039
3671 9015 941047
3671 9015 941086
1925 8336 941161
2878 8479 941395
3671 9015 941403
3671 9015 941450
1925 8336 941580
3671 9015 941724
3671 9015 941918
3671 9015 942020
2878 8479 942083
3671 9015 942233
3671 9015 942414
2878 8479 942439
2878 8479 942546
3671 9015 943060
2878 8479 943578
2878 8479 943879
3671 9015 943921
2878 8479 944278
3671 9015 944430
3671 9015 944679
2878 8479 944937
2878 8479 945184
2878 8479 945260
2878 8479 945375
2878 8479 945562
4003 8479 945600
4003 8479 945717
4006 8370 946315
4006 8370 946385
4006 8370 946489
2878 8479 946665
4006 8370 947073
2878 8479 947292
2878 8479 947571
2878 8479 947964
2878 8479 948415
2878 8479 948880
2878 8479 948967
2878 8479 949006
379 8478 949128
379 8478 949690
2878 8479 949956
2878 8479 950141
353 8370 951777
1179 8336 952116
1179 8381 952139
1179 8381 952501
1179 8336 955381
1179 8336 955406
1179 8336 955447
1905 8446 956349
2878 8479 957194
1911 8314 957934
69 8446 958531
2878 8479 958548
1813 8479 958823
2878 8479 959457
1925 8336 961432
1925 8336 961544
1925 8336 961622
2878 8479 961635
2627 8336 963788
1577 8314 964060
2878 8479 968606
2878 8479 968652
2878 8479 968766
2878 8479 969299
2878 8479 969465
2878 8479 969584
2878 8479 970412
2878 8479 970561
2878 8479 971142
1179 8702 974089
4097 8314 976591
4003 8479 978642
208 8336 981110
230 8396 983402
230 8396 983490
159 8631 984813
159 8631 984960
3606 9012 986108
3606 9012 986498
3606 9012 986620
3606 9012 987845
3606 9012 987974
208 8381 991451
230 8396 991516
4141 8546 994513
4141 8546 994540
2711 8381 997823
4167 8631 1003079
2711 8381 1004013
4198 8237 1009252
4198 8237 1009273
3930 8237 1010071
1905 8446 1010314
4207 8336 1010778
230 8396 1011919
4207 8336 1012067
4216 8237 1012455
4219 8237 1013040
2711 8381 1013671
3379 8446 1015667
3379 8446 1016662
3379 8446 1018624
3379 8446 1018702
230 8396 1019326
1179 8336 1019628
3379 8446 1019765
1179 8336 1020742
3379 8370 1021557
3379 8370 1021669
4249 8237 1022469
2627 8336 1026201
3379 8370 1026395
2627 8336 1026404
2627 8336 1026421
2627 8336 1026479
2627 8336 1026514
3379 8370 1026651
3379 8370 1026998
3379 8370 1027052
353 8370 1027075
353 8370 1027120
353 8370 1027162
353 8370 1027302
353 8370 1027412
353 8370 1027536
353 8370 1027681
4287 8446 1029898
3363 8396 1029956
3363 8396 1031024
3363 8396 1031054
3363 8396 1031170
3363 8396 1031186
3363 8396 1031261
3363 8396 1031331
3363 8396 1031397
3363 8396 1031444
3363 8396 1031503
3363 8396 1031600
3363 8396 1031645
3363 8396 1031665
3363 8396 1031745
3363 8396 1031808
3363 8396 1031883
3363 8396 1031956
3363 8396 1032045
3363 8396 1032131
3363 8396 1032215
3363 8396 1032287
3363 8396 1032357
3363 8396 1032408
3363 8396 1032425
3363 8396 1032502
3363 8396 1032574
3363 8396 1032601
3363 8396 1032624
3363 8396 1032678
3363 8396 1032802
649 8314 1032986
353 8370 1033853
353 8370 1034040
4298 8446 1034178
2992 8336 1035552
4308 8631 1036125
4349 8237 1043586
1925 8336 1048808
1925 8336 1049198
2885 8237 1050192
3922 8446 1052117
3561 8237 1053437
3561 8237 1053567
4396 8446 1055224
2992 8336 1056207
1179 8381 1058281
1179 8381 1058294
1179 8381 1058333
1179 8336 1060232
1179 8381 1071669
1179 8381 1071701
4447 8396 1078803
230 8396 1081423
230 8396 1083867
230 8396 1084759
1983 8336 1087227
4466 8370 1088378
4466 8370 1088778
4466 8370 1088820
230 8396 1088900
4466 8370 1088916
230 8396 1088969
4466 8370 1089015
4466 8370 1089754
230 8396 1090343
4466 8370 1091223
353 8370 1091454
353 8370 1091490
353 8370 1091544
353 8370 1091815
353 8370 1091988
4466 8370 1092500
69 8370 1092642
4466 8370 1092655
4479 8247 1093984
4466 8370 1094112
353 8370 1094368
4479 8247 1094464
4479 8247 1094894
4479 8247 1095358
4466 8370 1095410
4466 8370 1095486
4479 8247 1095561
4479 8247 1095748
4479 8247 1095860
4479 8247 1096236
69 8370 1096527
4479 8247 1096646
4479 8247 1096763
4479 8247 1097400
4493 8347 1097598
353 8370 1098114
2829 8336 1103827
4479 8247 1104690
4447 8396 1105794
230 8396 1106036
379 8954 1106171
1179 8381 1106503
1179 8381 1106549
4479 8247 1106614
1179 8381 1106672
379 8478 1107275
379 8478 1107423
1724 8381 1107654
4479 8247 1107679
1724 8381 1107769
379 8478 1107804
4479 8247 1107992
379 8478 1108095
4479 8247 1108146
4533 8446 1108331
4479 8247 1108585
2595 8446 1108671
2520 8237 1108805
4479 8247 1108871
1925 8406 1109510
1925 8406 1109592
230 8396 1110416
1179 8336 1110456
69 8370 1110633
1925 8406 1110763
1925 8406 1110969
1925 8406 1111128
4545 8406 1111323
1925 8406 1111334
1925 8406 1111503
2132 8406 1111542
1925 8406 1111628
1179 8406 1111944
1179 8406 1112013
1179 8406 1112062
1925 8406 1112225
1179 8406 1112718
1179 8406 1112781
1179 8406 1113108
1925 8406 1113448
4479 8247 1113712
1925 8336 1113858
1179 8406 1114158
4553 8370 1114184
1925 8336 1114230
4556 8406 1114859
4553 8370 1115095
1577 8237 1115220
4553 8370 1116192
1317 8336 1119009
353 8370 1119230
1008 8406 1119486
1008 8406 1120030
4207 8406 1121986
1724 8406 1122318
4207 8406 1122859
1179 8406 1123438
1179 8336 1123465
1179 8381 1123562
129 8336 1127537
129 8336 1127558
129 8336 1127580
4601 8631 1129093
1458 8406 1131157
4607 8631 1131350
4556 8406 1131748
4610 8446 1132365
1925 8336 1133172
1925 8406 1133288
1925 8406 1133409
1179 8381 1133601
1179 8381 1133664
1925 8336 1133699
1179 8381 1133711
4614 8446 1134170
4614 8446 1134206
3363 8396 1134437
3363 8396 1134485
4617 8237 1135354
646 8546 1136087
4624 8237 1136711
4633 9015 1142955
4633 9015 1143059
4633 9015 1143649
4634 8237 1143975
4633 9015 1144026
4633 9015 1144084
4634 8237 1144238
4633 9015 1144920
4633 9015 1145015
2878 8347 1145780
2878 8347 1147680
2878 8347 1148425
2878 8347 1148503
4466 8370 1149780
4466 8370 1149891
4466 8370 1149920
4649 8237 1150003
4466 8370 1150210
4649 8237 1150265
4650 8247 1150273
4447 8396 1151633
3461 8631 1154159
3461 8631 1155301
3461 8631 1155410
2373 8350 1155610
2373 8350 1155815
2373 8350 1156320
2373 8350 1156676
230 8396 1156749
230 8396 1156832
1179 8381 1157345
230 8396 1157383
1179 8381 1157392
230 8396 1157462
1179 8336 1157595
1179 8406 1157803
1179 8406 1157835
1179 8406 1157990
230 8396 1158651
3581 8247 1163214
379 8478 1163653
4675 8247 1164003
379 8478 1164503
4677 8631 1165312
1558 8631 1165333
1558 8631 1165417
379 8478 1165529
379 8478 1165563
379 8478 1165642
379 8478 1165702
379 8478 1165821
208 8381 1165828
379 8478 1166033
379 8478 1166227
379 8478 1166348
379 8478 1166450
379 8478 1166651
379 8478 1166728
379 8478 1167128
379 8478 1167212
379 8478 1167597
353 8370 1167712
379 8478 1167801
353 8370 1167823
379 8478 1168335
379 8478 1168381
379 8478 1168419
379 8478 1169506
4466 8370 1170303
4466 8370 1170394
4466 8370 1170534
230 8396 1170543
4466 8370 1170558
230 8396 1170594
4466 8370 1170817
4466 8370 1170825
379 8954 1170900
379 8954 1170948
379 8954 1171001
379 8954 1171185
4466 8370 1171455
379 8954 1171463
4707 8314 1172062
353 8370 1173125
353 8370 1173322
230 8396 1173948
230 8396 1173984
4717 8370 1174114
379 8478 1175997
4732 8406 1176122
4732 8406 1176142
379 8478 1176202
4732 8406 1176223
2711 8406 1176354
379 8478 1176437
4738 8406 1176796
2132 8406 1176899
4738 8406 1177205
1235 8631 1177265
1235 8631 1177297
4207 8406 1178267
4207 8406 1180032
230 8396 1180451
2132 8406 1184723
230 8396 1185131
4775 9077 1185264
4779 9078 1185680
4779 9078 1185723
4779 8406 1186050
2135 8237 1186291
4785 8406 1186841
4738 8406 1187280
4207 8406 1190639
4207 9078 1190840
379 8478 1190885
379 8478 1191122
379 8478 1191441
379 8478 1191517
418 8954 1192001
379 8478 1192565
379 8478 1192672
379 8478 1193204
379 8478 1193259
379 8478 1193411
379 8478 1193928
4447 8396 1194073
1905 8446 1195836
1905 8446 1195988
4447 8396 1196347
4829 8347 1196574
4830 8247 1196728
1925 8406 1197483
1179 9078 1197503
1179 9078 1197543
1925 8406 1197583
1925 8406 1197713
1925 9078 1197786
1179 8381 1197829
1925 8406 1197837
1179 8381 1197884
1179 8381 1198716
379 8478 1198795
1905 8446 1199014
379 8478 1199428
379 8478 1199693
379 8478 1199750
3485 9083 1200741
1905 8446 1201349
3485 9083 1201664
4859 8247 1201770
1827 8247 1202078
1905 8446 1202391
3485 9083 1202554
4865 8247 1203193
1905 8370 1203471
1905 8446 1203704
1696 8350 1204128
3485 9083 1204146
4865 8247 1204319
1696 8350 1204322
3485 9083 1204340
1696 8350 1204541
3485 9083 1204572
4859 8247 1205498
600 8370 1205589
4859 8247 1206630
649 8314 1207864
600 8370 1207920
600 8370 1207938
379 8478 1208010
379 8478 1208045
4891 8347 1208233
4207 8336 1208438
4891 8347 1208590
353 8370 1208918
600 8370 1209592
600 8370 1209598
1179 8381 1209640
1179 8336 1209662
1179 8406 1209680
4895 8347 1209994
3259 8314 1210145
1179 8406 1210267
4738 8406 1210471
4896 8370 1210602
1179 8381 1210989
600 8370 1212223
600 8370 1212229
600 8370 1212707
3485 9083 1213096
600 8370 1213907
3485 9083 1214045
3485 9083 1215053
2520 8237 1215070
600 8370 1216432
600 8370 1216458
600 8370 1216598
600 8370 1216611
600 8370 1216727
600 8370 1216751
600 8370 1216773
600 8370 1216834
600 8370 1216866
4918 8247 1216890
649 8314 1218681
3485 9083 1218798
3485 9083 1218863
1179 8336 1219737
1179 8336 1219768
3485 9083 1220082
3485 9083 1221389
3485 9083 1221414
142 9078 1221998
142 8406 1222065
4785 9078 1222254
3485 9083 1222867
3485 9083 1222944
142 9078 1223121
3485 9083 1223341
142 9078 1223898
3713 9018 1225489
1905 8446 1225497
4207 9078 1225804
649 8314 1225809
142 9078 1226065
4943 9078 1226626
142 8406 1226928
142 9078 1228996
2878 8347 1229602
2878 8347 1229685
2878 8347 1229735
2878 8347 1233085
208 8381 1233678
208 8381 1233928
1911 8314 1234364
4967 8406 1237141
4967 8406 1237380
646 8546 1237798
142 9078 1238750
1179 8381 1240172
4976 9078 1240423
1179 8381 1240426
1577 8314 1240731
1179 8381 1240794
142 9078 1241701
4989 9078 1244874
1905 8446 1246274
4992 8406 1247021
379 8478 1249059
379 8478 1249112
379 8478 1249239
379 8478 1249438
379 8478 1249562
379 8478 1249748
379 8478 1250001
379 8478 1250134
379 8478 1250205
379 8478 1250567
379 8478 1250793
418 8478 1251536
4633 9089 1252123
4633 9089 1253760
4633 9089 1254076
4633 9089 1254120
4633 9089 1254342
5005 8370 1255986
1897 8314 1256008
5005 8370 1256049
5005 8370 1256077
1983 9078 1256616
1983 9078 1256651
353 8370 1257022
3485 9083 1257157
3485 9083 1257200
3485 9083 1257267
1696 8350 1257926
1696 8350 1258090
1682 9078 1258251
1696 8350 1258251
3485 9083 1258449
3485 9083 1258507
3485 9083 1258555
1696 8350 1258581
1682 9078 1258738
5011 8314 1258821
1696 8350 1258837
1983 8381 1259169
3485 9083 1259356
3485 9083 1259442
4779 8336 1259488
3485 9083 1260077
3485 9083 1260220
3485 9083 1260457
3485 9083 1260541
4738 8406 1261125
3764 9012 1262002
3485 9083 1262979
4738 8381 1262984
2182 8631 1263043
2182 8631 1263102
3485 9083 1263109
2182 8631 1263187
4738 8406 1263562
2182 8631 1263974
5033 8370 1264663
3713 9018 1264962
3713 9018 1265211
3713 9018 1265270
3713 9018 1265338
2182 8631 1265373
3713 9018 1265404
4447 8396 1265415
3713 9018 1265450
2711 9078 1265669
2182 8631 1265820
2711 8406 1265956
5040 9078 1266049
3485 9083 1266199
2711 8406 1266218
3485 9083 1266445
2182 8631 1266571
3485 9083 1267291
142 9078 1267625
3485 9083 1267882
3485 9083 1268747
3485 9083 1268788
4634 8237 1269050
159 8350 1269071
142 9078 1269129
4634 8237 1269130
142 9078 1269266
3485 9083 1270724
3485 9083 1270799
159 8350 1270840
159 8350 1271604
159 8350 1271651
3485 9083 1272096
1696 8350 1272217
3485 9083 1272261
3485 9083 1272401
3485 9083 1272523
3485 9083 1272649
142 9078 1272668
159 8350 1272722
5059 9089 1272871
159 8350 1273063
142 9078 1273113
159 8350 1273149
142 9078 1273238
159 8350 1273245
159 8350 1273334
159 8350 1273425
1696 8350 1273598
142 9078 1273626
142 9078 1273658
1696 8350 1273719
142 9078 1273877
142 9078 1273922
3485 9083 1274103
142 9078 1274232
3485 9083 1274295
3485 9083 1274482
3485 9083 1274588
142 9078 1274758
142 9078 1274800
142 9078 1274966
142 9078 1275027
3485 9083 1275046
142 9078 1275126
2429 8446 1275146
3485 9083 1275323
379 8478 1275332
3485 9083 1275414
3485 9083 1275445
3485 9083 1275506
5071 9078 1275519
5072 9089 1275542
379 8478 1275561
379 8478 1275601
3485 9083 1275620
159 8350 1275910
3485 9083 1275925
3485 9083 1276136
159 8350 1276186
3485 9083 1276210
159 8350 1276239
3485 9083 1276262
3485 9083 1276400
1696 8350 1276459
159 8350 1276512
3485 9083 1276576
379 8478 1276655
1696 8350 1276659
3485 9083 1276663
230 8396 1276747
159 8350 1276791
230 8396 1276794
3485 9083 1276802
3485 9083 1276903
3485 9083 1276941
379 8478 1276969
3485 9083 1276985
379 8478 1277124
3485 9083 1277224
3485 9083 1277276
1696 8350 1277759
1577 8314 1278246
5086 9078 1279083
418 8478 1279541
159 8350 1280199
159 8350 1280533
159 8350 1280793
5094 9078 1280875
1696 8350 1281213
1696 8350 1281780
1696 8350 1281989
1179 8406 1282069
2627 9078 1282267
1696 8350 1282765
1179 8702 1283096
142 9078 1283443
1179 8702 1283464
142 9078 1283543
142 9078 1283593
142 8406 1283689
142 8406 1283703
142 8406 1283717
4207 8336 1284013
142 9078 1284239
142 9078 1284573
142 9078 1284753
1827 8247 1285461
142 8381 1285527
1827 8247 1285742
142 9078 1286615
5113 8347 1286636
2132 8381 1286653
649 8314 1286662
1827 8247 1287174
4633 9018 1289001
4633 9018 1289428
241 9089 1290078
241 9089 1290154
649 8314 1291124
649 8314 1291156
1179 8702 1292772
142 8702 1292813
159 8350 1293004
1179 8702 1293257
1179 8702 1293954
1179 8702 1294560
1179 8702 1294746
3485 9083 1295050
3485 9083 1296259
1179 8381 1296428
3485 9083 1296570
3485 9083 1296598
5144 8247 1296927
3485 9083 1297017
3485 9083 1297071
3485 9083 1297108
5146 8314 1297204
3485 9083 1297348
3485 9083 1297374
5149 9089 1297724
5149 9089 1297758
3485 9083 1297867
5144 8247 1297873
3485 9083 1298253
5144 8247 1298262
1179 8381 1298471
1179 8381 1298514
5144 8247 1298671
1905 8446 1298772
1911 8314 1300023
5157 8247 1300779
5162 9078 1302904
5162 8406 1302905
600 8370 1306524
1179 8702 1306569
5176 9078 1308233
3241 9078 1308898
3241 9078 1308915
5178 9078 1309410
5178 9078 1309626
3713 9018 1310216
1925 9078 1310446
3713 9018 1310579
3713 9018 1310609
4207 9078 1311254
3713 9018 1311356
5183 8347 1312089
3713 9018 1312233
3713 9018 1312261
3713 9018 1312560
3713 9018 1312665
3713 9018 1313031
3713 9018 1313125
3713 9018 1313232
3713 9018 1313511
3713 9018 1313701
3713 9018 1313761
3713 9018 1314226
3713 9018 1314245
3713 9018 1314290
3713 9018 1314397
3713 9018 1314496
3713 9018 1314586
142 9078 1314626
3713 9018 1314705
3713 9018 1314735
3713 9018 1314767
3713 9018 1314806
3713 9018 1314865
3713 9018 1314931
3713 9018 1314968
3713 9018 1315094
142 9078 1315111
3713 9018 1315145
3713 9018 1315178
3713 9018 1315282
3713 9018 1315366
3713 9018 1315390
3713 9018 1315417
3713 9018 1315492
3713 9018 1315516
3713 9018 1315626
3713 9018 1315671
3713 9018 1315724
3713 9018 1315767
3713 9018 1315788
3713 9018 1315841
3713 9018 1315874
3713 9018 1315920
3713 9018 1315984
3713 9018 1316029
3713 9018 1316057
3713 9018 1316211
3713 9018 1316305
3752 9018 1316380
3713 9018 1316406
3713 9018 1316447
3713 9018 1316580
5094 9078 1319669
4895 9089 1320086
1179 8381 1320475
1179 8381 1320517
1179 8381 1320581
5210 8290 1325958
1179 8381 1326021
5210 8290 1326028
5210 8290 1326221
5210 8290 1326338
5210 8290 1326382
5210 8290 1326454
5210 8290 1326521
230 8396 1331495
230 8396 1331594
230 8396 1331934
230 8396 1331973
4672 8336 1336812
4672 8336 1336855
5234 9078 1336866
4672 8336 1336888
230 8396 1337169
1317 8406 1338584
1317 9078 1338584
5242 9078 1341001
379 8954 1342085
379 8954 1342186
418 8954 1343200
379 8478 1343588
5251 8406 1343726
5251 8406 1343753
1350 8396 1346182
1235 8631 1348500
1235 8631 1349255
1235 8631 1349374
1235 8631 1349445
379 8478 1351094
379 8478 1351129
379 8478 1351318
379 8478 1351452
379 8478 1351485
379 8478 1351580
379 8478 1351812
379 8478 1352047
379 8478 1352183
379 8478 1352281
379 8478 1352306
379 8478 1352627
379 8478 1352738
379 8478 1352775
379 8478 1352841
379 8478 1352960
379 8478 1353259
1458 9078 1354128
379 8478 1354428
379 8478 1354605
379 8478 1354760
379 8478 1354808
379 8478 1354886
379 8478 1355054
3363 8396 1355768
5178 8406 1356194
230 8396 1357269
2992 8336 1357919
230 8396 1358913
2711 9078 1359118
2627 8336 1359521
379 8478 1360772
379 8478 1361111
5315 8347 1361182
379 8478 1361389
5210 8290 1363904
1925 8336 1364967
1925 8406 1364996
5210 8290 1365734
5176 9078 1365944
5210 8290 1366244
5210 8290 1366341
5333 8370 1367092
353 8370 1368566
1179 8702 1368893
1724 8702 1371740
1724 8702 1371764
1724 8702 1371776
5351 8347 1371778
2654 9089 1378698
2654 9089 1379913
2654 9089 1380727
1179 8702 1381875
1179 8381 1382406
1724 8702 1383952
208 8381 1384044
208 8381 1384117
208 8381 1384210
1179 8381 1384983
1724 8702 1385735
142 9078 1386182
142 9078 1386259
3485 9083 1387244
142 9078 1387766
3485 9083 1388061
3485 9083 1389056
3485 9083 1389145
1179 8381 1391828
1317 8381 1392117
5210 8290 1394358
208 8381 1403160
208 8381 1403222
3485 9083 1403320
142 9078 1404006
1179 8381 1406781
1179 8381 1407781
142 9078 1409072
142 9078 1409092
142 9078 1410417
230 8396 1412768
230 8396 1413326
142 9078 1413968
1905 8446 1414283
5458 8347 1414287
142 9078 1414385
142 9078 1414870
142 9078 1416381
142 9078 1417287
142 9078 1417431
5464 8247 1417651
230 8396 1418698
142 9078 1420338
142 9078 1420397
230 8396 1423022
230 8396 1423096
1696 8350 1423850
230 8396 1425185
230 8396 1425241
379 8954 1425659
2654 9089 1425805
379 8954 1426284
379 8954 1426455
379 8954 1426512
379 8954 1427024
379 8478 1427871
379 8478 1427902
379 8478 1428029
379 8478 1428085
379 8478 1428175
379 8478 1428256
379 8478 1428372
379 8478 1428476
379 8478 1428556
379 8478 1428671
379 8478 1428829
353 8370 1430796
353 8370 1430942
3461 8631 1431180
353 8370 1431235
3461 8631 1432282
3461 8631 1432492
3461 8631 1432522
5500 9089 1436374
284 8247 1438111
5505 8347 1440635
5512 9089 1441615
5514 9089 1442326
5520 9089 1443288
284 8247 1445279
4251 9089 1445798
5534 9089 1446662
5534 9089 1446728
379 8478 1446732
5534 9089 1446907
230 8396 1446920
379 8478 1447142
5534 9089 1447356
379 8478 1447567
379 8478 1447798
379 8478 1448418
379 8478 1448611
5534 9089 1448674
5534 9089 1448920
5534 9089 1448971
5534 9089 1449089
230 8396 1449414
5534 9089 1449601
5534 9089 1449809
1558 8631 1451357
69 8370 1451952
230 8396 1453959
230 8396 1454062
5560 8370 1454451
1488 8347 1455408
1724 8381 1455655
2654 9089 1456795
2520 8237 1457314
2520 8237 1457628
2185 8764 1458222
3485 9083 1459478
3485 9083 1459574
3485 9083 1460173
3485 9083 1460672
5581 9089 1460760
5581 9089 1460880
3485 9083 1460997
3485 9083 1461014
3485 9083 1461489
3485 9083 1461589
3485 9083 1461682
353 8370 1461758
353 8370 1461797
3485 9083 1462242
3485 9083 1462333
3485 9083 1462410
3485 9083 1462521
3485 9083 1462759
3485 9083 1463069
3485 9083 1463743
3485 9083 1463955
142 9078 1465309
284 8247 1466569
3485 9083 1466828
5618 9089 1467933
2878 8479 1471642
1811 8479 1473989
2878 8479 1476170
5210 8290 1477994
2878 8479 1478052
2878 8479 1478324
5210 8290 1479406
5656 8290 1479497
4251 9089 1480717
4251 9089 1481299
2878 8479 1481314
4251 9089 1481332
2878 8479 1481730
1488 8347 1482710
5210 8290 1483889
1488 8347 1484121
2878 8479 1484205
2878 8479 1484413
5210 8290 1485845
1488 8347 1485890
2522 8290 1486041
5672 8347 1486586
5210 8290 1486865
2522 8290 1487450
5094 8406 1487975
5210 8290 1488296
4447 8396 1490219
4447 8396 1490331
5686 9083 1490367
4447 8396 1490388
5210 8290 1490438
2198 8290 1491460
2198 8290 1491478
2198 8290 1491553
2198 8290 1491563
5210 8290 1491621
5210 8290 1491675
2198 8290 1491700
2198 8290 1491741
2198 8290 1491755
5210 8290 1492151
2198 8290 1492212
5210 8290 1492239
5210 8290 1492341
2198 8290 1492386
2198 8290 1492411
4447 8396 1492982
2198 8290 1493013
4447 8396 1493056
2198 8290 1493156
2198 8290 1493966
4447 8396 1494732
4447 8396 1495622
4447 8396 1496339
4447 8396 1496572
230 8396 1497341
230 8396 1497361
230 8396 1497387
230 8396 1497652
4447 8396 1497680
4447 8396 1497836
2198 8290 1499000
4447 8396 1499171
2198 8290 1499199
2198 8290 1500231
2198 8290 1500838
5701 8347 1502237
379 8478 1502706
379 8478 1502735
379 8478 1502777
379 8478 1502833
379 8478 1503240
379 8478 1503263
379 8478 1503406
379 8478 1503470
379 8478 1504022
379 8478 1504596
379 8478 1504752
4633 9089 1505082
4633 9089 1505132
4633 9089 1505549
379 8478 1505564
379 8478 1505830
4633 9089 1505940
4633 9089 1506013
379 8478 1506056
379 8478 1506147
379 8478 1506237
379 8478 1506282
379 8478 1506326
4633 9089 1506490
4633 9089 1506800
379 8478 1506879
379 8478 1507186
379 8478 1507232
379 8478 1507376
379 8478 1507648
379 8478 1507824
4633 9089 1508000
4633 9089 1508558
1558 8350 1508739
230 8396 1509218
230 8396 1509578
230 8396 1509623
230 8396 1509788
379 8799 1510955
230 8396 1511094
230 8396 1511161
379 8799 1512061
5725 9089 1512227
5725 9089 1512291
5725 9089 1512388
230 8396 1513096
230 8396 1513159
5731 8290 1514027
379 8954 1514154
379 8954 1514228
379 8954 1514360
230 8396 1514712
379 8478 1514760
5731 8290 1514828
5734 8347 1515973
5734 8347 1516925
5734 8347 1517371
5734 8347 1517625
457 8506 1517714
3200 8506 1517898
5740 8446 1518596
5749 8290 1522374
5749 8290 1524283
5749 8290 1525634
4251 9089 1526330
2198 8290 1528052
2198 8290 1528074
5749 8290 1528957
5771 8506 1532851
5771 8506 1532962
3055 8446 1532967
3055 8446 1533026
5773 8237 1534176
4738 8702 1534493
379 8478 1535815
5778 8290 1536336
379 8478 1536823
379 8478 1536902
5778 8290 1536917
5778 8290 1536975
5210 8290 1537530
5784 8546 1539475
5785 8290 1539520
2878 8347 1539822
2878 8347 1539968
2878 8347 1540063
2878 8347 1540390
2878 8347 1540538
2878 8347 1540682
1179 8381 1541051
1179 8381 1541089
1179 8381 1541387
230 8396 1541430
5790 9078 1541637
1179 8702 1542681
1488 8347 1543133
1179 8702 1543438
1488 8347 1543887
1488 8347 1544317
5801 8479 1545551
5801 8479 1545565
1350 8396 1546409
1350 8396 1546492
1350 8396 1546507
5807 8290 1547398
5808 9083 1547456
2185 8764 1550119
2185 8764 1550222
1179 8381 1556246
4226 8631 1556306
3485 9083 1557437
3485 9083 1558192
5176 9078 1558416
5176 9078 1558604
1827 8247 1558898
3485 9083 1559484
5210 8290 1559565
3485 9083 1560163
5176 9078 1560783
5176 9078 1560950
5176 9078 1561094
3485 9083 1561320
3485 9083 1561820
3485 9083 1561859
3485 9083 1562025
3485 9083 1562149
3485 9083 1562196
142 9078 1562288
3485 9083 1562298
142 9078 1562594
100 8314 1562669
5847 9089 1562688
4633 9089 1563102
5848 8370 1563376
2821 9012 1563836
2821 9012 1564149
2821 9012 1564347
2821 9012 1564621
5852 8290 1564672
2821 9012 1564786
2821 9012 1565124
2821 9012 1566002
682 8370 1566094
2198 8290 1566230
2198 8290 1566401
682 8446 1566690
2821 9012 1567169
2821 9012 1568209
2198 8290 1568744
2821 9012 1568828
3379 8370 1569769
3379 8370 1569857
2821 9012 1569966
2821 9012 1570136
2821 9012 1570333
2821 9012 1570679
2821 9012 1572620
2821 9012 1572673
2198 8290 1572756
2821 9012 1572897
2821 9012 1573092
2821 9012 1573341
2821 9012 1573690
2821 9012 1573784
2821 9012 1574448
2821 9012 1574830
2821 9012 1575431
2821 9012 1575457
2821 9012 1575640
2821 9012 1577224
2821 9012 1577409
2821 9012 1578150
2821 9012 1578350
3461 8631 1578855
2821 9012 1578894
2821 9012 1579021
2821 9012 1579335
2821 9012 1579687
5731 8290 1579719
2821 9012 1579749
5731 8290 1579869
230 8396 1580232
2821 9012 1581088
2821 9012 1581456
230 8396 1582652
230 8396 1582768
230 8396 1583545
2821 9012 1583704
2821 9012 1583853
2821 9012 1586121
2821 9012 1586151
230 8396 1586170
2821 9012 1586200
230 8396 1586267
2821 9012 1586621
2821 9012 1587249
2821 9012 1587411
230 8396 1587552
2821 9012 1587727
2821 9012 1588203
230 8396 1588304
230 8396 1589161
230 8396 1590243
5913 8392 1590593
230 8396 1591117
230 8396 1591179
230 8396 1592106
230 8396 1592605
379 8799 1592861
1179 8702 1593600
1179 8702 1593629
230 8396 1593753
1179 8702 1593958
1179 8702 1594708
1179 8702 1594738
1179 8702 1594780
5921 9089 1596019
379 8954 1596056
379 8954 1596261
5725 9089 1596428
5725 9089 1596964
379 8954 1597162
5725 9089 1597388
379 8954 1597480
379 8954 1597740
379 8954 1597828
5725 9089 1597831
5725 9089 1597982
379 8954 1598051
5725 9089 1598337
5725 9089 1598492
353 8392 1600795
5928 8396 1601639
4447 8396 1602835
4447 8396 1603275
3751 8314 1603613
4447 8396 1604267
4447 8396 1604940
4447 8396 1605744
2711 8381 1606471
4447 8396 1607582
4447 8396 1607738
4447 8396 1608592
5941 8290 1609232
4447 8396 1609258
4447 8396 1609694
4447 8396 1610424
3363 8396 1611816
2182 8631 1612054
3363 8396 1612165
3363 8396 1612303
3485 9083 1613922
5928 8396 1614090
4447 8396 1615165
230 8396 1615264
4447 8396 1615454
4447 8396 1615638
3485 9083 1615694
3485 9083 1616100
3485 9083 1616242
3485 9083 1617060
2522 8290 1617275
230 8396 1617300
230 8396 1617470
5749 8290 1617790
230 8396 1618310
230 8396 1618638
230 8396 1618669
230 8396 1618751
230 8396 1618922
5970 9077 1619576
4447 8396 1620341
682 8370 1620389
1724 8702 1620395
4447 8396 1620943
4447 8396 1621021
5976 8446 1621221
5976 8446 1621259
1179 8702 1624068
230 8396 1624340
230 8396 1624511
2878 8347 1624583
230 8396 1624977
1724 8702 1626580
5994 8370 1626767
5994 8370 1626839
2198 8290 1626935
2198 8290 1627712
2198 8290 1627803
2198 8290 1627826
6001 8247 1628378
1696 8350 1629115
1696 8350 1629244
1696 8350 1629708
1696 8350 1629831
353 8370 1630676
1179 8381 1631027
2198 8290 1631389
6009 8479 1631814
230 8396 1634130
230 8396 1634285
230 8396 1634390
1350 8396 1634481
2595 8446 1634575
159 8350 1640362
159 8350 1640630
159 8350 1641045
1179 8702 1641692
1813 8479 1650151
159 8350 1653502
6067 8446 1654434
649 8314 1655761
4447 8396 1662651
4775 9077 1679884
379 8799 1680502
1696 8350 1681430
159 8350 1681589
379 8799 1682779
379 8799 1682856
6111 8347 1684632
379 8954 1685204
379 8954 1685244
379 8954 1685300
379 8954 1685549
379 8954 1686642
379 8954 1688719
379 8954 1688785
6125 8347 1690770
353 8370 1693073
5976 8446 1693316
6131 8446 1693415
6131 8446 1693434
5976 8446 1693598
142 9078 1695907
6148 8446 1697423
1696 8350 1697525
418 8954 1700931
1696 8631 1701112
2878 8479 1701501
2878 8479 1701915
6168 8764 1702925
2878 8479 1703095
2878 8479 1703502
2878 8479 1704109
2878 8479 1704470
6171 8764 1704535
2878 8479 1704804
2878 8479 1704868
2878 8479 1704957
2878 8479 1705188
2878 8479 1705360
1905 8446 1705797
2878 8479 1706454
1811 8479 1706466
2878 8479 1706498
1905 8446 1706683
142 9168 1707378
142 9168 1708136
1905 8446 1708292
6181 9077 1708370
142 9168 1708372
1724 8702 1708410
142 9168 1708410
2878 8479 1708527
2878 8479 1709391
2878 8479 1709888
2878 8479 1709969
2878 8479 1710106
3682 9077 1711635
2595 8446 1713874
6195 9089 1714074
2878 8479 1714394
2878 8479 1715636
230 8396 1716184
4447 8396 1717240
3461 8631 1717756
3752 9018 1722924
3752 9018 1723122
1179 8381 1723410
2559 9077 1723427
1179 8702 1723459
3682 9077 1724097
1179 8406 1724458
4479 8247 1724836
4479 8247 1724982
2878 8479 1725249
1724 8702 1725263
1350 8396 1725377
4479 8247 1725936
33 9077 1726349
4479 8247 1726419
4479 8247 1726746
4479 8247 1727056
6231 8247 1727098
4479 8247 1727159
6232 8937 1727345
4479 8247 1727493
3461 8631 1727657
4479 8247 1728266
4479 8247 1728579
142 9168 1728845
142 9168 1728880
6239 8446 1729214
4479 8247 1729323
4479 8247 1729362
600 8370 1729420
142 9168 1729489
4479 8247 1729605
142 9168 1729857
4479 8247 1730778
6067 8446 1733598
2185 8764 1733822
1813 8479 1736301
1813 8479 1736682
1813 8479 1736987
6261 8506 1737996
6261 8506 1738178
6261 8506 1738530
2878 8347 1740929
2878 8347 1742511
2878 8347 1742902
2878 8347 1743371
6273 8314 1743496
6273 8314 1743883
2878 8347 1743929
2501 8446 1749421
1350 8396 1756292
230 8396 1758185
6301 8506 1759791
6301 8506 1761411
6319 8370 1766941
6261 8506 1772166
379 8954 1773162
379 8954 1773627
379 8954 1774354
379 8954 1774453
379 8954 1774500
379 8954 1774825
379 8954 1774930
353 8370 1776827
353 8370 1776890
3200 8506 1777033
3200 8506 1777803
3200 8506 1778099
6261 8506 1779089
3200 8506 1779621
6261 8506 1783361
6360 8350 1784702
6360 8350 1784901
159 8350 1785933
159 8350 1786000
6261 8506 1787530
6261 8506 1787902
6261 8506 1788557
418 8954 1788577
6261 8506 1788815
5943 8347 1789173
5943 8347 1789217
5943 8347 1789347
6370 8506 1789564
6261 8506 1790317
6261 8506 1790400
6261 8506 1790417
6261 8506 1790557
2237 9077 1791617
2237 9077 1791742
2802 8764 1792525
142 9168 1794440
142 9168 1795198
142 9168 1795217
142 9168 1795389
142 9168 1795656
142 9168 1795698
142 9168 1795832
142 9168 1796131
142 9168 1796363
6391 9089 1796380
6391 9089 1796459
4447 8396 1796555
142 9168 1796592
142 9168 1797766
379 8954 1797889
142 9168 1798151
142 9168 1798342
142 9168 1798464
142 9078 1800030
6400 8764 1800677
1928 8347 1801684
1928 8347 1801738
1928 8347 1802132
142 9168 1802212
142 9168 1802430
142 9168 1803504
142 9168 1803520
142 9168 1803626
142 9168 1804121
142 9168 1804298
142 9168 1805488
142 9168 1805569
142 9168 1805585
142 9168 1805644
142 9168 1805680
142 9168 1805803
142 9168 1806228
6171 8764 1806290
142 9168 1806328
6171 8764 1806673
142 9168 1806735
6110 9077 1808563
6110 9077 1808738
6110 9077 1808881
2520 8237 1809066
353 8370 1809077
2520 8237 1809433
6417 9077 1809589
1179 8381 1810944
142 9168 1812113
142 9168 1812215
142 9168 1812629
142 9168 1813964
2185 8764 1814295
6171 8764 1814372
6171 8764 1814686
6110 9077 1815090
6110 9077 1815194
6432 8314 1815297
142 9168 1815350
6110 9077 1815420
6110 9077 1815787
5176 9168 1817462
33 9077 1817541
33 9077 1817557
5176 9168 1818202
6441 8479 1818472
142 9168 1818643
6441 8479 1818682
142 9168 1818686
142 9168 1818972
142 9168 1819023
142 9168 1819042
6110 9077 1819824
33 9077 1820235
3461 8631 1820851
6110 9077 1821454
5157 8247 1821473
33 9077 1821981
6417 9077 1822761
2237 9077 1823352
2237 9077 1823634
5178 9168 1825149
1488 8347 1825422
1488 8347 1825584
2237 9077 1825662
1488 8937 1826440
1488 8937 1826624
6110 9077 1826745
1488 8937 1828484
6468 8937 1828709
6417 9077 1829160
6417 9077 1831849
6476 8370 1832134
6477 8764 1832608
6110 9077 1832708
4056 8594 1834817
1179 8406 1841153
1179 8336 1841266
6495 9089 1841454
6495 9089 1841697
5994 8370 1841766
2272 8506 1841953
2272 8506 1843368
1488 8347 1846541
6171 8764 1853348
6360 8350 1854290
6360 8350 1854316
379 8799 1857006
379 8799 1857134
6515 8347 1857267
379 8478 1857691
379 8954 1858810
4666 8347 1860297
6515 8347 1860579
6171 8764 1861245
3200 8506 1862362
3200 8506 1862394
353 8370 1862621
379 8954 1862796
6527 8631 1866155
6527 8631 1866294
6527 8631 1866743
4992 9168 1868401
4992 9168 1868429
4992 9168 1868555
4707 8506 1870158
4707 8506 1870394
4707 8506 1870424
4707 8506 1870437
6261 8506 1871824
4992 9168 1873063
6261 8506 1874658
2769 9168 1877800
2769 9168 1878206
2769 9168 1878221
2769 9168 1878366
2769 9168 1878479
2769 9168 1878531
6495 9089 1879147
2769 9168 1879446
2185 8764 1879771
2769 9168 1879888
142 9168 1879946
142 9168 1879978
2769 9168 1880021
142 9168 1880033
142 9168 1880229
2185 8764 1880715
6555 9168 1880832
646 9168 1881666
2185 8764 1881706
6559 9168 1882285
2185 8764 1882373
142 9168 1882404
142 9168 1882554
142 9168 1882902
142 9168 1883673
6562 8506 1883688
6562 8506 1883713
142 9168 1884078
142 9168 1884098
142 9168 1884484
142 9168 1884605
142 9168 1884739
6563 8347 1885014
142 9168 1885367
142 9168 1885893
142 9168 1885915
142 9168 1886515
6569 8314 1887124
6569 8314 1887155
6569 8314 1887321
6171 8764 1887753
6171 8764 1887873
1179 8381 1889242
1179 8381 1889260
1179 8381 1889274
1737 9168 1889571
1737 9168 1889657
142 9168 1890865
142 9168 1891037
4992 9168 1891040
2185 8764 1891049
142 9168 1891128
142 9168 1891543
6582 9168 1891858
142 9168 1891951
142 9168 1892351
2185 8764 1892392
142 9168 1892505
142 9168 1892546
142 9168 1892556
142 9168 1892600
2185 8764 1892732
2185 8764 1892754
142 9168 1892814
4251 9089 1893038
2185 8764 1893215
2185 8764 1893271
142 9168 1893311
2185 8764 1893315
142 9168 1893769
142 9168 1894314
142 9168 1894323
6590 8347 1894335
142 9168 1894704
6592 8479 1894995
6592 8479 1895086
2185 8764 1895365
2185 8764 1895431
142 9168 1895596
2185 8764 1895597
2185 8764 1895651
1724 8381 1896321
6582 9168 1896502
142 9168 1896655
142 9168 1896721
142 9168 1897038
142 9168 1897088
142 9168 1897160
2769 9168 1897218
142 9168 1897560
142 9168 1897832
6599 8347 1897982
142 9168 1898344
142 9168 1898576
142 9168 1898729
142 9168 1899392
142 9168 1899516
142 9168 1899801
142 9168 1899839
142 9168 1900164
142 9168 1900328
142 9168 1900377
142 9168 1900402
142 9168 1900481
6606 9168 1901067
142 9168 1901139
646 9168 1901226
5178 9168 1901832
142 9168 1901904
1179 8702 1901904
5854 8446 1901912
1179 8381 1901999
1179 8702 1902052
142 9168 1902209
142 9168 1902258
142 9168 1902593
142 9168 1902892
4650 8247 1902944
142 9168 1902956
142 9168 1903152
142 9168 1903337
4650 8247 1903378
142 9168 1903401
4650 8247 1903813
142 9168 1904393
5176 9168 1905072
142 9168 1905809
142 9168 1906718
142 9168 1907067
142 9168 1907385
142 9168 1907564
646 9168 1907669
142 9168 1907670
142 9168 1907688
646 9168 1907801
6624 8290 1907921
142 9168 1907992
2272 8506 1908235
142 9168 1908924
1925 9168 1909148
142 9168 1909596
142 9168 1911213
3360 9168 1911559
2185 8764 1911571
142 9168 1911951
6640 9168 1912503
6641 8446 1912558
2185 8764 1912701
142 9168 1912967
142 9168 1913165
1488 8347 1913543
2185 8764 1913921
3360 9168 1914311
3360 9168 1914351
6647 9168 1914555
3360 9168 1915655
3360 9168 1915700
3360 9168 1915737
3360 9168 1915789
3360 9168 1916076
6649 9168 1916142
2132 9168 1916810
142 9168 1917681
2878 8479 1920476
2878 8479 1921303
2878 8479 1921382
142 9168 1921768
1811 8479 1921836
2132 9168 1921855
2878 8479 1922228
2878 8479 1922378
1811 8479 1922441
1179 9168 1923429
142 9168 1924477
6668 9168 1925555
2132 9168 1932442
142 9168 1933549
6685 8247 1933655
6685 8247 1933861
142 9168 1934534
142 9168 1934739
142 9168 1934814
142 9168 1934971
142 9168 1935021
142 9168 1935038
2068 8937 1937893
2068 8347 1938253
2068 8347 1938570
2068 8347 1938914
6691 8937 1939391
2068 8937 1939646
1350 8314 1940043
6697 8506 1940851
6171 8764 1941629
1488 8347 1942694
2185 8764 1943319
5534 8347 1944107
5534 8347 1944159
5534 8347 1944404
5534 8347 1944551
5534 8347 1944653
5534 8937 1944733
5534 8937 1944800
5534 8937 1945557
5534 8347 1945757
5534 8347 1945884
3200 8506 1946485
5534 8347 1947394
6716 8937 1950145
379 8954 1950318
1350 8396 1951121
6720 8506 1951871
3407 8247 1952082
6732 9168 1955545
6110 9077 1955578
6110 9077 1955621
6110 9077 1955878
6110 9077 1955943
6734 9077 1956158
6110 9077 1956654
6110 9077 1956898
6734 9077 1956921
6110 9077 1957066
6734 9077 1957258
5178 9168 1957490
5178 9168 1957607
6110 9077 1958149
6110 9077 1958254
6738 8631 1958364
6738 8350 1958769
6738 8350 1958873
6741 8237 1958877
6741 8237 1958953
6110 9077 1959040
6734 9077 1959225
6110 9077 1959701
6110 9077 1959778
6734 9077 1960151
6171 8764 1960178
6110 9077 1961773
646 9168 1961972
3682 9077 1962318
3682 9077 1962569
3461 8631 1963308
3461 8631 1963391
3461 8631 1963629
3461 8631 1964167
4992 9168 1964421
1461 8314 1964929
1813 8479 1965881
142 9168 1966017
142 9168 1966724
142 9168 1966777
6477 8764 1966928
142 9168 1966933
142 9168 1967120
142 9168 1967156
142 9168 1967251
6763 8290 1967623
1911 8314 1967628
142 9168 1968179
142 9168 1968257
6590 8347 1968298
6477 8764 1968446
142 9168 1968700
142 9168 1968744
142 9168 1969162
6555 9168 1969229
142 9168 1969336
6555 9168 1969406
142 9168 1969547
2132 9168 1969644
142 9168 1969660
142 9168 1969829
142 9168 1969861
379 8478 1969871
142 9168 1970062
379 8478 1970303
379 8478 1970371
142 9168 1970450
142 9168 1970494
142 9168 1970517
379 8478 1970589
142 9168 1970835
142 9168 1971645
142 9168 1972070
142 9168 1972108
142 9168 1972497
142 9168 1972688
142 9168 1972793
142 9168 1972837
5347 8594 1973260
5347 8594 1973444
142 9168 1973501
142 9168 1973559
5347 8594 1973587
142 9168 1973597
142 9168 1974503
2185 9168 1974682
2185 9168 1974913
142 9168 1974940
2185 9168 1974965
142 9168 1975012
2821 8594 1975128
2821 8594 1975152
379 8478 1975280
2821 8594 1975413
2821 8594 1975498
142 9168 1975684
379 8954 1976801
6788 8506 1976863
379 8954 1976984
6788 8506 1977001
2068 8347 1977316
379 8954 1977343
6738 8350 1977399
2821 8594 1977411
379 8954 1977430
6562 8506 1977465
2132 9168 1977538
142 9168 1977562
2821 8594 1977613
379 8954 1977632
2821 8594 1977678
379 8954 1977727
379 8954 1977756
379 8954 1977846
2821 8594 1977852
2821 8594 1978138
3360 9168 1978979
3360 9168 1979017
2821 8594 1979480
142 9168 1979601
6795 8506 1979700
142 9168 1980048
2821 8594 1980373
2821 8594 1980499
3360 9168 1980535
3360 9168 1980555
3360 9168 1980583
142 9168 1980914
142 9168 1980956
2821 8594 1981432
2821 8594 1981513
2185 8764 1981616
2821 8594 1981654
1602 9168 1981767
2821 8594 1981775
1602 9168 1981792
142 9168 1981809
2821 8594 1981856
2821 8594 1981978
1602 9168 1982288
2821 8594 1982319
2821 8594 1982631
142 9168 1982854
142 9168 1982988
3241 8406 1983056
2821 8594 1983704
2821 8594 1983778
2821 8594 1984338
2821 8594 1984684
2821 8594 1984819
2821 8594 1984993
1179 8406 1985125
2821 8594 1985197
1317 9078 1985273
33 9077 1985551
2821 8594 1985822
33 9077 1985839
33 9077 1985856
2821 8594 1986333
1720 9168 1986479
6806 8479 1986615
2821 8594 1986666
2185 8764 1986828
142 9168 1986840
2821 8594 1986849
142 9168 1986885
2821 8594 1986954
2821 8594 1987028
2821 8594 1987086
2821 8594 1987362
3241 8381 1987373
2185 9168 1987391
2821 8594 1987412
2185 9168 1987507
2821 8594 1987528
2185 9168 1987672
2185 9168 1987749
2821 8594 1987755
142 9168 1987817
2821 8594 1987826
2821 8594 1987914
2185 9168 1988111
2821 8594 1988198
2185 9168 1988242
2185 9168 1988284
2821 8594 1988400
6810 9168 1988720
2821 8594 1988723
142 9168 1988730
6810 9168 1988733
142 9168 1988777
2821 8594 1988797
1737 8347 1988880
142 9168 1989238
2821 8594 1989276
2821 8594 1989470
142 9168 1989761
2627 8336 1990005
142 9168 1990121
142 9168 1990288
2821 8594 1990340
2821 8594 1990512
2821 8594 1990642
6795 8506 1990783
2821 8594 1990809
2821 8594 1991096
6562 8506 1991236
2821 8594 1991306
2821 8594 1991463
2821 8594 1991721
142 9168 1991935
142 9168 1991965
142 9168 1991979
2821 8594 1992121
6816 9168 1992125
2821 8594 1992334
6816 9168 1992352
142 9168 1992517
2821 8594 1992669
142 9168 1992949
2821 8594 1992992
2821 8594 1993048
6795 8506 1993198
2821 8594 1993202
6818 9168 1993274
2821 8594 1993499
142 9168 1993511
2821 8594 1993945
3360 9168 1994310
3360 9168 1994383
2821 8594 1994403
3360 9168 1994505
2821 8594 1994634
1724 8381 1994666
6795 8506 1994667
6691 8937 1994678
3360 9168 1994737
6795 8506 1994753
2821 8594 1994767
3360 9168 1994796
142 9168 1994825
3360 9168 1994835
2821 8594 1994859
2821 8594 1994999
6181 9077 1995062
2821 8594 1995093
2821 8594 1995420
6181 9077 1995453
3360 9168 1995484
3360 9168 1995578
3360 9168 1995638
3360 9168 1995656
2821 8594 1995724
2821 8594 1995851
3360 9168 1996060
2821 8594 1996313
2821 8594 1996361
2821 8594 1996552
2821 8594 1996678
2821 8594 1996757
2821 8594 1996845
2821 8594 1997072
2821 8594 1997258
5210 8290 1997483
5210 8290 1997496
3360 9168 1997657
2821 8594 1997673
2769 9168 1998257
2769 9168 1998435
142 9168 1998627
2769 9168 1998704
2769 9168 1998735
1724 8381 1998819
1724 8381 1998848
2769 9168 1998855
2769 9168 1998981
2769 9168 1999003
142 9168 1999027
1488 8937 1999711
3360 9168 1999731
1488 8937 1999811
1488 8347 1999906
1488 8347 2000449
1488 8937 2000590
4447 8396 2000652
1488 8937 2000794
1488 8937 2000908
2821 8594 2001084
4056 8594 2001089
1488 8937 2001102
4056 8594 2001262
1488 8937 2001311
4056 8594 2001933
1488 8937 2002022
1488 8937 2002103
1488 8937 2002212
1488 8347 2002596
5137 8446 2002913
6840 9168 2003061
5137 8446 2003067
6110 9077 2004800
5534 8937 2004925
5534 8937 2005111
6110 9077 2005118
6110 9077 2005236
6110 9077 2005269
6110 9077 2005320
6110 9077 2005406
6110 9077 2005424
6110 9077 2005449
6110 9077 2005606
6110 9077 2005654
2132 9168 2005672
6110 9077 2005732
2185 9168 2005766
1488 8937 2005812
1488 8937 2005988
2821 8594 2006940
6849 9168 2010761
6849 9168 2011011
6850 9168 2011180
5928 8396 2011666
5534 8347 2011881
5534 8347 2012619
2185 9168 2012687
3837 9168 2016413
2821 8594 2016641
2821 8594 2016966
2821 8594 2017072
3002 9168 2017317
3837 9168 2017329
230 8396 2017590
230 8396 2017633
2821 8594 2017664
2821 8594 2017750
1682 9168 2017890
2821 8594 2018448
2821 8594 2018626
6181 9077 2019088
3002 9168 2019736
6181 9077 2021237
1696 8350 2021542
5534 8937 2023973
5534 8937 2024105
5534 8937 2024648
5534 8347 2025019
5534 8347 2025087
5534 8347 2025473
6867 9168 2027606
6171 8764 2028264
6870 8937 2029557
379 8478 2031194
379 8478 2031260
6734 9077 2032100
379 8954 2032286
379 8954 2032374
6879 8446 2035967
6879 8446 2036024
6879 8446 2036192
6879 8446 2036372
6879 8446 2036496
6887 8347 2040350
284 8247 2042295
6895 9168 2043273
6906 8594 2046941
5636 9168 2047116
5636 9168 2047268
2769 9168 2048725
6909 9168 2048768
6909 9168 2048840
2769 9168 2048903
284 8350 2048932
6582 9168 2049339
6914 8347 2050266
4672 8937 2050415
6915 9168 2050452
4672 8937 2050939
6914 8347 2051659
2769 9168 2053761
2769 9168 2053795
2769 9168 2053926
2769 9168 2053953
2769 9168 2054091
6919 8347 2054488
5176 9168 2055616
760 9168 2055711
2769 9168 2057099
2185 9168 2058637
5176 9168 2059362
6936 8764 2059440
6938 9168 2060135
6914 8347 2060703
3360 9168 2061034
600 8370 2062112
600 8370 2062137
69 8446 2063272
6949 8446 2064217
353 8370 2066670
353 8370 2066726
6956 8937 2066729
6956 8937 2067053
6956 8937 2067223
4545 8381 2067322
4545 8381 2067363
4545 8381 2067409
6959 8347 2067427
4545 8381 2067567
6919 8347 2068279
6555 9168 2069447
6555 9168 2069520
4859 8347 2072383
4859 8937 2072655
6971 8314 2072879
6971 8314 2073024
6515 8347 2073546
6446 9168 2073566
6914 8347 2073894
110 8314 2074523
2769 8446 2074847
5138 9168 2077392
6646 8347 2078244
5138 9168 2078497
6562 8506 2079913
1179 8702 2080357
6914 8347 2080542
2769 8446 2081623
5970 9077 2082955
4056 8594 2085040
2769 8446 2086396
2595 8446 2086555
6555 9168 2089717
7030 8247 2090443
1179 8381 2092382
1179 8381 2092401
4447 8396 2094478
4447 8396 2094564
7043 9168 2094755
7043 9168 2094839
5774 8347 2096621
3002 9168 2098838
7053 9077 2100021
7053 9077 2100135
6110 9077 2100689
6110 9077 2100710
6110 9077 2100765
6110 9077 2100797
6110 9077 2100816
6110 9077 2100889
5751 8247 2101211
6110 9077 2101228
5751 8247 2101363
5883 8347 2110275
379 8954 2111192
379 8954 2111629
379 8954 2111723
379 8954 2112281
379 8954 2112954
379 8954 2113338
379 8954 2113410
379 8954 2113781
7087 9168 2114667
379 8954 2115416
379 8954 2116916
379 8954 2117061
1488 8937 2117491
230 8396 2119673
230 8396 2119734
230 8396 2120027
1488 8937 2120382
230 8396 2120623
3002 9168 2120914
7104 8764 2121818
379 8954 2122547
379 8954 2122610
6171 8764 2124998
6181 9077 2127647
7111 9168 2128014
7114 8937 2128726
7118 8347 2129678
6956 8937 2130670
3360 9168 2130684
3360 9168 2130700
6914 8347 2130879
6956 8937 2131556
6956 8937 2131649
142 9168 2132947
142 9168 2133110
142 9168 2133855
142 9168 2133936
142 9168 2133995
1724 8381 2134135
142 9168 2134450
142 9168 2134493
142 9168 2134765
142 9168 2134794
142 9168 2135169
142 9168 2135239
6949 8446 2135301
3360 9168 2135677
3360 9168 2135950
3360 9168 2136891
7137 9168 2136958
7137 9168 2137178
6914 8347 2137406
6914 8347 2137512
142 9168 2138311
6949 8446 2139636
6949 8446 2139761
3200 8506 2139798
3200 8506 2139955
7142 8506 2140409
6562 8506 2140573
7142 8506 2140627
7142 8506 2140660
6562 8506 2140665
1179 8702 2141697
142 9168 2141861
142 9168 2141937
6914 8347 2142243
142 9168 2142416
142 9168 2142601
6914 8347 2142685
142 9168 2142693
142 9168 2142967
142 9168 2143279
142 9168 2143370
142 9168 2143805
7150 8347 2144489
2878 8347 2145042
600 8370 2145242
7038 8336 2145557
2878 8479 2145933
142 9168 2146360
142 9168 2146427
2878 8347 2147127
7155 8347 2147219
6181 9077 2147235
3360 9168 2147451
3360 9168 2147567
3360 9168 2147630
3360 9168 2147761
3360 9168 2147798
3360 9168 2147822
7104 8764 2147855
3360 9168 2147866
7157 8506 2148098
3200 8506 2148952
3200 8506 2149691
6795 8506 2150267
6171 8764 2150629
6590 8347 2152247
142 9168 2152798
7173 9168 2153951
142 9168 2154377
7179 8347 2155305
7104 8764 2156468
142 9168 2156590
142 9168 2156642
142 9168 2157028
353 8370 2157990
6590 8347 2158231
6171 8764 2159329
7193 8347 2159558
7198 8290 2160742
2769 8446 2161322
142 9168 2163306
3360 9168 2163335
142 9168 2163804
6646 8347 2164092
6646 8347 2164125
7207 8347 2164143
6646 8347 2164168
142 9168 2164483
142 9168 2164512
142 9168 2164901
7215 9168 2164908
142 9168 2164958
7215 9168 2165026
142 9168 2165579
142 9168 2165621
2559 9168 2167307
7225 9168 2168873
142 9168 2168935
7225 9168 2169102
7229 9168 2170566
142 9168 2170691
3360 9168 2172035
1179 8381 2173146
1179 8381 2173159
142 9168 2174210
142 9168 2174237
142 9168 2174419
6914 8347 2176593
7142 8506 2178891
7142 8506 2179009
6562 8506 2179115
4633 9089 2181056
3002 9168 2181116
142 9168 2181895
3002 9168 2182257
3241 8406 2182586
4633 9089 2182622
4633 9089 2182673
142 8406 2182751
3241 8406 2183018
4447 8396 2183244
142 9168 2184317
142 9168 2184452
142 9168 2184483
142 9168 2184614
142 8406 2184774
142 9168 2186232
7265 8347 2187870
7265 9168 2187895
159 8350 2188865
6914 8347 2188870
159 8350 2188887
159 8350 2188910
6914 8347 2189000
6914 8347 2189343
6914 8347 2192249
646 9168 2194298
7274 8350 2194682
7274 8631 2194874
1317 9168 2199315
7296 8406 2206997
7137 9168 2208493
1696 8631 2209288
6110 9077 2210228
6110 9077 2210804
6110 9077 2210861
6110 9077 2210997
7306 8247 2211551
7306 8247 2211645
7306 8247 2211739
7306 8247 2211807
7306 8247 2212028
7306 8247 2212146
7306 8247 2213315
7316 9077 2215044
3407 8247 2216049
6261 8506 2216508
3200 8506 2216722
3200 8506 2217092
33 9077 2217160
3200 8506 2218204
3200 8506 2218449
7334 8347 2220605
7338 8347 2221933
142 9168 2221987
142 9168 2222572
2068 8347 2222820
142 9168 2222949
6914 8347 2223118
142 9168 2223428
2068 8347 2223428
2068 8347 2223505
142 9168 2223608
142 9168 2223643
142 9168 2223785
142 9168 2224115
142 9168 2224190
142 9168 2224293
142 9168 2224587
7355 8347 2225445
142 9168 2225687
142 9168 2225718
7142 8506 2225955
142 9168 2225981
7358 9077 2226107
2769 9168 2226131
2769 9168 2226174
7358 9077 2226213
142 9168 2226230
142 9168 2226308
142 9168 2226391
6734 9077 2227081
7360 9168 2227118
6562 8506 2227242
142 9168 2227263
7358 8506 2227308
142 9168 2227317
142 9168 2227453
7358 9077 2227478
6562 8506 2227479
7358 8506 2227572
6734 9077 2227652
6734 8506 2227734
7358 9077 2227849
7358 8506 2227977
7358 8506 2228422
142 9168 2228494
142 9168 2228577
142 9168 2228694
2654 8347 2229412
142 9168 2229646
142 9168 2229754
646 9168 2229831
4779 9168 2229971
142 9168 2229978
142 9168 2230291
142 9168 2230497
142 9168 2230533
646 9168 2230648
7374 9077 2230965
142 9168 2232582
142 9168 2232603
142 9168 2232749
142 9168 2232791
6181 9077 2232878
142 9168 2233108
6181 9077 2233286
5534 8347 2233369
6181 9077 2233813
142 9168 2233822
142 9168 2233859
142 9168 2234125
142 9168 2234179
7391 8937 2234733
142 9168 2235222
142 9168 2235296
142 9168 2236018
142 9168 2236322
7397 8937 2237317
2152 8370 2237343
7397 8937 2237401
353 8370 2237473
7397 8937 2238021
5958 8506 2238846
5958 8506 2238848
7397 8937 2238849
4758 9168 2238871
7397 8937 2238872
3360 9168 2239069
4758 9168 2239334
1817 8937 2240688
7377 9168 2240926
7377 9168 2241212
2185 8764 2242343
2185 8764 2242482
2185 8764 2243163
2885 9168 2245639
1461 8314 2246199
1897 8314 2246367
7414 8347 2246592
7215 9168 2247062
7417 8314 2247352
7418 9077 2248160
6110 9077 2248879
6110 9077 2248948
6110 9077 2249025
6110 9077 2249080
6110 9077 2249184
33 9077 2249274
6956 8937 2249285
33 9077 2249539
6110 9077 2249945
6110 9077 2249959
6956 8937 2250033
6956 8937 2250174
1897 8314 2250206
6956 8937 2250283
6110 9077 2250341
6110 9077 2250396
6110 9077 2250453
6956 8937 2251621
6956 8937 2251726
6956 8937 2252186
5970 9077 2253084
7440 8347 2253100
7440 8347 2253831
6956 8937 2256121
6417 9077 2258114
6417 9077 2258412
6417 9077 2258669
7455 8506 2261254
7461 9168 2264394
100 8314 2264835
6646 8347 2269233
6646 8937 2269398
6646 8937 2269415
6646 8937 2269453
7470 9077 2270046
7470 9077 2272283
6181 9077 2272400
6171 8764 2272409
1179 8702 2272723
1179 8702 2272760
1179 8702 2272896
6181 9077 2273235
7481 8665 2274405
7481 8665 2274438
1179 8702 2274499
7483 8665 2274621
7481 8665 2274637
7481 8665 2274679
5137 8665 2274987
7484 8665 2275543
7488 8665 2277134
7488 8665 2277304
7488 8665 2277369
7488 8665 2277399
7489 8665 2277636
7491 8665 2277998
7481 8665 2278443
7306 8247 2278595
7306 8247 2278876
7306 8247 2278919
7306 8247 2278983
7306 8247 2279106
7488 8665 2279258
7481 8665 2279921
7481 8665 2280103
7481 8665 2280216
7481 8665 2280563
7481 8665 2280891
7498 8665 2280909
7481 8665 2280929
7499 8665 2281036
1461 8314 2281410
7498 8665 2281474
7501 8665 2282109
7501 8665 2282153
7502 8665 2282169
7501 8665 2282212
6914 8347 2283447
7505 8314 2283691
7507 8347 2284521
2068 8665 2287515
7488 8665 2288150
7488 8665 2288179
5137 8665 2288463
4672 8937 2294468
379 8954 2294478
379 8954 2295311
379 8954 2295456
7528 8247 2297713
2068 8665 2297729
2068 8665 2297944
1724 8702 2298201
2068 8665 2298420
2068 8665 2298497
2068 8665 2298565
2068 8665 2298611
2068 8665 2298627
2068 8665 2298882
6110 9077 2299271
6110 9077 2299288
7316 9077 2299486
2068 8665 2299944
2068 8665 2299993
2068 8665 2300552
2068 8665 2300642
6261 8506 2300946
6261 8506 2301016
6261 8506 2301094
6261 8506 2301182
2068 8665 2302448
2068 8665 2302470
2068 8665 2302490
2068 8665 2302595
2068 8665 2303659
1724 8702 2303670
7543 8314 2303701
2068 8665 2304024
2068 8665 2304572
2068 8665 2304732
6110 9077 2305441
7316 9077 2305729
7554 8479 2307393
6110 9077 2308563
6110 9077 2308895
7560 8764 2308992
600 9216 2309001
7560 8764 2309009
600 9216 2309032
600 9216 2309087
7560 8764 2309109
600 9216 2309120
6110 9077 2309170
600 9216 2309185
600 9216 2309221
600 9216 2309237
600 9216 2309284
600 9216 2309299
6110 9077 2309346
7087 9168 2309468
2068 8665 2309758
2068 8665 2309849
4707 8314 2310001
4707 8314 2310021
2068 8665 2310057
6110 9077 2310389
7560 8764 2310460
4707 9077 2310564
6734 9077 2313461
600 9216 2313846
600 9216 2313869
5970 9077 2314045
4779 9168 2314597
4738 8702 2314772
4738 8702 2314792
600 9216 2314902
4779 9168 2315344
4779 9168 2315447
600 9216 2315734
600 9216 2315746
7586 9168 2316538
600 9216 2316596
600 9216 2316668
600 9216 2316679
600 9216 2316733
600 9216 2316977
7589 8347 2317763
3360 9168 2318008
1179 8702 2318451
1179 8702 2318501
7592 8347 2318802
1179 8702 2319604
7560 8764 2319638
2654 8937 2321069
6956 8347 2322495
2068 8665 2322698
2068 8665 2322766
600 9216 2322903
2068 8665 2323103
7605 9168 2323321
2068 8665 2323365
2068 8665 2323403
5137 8665 2323771
6171 8764 2323820
7605 9168 2323849
6171 8764 2323879
649 8314 2324065
7605 9168 2324301
1558 8631 2324305
7605 9168 2324342
1558 8631 2324440
1558 8631 2324544
142 9168 2324609
142 9168 2324858
142 9168 2325023
142 9168 2325741
142 9168 2325958
142 9168 2326215
142 9168 2326966
7618 9168 2327131
142 9168 2327215
7618 9168 2327461
142 9168 2327487
142 9168 2328099
142 9168 2329567
3461 8631 2330386
3461 8631 2331221
1179 8702 2333255
142 9168 2333527
142 9168 2333872
142 9168 2334187
142 9168 2334228
7638 9168 2334602
5958 9077 2335857
3259 8314 2336639
33 9077 2337120
33 9077 2337291
3360 9168 2339256
600 9216 2339337
600 9216 2339354
600 9216 2339614
600 9216 2339789
600 9216 2339999
600 9216 2340016
6956 8937 2340191
6956 8937 2340226
600 9216 2340231
600 9216 2340252
600 9216 2340311
600 9216 2340346
600 9216 2340418
600 9216 2340446
600 9216 2340463
600 9216 2340691
600 9216 2340700
600 9216 2340705
600 9216 2340713
600 9216 2340865
600 9216 2340936
600 9216 2340995
600 9216 2341035
600 9216 2341059
600 9216 2341451
600 9216 2341508
600 9216 2341669
600 9216 2341799
600 9216 2341858
600 9216 2341913
600 9216 2342018
600 9216 2342110
600 9216 2342120
600 9216 2342253
600 9216 2342268
600 9216 2342277
4707 9077 2342510
600 9216 2342616
600 9216 2342670
600 9216 2342848
2769 8446 2342937
2769 8446 2342962
2769 8446 2342976
2769 8446 2343002
600 9216 2343128
600 9216 2343251
600 9216 2343261
1179 8702 2345454
1179 8702 2345485
1827 8247 2346135
33 9077 2346661
6956 8937 2349043
6646 8347 2351114
6646 8347 2351137
6646 8347 2351150
1813 9168 2352355
1813 8347 2352376
600 9216 2353294
600 9216 2353431
2068 8665 2360855
7681 8347 2363309
1911 8314 2364639
7691 8937 2368348
7692 9077 2368455
7692 9077 2368547
7693 8937 2368755
3407 8247 2369387
3200 8506 2369705
230 8396 2371274
6171 8764 2372241
6110 9077 2372379
6110 9077 2372464
142 9168 2372770
142 9168 2372803
6110 9077 2372875
7699 8665 2373060
6181 9077 2374927
6181 9077 2375063
379 8954 2375063
6181 9077 2375296
6914 8347 2375976
1682 8546 2376081
6914 8347 2376808
6914 8347 2376981
6914 8347 2377697
6914 8347 2380770
6914 8347 2380815
6914 8347 2380975
6914 8347 2381012
1983 8702 2381570
7296 8406 2381788
7716 9077 2381916
33 9077 2382557
33 9077 2382700
7722 8937 2384593
7722 8937 2384695
1897 8314 2384712
7723 8347 2385052
7723 8347 2385151
7722 8937 2385464
7734 8347 2388621
7738 8937 2390593
7738 8937 2390802
5808 8347 2391546
7739 9168 2391790
2711 8702 2391943
6956 8937 2392287
7741 8347 2393594
7745 8347 2395818
600 9216 2395925
600 9216 2395962
600 9216 2396592
600 9216 2396603
600 9216 2396631
600 9216 2396657
600 9216 2396788
600 9216 2396866
7215 9168 2397046
600 9216 2397053
600 9216 2397065
600 9216 2397086
600 8446 2397396
600 8446 2397452
600 8446 2397499
600 9216 2397549
600 9216 2397885
600 9216 2397926
7756 8347 2399623
6957 8937 2399855
7765 8347 2403369
7741 8347 2403443
7767 8937 2403678
7769 8347 2405210
7773 8347 2405314
1179 8702 2405326
1179 8702 2405356
7769 8347 2405401
4447 8396 2405485
4447 8396 2405528
6184 8347 2405963
6184 8347 2406019
1179 8406 2406323
386 8937 2406971
386 8937 2407019
2068 8665 2407037
7777 8347 2407142
6582 9168 2408819
6582 9168 2409722
4835 8937 2409765
600 9216 2410075
600 9216 2410129
600 9216 2410193
600 9216 2410215
563 8937 2410281
600 9216 2410332
563 8937 2410369
563 8937 2410431
142 9168 2411349
230 8396 2412703
230 8396 2413380
1911 8314 2419833
1179 8702 2420131
4633 9089 2421674
4234 8347 2421827
7797 8347 2422927
7798 9168 2423320
649 8314 2423661
142 9168 2425089
7802 8347 2426347
3360 9168 2426593
6515 8347 2427047
7804 9168 2427319
1179 8702 2427551
1179 8702 2427577
1179 8702 2428514
1179 8702 2428556
1179 8702 2428604
1179 8702 2428802
1179 8702 2429758
1179 8702 2429772
7810 8479 2430081
1488 8937 2431371
1488 8937 2431684
7812 8347 2431793
649 8314 2432657
1179 8702 2432823
2711 8702 2433502
2711 8702 2433554
649 8314 2434134
7816 8347 2434308
6195 8347 2434671
4895 8937 2434801
7824 8347 2436565
7825 8347 2437902
1179 8702 2442924
1179 8702 2443066
1179 8702 2443269
1179 8702 2443621
1179 8702 2445826
1179 8702 2445884
4672 8546 2446440
2595 8446 2446892
646 8546 2447590
142 9168 2447769
646 8546 2449201
7838 8347 2449467
646 8546 2450062
1682 8546 2450338
646 8546 2450651
597 8247 2451091
1682 8546 2451874
646 8546 2453001
646 8546 2453065
7843 8546 2453116
646 8546 2453292
646 8546 2453374
142 8546 2453433
646 8546 2453578
6515 8347 2453668
646 8546 2454180
7848 8347 2455523
646 8546 2456689
33 8347 2457211
7851 8764 2458552
1179 8702 2459689
6171 8764 2459794
379 8954 2460764
7862 8446 2465335
7862 8370 2465540
353 8370 2465629
353 8446 2465684
1682 8546 2467532
6171 8764 2468026
7872 8347 2470078
1682 8546 2471331
3002 9168 2471410
3407 8247 2473020
5976 8347 2474230
100 8314 2479968
100 8314 2480056
2068 8665 2480057
2068 8665 2480096
2068 8665 2480123
7898 8446 2480776
7903 8347 2483087
7903 8347 2483192
7903 8937 2483328
7903 8937 2483350
2654 8937 2484777
2486 8937 2484784
3407 8247 2485230
2486 8937 2485285
7909 8506 2486294
3200 8506 2486908
3200 8506 2487196
2486 8937 2487350
7912 8347 2487468
2878 8347 2487651
2878 8347 2487849
2878 8347 2487937
2878 8347 2488134
2878 8347 2488457
7913 8594 2488545
2878 8347 2488577
4707 8314 2488662
4707 8314 2488740
4707 8314 2488794
7915 8347 2488891
646 8546 2489914
646 8546 2490878
7898 8446 2491569
2878 8347 2491574
4479 8247 2493769
6590 8347 2494589
6590 8347 2494779
4479 8247 2495029
4479 8247 2495105
4479 8247 2495394
1179 8702 2495406
1179 8702 2495424
2878 8479 2495505
4479 8247 2495765
1179 8702 2495951
4479 8247 2496016
4479 8247 2496314
2595 8446 2496986
7925 8314 2497837
7466 8764 2498209
6527 8631 2498735
5137 8665 2498922
7929 8546 2501719
7930 8347 2502863
1179 8702 2503093
7466 8764 2505361
7466 8764 2505956
7937 8702 2506970
142 8702 2507006
7937 8702 2507053
646 8546 2508123
7940 8247 2508484
646 8546 2509830
7937 8702 2510042
7937 8702 2510100
7937 8702 2510128
7937 8702 2510159
7937 8702 2510438
7937 8702 2510469
1179 8702 2512274
1179 8702 2512422
1179 8702 2512473
4707 8314 2512514
4707 8314 2512552
1179 8702 2512578
1179 8702 2513251
1179 8702 2513524
7948 8247 2515147
7952 9168 2516464
142 9168 2516977
142 9168 2517050
7954 8665 2517395
7956 8347 2518350
7850 9168 2518989
646 8546 2521747
1488 8347 2523303
600 9216 2524061
600 9216 2524987
600 9216 2525038
600 9216 2525071
600 9216 2525087
600 9216 2525155
1488 8937 2525885
1488 8937 2525958
7850 8937 2527078
6914 8347 2527259
6914 8937 2527626
2068 8665 2528618
3461 8631 2528774
1905 8446 2528919
6914 8347 2529254
1488 8347 2529872
3752 9018 2530316
3752 9018 2530356
1179 8702 2530643
1179 8702 2530682
2711 8702 2533014
1179 8702 2533274
2711 8702 2533682
2711 8702 2533870
2068 8665 2537799
2068 8665 2538141
2068 8665 2538441
2068 8665 2538543
6171 8764 2541030
7991 8764 2544937
7994 8937 2546276
7994 8937 2546396
379 8954 2548895
379 8954 2550289
379 8954 2550459
1724 8381 2550713
1724 8381 2550846
1724 8381 2550878
379 8954 2550983
379 8954 2551112
379 8478 2551695
1724 8702 2552147
379 8478 2552156
379 8954 2553119
379 8954 2553167
379 8954 2553286
1724 8702 2553345
1724 8702 2553377
1724 8702 2553406
1724 8702 2553606
379 8954 2553616
379 8954 2554210
379 8954 2554733
379 8954 2554879
379 8954 2555133
379 8954 2555274
8009 9168 2555359
379 8954 2555595
379 8954 2555844
379 8954 2556254
418 8954 2563310
2132 8702 2563846
7994 8937 2564013
379 8954 2564910
379 8954 2564935
379 8954 2565055
2068 8665 2565476
7994 8937 2565679
2068 8665 2565927
379 8954 2565960
6171 8764 2566277
8032 8546 2566483
2185 8764 2567401
2185 8764 2567931
2185 8764 2568097
2185 8764 2568120
7994 8937 2568122
2185 8764 2568241
7994 8937 2568604
7994 8937 2568747
2185 8764 2572882
2185 8764 2572920
2185 8764 2572939
2185 8764 2573571
2185 8764 2573674
2185 8764 2573774
2185 8764 2574252
1179 8702 2574486
646 8546 2575775
646 8546 2576124
646 8546 2576928
646 8546 2577088
646 8546 2577221
646 8546 2577270
7929 8546 2578496
7929 8546 2578537
142 9168 2579810
1724 8381 2580322
563 8937 2582412
8076 9168 2583445
4315 9168 2583474
4779 9168 2583952
142 9168 2584497
4835 8937 2587076
4835 8937 2587206
4835 8937 2587640
1179 8702 2587745
1179 8702 2587827
1179 8702 2588384
4607 8937 2588748
4607 8937 2588784
1682 8546 2591075
4607 8937 2591378
4607 8937 2591554
4607 8937 2592085
4607 8937 2592159
8092 9168 2594009
142 9078 2596419
142 9078 2596685
1179 8702 2599860
8111 9168 2608461
3461 8631 2610879
33 9077 2616479
1983 8702 2616840
1983 8406 2617099
1558 8631 2618947
8121 8347 2622083
8124 8247 2624314
8129 8347 2625399
8132 8290 2626441
8133 9089 2626443
8133 9089 2626487
4447 8396 2626676
1179 8702 2626760
7994 8937 2626997
1983 8406 2628674
7991 8764 2630038
353 8392 2636761
379 8954 2637904
379 8954 2638534
379 8954 2638730
379 8954 2638778
379 8954 2640399
379 8954 2640442
379 8954 2641561
379 8954 2642109
379 8954 2642363
379 8954 2642463
1905 8446 2642581
379 8954 2642595
379 8954 2642727
379 8954 2643299
8166 8937 2643523
379 8954 2643647
379 8954 2643704
8168 9168 2644377
8171 8446 2645935
159 8350 2647208
2132 8546 2650144
2132 8546 2650283
2654 8937 2650669
2486 8937 2654074
2486 8937 2654152
3461 8631 2657197
159 8350 2658401
1179 8702 2659612
1179 8702 2659660
1179 8702 2659680
1179 8702 2659701
379 8954 2660168
379 8954 2660286
379 8954 2660453
379 8954 2660517
379 8954 2660553
379 8954 2660587
379 8954 2660772
379 8954 2661166
379 8954 2661832
8198 9168 2663223
7994 8347 2663969
7994 8347 2664300
2068 8665 2664785
2068 8665 2664850
8211 8937 2668476
8219 8937 2674585
8225 8937 2677664
