146 "[(8278, 15, 17922), (8278, 15, 17972), (8278, 15, 275810), (8540, 15, 280040), (8540, 15, 280132), (8581, 15, 281247), (8581, 15, 281948), (8540, 15, 2084701)]"
267 "[(8412, 2, 37071), (8540, 15, 308456), (8540, 15, 309177), (8540, 15, 309261), (8414, 13, 621864), (8312, 15, 1155583), (8540, 15, 1492301), (8312, 15, 1501698), (9168, 6, 1937018), (9168, 6, 1937113), (9168, 6, 1937179), (8540, 15, 2103246), (8480, 4, 2614547), (8253, 4, 2614556)]"
336 "[(8295, 13, 46237), (8390, 3, 829694), (8723, 0, 1128542), (8755, 5, 2030508), (8755, 5, 2030613)]"
481 "[(8514, 15, 65039), (8514, 15, 65723), (8514, 15, 65759), (8514, 15, 67838), (8514, 15, 68026), (8514, 15, 100102), (8514, 15, 100177), (8514, 15, 100856), (8514, 15, 105408), (8514, 15, 106220), (8514, 15, 106338), (8514, 15, 106401), (8514, 15, 428408), (8514, 15, 429083), (8514, 15, 451250), (8491, 15, 1900574), (8491, 15, 1900741), (8344, 15, 2161620), (8344, 15, 2161657)]"
518 "[(8423, 7, 68348), (8571, 1, 1388883), (8677, 8, 2492471)]"
657 "[(8585, 1, 89666)]"
8361 "[(17, 11, 95431), (125, 11, 95854), (618, 8, 117936), (1777, 8, 332568), (1777, 8, 332725), (1777, 8, 332743), (935, 5, 507573), (935, 5, 507578), (2962, 8, 620352), (17, 11, 675391), (2962, 8, 725120), (1449, 11, 869317), (346, 8, 872204), (346, 8, 872319), (346, 8, 872372), (346, 8, 872486), (346, 8, 872561), (2881, 14, 1294303), (17, 11, 1338845), (17, 11, 1340223), (2138, 4, 1342417), (22, 7, 1348349), (17, 11, 1353110), (2495, 0, 1360171), (730, 12, 1360368), (730, 12, 1360387), (2962, 8, 1362995), (2962, 8, 1472732), (2962, 8, 1472760), (1025, 8, 1754751), (346, 8, 1831818), (346, 8, 1865394), (346, 8, 1865626), (346, 8, 1869208), (346, 8, 1869241), (346, 8, 1875760), (346, 8, 1884342), (1716, 8, 1888969), (346, 8, 1926047), (5622, 11, 1966891), (346, 8, 2031503), (17, 11, 2071333), (346, 8, 2079010), (346, 8, 2079065), (346, 8, 2079098), (346, 8, 2079866), (346, 8, 2202482), (17, 11, 2235673), (17, 11, 2249684), (17, 11, 2250936), (17, 11, 2251075), (4390, 10, 2251156), (4390, 10, 2251298), (17, 11, 2251370), (4390, 10, 2251411), (4390, 10, 2251625), (4390, 10, 2251897), (17, 11, 2251959), (4390, 10, 2252263), (17, 11, 2252579), (2881, 14, 2252740), (17, 11, 2257817), (5904, 13, 2258509), (346, 8, 2268398), (2962, 8, 2269178), (2195, 14, 2272045), (611, 1, 2286855), (346, 8, 2309824), (346, 8, 2608550)]"
692 "[(8540, 15, 97041), (9168, 6, 2435771)]"
717 "[(8583, 13, 101785), (8583, 13, 101900), (8583, 13, 102388), (8583, 13, 102632), (8583, 13, 158186), (8312, 15, 258040), (8312, 15, 258249), (8685, 15, 786726), (8685, 15, 796060), (8685, 15, 1055035), (8685, 15, 1097462), (8685, 15, 1115981), (8685, 15, 1197642), (8685, 15, 1197730), (8685, 15, 1303194), (8685, 15, 1305422), (8685, 15, 1650208), (8685, 15, 1655622), (8735, 14, 1792488), (8735, 14, 1792620), (8685, 15, 2088618), (8685, 15, 2089256), (8685, 15, 2092850), (8801, 14, 2118229), (8685, 15, 2163869), (8685, 15, 2168736), (8453, 15, 2210694), (8685, 15, 2553575)]"
8618 "[(659, 14, 114640), (261, 7, 416925), (261, 7, 417125), (261, 7, 531329), (103, 11, 558763), (611, 1, 896993), (4215, 15, 1013287), (4215, 15, 1013848), (4215, 15, 1013891), (4215, 15, 1183416), (4215, 15, 1184263), (4215, 15, 1184356), (1449, 11, 1367853), (5532, 11, 1446197), (4752, 11, 1449363), (5636, 6, 1473659), (17, 11, 1475321), (713, 4, 1475534), (713, 4, 1475772), (713, 4, 1475935), (125, 11, 1482644), (4215, 15, 1634155), (1276, 14, 1708239), (1543, 15, 2079740), (2196, 7, 2080880), (1543, 15, 2081483), (1543, 15, 2083506), (2769, 6, 2083528), (2141, 15, 2083554), (17, 11, 2083795), (7466, 6, 2317657), (6369, 3, 2333573), (17, 11, 2343120), (2196, 7, 2387279), (17, 11, 2396071), (4085, 0, 2401122), (284, 6, 2404784), (2374, 4, 2413479)]"
8334 "[(233, 0, 115106), (1970, 2, 571398), (1933, 0, 596920), (1314, 5, 1464247), (233, 0, 1492122)]"
912 "[(8666, 10, 143668), (8411, 3, 148365), (8572, 11, 328826), (8301, 13, 333286), (8633, 5, 503411), (8243, 7, 503804), (8249, 13, 514092), (8587, 13, 514320), (8917, 13, 514588), (8593, 7, 684482), (8874, 15, 685023), (8295, 13, 853397), (8237, 6, 1023815), (8387, 0, 1050978), (8237, 6, 1189208), (8250, 5, 1390323), (8734, 5, 1396241), (8917, 13, 1396326), (8411, 3, 1440611), (8411, 3, 1440735), (8411, 3, 1485956), (9102, 3, 1486656), (9145, 0, 1567716), (8917, 13, 1568254), (9142, 4, 1613632), (8250, 5, 1649995), (8504, 8, 1809660), (8384, 12, 1811225), (8384, 12, 1811271), (8794, 14, 1914566), (8928, 1, 1919771), (8588, 1, 1957911), (8250, 5, 2136278), (8975, 10, 2323630), (8975, 10, 2323778), (8975, 10, 2323989), (8975, 10, 2324083)]"
8676 "[(983, 5, 153874), (17, 11, 165616), (125, 11, 273368), (2153, 13, 423569), (17, 11, 783903), (17, 11, 881064), (2196, 7, 1130053), (3592, 14, 1183362), (691, 0, 1281909), (2708, 3, 1289623), (3663, 11, 1294512), (3663, 11, 1294565), (3663, 11, 1294607), (1376, 12, 1294675), (1376, 12, 1294823), (22, 7, 1304522), (598, 12, 1309436), (1505, 0, 1356102), (1376, 12, 1377171), (887, 10, 1434117), (1376, 12, 1458522), (2374, 4, 1478678), (1663, 11, 1519843), (17, 11, 1546887), (5300, 4, 1636905), (3663, 11, 1640609), (2078, 4, 1641575), (4085, 0, 1671160), (245, 2, 1683804), (384, 7, 1721872), (5077, 15, 1885507), (7048, 5, 2097910), (3323, 13, 2238650), (1103, 2, 2308866), (3323, 13, 2337762), (1131, 15, 2412773), (691, 0, 2416495), (4279, 14, 2496051), (1929, 10, 2520925), (2374, 4, 2599524), (125, 11, 2606015), (3592, 14, 2653634), (2230, 4, 2655498), (1856, 3, 2675882), (1856, 3, 2676915), (1856, 3, 2677022), (17, 11, 2678000)]"
8697 "[(752, 15, 164163), (1054, 2, 165309), (752, 15, 165569), (752, 15, 165862), (752, 15, 165885), (752, 15, 166587), (752, 15, 166638), (752, 15, 166709), (752, 15, 166835), (752, 15, 167343), (752, 15, 167508), (752, 15, 167602), (752, 15, 167843), (752, 15, 171156), (752, 15, 171450), (752, 15, 171704), (752, 15, 171748), (752, 15, 172438), (752, 15, 186264), (752, 15, 186889), (752, 15, 246306), (752, 15, 515908), (752, 15, 516971), (752, 15, 517740), (2520, 6, 518964), (752, 15, 519133), (752, 15, 519396), (752, 15, 519473), (752, 15, 519538), (752, 15, 519635), (752, 15, 519729), (752, 15, 519906), (752, 15, 519984), (752, 15, 520019), (752, 15, 529257), (245, 2, 837491), (1131, 15, 1299654), (3641, 15, 1347894), (3641, 15, 1347936), (3979, 15, 1392240), (245, 2, 2447923), (245, 2, 2447993), (245, 2, 2448040), (1294, 15, 2523331), (1131, 15, 2562216), (1131, 15, 2661117), (1131, 15, 2661187), (5872, 11, 2668848), (1131, 15, 2672812), (752, 15, 2677882)]"
512 "[(8462, 14, 177029), (8339, 4, 798295), (8735, 14, 1792809)]"
8282 "[(281, 13, 182729), (281, 13, 182944), (775, 2, 201107), (775, 2, 202697), (235, 3, 286661), (1577, 6, 287689), (443, 0, 331737), (1998, 13, 389903), (2196, 7, 432811), (2196, 7, 433037), (148, 8, 485162), (476, 13, 490799), (1577, 6, 605751), (2441, 13, 700024), (1917, 15, 756116), (1917, 15, 756136), (2591, 2, 757893), (2591, 2, 809147), (3774, 13, 872230), (2196, 7, 873526), (443, 0, 876673), (3697, 12, 967786), (17, 11, 1097572), (4720, 13, 1174685), (17, 11, 1185294), (17, 11, 1307327), (3774, 13, 1470233), (17, 11, 1609607), (782, 0, 1619331), (17, 11, 1737907), (401, 14, 1925274), (5731, 6, 1940037), (500, 14, 1962003), (443, 0, 1985424), (598, 12, 2077320), (190, 13, 2083221), (598, 12, 2137003), (3129, 7, 2163928), (3129, 7, 2215695), (2591, 2, 2260990), (2591, 2, 2452435)]"
1134 "[(8260, 7, 183174), (8519, 13, 1217344), (8661, 5, 2247672), (8661, 5, 2257257), (8661, 5, 2297859), (9168, 6, 2579789)]"
1158 "[(8602, 11, 188724)]"
1373 "[(8677, 8, 240835), (8677, 8, 242391), (8677, 8, 242671), (8677, 8, 242765), (8677, 8, 243130), (8677, 8, 243998), (8677, 8, 249196), (8677, 8, 432065), (8677, 8, 500173), (8677, 8, 693231), (8677, 8, 937659), (8677, 8, 948525), (8677, 8, 966513), (8677, 8, 966604), (8677, 8, 1138263), (8677, 8, 1149288), (8677, 8, 1186338), (8677, 8, 1382557), (8677, 8, 2316525)]"
8343 "[(17, 11, 246215), (156, 14, 247291), (1420, 1, 248094), (148, 8, 415910), (22, 7, 442228), (125, 11, 449071), (1929, 10, 449525), (2230, 4, 530874), (2339, 14, 569544), (17, 11, 577059), (148, 8, 578211), (17, 11, 621128), (233, 0, 625869), (17, 11, 627094), (2230, 4, 709316), (2230, 4, 715070), (1449, 11, 857474), (1856, 3, 924717), (331, 3, 1017658), (870, 3, 1033103), (870, 3, 1033261), (17, 11, 1044488), (2137, 0, 1044663), (125, 11, 1046436), (17, 11, 1047691), (17, 11, 1049065), (125, 11, 1049186), (611, 1, 1049418), (125, 11, 1049903), (17, 11, 1050121), (22, 7, 1050151), (125, 11, 1051370), (4164, 11, 1052875), (4164, 11, 1052876), (1778, 0, 1053278), (2277, 11, 1084772), (68, 5, 1096687), (233, 0, 1152511), (1778, 0, 1313240), (5622, 11, 1659700), (17, 11, 1721726), (611, 1, 1731514), (261, 7, 1835071), (261, 7, 1835399), (261, 7, 1835545), (261, 7, 1835585), (156, 14, 1840813), (2339, 14, 2057933), (233, 0, 2097298), (17, 11, 2503915), (826, 0, 2602552), (22, 7, 2613750), (22, 7, 2613936)]"
1412 "[(8365, 8, 246615), (8402, 2, 1213899), (8734, 5, 2295432)]"
8586 "[(611, 1, 247335), (4866, 3, 1566232), (1389, 12, 1601366), (402, 3, 1604055), (402, 3, 1604428), (402, 3, 1604508), (402, 3, 1604589), (307, 8, 1606317), (307, 8, 1606333), (6015, 5, 1633363), (6015, 5, 1633504), (1148, 8, 1711445), (596, 1, 1741331), (1389, 12, 1863714), (2943, 14, 2337649), (4075, 14, 2587202)]"
1438 "[(8764, 6, 252159), (8483, 15, 448942), (8483, 15, 449017), (8285, 8, 449152), (8764, 6, 576515)]"
71 "[(8278, 15, 253000), (8835, 1, 507194), (8835, 1, 726607), (8278, 15, 936335), (8835, 1, 1383352), (8835, 1, 1383751), (8835, 1, 1454162), (8835, 1, 1553919), (8835, 1, 1796575), (8835, 1, 2223579), (8835, 1, 2223628)]"
8777 "[(261, 7, 275125), (261, 7, 275173), (1184, 15, 329229), (1184, 15, 329613), (1184, 15, 329816), (1184, 15, 329965), (1184, 15, 330035), (1184, 15, 330212), (1779, 15, 332801), (17, 11, 444777), (246, 11, 468238), (920, 4, 575322), (198, 14, 632207), (611, 1, 636332), (17, 11, 752573), (500, 14, 776577), (17, 11, 825063), (17, 11, 943887), (17, 11, 960272), (2875, 3, 960359), (198, 14, 1136175), (198, 14, 1136198), (198, 14, 1136320), (198, 14, 1136357), (198, 14, 1136455), (198, 14, 1136487), (198, 14, 1136505), (198, 14, 1136691), (1663, 11, 1178765), (4764, 15, 1181858), (148, 8, 1184973), (2093, 4, 1186539), (2093, 4, 1187027), (2093, 4, 1187226), (2093, 4, 1187359), (3108, 13, 1189408), (3108, 13, 1189410), (423, 11, 1305379), (423, 11, 1369057), (17, 11, 1390432), (2196, 7, 1992415), (17, 11, 1992469), (2110, 14, 2147421)]"
8806 "[(509, 2, 305774), (144, 15, 355219), (3755, 10, 948286), (3755, 10, 948341), (1543, 15, 1042099), (1543, 15, 1043291), (995, 15, 1043330), (3146, 4, 1044129), (1543, 15, 1045101), (423, 11, 1045278), (1543, 15, 1045970), (535, 15, 1048941), (535, 15, 1049860), (535, 15, 1050009), (535, 15, 1051459), (761, 2, 1051466), (1476, 15, 1054074), (68, 5, 1061481), (318, 11, 1066040), (318, 11, 1066587), (318, 11, 1066954), (535, 15, 1079384), (4339, 7, 1083133), (4468, 4, 1088661), (559, 15, 1095833), (4489, 15, 1096746), (4489, 15, 1104865), (4489, 15, 1104943), (588, 12, 1109348), (3874, 13, 1111782), (497, 4, 1113678), (559, 15, 1113699), (17, 11, 1115592), (535, 15, 1116211), (3681, 10, 1117368), (2196, 7, 1117435), (535, 15, 1118142), (17, 11, 1118243), (535, 15, 1118322), (535, 15, 1118756), (125, 11, 1120998), (3755, 10, 1122539), (3755, 10, 1122579), (3755, 10, 1122583), (3146, 4, 1125286), (17, 11, 1125442), (1829, 1, 1125497), (4019, 1, 1127509), (4019, 1, 1127518), (499, 5, 1135295), (535, 15, 1136799), (535, 15, 1136937), (3495, 4, 1137339), (1385, 3, 1140645), (233, 0, 1152508), (1935, 15, 1161271), (423, 11, 1179668), (167, 11, 1180021), (167, 11, 1180034), (4764, 15, 1181337), (4764, 15, 1181395), (4764, 15, 1181426), (4019, 1, 1207657), (3495, 4, 1213259), (1543, 15, 1215238), (4019, 1, 1217731), (40, 0, 1236055), (5138, 6, 1293961), (1543, 15, 1294131), (535, 15, 1294185), (535, 15, 1295788), (524, 15, 1300322), (1543, 15, 1310082), (3755, 10, 1319797), (3755, 10, 1320384), (3755, 10, 1320391), (3755, 10, 1320475), (3004, 15, 1321837), (3004, 15, 1321866), (1543, 15, 1323610), (3755, 10, 1325049), (3146, 4, 1327693), (1543, 15, 1367375), (2141, 15, 1430059), (233, 0, 1579450), (2230, 4, 1627568), (3004, 15, 1750935), (5622, 11, 1926095), (17, 11, 2056249), (3804, 15, 2069871), (695, 5, 2073606), (497, 4, 2226320), (68, 5, 2230588), (1921, 11, 2327400)]"
1237 "[(8593, 7, 317865)]"
1698 "[(8236, 0, 318409), (8235, 12, 485024), (8812, 7, 2133572), (8344, 15, 2485058)]"
1706 "[(8517, 8, 319978), (8576, 8, 2614167)]"
8687 "[(1754, 4, 329149), (1778, 0, 332670), (1376, 12, 498110), (1376, 12, 498487), (1793, 13, 499541), (1840, 14, 501349), (1840, 14, 501456), (1376, 12, 515930), (1376, 12, 516020), (1376, 12, 516088), (68, 5, 516862), (1376, 12, 581374), (1376, 12, 581418), (1376, 12, 581592), (1376, 12, 581740), (2976, 4, 624285), (2153, 13, 652371), (2153, 13, 653004), (2153, 13, 655088), (1314, 5, 684403), (1314, 5, 684669), (2114, 11, 736462), (1376, 12, 757531), (1376, 12, 758443), (3636, 7, 832374), (156, 14, 874602), (532, 14, 926234), (2153, 13, 1017017), (233, 0, 1058027), (2923, 0, 1123078), (1376, 12, 1187330), (1376, 12, 1213048), (1376, 12, 1372351), (1376, 12, 1372579), (1376, 12, 1372627), (1376, 12, 1372678), (4752, 11, 1376092), (4304, 5, 1424886), (1376, 12, 1438402), (2153, 13, 1439202), (1376, 12, 1439772), (611, 1, 1597456), (68, 5, 1642200), (233, 0, 1750535), (17, 11, 1790433), (7307, 11, 2312941), (1813, 6, 2313130), (1376, 12, 2316536), (1376, 12, 2390105), (2153, 13, 2400587), (4390, 10, 2423938), (2065, 12, 2481702)]"
1806 "[(8726, 15, 340512), (8726, 15, 340547), (8726, 15, 547570), (8963, 15, 1559632), (8876, 7, 1894963), (8876, 7, 1904062), (8876, 7, 1904407), (8876, 7, 1904606), (8740, 7, 2242653), (8740, 7, 2242726), (8710, 15, 2448482), (8710, 15, 2448530), (8710, 15, 2448550), (8710, 15, 2448688)]"
8828 "[(483, 5, 341987), (483, 5, 342042), (483, 5, 342171), (483, 5, 343333), (445, 2, 403289), (445, 2, 403482), (68, 5, 404687), (445, 2, 410010), (445, 2, 410187), (445, 2, 466189), (445, 2, 507832), (445, 2, 508062), (233, 0, 540253), (445, 2, 666138), (445, 2, 690039), (483, 5, 691427), (17, 11, 949674), (796, 6, 1123701), (796, 6, 1123776), (73, 10, 1165759), (17, 11, 1360669), (1276, 14, 1426395), (1276, 14, 1426622), (17, 11, 1496494), (4504, 7, 1496886), (4504, 7, 1497822), (625, 2, 1642056), (625, 2, 1645726), (233, 0, 1664604), (5622, 11, 2322098)]"
1880 "[(8576, 8, 351999)]"
1913 "[(8581, 15, 359138)]"
8376 "[(156, 14, 366555), (1795, 6, 1368539), (1795, 6, 1369752)]"
1972 "[(8370, 6, 381107), (8370, 6, 2018254)]"
8505 "[(734, 5, 406992), (233, 0, 461523), (734, 5, 1187601), (983, 5, 1305092), (1970, 2, 1367541), (734, 5, 1878449), (734, 5, 2429787)]"
2239 "[(8370, 6, 453335), (8312, 15, 615227), (8491, 15, 2342434)]"
8900 "[(934, 8, 482195), (934, 8, 501329), (934, 8, 510539), (934, 8, 761086), (934, 8, 771167), (934, 8, 827486), (934, 8, 835266), (934, 8, 1354196), (934, 8, 1449387), (2375, 1, 1460908), (934, 8, 1724032), (934, 8, 1969192), (934, 8, 1979204), (934, 8, 2037201), (934, 8, 2049720), (934, 8, 2065677), (934, 8, 2574029), (934, 8, 2583892), (3015, 0, 2623804), (3015, 0, 2623842), (934, 8, 2640187), (934, 8, 2649415), (934, 8, 2671428)]"
2427 "[(8854, 10, 499069)]"
2508 "[(8231, 0, 516596)]"
2521 "[(8243, 7, 518965)]"
2577 "[(8710, 15, 530883), (8710, 15, 531906), (8887, 3, 602339), (8291, 14, 1304469), (8411, 3, 1462318), (8411, 3, 2263044), (8411, 3, 2264052)]"
8879 "[(68, 5, 537791), (303, 11, 566463), (233, 0, 2268923)]"
2628 "[(8598, 5, 545230), (8526, 7, 1740120)]"
2028 "[(8591, 7, 572769), (8591, 7, 573165)]"
566 "[(8237, 6, 573574), (8237, 6, 920234), (9168, 6, 1978590)]"
2810 "[(8456, 1, 591420), (8456, 1, 591486), (8407, 14, 1293324), (8407, 14, 1293472)]"
2834 "[(8237, 6, 594444), (8237, 6, 1185594)]"
8950 "[(1218, 14, 636585), (3722, 11, 857268), (1856, 3, 906643), (1856, 3, 906807), (3874, 13, 906906), (611, 1, 1032368), (983, 5, 1112487), (17, 11, 1191265), (611, 1, 1205391), (532, 14, 2350119)]"
1775 "[(8341, 14, 669940), (8421, 13, 770697), (8473, 13, 2502997), (8473, 13, 2503085), (8473, 13, 2503143)]"
2369 "[(8887, 3, 670249), (8526, 7, 1542715), (8807, 8, 1543978)]"
2930 "[(8969, 5, 695510), (8969, 5, 695583), (8969, 5, 695792), (9168, 6, 1860778), (9168, 6, 1868861), (9168, 6, 1878434), (9168, 6, 1878705), (9168, 6, 1878887), (9168, 6, 1879227), (9168, 6, 1879402), (9168, 6, 1879840), (9168, 6, 1879855), (9168, 6, 1885001), (9168, 6, 1885130), (9168, 6, 1885368), (9168, 6, 1885470), (9168, 6, 1885484), (9168, 6, 1899749), (9168, 6, 1900068), (9168, 6, 1900944), (9168, 6, 1976258), (9168, 6, 2082333), (9168, 6, 2120080), (9168, 6, 2120094), (9168, 6, 2169375), (9168, 6, 2170898), (8256, 3, 2318796), (9168, 6, 2318889), (9077, 6, 2336164), (9077, 6, 2336204), (9168, 6, 2343905), (9168, 6, 2418317)]"
3227 "[(8678, 7, 698711), (8237, 6, 1011905), (8246, 13, 1012726)]"
1760 "[(8595, 11, 710858), (8595, 11, 710926), (8595, 11, 710990), (8963, 15, 1223735), (8963, 15, 1223813), (8963, 15, 1224034), (8963, 15, 1224168), (8963, 15, 1535691), (8963, 15, 1569544)]"
8970 "[(233, 0, 711967), (233, 0, 1059678), (954, 0, 1129204), (4085, 0, 1220665), (826, 0, 1385864), (233, 0, 1923889)]"
3497 "[(8590, 5, 776852), (9069, 2, 1216589), (9069, 2, 1216619), (8411, 3, 2390089), (8683, 7, 2662023), (8683, 7, 2674723)]"
8825 "[(782, 0, 846329)]"
1044 "[(8284, 12, 850236), (8318, 2, 2030461)]"
3740 "[(8872, 5, 859832), (8872, 5, 1611044)]"
3794 "[(8578, 1, 877790), (8578, 1, 2505905)]"
874 "[(9023, 2, 913754), (8778, 2, 1615021)]"
3963 "[(8546, 6, 935037), (8406, 6, 1363884), (8756, 11, 2043315), (8756, 11, 2043464), (8514, 15, 2101191)]"
1485 "[(8295, 13, 935840), (8295, 13, 935869), (8249, 13, 936379)]"
4065 "[(8974, 15, 966152), (8974, 15, 970181), (8544, 11, 1475710), (8544, 11, 1475811), (8565, 15, 1828336), (8565, 15, 1829706), (8974, 15, 2311436), (8561, 14, 2347544), (8380, 15, 2437422)]"
919 "[(8540, 15, 999199), (8540, 15, 999375), (8540, 15, 999466), (8540, 15, 999563), (8540, 15, 1085483), (8540, 15, 1085600), (8540, 15, 1168574), (8540, 15, 1255551), (8540, 15, 1255628), (8540, 15, 1255687), (8540, 15, 1255779), (8540, 15, 1255883), (8540, 15, 1437513), (8540, 15, 1437596), (8540, 15, 1437973), (8540, 15, 1438174), (8540, 15, 1438290), (8540, 15, 1438637), (8540, 15, 1449973), (8540, 15, 1450751), (8540, 15, 1450932), (8540, 15, 1461102), (8540, 15, 1516282), (8540, 15, 1516596), (8540, 15, 1516782), (8540, 15, 1517157), (8540, 15, 1517453), (8540, 15, 1859972), (8540, 15, 1860129), (8540, 15, 1860359), (8540, 15, 2119352), (8540, 15, 2119579), (8540, 15, 2119914), (8540, 15, 2120475), (8540, 15, 2120637), (8540, 15, 2120835), (8540, 15, 2120946), (8540, 15, 2121099)]"
4269 "[(8411, 3, 1026261)]"
8527 "[(68, 5, 1038103), (68, 5, 1094732)]"
8983 "[(1562, 15, 1042510), (1562, 15, 1042704), (1562, 15, 1042848), (1562, 15, 1042869), (1562, 15, 1043118), (1184, 15, 1111210), (68, 5, 1181547), (233, 0, 1325912), (4186, 11, 1809878), (4489, 15, 2081598), (68, 5, 2254433), (826, 0, 2602584)]"
9059 "[(1562, 15, 1046411), (233, 0, 1231009), (233, 0, 1231847), (40, 0, 1233284), (954, 0, 1309383), (611, 1, 1381663), (17, 11, 1382073), (3238, 11, 1390216), (1294, 15, 1450309), (5622, 11, 1534147), (233, 0, 1579547), (4186, 11, 1810696), (4186, 11, 1810913), (4186, 11, 1814912), (4186, 11, 1815487), (1294, 15, 1815587), (1294, 15, 1990314), (17, 11, 2049669)]"
4355 "[(8710, 15, 1059690)]"
340 "[(8442, 7, 1092466), (8442, 7, 1092551)]"
2202 "[(8644, 12, 1125164)]"
3072 "[(9069, 2, 1175717)]"
4791 "[(8241, 7, 1189077)]"
1427 "[(9069, 2, 1192279), (9166, 7, 1800386)]"
8907 "[(4822, 15, 1195460), (752, 15, 1395862), (752, 15, 1398933), (4085, 0, 1908055), (2174, 2, 2595271), (2174, 2, 2595448)]"
4346 "[(8963, 15, 1205177)]"
3061 "[(8963, 15, 1208319), (8682, 14, 2213270), (8682, 14, 2213285)]"
4403 "[(9069, 2, 1208774)]"
3194 "[(8415, 7, 1218313), (8415, 7, 1221664), (8415, 7, 1261143), (8415, 7, 1297516), (9166, 7, 1830289), (8415, 7, 1868708)]"
5039 "[(8411, 3, 1265724)]"
4581 "[(8726, 15, 1295944)]"
9085 "[(4085, 0, 1301038), (68, 5, 1995222), (233, 0, 2096772), (68, 5, 2294447), (750, 3, 2348443)]"
5327 "[(8637, 11, 1364824)]"
139 "[(8699, 10, 1379243), (9168, 6, 1954402), (8710, 15, 1964408), (9168, 6, 2054255), (9137, 0, 2060319)]"
8790 "[(1276, 14, 1425178), (73, 10, 2186242), (870, 3, 2246670), (870, 3, 2246743), (40, 0, 2250420)]"
4402 "[(8415, 7, 1466264)]"
4086 "[(8243, 7, 1475761)]"
5659 "[(8547, 12, 1480024)]"
9126 "[(233, 0, 1495443), (4085, 0, 1563066)]"
9135 "[(40, 0, 1504368), (1778, 0, 1756309), (745, 0, 1804668), (5356, 0, 1809699), (1036, 7, 1818454), (4164, 11, 2274592)]"
4368 "[(8963, 15, 1534520)]"
5767 "[(9140, 2, 1546856), (9151, 7, 1884371)]"
4964 "[(9071, 3, 1550953)]"
5836 "[(9071, 3, 1556475), (8247, 6, 1818507), (9168, 6, 2585987)]"
9107 "[(233, 0, 1580724), (1173, 11, 2101505)]"
8949 "[(604, 10, 1635987)]"
1848 "[(8314, 6, 1643466), (8314, 6, 1644176)]"
9117 "[(156, 14, 1661851), (156, 14, 1669488), (2659, 10, 1713436), (539, 3, 1820224), (570, 3, 1823127), (570, 3, 1823142), (5622, 11, 1943483)]"
4806 "[(8563, 11, 1696997), (8563, 11, 1697066)]"
6225 "[(8285, 8, 1723782), (9166, 7, 1748389)]"
2606 "[(9102, 3, 1835368), (9102, 3, 1835474)]"
6549 "[(8554, 2, 1878937)]"
4861 "[(8815, 3, 1894217)]"
6605 "[(8849, 13, 1901055)]"
2693 "[(8325, 13, 1923146)]"
4621 "[(8590, 5, 1932111)]"
4494 "[(8841, 13, 1941791), (8636, 0, 1954365)]"
440 "[(8764, 6, 1969113), (8764, 6, 1969168), (8764, 6, 2133308), (8764, 6, 2149612), (8764, 6, 2392173)]"
6801 "[(9166, 7, 1981950), (8612, 13, 2067660)]"
375 "[(9100, 0, 2037236), (8643, 15, 2058153)]"
8307 "[(761, 2, 2042725), (17, 11, 2265161), (17, 11, 2341699)]"
8642 "[(68, 5, 2099271), (596, 1, 2596791)]"
2579 "[(8740, 7, 2130540), (8442, 7, 2223453)]"
4877 "[(8312, 15, 2148324)]"
4345 "[(9206, 2, 2155266)]"
3042 "[(8348, 1, 2178268)]"
1171 "[(9185, 5, 2178917)]"
6107 "[(8703, 12, 2239179), (8703, 12, 2239181), (9198, 8, 2239718), (9198, 8, 2239719), (8801, 14, 2329528), (8801, 14, 2329533), (8985, 8, 2329593), (8985, 8, 2329594), (8446, 6, 2504270)]"
5846 "[(9071, 3, 2250568)]"
3178 "[(8883, 5, 2255848), (8883, 5, 2325436)]"
3731 "[(9080, 5, 2259518)]"
4789 "[(9182, 14, 2269195)]"
4510 "[(9168, 6, 2269380)]"
9215 "[(1325, 11, 2309461), (1903, 11, 2312568), (1119, 11, 2364626), (1119, 11, 2364679), (1119, 11, 2365972), (1119, 11, 2366029), (1119, 11, 2369487), (1119, 11, 2371322), (1313, 11, 2371859), (1831, 11, 2399996), (835, 11, 2467100), (835, 11, 2467113), (1921, 11, 2503965), (1119, 11, 2507928), (1119, 11, 2508519), (1119, 11, 2508541), (1119, 11, 2513235), (3036, 10, 2517106), (1325, 11, 2556424), (2590, 10, 2557597), (318, 11, 2563459), (318, 11, 2563546), (318, 11, 2563565), (318, 11, 2563592), (318, 11, 2563625), (318, 11, 2563800), (318, 11, 2563863), (318, 11, 2564059), (318, 11, 2564081), (318, 11, 2564161), (318, 11, 2575911), (318, 11, 2575955), (1119, 11, 2612089), (1313, 11, 2639294), (1313, 11, 2639311), (623, 11, 2642124), (623, 11, 2652982), (318, 11, 2668841), (623, 11, 2668901)]"
4047 "[(8504, 8, 2355140)]"
4137 "[(9144, 0, 2374771), (9144, 0, 2375650), (9144, 0, 2376291), (9144, 0, 2406982), (9144, 0, 2425917)]"
3116 "[(8881, 5, 2396223), (8881, 5, 2396479)]"
141 "[(8940, 5, 2462739)]"
8345 "[(1933, 0, 2492440)]"
5528 "[(8734, 5, 2501601)]"
7669 "[(8250, 5, 2529594), (8250, 5, 2530053)]"
8475 "[(171, 13, 2606066)]"
