8243 "[(17, 11, 1177), (887, 10, 138885), (887, 10, 138905), (898, 14, 141013), (1118, 13, 178553), (17, 11, 205623), (2104, 13, 412268), (2104, 13, 412729), (2153, 13, 425784), (17, 11, 430636), (912, 9, 503804), (17, 11, 505770), (2521, 9, 518965), (233, 0, 541505), (2708, 3, 771582), (17, 11, 873642), (17, 11, 944414), (4279, 14, 1028211), (4315, 6, 1037151), (4331, 13, 1040374), (4371, 8, 1050645), (4371, 8, 1051401), (3716, 14, 1056118), (125, 11, 1121750), (4752, 11, 1205828), (17, 11, 1290879), (17, 11, 1318486), (167, 11, 1469597), (4086, 9, 1475761), (420, 11, 1527099), (5883, 6, 1573311), (17, 11, 1646341), (2230, 4, 1659161), (5883, 6, 1697647), (1494, 13, 1803962), (1494, 13, 1823831), (17, 11, 2109754), (17, 11, 2142325), (17, 11, 2218961), (1912, 6, 2227196), (17, 11, 2264647), (7466, 6, 2265961), (2153, 13, 2396292), (1276, 14, 2624182), (4464, 11, 2629488), (4464, 11, 2629536), (4464, 11, 2629614), (887, 10, 2675018)]"
22 "[(8248, 1, 1340), (8285, 8, 5721), (8341, 14, 16890), (8273, 1, 29543), (8242, 13, 34668), (8320, 4, 57293), (8320, 4, 57310), (8438, 0, 57916), (8229, 15, 83957), (8229, 15, 84050), (8229, 15, 84093), (8358, 12, 88552), (8388, 8, 112307), (8682, 14, 154344), (8682, 14, 154617), (8622, 1, 179353), (8370, 6, 431640), (8314, 6, 437135), (8314, 6, 437270), (8343, 9, 442228), (8370, 6, 442916), (8370, 6, 443301), (8295, 13, 457512), (8317, 12, 479761), (8909, 3, 499625), (8514, 15, 516208), (8339, 4, 996171), (8801, 14, 997695), (9034, 12, 997942), (9034, 12, 998214), (8446, 6, 1023403), (8719, 5, 1023670), (8370, 6, 1040254), (8370, 6, 1040542), (8370, 6, 1040793), (8370, 6, 1040841), (8726, 15, 1042298), (8343, 9, 1050151), (8339, 4, 1050836), (8263, 5, 1051448), (8602, 11, 1064017), (8295, 13, 1065041), (8370, 6, 1117583), (8549, 12, 1128472), (8367, 3, 1182221), (8963, 15, 1204975), (8963, 15, 1205088), (8358, 12, 1207738), (8577, 14, 1217801), (9034, 12, 1256961), (8358, 12, 1287835), (8356, 5, 1296617), (8676, 9, 1304522), (8917, 13, 1305852), (8917, 13, 1305948), (8917, 13, 1305984), (8794, 14, 1307011), (8719, 5, 1334143), (8719, 5, 1334194), (8519, 13, 1344888), (8361, 9, 1348349), (8413, 14, 1362221), (8325, 13, 1362250), (8801, 14, 1363407), (8265, 12, 1364003), (8686, 0, 1367881), (8491, 15, 1371895), (9163, 1, 1901908), (8703, 12, 1903552), (8264, 15, 1904911), (8841, 13, 1905193), (9095, 11, 1905599), (8703, 12, 1906125), (8413, 14, 1906541), (8801, 14, 1908349), (8639, 14, 1909934), (8491, 15, 1927021), (9176, 15, 1953667), (9176, 15, 1957555), (8346, 14, 1958947), (8594, 6, 1984549), (9091, 2, 2103997), (9091, 2, 2332330), (9091, 2, 2333008), (9091, 2, 2333114), (9091, 2, 2333734), (8265, 12, 2345345), (9091, 2, 2346425), (9091, 2, 2350758), (9091, 2, 2352230), (9091, 2, 2352537), (9091, 2, 2352699), (9091, 2, 2352717), (8504, 8, 2420966), (9224, 2, 2424888), (9091, 2, 2492395), (9091, 2, 2492690), (9197, 8, 2511091), (9168, 6, 2568832), (8849, 13, 2569314), (9223, 4, 2587543), (8964, 13, 2589023), (8343, 9, 2613750), (8343, 9, 2613936)]"
8260 "[(33, 6, 2079), (19, 4, 2627), (196, 5, 25065), (196, 5, 25363), (196, 5, 25584), (33, 6, 27442), (772, 5, 111393), (1134, 9, 183174), (1417, 3, 247693), (713, 4, 276986), (1584, 4, 288868), (1185, 4, 297768), (1185, 4, 297890), (1185, 4, 297977), (1185, 4, 298370), (196, 5, 331104), (233, 0, 368354), (1959, 5, 380752), (1959, 5, 380845), (1959, 5, 380943), (1959, 5, 381091), (1959, 5, 381239), (1959, 5, 381375), (1959, 5, 381593), (1959, 5, 381711), (1959, 5, 392181), (33, 6, 607745), (2946, 3, 616069), (2946, 3, 616298), (483, 5, 708960), (3237, 2, 710029), (3237, 2, 710185), (3237, 2, 710331), (3237, 2, 710390), (3237, 2, 710534), (3237, 2, 710732), (233, 0, 715290), (1185, 4, 722514), (68, 5, 723392), (68, 5, 769880), (2946, 3, 777843), (2946, 3, 778220), (2946, 3, 778293), (2946, 3, 778393), (2946, 3, 778479), (196, 5, 778991), (3237, 2, 779414), (2946, 3, 779514), (3237, 2, 779605), (3237, 2, 779730), (2946, 3, 782033), (1343, 5, 783756), (1343, 5, 784273), (196, 5, 795188), (570, 3, 803817), (233, 0, 810478), (3748, 4, 930483), (402, 3, 957177), (2293, 4, 996753), (17, 11, 1003483), (68, 5, 1010707), (165, 13, 1024689), (165, 13, 1024810), (165, 13, 1024885), (165, 13, 1024979), (165, 13, 1025131), (165, 13, 1025213), (165, 13, 1025267), (165, 13, 1025405), (165, 13, 1025481), (165, 13, 1025589), (4085, 0, 1042896), (33, 6, 1089140), (4390, 10, 1201240), (105, 2, 1206803), (1778, 0, 1266731), (5037, 14, 1285923), (1856, 3, 1286162), (284, 6, 1335420), (284, 6, 1335917), (1046, 13, 1340143), (1046, 13, 1340211), (1046, 13, 1340239), (1046, 13, 1340299), (3210, 3, 1367020), (5329, 4, 1367647), (68, 5, 1378621), (1188, 4, 1389151), (483, 5, 1463144), (5669, 5, 1485881), (5669, 5, 1486104), (5669, 5, 1486277), (5669, 5, 1486408), (5669, 5, 1486562), (5669, 5, 1486598), (5669, 5, 1486920), (5669, 5, 1486976), (5669, 5, 1487353), (5669, 5, 1487774), (5669, 5, 1487835), (5669, 5, 1488374), (772, 5, 1490748), (5669, 5, 1531588), (5669, 5, 1531799), (5669, 5, 1532009), (5669, 5, 1532177), (5669, 5, 1532245), (5669, 5, 1532347), (5669, 5, 1532492), (5669, 5, 1532636), (5669, 5, 1533354), (5669, 5, 1533449), (5669, 5, 1533586), (5669, 5, 1533624), (5669, 5, 1534308), (5669, 5, 1534369), (5669, 5, 1534705), (5669, 5, 1534845), (5669, 5, 1534902), (5669, 5, 1534930), (5669, 5, 1534989), (5669, 5, 1535082), (5669, 5, 1535130), (5669, 5, 1535193), (5669, 5, 1535389), (5669, 5, 1535504), (5669, 5, 1535609), (5669, 5, 1535711), (5669, 5, 1535844), (5669, 5, 1537105), (5669, 5, 1537135), (5669, 5, 1541248), (4085, 0, 1567487), (3886, 15, 1595780), (1885, 1, 1624791), (277, 2, 1625456), (277, 2, 1625995), (277, 2, 1626771), (277, 2, 1626915), (277, 2, 1626985), (1885, 1, 1627428), (277, 2, 1627624), (277, 2, 1627664), (2138, 4, 1632389), (2138, 4, 1632465), (2138, 4, 1632562), (5669, 5, 1642104), (4489, 15, 1646469), (6118, 10, 1688542), (1885, 1, 1712513), (277, 2, 1720397), (4266, 11, 1791885), (3407, 6, 1812178), (1562, 15, 1838631), (3407, 6, 1862250), (175, 11, 1870142), (1343, 5, 1902237), (552, 8, 1908310), (552, 8, 1908351), (1856, 3, 1955235), (196, 5, 1964888), (196, 5, 1965716), (196, 5, 1965820), (196, 5, 1965922), (196, 5, 1966340), (196, 5, 1966430), (196, 5, 1966538), (196, 5, 1968788), (196, 5, 1968895), (3831, 13, 1980670), (772, 5, 2003112), (4579, 3, 2004343), (1726, 14, 2071528), (17, 11, 2074765), (2365, 2, 2161589), (3715, 2, 2177914), (6530, 14, 2220063), (2365, 2, 2238240), (4538, 15, 2323303), (4538, 15, 2333386), (1959, 5, 2362495), (1959, 5, 2362560), (1432, 8, 2407660), (4331, 13, 2427035), (1885, 1, 2441689), (7848, 6, 2455737), (33, 6, 2457190), (196, 5, 2468505), (196, 5, 2469155), (196, 5, 2469315), (109, 1, 2519313), (68, 5, 2542210), (7295, 5, 2562858), (17, 11, 2583263), (1813, 6, 2584031), (875, 5, 2601070), (3237, 2, 2616044), (3237, 2, 2616133), (6170, 2, 2665114), (17, 11, 2665755), (6170, 2, 2666028), (1726, 14, 2666480), (68, 5, 2674963)]"
53 "[(8276, 13, 4743), (8547, 12, 634267), (8547, 12, 912067), (8358, 12, 1726979)]"
62 "[(8286, 12, 5855), (8286, 12, 6443), (8286, 12, 6476), (8286, 12, 6615)]"
8319 "[(107, 1, 11940), (107, 1, 12199), (107, 1, 194656), (107, 1, 278947), (107, 1, 287259), (1780, 14, 332984), (107, 1, 339217), (107, 1, 339248), (107, 1, 339303), (107, 1, 339364), (2130, 5, 416667), (2130, 5, 416997), (107, 1, 444807), (107, 1, 446369), (107, 1, 446571), (107, 1, 460122), (107, 1, 466011), (107, 1, 517196), (1378, 1, 759906), (107, 1, 811541), (859, 14, 1164122), (859, 14, 1164178), (107, 1, 1334626), (107, 1, 1432872), (3114, 13, 1963493), (233, 0, 2012748), (2797, 1, 2037567), (2134, 1, 2148214), (2134, 1, 2148283), (107, 1, 2307028), (73, 10, 2335753), (107, 1, 2393472), (1885, 1, 2492039), (1885, 1, 2492657)]"
8252 "[(109, 1, 12415), (369, 8, 51976), (109, 1, 93680), (109, 1, 331270), (54, 8, 332676), (54, 8, 332802), (2708, 3, 1008966), (54, 8, 1132225), (54, 8, 1300367), (4354, 8, 1460578), (233, 0, 1664810), (552, 8, 1682770), (552, 8, 1682825), (552, 8, 1683007), (54, 8, 1891095), (552, 8, 2210188), (552, 8, 2223531), (552, 8, 2223656), (552, 8, 2223735), (552, 8, 2223846), (552, 8, 2224012), (54, 8, 2235384), (4935, 8, 2243813), (4259, 4, 2319945), (7899, 8, 2648578)]"
130 "[(8302, 5, 16406), (8302, 5, 220836), (8722, 5, 750033), (8722, 5, 764439), (9077, 6, 1832238), (8734, 5, 2398638)]"
51 "[(8406, 6, 30955), (8406, 6, 31002), (8336, 6, 164735), (8336, 6, 164772), (8702, 6, 165708), (8702, 6, 165775), (8702, 6, 165948), (8702, 6, 166067), (8702, 6, 270106), (8381, 6, 465805), (8336, 6, 602370), (8336, 6, 602409), (8336, 6, 602720), (8336, 6, 602822), (8336, 6, 603076), (8336, 6, 603205), (8336, 6, 611801), (8336, 6, 611963), (8336, 6, 612092), (8336, 6, 612136), (8336, 6, 612164), (8336, 6, 619976), (8381, 6, 620412), (8381, 6, 865258), (8336, 6, 875411), (8336, 6, 1076873), (8702, 6, 1162464), (8406, 6, 1213441), (8406, 6, 1279406), (8381, 6, 1284240), (8406, 6, 1284447), (9078, 6, 1284502), (9078, 6, 1454326), (8406, 6, 1454377), (8406, 6, 1454417), (9078, 6, 1454487), (8381, 6, 1454551), (8381, 6, 1544563), (8381, 6, 1544605), (8381, 6, 1544704), (8381, 6, 1544751), (8381, 6, 1555426), (8702, 6, 1555464), (8702, 6, 1655080), (8836, 12, 1835832), (8836, 12, 1838230), (9072, 3, 1838344), (9078, 6, 1840447), (8336, 6, 1840619), (8336, 6, 1849019), (9168, 6, 1850973), (9168, 6, 1851016), (9168, 6, 1851154), (9168, 6, 1851355), (9168, 6, 1851462), (9168, 6, 1851500), (9168, 6, 1855282), (9168, 6, 1955949), (9168, 6, 1955979), (8381, 6, 1991943), (8381, 6, 1991971), (9168, 6, 2010073), (9168, 6, 2010156), (9168, 6, 2010217), (9168, 6, 2012317), (9168, 6, 2012345), (8702, 6, 2016755), (9168, 6, 2016809), (9168, 6, 2016880), (9168, 6, 2016988), (9168, 6, 2018174), (9168, 6, 2018746), (9168, 6, 2018801), (9168, 6, 2022637), (9168, 6, 2067272), (9168, 6, 2067389), (8702, 6, 2085929), (8836, 12, 2092365), (8474, 12, 2093031), (9168, 6, 2106429), (9168, 6, 2116832), (9168, 6, 2117004), (9168, 6, 2117189), (9168, 6, 2117211), (9168, 6, 2117312), (9168, 6, 2117355), (9168, 6, 2117375), (8381, 6, 2282316), (8702, 6, 2282343)]"
8427 "[(40, 0, 35299), (68, 5, 45737), (398, 14, 56761), (398, 14, 56803), (398, 14, 56873), (590, 1, 77229), (590, 1, 77265), (590, 1, 77297), (68, 5, 504692), (40, 0, 544038), (3594, 13, 920119), (68, 5, 2105073), (17, 11, 2243303), (109, 1, 2618299)]"
317 "[(8374, 12, 44194), (8572, 11, 343311), (8883, 5, 513154), (8883, 5, 513155), (9023, 2, 1008604), (8665, 6, 2275413)]"
384 "[(8261, 12, 56581), (8411, 3, 162157), (8372, 3, 163344), (8572, 11, 325144), (8887, 3, 447521), (8466, 2, 596693), (8887, 3, 599423), (8466, 2, 629133), (8341, 14, 663389), (8572, 11, 1548042), (8676, 9, 1721872), (8349, 10, 2327451)]"
8423 "[(420, 11, 59581), (420, 11, 59676), (420, 11, 59841), (432, 3, 60619), (432, 3, 60934), (331, 3, 60959), (331, 3, 61356), (331, 3, 61406), (466, 1, 63593), (470, 4, 64053), (471, 5, 64218), (471, 5, 64277), (116, 8, 64397), (480, 2, 64918), (499, 5, 66727), (499, 5, 66765), (508, 14, 67755), (508, 14, 67889), (511, 3, 67917), (508, 14, 68238), (508, 14, 68293), (518, 9, 68348), (517, 14, 68660), (517, 14, 68662), (522, 2, 68755), (539, 3, 71389), (543, 6, 71534), (404, 4, 72634), (404, 4, 72665), (558, 3, 73198), (374, 12, 73476), (563, 6, 73675), (165, 13, 74328), (165, 13, 74462), (165, 13, 74502), (165, 13, 74536), (165, 13, 74570), (165, 13, 74712), (165, 13, 74764), (165, 13, 74795), (68, 5, 76041), (595, 3, 78125), (595, 3, 78205), (595, 3, 78266), (595, 3, 78356), (595, 3, 78379), (68, 5, 79594), (614, 8, 80647), (277, 2, 84615), (277, 2, 84718), (277, 2, 84876), (277, 2, 84915), (119, 3, 84921), (277, 2, 85031), (277, 2, 85679), (644, 3, 85730), (277, 2, 85786), (277, 2, 85833), (68, 5, 87042), (710, 3, 100159), (739, 11, 105669), (760, 6, 109227), (761, 2, 109583), (761, 2, 109622), (480, 2, 135960), (68, 5, 137210), (892, 5, 140252), (437, 2, 146795), (749, 10, 157105), (233, 0, 286442), (1793, 13, 401170), (1793, 13, 404319), (1778, 0, 472495), (1778, 0, 499936), (423, 11, 681330), (3871, 12, 1093167), (3871, 12, 1094525), (4492, 2, 1097400), (437, 2, 1113107), (437, 2, 1113210), (437, 2, 1132522), (437, 2, 1132668), (437, 2, 1132727), (1970, 2, 1176439), (437, 2, 1206926), (4085, 0, 1222842), (437, 2, 1446014), (1754, 4, 1615650), (437, 2, 1644586), (383, 10, 2062771), (5879, 3, 2155998), (4085, 0, 2546431), (5168, 13, 2606077), (45, 14, 2616618), (2943, 14, 2653180)]"
421 "[(8320, 4, 59757), (8320, 4, 59886), (8320, 4, 59940), (8320, 4, 60744), (8320, 4, 60942), (8320, 4, 61241), (8320, 4, 67762), (8320, 4, 72418), (8320, 4, 72733), (8320, 4, 78284), (8320, 4, 102453), (8622, 1, 138670), (8622, 1, 138697), (8888, 4, 604918), (8888, 4, 605097), (8888, 4, 605145), (8752, 3, 680996), (8752, 3, 681033), (8339, 4, 851377), (8339, 4, 854917), (8339, 4, 858821), (8339, 4, 861567), (8339, 4, 865580), (8339, 4, 933035), (8339, 4, 933217), (8339, 4, 934679), (8339, 4, 935796), (8339, 4, 936074), (8339, 4, 939955), (8339, 4, 960539), (8339, 4, 1123072), (9089, 6, 1283328), (9089, 6, 1291407), (9089, 6, 1291565), (9089, 6, 1292666), (9089, 6, 1295412), (9089, 6, 1295479), (9089, 6, 1344867), (9089, 6, 1345011), (8339, 4, 1359495), (8339, 4, 1359747), (8339, 4, 1360072), (9089, 6, 1427919), (9089, 6, 1427983), (9089, 6, 1450979), (9089, 6, 1546181), (9089, 6, 1582870), (8510, 4, 2305126)]"
426 "[(8411, 3, 60270), (8372, 3, 61108), (8295, 13, 599956)]"
8241 "[(483, 5, 66998), (196, 5, 248128), (196, 5, 248197), (196, 5, 248319), (196, 5, 248428), (196, 5, 248521), (196, 5, 248776), (196, 5, 255376), (196, 5, 255449), (1720, 6, 323109), (2501, 6, 515192), (695, 5, 594841), (2968, 3, 621964), (3036, 10, 643717), (3036, 10, 643813), (1804, 5, 678535), (3183, 15, 685956), (1397, 8, 688835), (1959, 5, 715070), (3183, 15, 760240), (3183, 15, 760634), (196, 5, 768742), (1729, 4, 822887), (284, 6, 829699), (3567, 2, 835287), (1804, 5, 842156), (1804, 5, 842319), (3751, 6, 864854), (3751, 6, 864874), (483, 5, 871549), (196, 5, 883357), (1959, 5, 902855), (196, 5, 918357), (1959, 5, 939175), (45, 14, 1028586), (761, 2, 1055165), (731, 11, 1100054), (233, 0, 1150600), (2093, 4, 1187237), (4791, 9, 1189077), (423, 11, 1194666), (4835, 6, 1198015), (1804, 5, 1255893), (1804, 5, 1256226), (1804, 5, 1257265), (2013, 2, 1264936), (187, 15, 1273079), (3108, 13, 1274521), (3108, 13, 1274525), (68, 5, 1278025), (483, 5, 1283759), (483, 5, 1283856), (483, 5, 1284398), (483, 5, 1284536), (483, 5, 1284624), (2429, 6, 1294410), (2429, 6, 1294453), (4736, 2, 1346929), (196, 5, 1365454), (196, 5, 1365640), (1959, 5, 1385121), (1959, 5, 1389759), (1959, 5, 1389850), (1959, 5, 1389903), (1959, 5, 1390217), (1959, 5, 1390313), (1959, 5, 1392781), (1959, 5, 1392884), (731, 11, 1396602), (731, 11, 1396812), (233, 0, 1417568), (196, 5, 1422830), (196, 5, 1422935), (196, 5, 1430161), (196, 5, 1432443), (196, 5, 1432637), (196, 5, 1432731), (483, 5, 1462832), (483, 5, 1462860), (483, 5, 1463022), (1959, 5, 1467999), (1959, 5, 1468091), (1959, 5, 1468321), (6464, 4, 1826455), (5083, 5, 1875461), (5083, 5, 1875573), (5083, 5, 1875689), (5083, 5, 1875859), (196, 5, 1884438), (196, 5, 1884471), (196, 5, 2035905), (196, 5, 2036062), (196, 5, 2036117), (196, 5, 2037796), (2181, 10, 2159849), (5993, 13, 2302660), (196, 5, 2304062), (1959, 5, 2361678), (1959, 5, 2361720), (1959, 5, 2361919), (196, 5, 2405770), (68, 5, 2505211)]"
579 "[(8277, 8, 75673), (8277, 8, 425657), (8277, 8, 425680), (8277, 8, 680056), (8277, 8, 680112), (8277, 8, 863056), (8694, 12, 1119686), (8694, 12, 1119804), (8694, 12, 1167518), (8277, 8, 1211144), (8277, 8, 1284119), (8277, 8, 1806227), (8277, 8, 1806259), (8277, 8, 2066305), (8694, 12, 2317427), (8694, 12, 2324937), (8694, 12, 2327118), (8277, 8, 2471299)]"
8591 "[(691, 0, 95579), (125, 11, 96076), (80, 4, 106368), (979, 4, 153368), (1189, 2, 199972), (483, 5, 277077), (233, 0, 283458), (996, 1, 329492), (996, 1, 329644), (996, 1, 329851), (996, 1, 329904), (277, 2, 344702), (1959, 5, 378380), (17, 11, 399642), (483, 5, 399882), (277, 2, 463974), (277, 2, 513869), (2624, 1, 545451), (17, 11, 545464), (2028, 9, 572769), (2028, 9, 573165), (423, 11, 696122), (1397, 8, 945891), (4266, 11, 1026055), (483, 5, 1026237), (3716, 14, 1056229), (1823, 5, 1177044), (167, 11, 1267714), (233, 0, 1413868), (1004, 14, 1470492), (80, 4, 1471808), (4063, 14, 1531888), (4266, 11, 1542233), (277, 2, 1604039), (5958, 6, 1614348), (277, 2, 1626094), (277, 2, 1626314), (277, 2, 1626696), (161, 13, 1644995), (161, 13, 1645135), (161, 13, 1646089), (161, 13, 1648254), (161, 13, 1650635), (161, 13, 1650746), (4164, 11, 1677898), (3039, 0, 1689611), (277, 2, 1720596), (4186, 11, 1721207), (4164, 11, 1735684), (125, 11, 1744956), (4634, 6, 1800082), (695, 5, 1894472), (1856, 3, 1954860), (3930, 6, 1958890), (1823, 5, 1968454), (1663, 11, 1969487), (277, 2, 1969837), (1663, 11, 1970540), (1823, 5, 1971739), (17, 11, 1973951), (1823, 5, 1974141), (1663, 11, 1974416), (772, 5, 1974511), (4266, 11, 1975296), (483, 5, 1981669), (954, 0, 2007524), (532, 14, 2008038), (772, 5, 2059442), (4634, 6, 2077183), (1549, 1, 2096203), (17, 11, 2133305), (92, 5, 2147268), (1343, 5, 2173298), (1343, 5, 2173409), (3699, 15, 2233598), (4076, 15, 2242297), (6442, 5, 2318439), (695, 5, 2328548), (4538, 15, 2342532), (233, 0, 2355487), (1549, 1, 2423635), (1829, 1, 2425555), (1549, 1, 2427481), (80, 4, 2582214), (541, 11, 2582506), (80, 4, 2582574), (80, 4, 2582622), (1885, 1, 2609992), (5720, 2, 2642718), (68, 5, 2664822), (143, 13, 2670788)]"
8593 "[(697, 12, 98226), (233, 0, 286149), (1237, 9, 317865), (1492, 11, 341051), (2200, 0, 438747), (2105, 4, 463832), (2339, 14, 483145), (125, 11, 531536), (125, 11, 531915), (1157, 4, 534949), (2603, 13, 536106), (745, 0, 537565), (745, 0, 537719), (1332, 13, 581471), (1314, 5, 684399), (912, 9, 684482), (2510, 14, 695318), (2153, 13, 1200529), (4390, 10, 1202183), (1397, 8, 1202314), (423, 11, 1203009), (1397, 8, 1207460), (1397, 8, 1208033), (3402, 13, 1269674), (3434, 13, 1311612), (2153, 13, 1349148), (4742, 2, 1390466), (5830, 13, 1554422), (3464, 12, 1609625), (5622, 11, 2419334), (4380, 3, 2666494), (824, 13, 2668828)]"
732 "[(8356, 5, 104419), (8975, 10, 1804715), (8975, 10, 2321535)]"
8607 "[(742, 14, 107196), (742, 14, 107266), (742, 14, 107342), (742, 14, 107396), (246, 11, 654480), (233, 0, 1233492), (233, 0, 1416962), (233, 0, 1838403), (1471, 0, 1915393), (608, 15, 2024515), (1726, 14, 2137993), (233, 0, 2355830)]"
8275 "[(17, 11, 124186), (367, 1, 152171), (968, 1, 172827), (107, 1, 277274), (107, 1, 277346), (107, 1, 277435), (107, 1, 286008), (68, 5, 315918), (107, 1, 382959), (107, 1, 383778), (107, 1, 384053), (107, 1, 384730), (2181, 10, 429757), (107, 1, 432175), (107, 1, 432284), (233, 0, 452161), (107, 1, 517448), (284, 6, 1892554), (2008, 1, 1987954), (8, 1, 1989207), (703, 1, 1989230), (703, 1, 1989471), (233, 0, 2440985), (40, 0, 2449702), (40, 0, 2450563), (8010, 5, 2556562)]"
8552 "[(845, 14, 128748), (1206, 5, 205258), (1206, 5, 210455), (2063, 13, 404025), (2348, 10, 485144), (2348, 10, 485175), (233, 0, 625257), (2348, 10, 749631), (1206, 5, 752972), (1206, 5, 821502), (1206, 5, 821633), (1206, 5, 928847), (1206, 5, 928875), (1206, 5, 988626), (1206, 5, 988668), (1206, 5, 1010961), (1206, 5, 1011013), (1206, 5, 1011094), (1206, 5, 1011142), (1206, 5, 1011289), (1206, 5, 1011338), (1206, 5, 1011382), (1206, 5, 1034767), (1206, 5, 1075202), (954, 0, 1310574), (611, 1, 1325615), (1206, 5, 1332274), (1206, 5, 1339584), (1726, 14, 1458033), (1206, 5, 1505338), (4085, 0, 2644290), (1206, 5, 2646542)]"
482 "[(8318, 2, 143901), (8622, 1, 359228), (8622, 1, 401179), (8622, 1, 401310), (8622, 1, 401371), (8622, 1, 401486), (8622, 1, 401811), (8622, 1, 401988), (8633, 5, 607091), (8633, 5, 659148), (8633, 5, 659656), (8318, 2, 682481), (8752, 3, 768042), (8752, 3, 768277), (8752, 3, 768386), (8752, 3, 768484), (8752, 3, 768533), (8752, 3, 768662), (8752, 3, 768714), (8752, 3, 768738), (8752, 3, 768766), (8752, 3, 768959), (8752, 3, 769123), (8752, 3, 769233), (8617, 2, 781576), (8623, 8, 920727), (8623, 8, 920756), (9054, 2, 1041893), (9054, 2, 1041920), (9054, 2, 1041989), (9054, 2, 1042114), (9054, 2, 1042164), (9054, 2, 1042243), (9054, 2, 1042324), (9054, 2, 1120373), (9054, 2, 1120494), (8623, 8, 1369635), (8623, 8, 1369768), (8623, 8, 1369917), (8623, 8, 1549867), (8623, 8, 1549923), (9071, 3, 1610818), (9071, 3, 1611062), (8988, 11, 1643425), (8988, 11, 1643708), (8988, 11, 1645663), (8988, 11, 1645720), (8988, 11, 1645921), (8956, 10, 1869412), (8988, 11, 1967605), (8988, 11, 1992835), (8988, 11, 1993475), (8988, 11, 2045470), (8988, 11, 2045564), (8452, 5, 2059573), (8452, 5, 2059799), (8452, 5, 2060758), (8988, 11, 2077114), (8988, 11, 2077189), (8988, 11, 2077243), (8988, 11, 2077322), (8988, 11, 2077458), (8956, 10, 2174292), (8988, 11, 2215769), (8988, 11, 2314083), (8956, 10, 2321452), (8988, 11, 2327667), (9028, 10, 2553457), (9028, 10, 2553978), (9028, 10, 2563893), (8536, 8, 2587079), (9028, 10, 2660042), (9028, 10, 2660169)]"
8672 "[(943, 10, 149635), (509, 2, 591193), (4390, 10, 1201501), (233, 0, 1664571), (509, 2, 1774234), (233, 0, 1839212), (509, 2, 1858679), (68, 5, 1970615), (233, 0, 2014913), (233, 0, 2096914), (2615, 4, 2331763), (17, 11, 2415713), (7205, 4, 2568111)]"
8683 "[(867, 2, 154082), (1009, 1, 157861), (168, 5, 741389), (284, 6, 825534), (168, 5, 826280), (2365, 2, 930498), (284, 6, 935812), (4157, 4, 999943), (2179, 15, 1004294), (600, 6, 1020321), (4438, 4, 1074748), (4438, 4, 1075019), (3985, 4, 1095260), (1046, 13, 1340483), (2176, 12, 1387924), (532, 14, 1491465), (233, 0, 1494855), (2526, 13, 1612326), (3985, 4, 1612968), (2526, 13, 1613130), (2526, 13, 1615260), (2526, 13, 1617094), (2526, 13, 1623960), (2526, 13, 1624028), (2526, 13, 1624240), (2526, 13, 1624520), (2526, 13, 1681691), (5864, 2, 1737985), (5669, 5, 1795512), (5669, 5, 1795710), (5669, 5, 1795841), (5669, 5, 1795884), (5669, 5, 1796158), (5669, 5, 1796269), (5669, 5, 1796459), (5669, 5, 1796587), (5669, 5, 1796632), (5669, 5, 1796680), (5669, 5, 1796971), (5669, 5, 1797237), (5669, 5, 1797771), (5669, 5, 1797825), (5669, 5, 1797900), (5669, 5, 1797954), (5669, 5, 1798442), (5669, 5, 1798474), (1270, 11, 1885953), (2953, 4, 2147357), (5396, 4, 2161486), (5669, 5, 2260229), (5669, 5, 2260382), (5669, 5, 2260564), (5669, 5, 2260770), (5669, 5, 2260921), (5669, 5, 2262441), (6735, 4, 2300885), (4259, 4, 2362678), (196, 5, 2472775), (196, 5, 2473283), (196, 5, 2473541), (196, 5, 2473967), (196, 5, 2484382), (196, 5, 2484664), (196, 5, 2484884), (196, 5, 2485372), (196, 5, 2485959), (1107, 12, 2494841), (196, 5, 2502346), (196, 5, 2502515), (5396, 4, 2503208), (196, 5, 2555981), (196, 5, 2556153), (196, 5, 2558021), (196, 5, 2558081), (7416, 0, 2651880), (7416, 0, 2653316), (3497, 9, 2662023), (3497, 9, 2674723)]"
1036 "[(8273, 1, 161791), (8273, 1, 161839), (8273, 1, 161871), (8273, 1, 356671), (8373, 11, 597260), (8373, 11, 597332), (8373, 11, 597412), (8373, 11, 597435), (8373, 11, 597628), (8888, 4, 610836), (8887, 3, 685511), (8887, 3, 685601), (8887, 3, 688052), (8887, 3, 775447), (8515, 5, 857644), (8588, 1, 949943), (8588, 1, 949982), (9078, 6, 1228427), (9078, 6, 1228462), (9078, 6, 1228487), (9078, 6, 1228565), (9078, 6, 1309935), (9078, 6, 1310666), (8887, 3, 1314968), (9045, 2, 1315205), (9045, 2, 1315278), (8952, 0, 1370656), (8952, 0, 1370715), (8251, 1, 1386965), (8590, 5, 1460888), (8590, 5, 1460931), (8488, 3, 1484232), (9135, 9, 1818454), (8943, 0, 1829895), (8943, 0, 1829951), (8943, 0, 1829983), (8734, 5, 1974144), (9168, 6, 2000813), (9077, 6, 2417513)]"
248 "[(8615, 8, 205677), (8615, 8, 339119), (8652, 8, 446600), (8541, 8, 451079), (8541, 8, 451179), (8652, 8, 451642), (8355, 8, 961187), (8483, 15, 1043613), (8483, 15, 1061256), (9069, 2, 1235641), (9020, 2, 1421435), (8652, 8, 1458686), (8703, 12, 1540991), (8652, 8, 1543417), (8652, 8, 1543475), (8652, 8, 1543513), (8652, 8, 1544476), (8652, 8, 1544641), (9071, 3, 1554255), (8703, 12, 1562586), (9069, 2, 1563931), (8652, 8, 1733252), (8703, 12, 1750732), (8652, 8, 1793952), (8652, 8, 1794549), (8652, 8, 1794689), (8652, 8, 2172776), (8652, 8, 2173234), (8541, 8, 2467766)]"
8526 "[(1350, 6, 236738), (1446, 2, 254312), (1872, 4, 350535), (68, 5, 502140), (2551, 13, 525778), (1401, 5, 531022), (68, 5, 675935), (870, 3, 679389), (3593, 4, 816977), (772, 5, 870602), (570, 3, 873479), (983, 5, 887806), (2078, 4, 930153), (570, 3, 1029958), (570, 3, 1029994), (570, 3, 1040977), (570, 3, 1040996), (1417, 3, 1046796), (40, 0, 1062014), (3238, 11, 1117061), (870, 3, 1276608), (1754, 4, 1279252), (5091, 4, 1280313), (110, 6, 1297709), (570, 3, 1481630), (5622, 11, 1535054), (570, 3, 1539212), (1906, 4, 1540277), (1906, 4, 1540590), (1906, 4, 1540721), (1906, 4, 1542172), (2369, 9, 1542715), (570, 3, 1547053), (2055, 1, 1602866), (2055, 1, 1602976), (1906, 4, 1664849), (3969, 2, 1702300), (826, 0, 1735034), (2628, 9, 1740120), (1906, 4, 1801138), (1906, 4, 1895835), (533, 13, 1961022), (533, 13, 1961145), (533, 13, 1962124), (533, 13, 1962188), (570, 3, 1975595), (233, 0, 2015356), (3238, 11, 2040322), (1906, 4, 2162068), (772, 5, 2168724), (161, 13, 2206559), (570, 3, 2242719), (1778, 0, 2245809), (5146, 6, 2249724), (5146, 6, 2257842), (1906, 4, 2258496), (772, 5, 2261160), (303, 11, 2293545), (537, 15, 2366679), (4390, 10, 2423667), (68, 5, 2436488), (2134, 1, 2461227), (5525, 14, 2483786), (570, 3, 2505163), (2138, 4, 2573241), (1906, 4, 2598085), (1906, 4, 2607543), (1906, 4, 2608553), (1906, 4, 2671402)]"
1371 "[(8457, 12, 240672), (8457, 12, 633573), (8457, 12, 2303966)]"
1382 "[(8622, 1, 241977), (8529, 2, 612086), (8529, 2, 616804), (8358, 12, 1117091), (8441, 0, 2079792), (8441, 0, 2079820), (8441, 0, 2079840), (8441, 0, 2080184), (8441, 0, 2080381), (8441, 0, 2080403), (8441, 0, 2080459), (8441, 0, 2080653), (9168, 6, 2239324), (9224, 2, 2429521), (9224, 2, 2429669), (9224, 2, 2429709), (9224, 2, 2429773)]"
1501 "[(8734, 5, 266939), (8719, 5, 1241955), (8736, 5, 1469948), (8736, 5, 1469973)]"
261 "[(8777, 9, 275125), (8777, 9, 275173), (8618, 9, 416925), (8618, 9, 417125), (8618, 9, 531329), (8682, 14, 1643914), (8343, 9, 1835071), (8343, 9, 1835399), (8343, 9, 1835545), (8343, 9, 1835585)]"
1601 "[(8564, 10, 293402), (8564, 10, 381052), (8564, 10, 381110), (8422, 10, 397396), (8564, 10, 1513500), (8564, 10, 1513706), (8564, 10, 1514051)]"
8814 "[(1678, 0, 314470), (17, 11, 328209), (68, 5, 464354), (3130, 5, 674259), (3130, 5, 674525), (3517, 0, 783680), (3614, 5, 823613), (802, 4, 927553), (1678, 0, 927708), (233, 0, 973279), (2741, 15, 1401344), (2741, 15, 1401795), (2741, 15, 1402408), (2741, 15, 1402661), (2741, 15, 1402971), (2741, 15, 1403132), (2741, 15, 1403349), (2741, 15, 1403414), (2741, 15, 1403624), (2741, 15, 1403759), (2741, 15, 1404269), (2741, 15, 1404427), (2741, 15, 1404676), (2741, 15, 1404912), (2741, 15, 1405134), (2741, 15, 1405295), (2741, 15, 1405458), (2741, 15, 1405573), (2741, 15, 1405691), (2741, 15, 1406037), (2741, 15, 1406092), (2741, 15, 1406161), (2741, 15, 1406266), (2741, 15, 1406314), (2741, 15, 1406587), (2741, 15, 1406658), (1678, 0, 1431369), (2741, 15, 1447551), (68, 5, 1477463), (367, 1, 1502688), (744, 1, 1578463), (4085, 0, 2002803), (541, 11, 2033160), (541, 11, 2035248), (17, 11, 2121554), (3091, 4, 2219542), (56, 2, 2244604), (17, 11, 2347379), (541, 11, 2574516), (541, 11, 2575050), (541, 11, 2584110), (249, 8, 2628189), (541, 11, 2664962), (541, 11, 2665106)]"
1755 "[(8572, 11, 329219)]"
8415 "[(1756, 14, 329386), (2065, 12, 594057), (731, 11, 684766), (3194, 9, 1218313), (3194, 9, 1221664), (68, 5, 1226638), (68, 5, 1228846), (3194, 9, 1261143), (2110, 14, 1294664), (3194, 9, 1297516), (3168, 2, 1373177), (3168, 2, 1373238), (4402, 9, 1466264), (541, 11, 1792276), (3194, 9, 1868708), (68, 5, 1988326), (3518, 3, 2081467), (3518, 3, 2081511), (45, 14, 2121872), (628, 15, 2250546), (68, 5, 2512559)]"
456 "[(8554, 2, 345449), (8554, 2, 1541876), (8699, 10, 1550190), (8430, 11, 1617793)]"
8811 "[(233, 0, 364855)]"
8876 "[(423, 11, 417871), (2764, 15, 581354), (17, 11, 1097091), (17, 11, 1204189), (5300, 4, 1820508), (1806, 9, 1894963), (1806, 9, 1904062), (1806, 9, 1904407), (1806, 9, 1904606), (3646, 13, 1957829), (3646, 13, 1958317), (3646, 13, 1958366), (3646, 13, 1958495), (3646, 13, 1964178), (611, 1, 2000694), (1733, 13, 2135150), (17, 11, 2246265), (5300, 4, 2312502), (1449, 11, 2325570), (17, 11, 2418867)]"
2196 "[(8282, 9, 432811), (8282, 9, 433037), (8614, 1, 655072), (8301, 13, 789087), (8516, 13, 789088), (8246, 13, 858893), (8540, 15, 870667), (8282, 9, 873526), (8295, 13, 880418), (9048, 13, 1009045), (8339, 4, 1010081), (8432, 2, 1090241), (8791, 5, 1116683), (8791, 5, 1116724), (8791, 5, 1116791), (8806, 9, 1117435), (8676, 9, 1130053), (8721, 12, 1178062), (8824, 0, 1213962), (8355, 8, 1219873), (8300, 3, 1224923), (8261, 12, 1554290), (9129, 15, 1651288), (8446, 6, 1989748), (8506, 6, 1990807), (8506, 6, 1990925), (8777, 9, 1992415), (8506, 6, 1993007), (8540, 15, 2079545), (8718, 15, 2079825), (8618, 9, 2080880), (8540, 15, 2082347), (8974, 15, 2083435), (8718, 15, 2088697), (8718, 15, 2089309), (8718, 15, 2089441), (8718, 15, 2089659), (8718, 15, 2089904), (8718, 15, 2090071), (8718, 15, 2091781), (8570, 15, 2153359), (8570, 15, 2153467), (8577, 14, 2153628), (8985, 8, 2208949), (8985, 8, 2209031), (8985, 8, 2211849), (8471, 3, 2220213), (8351, 12, 2220250), (8471, 3, 2220294), (8471, 3, 2220367), (9205, 5, 2220370), (8351, 12, 2220388), (8250, 5, 2221106), (8985, 8, 2254173), (8295, 13, 2385765), (8295, 13, 2385791), (8993, 11, 2386514), (9214, 8, 2386646), (8993, 11, 2386738), (8618, 9, 2387279), (8472, 15, 2496696), (8472, 15, 2496703)]"
8896 "[(466, 1, 476672), (331, 3, 478900), (870, 3, 480456), (870, 3, 480569), (870, 3, 480677), (644, 3, 481908), (539, 3, 482325), (644, 3, 482787), (2335, 3, 483192), (2335, 3, 483297), (17, 11, 483671), (2344, 2, 484149), (277, 2, 485828), (2357, 3, 486848), (84, 12, 492179), (2436, 3, 500897), (2436, 3, 500946), (2447, 3, 502266), (277, 2, 502717), (277, 2, 503009), (277, 2, 503042), (277, 2, 503104), (277, 2, 503226), (277, 2, 503244), (277, 2, 503518), (68, 5, 504721), (2488, 11, 512642), (1752, 14, 524355), (1752, 14, 524421), (1752, 14, 524836), (1752, 14, 525012), (1752, 14, 547335), (1185, 4, 556238), (1185, 4, 556577), (1185, 4, 556671), (1185, 4, 556742), (1185, 4, 556954), (2447, 3, 597945), (277, 2, 598315), (277, 2, 598413), (1185, 4, 647553), (1185, 4, 647838), (1185, 4, 648003), (1185, 4, 650424), (1185, 4, 726926), (1185, 4, 735752), (3594, 13, 817134), (1752, 14, 932363), (3981, 14, 958879), (1185, 4, 982270), (3981, 14, 1271626), (3981, 14, 1271854), (6758, 3, 1966609), (3981, 14, 1973843), (3981, 14, 1977311), (3981, 14, 1977407), (1985, 14, 2040659), (1752, 14, 2070134), (1752, 14, 2482286), (277, 2, 2495046), (3270, 4, 2630750), (277, 2, 2631968)]"
2349 "[(8532, 8, 485167)]"
8908 "[(2428, 3, 499111), (68, 5, 886345), (233, 0, 974314), (233, 0, 1058047), (1726, 14, 1285258), (954, 0, 1311926), (509, 2, 1347044), (509, 2, 1347185), (509, 2, 1347200), (68, 5, 1647028), (387, 13, 2587518)]"
8827 "[(2194, 10, 513079), (68, 5, 514290), (2136, 10, 666171), (2136, 10, 666213), (2136, 10, 672891), (2136, 10, 703683), (2194, 10, 1114389), (2194, 10, 1539525), (1778, 0, 1781063), (532, 14, 2070994), (17, 11, 2240662)]"
8558 "[(125, 11, 514057), (17, 11, 1277732), (1853, 0, 1359672), (6184, 6, 1710372), (6184, 6, 1710620), (4443, 15, 1718901), (3148, 4, 1720323), (3148, 4, 1720507), (2242, 11, 1732895), (2231, 3, 1733628), (3752, 6, 1744777), (2242, 11, 1750342), (2143, 2, 1753641), (5176, 6, 1780939), (1823, 5, 1873776)]"
2515 "[(8847, 10, 518345)]"
8485 "[(703, 1, 523038), (233, 0, 624411), (799, 0, 765447), (2137, 0, 788564)]"
2552 "[(8888, 4, 525892), (8888, 4, 619079), (8888, 4, 877729)]"
2593 "[(8283, 8, 533519), (8257, 12, 971619)]"
8919 "[(703, 1, 534017), (7, 12, 1742213), (7, 12, 1745217), (2495, 0, 1892792), (233, 0, 2268996), (4085, 0, 2672925)]"
2639 "[(8414, 13, 546760)]"
2756 "[(8295, 13, 580343), (8295, 13, 598003)]"
2908 "[(8887, 3, 609507), (8887, 3, 660386), (8887, 3, 696894), (8887, 3, 696929), (8887, 3, 923156), (8887, 3, 994769), (8887, 3, 1026301), (8887, 3, 1026338), (8887, 3, 1026440), (8887, 3, 1026649)]"
8812 "[(2923, 0, 658608), (68, 5, 793501), (40, 0, 808101), (233, 0, 886028), (2923, 0, 935202), (68, 5, 971663), (233, 0, 973252), (17, 11, 999102), (167, 11, 999206), (4109, 3, 1007592), (17, 11, 1025418), (233, 0, 1151675), (615, 0, 1165849), (2153, 13, 1188702), (2923, 0, 1202565), (233, 0, 1230950), (1726, 14, 1284907), (2153, 13, 1362202), (4085, 0, 1398662), (1359, 10, 1416391), (233, 0, 1416438), (233, 0, 1491789), (233, 0, 1579675), (233, 0, 1751642), (233, 0, 1924656), (17, 11, 2047889), (17, 11, 2051599), (1698, 9, 2133572), (17, 11, 2143379), (6470, 4, 2168291), (17, 11, 2218411), (5397, 11, 2218534), (420, 11, 2219820), (420, 11, 2219947), (2246, 8, 2220257), (2246, 8, 2220261), (73, 10, 2335481), (40, 0, 2335892)]"
488 "[(8872, 5, 664745)]"
3129 "[(8356, 5, 674238), (8354, 14, 2163243), (8444, 0, 2163318), (8282, 9, 2163928), (8282, 9, 2215695), (8598, 5, 2220113)]"
3144 "[(8554, 2, 676096)]"
8971 "[(1314, 5, 684996), (17, 11, 825994), (1778, 0, 1013612), (4674, 8, 1163513), (303, 11, 1415933), (233, 0, 1492965), (17, 11, 1975738), (650, 1, 2237721), (6828, 4, 2608586), (4186, 11, 2645834)]"
8678 "[(3227, 9, 698711), (73, 10, 823989), (73, 10, 887857), (40, 0, 890352), (1906, 4, 953843), (445, 2, 1016420), (445, 2, 1016473), (68, 5, 1017688), (1185, 4, 1148879)]"
449 "[(8421, 13, 753186), (8421, 13, 753246), (9069, 2, 1571357), (9069, 2, 1572048)]"
3364 "[(8253, 4, 789926)]"
1931 "[(8246, 13, 800270)]"
9003 "[(233, 0, 805380), (4234, 6, 1017242)]"
3636 "[(8687, 9, 832374), (9084, 2, 2634275)]"
8442 "[(2137, 0, 872070), (2093, 4, 928028), (68, 5, 964495), (340, 9, 1092466), (340, 9, 1092551), (983, 5, 1363497), (983, 5, 1363542), (1013, 15, 1883865), (2579, 9, 2223453), (45, 14, 2246595), (40, 0, 2533878)]"
3819 "[(8600, 4, 886303), (8651, 5, 1476097), (8651, 5, 1476388), (8651, 5, 1494816), (8651, 5, 1494995), (8651, 5, 1495702), (8651, 5, 1495819), (8651, 5, 1533897), (8441, 0, 2077040)]"
1662 "[(8590, 5, 907212)]"
289 "[(8784, 12, 915577)]"
4033 "[(8314, 6, 953200), (8356, 5, 1268985), (8314, 6, 2437610), (8314, 6, 2437897)]"
4039 "[(8887, 3, 954744)]"
2442 "[(8341, 14, 1031279), (8341, 14, 1031418), (8314, 6, 1204949), (8356, 5, 1206655), (8356, 5, 1206738), (8356, 5, 1207172), (8356, 5, 1207355), (8356, 5, 1207685), (8356, 5, 1207783), (8356, 5, 1207810), (8356, 5, 2145515), (8356, 5, 2325411), (8590, 5, 2414096)]"
4395 "[(8479, 6, 1055153)]"
8230 "[(40, 0, 1067701)]"
4339 "[(8806, 9, 1083133), (8314, 6, 1205155), (8314, 6, 1205211)]"
676 "[(8292, 12, 1092727)]"
1342 "[(9048, 13, 1096311), (9048, 13, 1096407), (8510, 4, 1383653)]"
4504 "[(8425, 14, 1099259), (8828, 9, 1496886), (8828, 9, 1497822)]"
4521 "[(8734, 5, 1105778)]"
2761 "[(8237, 6, 1163940), (8510, 4, 1633883), (8590, 5, 1962902), (8590, 5, 1963120), (8314, 6, 2421766)]"
931 "[(8771, 1, 1169138), (9132, 1, 1516770), (9132, 1, 1519923)]"
4769 "[(8295, 13, 1183589), (8883, 5, 2326167)]"
1973 "[(9069, 2, 1195880), (9069, 2, 1195957), (9069, 2, 1921298), (9069, 2, 1921434), (9028, 10, 2610667), (9028, 10, 2610816), (9084, 2, 2625823), (9084, 2, 2625876), (9084, 2, 2626019), (9084, 2, 2626093), (9084, 2, 2626137), (9084, 2, 2626233), (9084, 2, 2626264), (9084, 2, 2626290), (9084, 2, 2635776), (9084, 2, 2636405), (9084, 2, 2637021), (9084, 2, 2638157), (9084, 2, 2638283), (9084, 2, 2638429), (9084, 2, 2639835), (9084, 2, 2640462), (9084, 2, 2642003), (9084, 2, 2642198)]"
1033 "[(8963, 15, 1206735), (8963, 15, 1206933), (8963, 15, 1207126), (8963, 15, 1207189), (8963, 15, 1207409), (8963, 15, 1207638)]"
5020 "[(9034, 12, 1261036), (9034, 12, 1261078), (8887, 3, 1421045)]"
5032 "[(8736, 5, 1264261), (8736, 5, 1264359), (8736, 5, 1264459)]"
1723 "[(8411, 3, 1422610), (8411, 3, 1422748), (8411, 3, 1423110)]"
5521 "[(8590, 5, 1443811)]"
5552 "[(8975, 10, 1452747), (8975, 10, 1452877), (8975, 10, 1452976), (8975, 10, 1453011), (8975, 10, 1453135), (8975, 10, 1453409), (8975, 10, 1453996), (8975, 10, 1454592), (9090, 5, 2041528), (9090, 5, 2043735), (9090, 5, 2043826), (9090, 5, 2044467), (9090, 5, 2044701), (9090, 5, 2045956), (9090, 5, 2046880), (9090, 5, 2047526), (9090, 5, 2047572), (9090, 5, 2047611), (9090, 5, 2047717), (9090, 5, 2047773), (9090, 5, 2047955), (9090, 5, 2048166), (9090, 5, 2048346), (9090, 5, 2048822), (9090, 5, 2048942), (9090, 5, 2048993), (9090, 5, 2049031), (9090, 5, 2049463), (9090, 5, 2049521), (9090, 5, 2049570), (9090, 5, 2051134), (9090, 5, 2054170), (9090, 5, 2054195), (9090, 5, 2054333), (9090, 5, 2054368), (9090, 5, 2054484), (9090, 5, 2056078), (9090, 5, 2060014), (9090, 5, 2060053), (9090, 5, 2060079), (9090, 5, 2060112), (9090, 5, 2064085), (9090, 5, 2067958), (9090, 5, 2068976), (8590, 5, 2091115), (9202, 3, 2144016), (9202, 3, 2144093), (9090, 5, 2144491), (9090, 5, 2152868), (8347, 6, 2181149), (8347, 6, 2181282), (8347, 6, 2182032), (8347, 6, 2182656), (8937, 6, 2182701), (8937, 6, 2182804), (8937, 6, 2182874), (9090, 5, 2219409), (9090, 5, 2240496), (8975, 10, 2318185), (8975, 10, 2318313), (8975, 10, 2318493), (8975, 10, 2321885), (8975, 10, 2322794), (8975, 10, 2331447), (8791, 5, 2341402), (8791, 5, 2342659), (8937, 6, 2480124), (8937, 6, 2480187), (8937, 6, 2482595), (8937, 6, 2482870), (8937, 6, 2483613), (8937, 6, 2485882), (8937, 6, 2485932), (8937, 6, 2486777), (8347, 6, 2487255), (8347, 6, 2487384), (8347, 6, 2487556), (8937, 6, 2487696), (8937, 6, 2487782), (8937, 6, 2487793), (8937, 6, 2495135), (8937, 6, 2495444), (8937, 6, 2498058), (8347, 6, 2498239), (8347, 6, 2501008), (8937, 6, 2567725), (8937, 6, 2568248), (8937, 6, 2568804), (8937, 6, 2671035), (8937, 6, 2671962), (8937, 6, 2676174)]"
950 "[(8981, 14, 1469780)]"
5803 "[(8250, 5, 1546219)]"
1338 "[(8411, 3, 1555197), (8411, 3, 2642828)]"
5855 "[(8277, 8, 1566419), (9163, 1, 1816637), (8470, 1, 2657449)]"
8669 "[(499, 5, 1622568), (68, 5, 1897831), (17, 11, 2606863)]"
9151 "[(3037, 3, 1639073), (4100, 1, 1673132), (1596, 1, 1691754), (68, 5, 1692971), (17, 11, 1696480), (777, 11, 1708901), (3495, 4, 1713187), (233, 0, 1749962), (1007, 10, 1751018), (1007, 10, 1751058), (1007, 10, 1751149), (40, 0, 1752426), (1007, 10, 1752704), (1007, 10, 1752745), (1007, 10, 1752817), (1007, 10, 1754821), (777, 11, 1763675), (730, 12, 1771449), (730, 12, 1771467), (4100, 1, 1773602), (4100, 1, 1774028), (4100, 1, 1774124), (608, 15, 1868091), (2390, 14, 1872723), (5767, 9, 1884371), (233, 0, 1923830), (4100, 1, 1957275), (4100, 1, 1957651), (4100, 1, 1957969), (1596, 1, 1980631), (68, 5, 1988978), (1992, 0, 2058210), (1992, 0, 2058421), (1992, 0, 2059595), (1992, 0, 2059926), (3495, 4, 2074684), (3495, 4, 2076897), (7038, 6, 2093430), (7038, 6, 2136018), (611, 1, 2199968), (68, 5, 2274363), (5622, 11, 2377915), (777, 11, 2533761), (4325, 2, 2563116), (4325, 2, 2563148)]"
3049 "[(8519, 13, 1666862), (8295, 13, 1667106), (8462, 14, 1667332), (8249, 13, 1667412), (8462, 14, 1959466), (8652, 8, 2535475)]"
5063 "[(8314, 6, 1667518), (8314, 6, 1667589), (8314, 6, 1667773), (8314, 6, 1667930)]"
9166 "[(1857, 10, 1705737), (5176, 6, 1708014), (4443, 15, 1718816), (1188, 4, 1719754), (1188, 4, 1720246), (1188, 4, 1721734), (1188, 4, 1721810), (867, 2, 1722126), (3148, 4, 1722194), (3148, 4, 1722856), (462, 3, 1724019), (2654, 6, 1724554), (2143, 2, 1726265), (3148, 4, 1727568), (3148, 4, 1727887), (3148, 4, 1728092), (499, 5, 1728905), (3148, 4, 1729451), (3581, 6, 1730754), (2231, 3, 1733577), (2143, 2, 1739606), (68, 5, 1743739), (6225, 9, 1748389), (4251, 6, 1749036), (3567, 2, 1752678), (6306, 5, 1761016), (3026, 0, 1763103), (3142, 4, 1775650), (3142, 4, 1775756), (1450, 5, 1776525), (1305, 4, 1777001), (1305, 4, 1778878), (3148, 4, 1779350), (5176, 6, 1780901), (6358, 1, 1783814), (17, 11, 1783816), (1305, 4, 1784332), (3148, 4, 1785324), (3148, 4, 1785532), (3142, 4, 1786909), (3142, 4, 1787093), (4251, 6, 1787433), (2230, 4, 1787930), (6368, 4, 1787960), (4251, 6, 1788063), (4251, 6, 1788188), (3148, 4, 1789289), (3148, 4, 1789363), (3148, 4, 1789472), (3148, 4, 1789579), (5037, 14, 1793710), (6383, 1, 1793724), (974, 1, 1794040), (3205, 10, 1794429), (3205, 10, 1794536), (2024, 1, 1798907), (6396, 2, 1799713), (1427, 9, 1800386), (1038, 4, 1800484), (1038, 4, 1800604), (1038, 4, 1800620), (1038, 4, 1800862), (1038, 4, 1800916), (1038, 4, 1801008), (1038, 4, 1801251), (1038, 4, 1801261), (3148, 4, 1801381), (1038, 4, 1801402), (3148, 4, 1801431), (1038, 4, 1801474), (1038, 4, 1801564), (1038, 4, 1801624), (1038, 4, 1801699), (1038, 4, 1801731), (1038, 4, 1801832), (3148, 4, 1801974), (3148, 4, 1802181), (1305, 4, 1803288), (1305, 4, 1803669), (3148, 4, 1803879), (1038, 4, 1804126), (1038, 4, 1804172), (1038, 4, 1804263), (6411, 5, 1805769), (6411, 5, 1806322), (1305, 4, 1809107), (167, 11, 1810192), (3148, 4, 1818856), (3148, 4, 1818960), (3148, 4, 1819095), (3148, 4, 1819232), (3148, 4, 1819293), (3148, 4, 1819375), (3715, 2, 1824599), (3715, 2, 1824931), (3148, 4, 1827680), (611, 1, 1827940), (611, 1, 1828066), (3194, 9, 1830289), (2568, 13, 1832078), (2568, 13, 1832107), (853, 3, 1835399), (6489, 5, 1839157), (5442, 4, 1852616), (466, 1, 1855037), (4251, 6, 1859501), (4251, 6, 1859627), (3148, 4, 1860094), (2654, 6, 1869318), (6108, 1, 1878736), (1038, 4, 1879386), (1038, 4, 1879669), (1038, 4, 1880216), (3148, 4, 1880905), (5037, 14, 1881757), (1013, 15, 1888405), (1772, 11, 1892748), (1772, 11, 1892769), (1772, 11, 1893007), (1772, 11, 1893140), (1772, 11, 1893206), (6556, 0, 1894084), (6556, 0, 1894193), (6556, 0, 1894276), (6556, 0, 1894398), (6556, 0, 1894503), (6556, 0, 1894686), (1567, 1, 1895947), (95, 1, 1897024), (6019, 2, 1897031), (5561, 5, 1900192), (3148, 4, 1901433), (3148, 4, 1901561), (3148, 4, 1901704), (3148, 4, 1901772), (143, 13, 1903655), (3148, 4, 1909084), (1772, 11, 1910709), (1772, 11, 1910783), (1772, 11, 1911550), (6646, 6, 1914301), (6646, 6, 1914318), (6646, 6, 1914342), (935, 5, 1917490), (935, 5, 1917508), (935, 5, 1917527), (935, 5, 1917565), (233, 0, 1925640), (6398, 10, 1936392), (6398, 10, 1938028), (1305, 4, 1950000), (1188, 4, 1959309), (1772, 11, 1966182), (1772, 11, 1966469), (1772, 11, 1966496), (3148, 4, 1966603), (1772, 11, 1966621), (1772, 11, 1966704), (1772, 11, 1966816), (1772, 11, 1966871), (935, 5, 1978655), (17, 11, 1981308), (6801, 9, 1981950), (4266, 11, 1982166), (2242, 11, 2001825), (6411, 5, 2036130), (6411, 5, 2036238), (6411, 5, 2036723), (3148, 4, 2044800), (3148, 4, 2049175), (6411, 5, 2053449), (6411, 5, 2053578), (6411, 5, 2053724), (6411, 5, 2054018), (6411, 5, 2054188), (1739, 2, 2055188), (1772, 11, 2055869), (1188, 4, 2059594), (3148, 4, 2060271), (6411, 5, 2065775), (6411, 5, 2066634), (6411, 5, 2067538), (660, 0, 2068703), (1792, 4, 2068857), (67, 0, 2069764), (246, 11, 2070825), (246, 11, 2070920), (3148, 4, 2097732), (3148, 4, 2097841), (3148, 4, 2098348), (68, 5, 2101614), (2091, 3, 2105808), (611, 1, 2114069), (5725, 6, 2119868), (4677, 6, 2120528), (4263, 15, 2120632), (3148, 4, 2121818), (3148, 4, 2123097), (3148, 4, 2123134), (6019, 2, 2124895), (45, 14, 2129631), (3752, 6, 2137773), (3752, 6, 2137946), (3752, 6, 2138145), (17, 11, 2139030), (6411, 5, 2150416), (6411, 5, 2151568), (6411, 5, 2151676), (6411, 5, 2152135), (6411, 5, 2152215), (6411, 5, 2152465), (3148, 4, 2158769), (3148, 4, 2158815), (3148, 4, 2159191), (3148, 4, 2159278), (3148, 4, 2159421), (3148, 4, 2159911), (3148, 4, 2160290), (3148, 4, 2160387), (3148, 4, 2161514), (3148, 4, 2161581), (3148, 4, 2162703), (3148, 4, 2162853), (3148, 4, 2163548), (3148, 4, 2165262), (3148, 4, 2165517), (3148, 4, 2167323), (5037, 14, 2172595), (73, 10, 2186705), (6741, 6, 2240171), (4014, 8, 2247184), (3148, 4, 2251592), (423, 11, 2318316), (3148, 4, 2344469), (660, 0, 2376016), (6410, 4, 2407755), (5838, 1, 2417835), (5838, 1, 2418503), (7813, 4, 2432204), (3148, 4, 2485082), (1038, 4, 2499469), (1038, 4, 2499504), (68, 5, 2516860), (233, 0, 2530052), (3108, 13, 2651697)]"
6356 "[(8312, 15, 1782781)]"
3812 "[(8510, 4, 1919318)]"
458 "[(8917, 13, 1992007)]"
8309 "[(4085, 0, 1997767)]"
4962 "[(8937, 6, 2126399)]"
8740 "[(7116, 13, 2128859), (2579, 9, 2130540), (68, 5, 2162003), (1912, 6, 2176868), (1806, 9, 2242653), (1806, 9, 2242726), (68, 5, 2306425), (5970, 6, 2317301), (4707, 6, 2328901), (2240, 15, 2391418), (6376, 3, 2424372), (6376, 3, 2424488), (165, 13, 2587443), (165, 13, 2587461)]"
1865 "[(8965, 0, 2249347), (8975, 10, 2337179), (8975, 10, 2349271), (8975, 10, 2402743), (8975, 10, 2402778), (8975, 10, 2664012)]"
2528 "[(8467, 15, 2316724)]"
8398 "[(900, 11, 2325941), (1261, 1, 2460047), (1261, 1, 2460099)]"
7540 "[(9144, 0, 2373789)]"
6669 "[(8590, 5, 2412628), (8590, 5, 2413469), (8590, 5, 2413929)]"
7977 "[(8273, 1, 2534873)]"
6209 "[(9084, 2, 2643135)]"
