49 "[(8273, 1, 4487), (8273, 1, 163483), (8273, 1, 468070), (8273, 1, 867270)]"
150 "[(8315, 11, 18349), (8619, 1, 145712), (8619, 1, 183053), (8315, 11, 439799), (8973, 14, 735604)]"
8299 "[(68, 5, 18679), (630, 12, 88044), (713, 4, 100746), (630, 12, 111793), (630, 12, 133198), (630, 12, 133286), (630, 12, 152535), (630, 12, 152819), (630, 12, 154481), (1007, 10, 157696), (1277, 1, 219357), (1277, 1, 219376), (103, 11, 318984), (356, 12, 481492), (2546, 4, 525674), (4674, 8, 1284092), (4085, 0, 1468910), (750, 3, 1826666)]"
8318 "[(228, 1, 29220), (228, 1, 29338), (228, 1, 29425), (228, 1, 29775), (228, 1, 29795), (228, 1, 29913), (228, 1, 29970), (17, 11, 37052), (288, 0, 53585), (423, 11, 59854), (728, 11, 103952), (728, 11, 104017), (482, 7, 143901), (537, 15, 155163), (537, 15, 212085), (695, 5, 245484), (429, 3, 297206), (1866, 14, 367928), (2098, 8, 425498), (2200, 0, 439873), (17, 11, 519929), (2545, 12, 523920), (233, 0, 540814), (695, 5, 580909), (233, 0, 626705), (482, 7, 682481), (995, 15, 763979), (17, 11, 766357), (68, 5, 777361), (233, 0, 810582), (537, 15, 824981), (537, 15, 834833), (350, 11, 908010), (1635, 12, 910858), (537, 15, 1010961), (537, 15, 1067866), (2833, 4, 1088569), (3871, 12, 1105810), (537, 15, 1113556), (497, 4, 1188173), (17, 11, 1262916), (319, 3, 1315999), (4752, 11, 1436321), (4016, 13, 1519458), (1866, 14, 1651479), (537, 15, 1792445), (5155, 0, 2002309), (1044, 9, 2030461), (17, 11, 2268685), (319, 3, 2308264), (1999, 15, 2367889), (1820, 14, 2396372), (1820, 14, 2399944), (537, 15, 2415819), (17, 11, 2449659), (537, 15, 2450435), (3871, 12, 2546632), (1820, 14, 2676693)]"
8402 "[(17, 11, 30558), (3238, 11, 1202276), (3238, 11, 1202377), (2198, 6, 1202700), (4273, 11, 1202822), (831, 3, 1203059), (4866, 3, 1203271), (493, 3, 1203850), (2078, 4, 1205346), (539, 3, 1207100), (539, 3, 1207115), (4887, 14, 1207185), (3591, 11, 1207659), (36, 3, 1208462), (3849, 3, 1212330), (532, 14, 1213271), (4019, 1, 1213433), (4019, 1, 1213434), (4887, 14, 1213499), (1412, 9, 1213899), (4225, 3, 1216356), (4225, 3, 1216604), (635, 4, 1217347), (220, 12, 1219383), (644, 3, 1222571), (644, 3, 1222657), (2990, 3, 1230840), (3270, 4, 1235096), (644, 3, 1259116), (256, 13, 1272133), (256, 13, 1272199), (256, 13, 1272270), (2867, 8, 1279887), (1185, 4, 1331847), (1185, 4, 1332083), (1185, 4, 1332171), (539, 3, 1442561), (1185, 4, 1512414), (1014, 1, 1570874), (40, 0, 1579546), (5935, 3, 1801926), (5622, 11, 1819884), (539, 3, 1834876), (233, 0, 1847633), (1013, 15, 1886818), (17, 11, 1889772), (125, 11, 2001858), (500, 14, 2067960), (539, 3, 2073854), (3379, 6, 2080994), (3379, 6, 2081161), (233, 0, 2185999), (2943, 14, 2653198), (4455, 14, 2669436)]"
8405 "[(233, 0, 35444), (233, 0, 36128), (40, 0, 36339), (385, 4, 55271), (782, 0, 1537064), (233, 0, 1924485)]"
8412 "[(267, 9, 37071), (790, 10, 140954), (924, 10, 145994), (924, 10, 153805), (790, 10, 154571), (790, 10, 154609), (1022, 10, 160380), (1022, 10, 161181), (1022, 10, 161220), (1022, 10, 161415), (233, 0, 280742), (1536, 1, 317804), (2078, 4, 407108), (2078, 4, 407163), (2078, 4, 423176), (2247, 4, 450389)]"
8466 "[(350, 11, 48938), (798, 1, 119205), (885, 1, 138806), (885, 1, 143972), (1126, 1, 180995), (1126, 1, 181028), (189, 1, 198446), (189, 1, 198481), (189, 1, 198703), (189, 1, 198749), (1185, 4, 199886), (1185, 4, 200296), (1276, 14, 219264), (1299, 1, 225310), (17, 11, 272778), (125, 11, 273306), (1588, 1, 289296), (1588, 1, 290349), (887, 10, 300323), (885, 1, 338503), (17, 11, 346591), (1929, 10, 364538), (1126, 1, 370472), (1897, 6, 401943), (1897, 6, 412991), (2230, 4, 458122), (691, 0, 465218), (1897, 6, 482561), (1897, 6, 482628), (745, 0, 531941), (745, 0, 532000), (1897, 6, 578842), (384, 7, 596693), (384, 7, 629133), (1897, 6, 660209), (2230, 4, 682038), (2230, 4, 709243), (17, 11, 731575), (1299, 1, 755022), (227, 4, 781360), (1598, 1, 913011), (4202, 1, 1009952), (1521, 10, 1126882), (887, 10, 1268243), (887, 10, 1271278), (4586, 11, 1271918), (68, 5, 1281207), (2708, 3, 1289606), (2130, 5, 1300871), (5201, 1, 1320026), (4019, 1, 1323555), (4019, 1, 1323563), (2230, 4, 1324200), (1007, 10, 1362202), (17, 11, 1405141), (1007, 10, 1406428), (1007, 10, 1406493), (17, 11, 1430587), (1299, 1, 1477755), (5463, 11, 1492505), (691, 0, 1508048), (5932, 10, 1603709), (4202, 1, 1628589), (4202, 1, 1628769), (1397, 8, 1725053), (2230, 4, 1838241), (691, 0, 1853494), (1397, 8, 1889821), (1299, 1, 1905939), (3592, 14, 1959608), (954, 0, 1972872), (1007, 10, 1976151), (691, 0, 2018104), (1598, 1, 2027747), (1598, 1, 2027921), (691, 0, 2028476), (4202, 1, 2112427), (1598, 1, 2128124), (1598, 1, 2128347), (1632, 12, 2223290), (887, 10, 2310983), (2230, 4, 2352544), (691, 0, 2364630), (691, 0, 2364846), (541, 11, 2472011), (7837, 1, 2558751), (7837, 1, 2559062), (6500, 4, 2572684), (6500, 4, 2573971)]"
437 "[(8355, 8, 61091), (8355, 8, 61266), (8423, 7, 146795), (8355, 8, 156423), (8695, 10, 205541), (8295, 13, 497178), (8355, 8, 517748), (8355, 8, 682592), (8264, 15, 685735), (8477, 12, 685877), (8477, 12, 687586), (8264, 15, 688035), (8423, 7, 1113107), (8423, 7, 1113210), (8423, 7, 1132522), (8423, 7, 1132668), (8423, 7, 1132727), (8423, 7, 1206926), (9080, 5, 1208764), (8582, 8, 1362433), (8423, 7, 1446014), (9071, 3, 1549082), (9071, 3, 1549830), (9071, 3, 1549954), (9071, 3, 1613003), (9071, 3, 1617589), (8423, 7, 1644586), (9080, 5, 1808914), (9071, 3, 2178887), (9080, 5, 2242152), (9080, 5, 2242281), (9080, 5, 2242394), (9080, 5, 2242612), (9080, 5, 2242707), (9080, 5, 2272030), (9080, 5, 2301120), (9080, 5, 2312598), (9080, 5, 2315224), (9080, 5, 2315494), (9080, 5, 2322679), (9080, 5, 2322715), (9080, 5, 2327040), (9080, 5, 2335584), (9071, 3, 2395676), (9071, 3, 2395708), (9071, 3, 2395892), (9071, 3, 2397473), (9071, 3, 2397557), (9071, 3, 2397727), (9080, 5, 2399208), (9080, 5, 2476411), (9080, 5, 2476440), (9080, 5, 2476705), (9080, 5, 2559584), (9080, 5, 2559694), (9080, 5, 2592461), (9080, 5, 2593872)]"
445 "[(8315, 11, 61814), (8828, 9, 403289), (8828, 9, 403482), (8828, 9, 410010), (8828, 9, 410187), (8828, 9, 466189), (8828, 9, 507832), (8828, 9, 508062), (8251, 1, 513002), (8251, 1, 513120), (8828, 9, 666138), (8828, 9, 690039), (8513, 3, 1008906), (8678, 7, 1016420), (8678, 7, 1016473), (8315, 11, 1294691), (8315, 11, 1294850), (8762, 3, 2224585)]"
480 "[(8423, 7, 64918), (8423, 7, 135960), (8622, 1, 248723), (8302, 5, 291083), (8588, 1, 311410), (8588, 1, 311847), (8446, 6, 919906), (8893, 8, 1029181), (8651, 5, 1074021), (8651, 5, 1074136), (9072, 3, 1144480), (9089, 6, 1333472), (8603, 4, 1347483), (9089, 6, 1428159), (9089, 6, 1428196), (9089, 6, 1428263), (9007, 4, 1711419), (8452, 5, 2231829), (8452, 5, 2277005), (9080, 5, 2277314), (9080, 5, 2277352), (9080, 5, 2287183), (8734, 5, 2288360), (9080, 5, 2324767), (9080, 5, 2324801), (8886, 4, 2449267), (8870, 4, 2540732), (8456, 1, 2540931), (9019, 11, 2542084), (9019, 11, 2542149), (8709, 3, 2644373)]"
487 "[(8411, 3, 65417), (8372, 3, 127948), (8372, 3, 127979), (8372, 3, 128080), (8633, 5, 432470), (8411, 3, 640966), (8411, 3, 1705721), (8752, 3, 1809122), (8752, 3, 1809388), (8752, 3, 1809694), (8411, 3, 2129048), (8411, 3, 2129157)]"
522 "[(8423, 7, 68755)]"
8554 "[(532, 14, 75957), (17, 11, 277089), (456, 7, 345449), (17, 11, 675486), (3144, 7, 676096), (17, 11, 935577), (1754, 4, 1177692), (628, 15, 1247827), (456, 7, 1541876), (68, 5, 1623782), (6401, 13, 1800763), (6549, 9, 1878937), (611, 1, 1900010), (532, 14, 2596492)]"
8529 "[(35, 8, 77886), (35, 8, 77952), (35, 8, 77988), (476, 13, 90728), (731, 11, 324186), (2458, 12, 505041), (1382, 7, 612086), (1382, 7, 616804), (2230, 4, 691130), (2678, 13, 941479), (2678, 13, 941942), (3169, 13, 1187979), (80, 4, 1375479), (1294, 15, 1911009), (96, 13, 2003611), (7036, 13, 2232576), (7053, 6, 2637653)]"
8560 "[(597, 6, 78499)]"
625 "[(8315, 11, 82573), (8515, 5, 1383344), (8515, 5, 1562828), (8515, 5, 1563207), (8828, 9, 1642056), (8828, 9, 1645726), (8515, 5, 2332603)]"
277 "[(8423, 7, 84615), (8423, 7, 84718), (8423, 7, 84876), (8423, 7, 84915), (8423, 7, 85031), (8423, 7, 85679), (8423, 7, 85786), (8423, 7, 85833), (8591, 7, 344702), (8591, 7, 463974), (8896, 7, 485828), (8896, 7, 502717), (8896, 7, 503009), (8896, 7, 503042), (8896, 7, 503104), (8896, 7, 503226), (8896, 7, 503244), (8896, 7, 503518), (8591, 7, 513869), (8896, 7, 598315), (8896, 7, 598413), (8872, 5, 598883), (8872, 5, 776204), (8893, 8, 944874), (8893, 8, 982667), (8893, 8, 1013052), (8893, 8, 1029995), (8717, 8, 1108429), (8717, 8, 1108500), (8872, 5, 1202551), (8872, 5, 1202604), (8717, 8, 1364084), (8717, 8, 1364172), (8893, 8, 1369407), (8591, 7, 1604039), (8260, 7, 1625456), (8260, 7, 1625995), (8591, 7, 1626094), (8591, 7, 1626314), (8591, 7, 1626696), (8260, 7, 1626771), (8260, 7, 1626915), (8260, 7, 1626985), (8260, 7, 1627624), (8260, 7, 1627664), (8260, 7, 1720397), (8591, 7, 1720596), (8591, 7, 1969837), (8872, 5, 2233053), (8872, 5, 2233188), (8896, 7, 2495046), (8896, 7, 2631968)]"
8609 "[(611, 1, 107660), (1663, 11, 311735), (2864, 5, 600016), (3100, 5, 668676), (2864, 5, 742186), (68, 5, 751521), (402, 3, 1708164), (402, 3, 1708272), (402, 3, 1911708), (402, 3, 1911745), (402, 3, 1912040), (660, 0, 1912182), (2864, 5, 1959289), (286, 5, 2033200), (286, 5, 2060366), (68, 5, 2061589), (2864, 5, 2062082), (2864, 5, 2076236), (2864, 5, 2167725), (2864, 5, 2168048), (1823, 5, 2222608), (2864, 5, 2303156), (2864, 5, 2303190), (68, 5, 2325878), (2864, 5, 2597595), (2864, 5, 2597869)]"
761 "[(8423, 7, 109583), (8423, 7, 109622), (8622, 1, 137708), (8883, 5, 510299), (8883, 5, 510363), (8249, 13, 515858), (8264, 15, 523969), (8623, 8, 892704), (8623, 8, 892718), (8623, 8, 892741), (8623, 8, 892756), (8623, 8, 892770), (8623, 8, 892787), (8623, 8, 892816), (8623, 8, 892837), (8623, 8, 892852), (8806, 9, 1051466), (8241, 7, 1055165), (9071, 3, 1570163), (8250, 5, 1742604), (8250, 5, 1744594), (8250, 5, 1744987), (8307, 9, 2042725), (8734, 5, 2325298), (9202, 3, 2474272)]"
778 "[(8273, 1, 113334), (8273, 1, 2039025)]"
8518 "[(233, 0, 116338), (383, 10, 350793), (402, 3, 754140)]"
867 "[(8622, 1, 134532), (8683, 7, 154082), (8633, 5, 175227), (8633, 5, 175277), (8633, 5, 256426), (8633, 5, 341588), (8633, 5, 408878), (8633, 5, 408885), (8887, 3, 493825), (8339, 4, 686897), (8575, 4, 1378366), (8411, 3, 1424047), (8411, 3, 1424099), (8411, 3, 1543769), (8411, 3, 1543792), (9071, 3, 1551050), (9166, 7, 1722126), (8628, 1, 1983098), (8411, 3, 2635274)]"
795 "[(8273, 1, 141405), (8273, 1, 718521), (8273, 1, 830739), (8273, 1, 930940), (8273, 1, 1001124), (8273, 1, 1011309), (8273, 1, 1317581), (8273, 1, 2107428)]"
1054 "[(8697, 9, 165309)]"
1057 "[(8468, 3, 165770)]"
8596 "[(83, 3, 166109), (83, 3, 166232), (608, 15, 269747), (608, 15, 269761), (608, 15, 269774), (68, 5, 343575), (233, 0, 368247), (826, 0, 869269), (826, 0, 953759), (826, 0, 1063662), (826, 0, 1063678), (826, 0, 1063695), (826, 0, 1063712), (40, 0, 1153210)]"
8274 "[(1007, 10, 168956), (1007, 10, 199437), (1634, 1, 304067), (745, 0, 531941), (40, 0, 550424), (40, 0, 550464), (40, 0, 550467), (40, 0, 550552), (40, 0, 550595), (40, 0, 550672), (2137, 0, 791412), (233, 0, 887619), (68, 5, 954363), (1160, 1, 1435797)]"
1082 "[(8559, 1, 169658), (8559, 1, 240290), (8559, 1, 446388), (8559, 1, 1729493), (8559, 1, 1818515), (8559, 1, 1827347), (8559, 1, 1827850), (8559, 1, 1828022), (8559, 1, 1829712)]"
1103 "[(8566, 0, 174539), (8549, 12, 1255943), (9210, 0, 2279380), (8676, 9, 2308866)]"
1127 "[(8535, 4, 181046), (8535, 4, 225212), (8888, 4, 852554), (8888, 4, 912945), (8888, 4, 919201)]"
322 "[(8247, 6, 189505), (8622, 1, 195067), (8622, 1, 219779), (8622, 1, 219819), (8622, 1, 234411), (8622, 1, 234793), (8622, 1, 234818), (8622, 1, 235372), (8622, 1, 283803), (8622, 1, 283933), (8622, 1, 284393), (8622, 1, 286177), (8622, 1, 303339), (8622, 1, 322291), (8622, 1, 323256), (8622, 1, 735042), (8622, 1, 735242), (8622, 1, 880563), (8622, 1, 881720), (8622, 1, 881820), (8622, 1, 882313), (8622, 1, 882334), (8622, 1, 885907), (8622, 1, 886830), (8247, 6, 1686995)]"
1167 "[(8320, 4, 191581)]"
1189 "[(8591, 7, 199972), (8296, 13, 619728), (8273, 1, 736564), (8273, 1, 736620), (8273, 1, 736668), (8273, 1, 736943), (8273, 1, 737015), (8273, 1, 737130), (8273, 1, 970765), (8498, 4, 1146172), (8502, 12, 1633109)]"
775 "[(8282, 9, 201107), (8282, 9, 202697), (8357, 13, 1302970)]"
8733 "[(1216, 3, 207196), (1321, 12, 325320), (1820, 14, 338051), (994, 5, 586882), (994, 5, 587116), (175, 11, 813918), (175, 11, 814035), (3920, 4, 925062), (3920, 4, 941831), (3920, 4, 942787), (484, 3, 948781), (109, 1, 951015), (4112, 11, 984398), (4464, 11, 1087596), (1872, 4, 1137509), (109, 1, 1325170), (4248, 5, 1533718), (4248, 5, 1533896), (4225, 3, 1558433), (2078, 4, 1563916), (994, 5, 1793258), (994, 5, 1793332), (994, 5, 1793602), (109, 1, 1839201), (3748, 4, 1974146), (331, 3, 1984263), (994, 5, 2139562), (608, 15, 2208593), (1014, 1, 2510068)]"
620 "[(8397, 4, 220218), (8397, 4, 220470), (8397, 4, 281619), (8397, 4, 1151707)]"
8638 "[(1325, 11, 231984), (1492, 11, 851373), (17, 11, 984715), (1492, 11, 1794591), (1325, 11, 2223591), (1492, 11, 2224114), (4427, 11, 2482738), (4390, 10, 2490270), (3385, 15, 2562164)]"
1355 "[(8622, 1, 238339), (8323, 12, 1483799), (8323, 12, 1484170)]"
8435 "[(370, 13, 243269), (532, 14, 373784), (233, 0, 545192), (2468, 3, 559407), (2468, 3, 559428), (2131, 15, 609534), (1314, 5, 682779), (703, 1, 862657), (703, 1, 1041475), (703, 1, 1042187), (4202, 1, 1146007), (4202, 1, 1146036), (1726, 14, 1295153), (4202, 1, 1717541), (954, 0, 1972787), (233, 0, 2353460), (4202, 1, 2443647), (4202, 1, 2641588), (4202, 1, 2641748)]"
1446 "[(8526, 7, 254312), (8347, 6, 2545919)]"
8431 "[(1471, 0, 260882), (68, 5, 409193), (954, 0, 1312615), (68, 5, 2326911), (385, 4, 2501799)]"
8525 "[(659, 14, 269846)]"
509 "[(8644, 12, 302332), (8806, 9, 305774), (8800, 11, 494937), (8265, 12, 562303), (8672, 7, 591193), (8471, 3, 650277), (8486, 12, 824234), (9012, 6, 825575), (9012, 6, 825746), (8331, 12, 1084265), (8301, 13, 1165076), (8249, 13, 1173182), (8411, 3, 1173223), (8908, 7, 1347044), (8908, 7, 1347185), (8908, 7, 1347200), (8285, 8, 1349324), (8644, 12, 1515588), (8283, 8, 1522238), (8283, 8, 1522761), (8283, 8, 1556156), (8672, 7, 1774234), (8672, 7, 1858679), (9093, 11, 1947941), (8637, 11, 2117032), (8377, 13, 2174867), (8719, 5, 2291335), (8511, 8, 2463017), (8374, 12, 2463372), (8923, 11, 2465125), (8923, 11, 2465129), (9197, 8, 2640473)]"
1683 "[(8288, 12, 316142)]"
8826 "[(1786, 10, 333076), (1124, 3, 2154908), (1124, 3, 2155393), (3903, 11, 2574237), (3903, 11, 2574238)]"
1812 "[(8734, 5, 336823)]"
304 "[(8579, 3, 337141)]"
1844 "[(8838, 3, 342578)]"
1860 "[(8622, 1, 346308), (9041, 15, 1294515), (9041, 15, 1294560), (9041, 15, 1294731), (9041, 15, 1373828)]"
1862 "[(8286, 12, 346675), (8411, 3, 1855970), (9202, 3, 2490573), (9202, 3, 2490851), (9202, 3, 2490967)]"
8569 "[(233, 0, 367631), (233, 0, 452944), (2923, 0, 779396), (3641, 15, 833616), (233, 0, 882612), (3579, 10, 1527165), (3579, 10, 1527253)]"
8822 "[(233, 0, 368838), (2478, 11, 839124), (1780, 14, 1357185), (1780, 14, 1358989), (329, 11, 2077271), (608, 15, 2130604)]"
1970 "[(8856, 13, 380879), (8855, 1, 389161), (8875, 4, 447511), (8334, 9, 571398), (8370, 6, 710208), (8401, 14, 1049520), (8423, 7, 1176439), (8401, 14, 1317214), (8301, 13, 1324328), (8505, 9, 1367541), (8510, 4, 1485287), (8314, 6, 2460188)]"
8858 "[(2024, 1, 394785), (2024, 1, 688183), (2024, 1, 688337), (68, 5, 784050), (2615, 4, 2063865)]"
8873 "[(782, 0, 412462), (835, 11, 565485), (17, 11, 574217), (1778, 0, 591920), (68, 5, 641857), (782, 0, 893784), (4162, 3, 1000601), (4162, 3, 1000631), (3612, 15, 1001803), (3612, 15, 1001821), (68, 5, 1016863), (68, 5, 1028879), (233, 0, 1059182), (3613, 1, 1083540), (3874, 13, 1086519), (68, 5, 1129370), (68, 5, 1160265), (627, 8, 1235392)]"
271 "[(8588, 1, 420947), (8588, 1, 421002), (8623, 8, 1275525), (8347, 6, 2241341), (8937, 6, 2241424), (8937, 6, 2241538)]"
2158 "[(8559, 1, 424381), (8559, 1, 441302), (8848, 5, 445667)]"
1042 "[(8320, 4, 432039), (8992, 11, 1414698), (8411, 3, 2661695)]"
2274 "[(8622, 1, 463188), (9080, 5, 2592891), (9080, 5, 2594108), (9080, 5, 2594115), (9080, 5, 2603666)]"
2344 "[(8896, 7, 484149), (8308, 5, 1095408), (9090, 5, 1269066)]"
8410 "[(731, 11, 486227), (731, 11, 486247), (731, 11, 486283), (731, 11, 486379), (383, 10, 868245), (835, 11, 1168566), (635, 4, 1170961), (731, 11, 1177609), (731, 11, 1177656), (731, 11, 1180335), (4780, 0, 1185798), (635, 4, 1222913), (2923, 0, 1560763), (4587, 4, 1972700), (45, 14, 2066480)]"
2365 "[(8582, 8, 488314), (8582, 8, 488413), (8654, 14, 531391), (8283, 8, 706887), (8582, 8, 875929), (8582, 8, 877326), (8683, 7, 930498), (8590, 5, 930755), (8582, 8, 933532), (8582, 8, 933695), (8582, 8, 940304), (8283, 8, 1043729), (8670, 0, 1054796), (8283, 8, 1096054), (8582, 8, 1129315), (8819, 13, 1140064), (8819, 13, 1213948), (8819, 13, 1222459), (8819, 13, 1275735), (8590, 5, 1286571), (8590, 5, 1286620), (8419, 8, 1291701), (8419, 8, 1291937), (8295, 13, 1311437), (8295, 13, 1312535), (8295, 13, 1352558), (8295, 13, 1352754), (8283, 8, 1357561), (8295, 13, 1374425), (8582, 8, 1488488), (8695, 10, 1546825), (9071, 3, 1556078), (8893, 8, 1646734), (9071, 3, 1650829), (8532, 8, 1652591), (8582, 8, 1697895), (8577, 14, 1724976), (8819, 13, 1813948), (8819, 13, 1820847), (8541, 8, 1903485), (8260, 7, 2161589), (8985, 8, 2184764), (8260, 7, 2238240), (8277, 8, 2342006), (8504, 8, 2430209), (9214, 8, 2430551), (8504, 8, 2496665), (8504, 8, 2556940), (8504, 8, 2557200)]"
2485 "[(8912, 11, 512397)]"
1069 "[(8647, 11, 524336), (8382, 11, 851819), (8578, 1, 1384590), (9072, 3, 1464399), (8382, 11, 1622138), (8382, 11, 1623195), (9168, 6, 1899899), (9168, 6, 1912343), (9168, 6, 1912386), (9168, 6, 1912453), (9168, 6, 1912495)]"
2578 "[(8441, 0, 530985), (8441, 0, 531036), (8441, 0, 580302), (8441, 0, 580566), (8441, 0, 583441), (8441, 0, 617031), (9078, 6, 1286315), (8347, 6, 2046411), (8347, 6, 2046616), (8347, 6, 2046756), (8347, 6, 2046953), (8347, 6, 2046989), (8347, 6, 2055527), (9205, 5, 2213358), (9205, 5, 2214980)]"
2591 "[(8341, 14, 533032), (8365, 8, 533206), (8365, 8, 533295), (8282, 9, 757893), (8282, 9, 809147), (8250, 5, 2260554), (8282, 9, 2260990), (8282, 9, 2452435), (8351, 12, 2539991)]"
8962 "[(3046, 0, 668216), (3046, 0, 668249), (3046, 0, 668378), (3046, 0, 669651), (3046, 0, 669803), (233, 0, 1150358), (954, 0, 1309836), (782, 0, 1577037), (782, 0, 1577104), (233, 0, 1749466), (3612, 15, 1779088), (233, 0, 1838383), (365, 3, 1866875), (40, 0, 1932066), (365, 3, 1954828), (291, 12, 2017959), (365, 3, 2045735), (365, 3, 2045836), (365, 3, 2045940), (365, 3, 2046077), (365, 3, 2093648), (365, 3, 2093734), (233, 0, 2097114), (365, 3, 2138470), (365, 3, 2139172), (461, 8, 2146345), (461, 8, 2146871), (68, 5, 2185064), (461, 8, 2221190), (461, 8, 2221337), (461, 8, 2221491), (461, 8, 2221702), (461, 8, 2221793), (461, 8, 2222166), (461, 8, 2223284), (461, 8, 2236483), (461, 8, 2241571), (611, 1, 2410003), (365, 3, 2548031), (365, 3, 2548146), (365, 3, 2548234), (365, 3, 2548366), (365, 3, 2548412), (365, 3, 2548593)]"
8507 "[(1778, 0, 669600), (1148, 8, 672846), (68, 5, 729722), (1148, 8, 749833), (3142, 4, 800439), (3142, 4, 800739), (1148, 8, 844078), (993, 0, 1145495), (4888, 14, 1207923), (1493, 4, 1208426), (1148, 8, 1221802), (4888, 14, 1277036), (1148, 8, 1313211), (339, 11, 1467444), (125, 11, 1481240), (125, 11, 1481588), (1493, 4, 1544788), (1363, 14, 1804331)]"
486 "[(8975, 10, 690900), (8952, 0, 2187191)]"
3237 "[(8545, 1, 698718), (8545, 1, 698787), (8545, 1, 698881), (8545, 1, 708211), (8545, 1, 708320), (8260, 7, 710029), (8260, 7, 710185), (8260, 7, 710331), (8260, 7, 710390), (8260, 7, 710534), (8260, 7, 710732), (8260, 7, 779414), (8260, 7, 779605), (8260, 7, 779730), (8590, 5, 838132), (8590, 5, 838236), (8545, 1, 1145926), (8260, 7, 2616044), (8260, 7, 2616133)]"
3249 "[(8426, 0, 703403)]"
8271 "[(233, 0, 717818), (40, 0, 718237), (3856, 8, 1304335), (1386, 11, 2465279), (7622, 10, 2470062)]"
8809 "[(233, 0, 718980)]"
3324 "[(8936, 12, 728921), (8734, 5, 2347561)]"
8617 "[(1994, 4, 752793), (482, 7, 781576), (1994, 4, 820466), (318, 11, 900927), (917, 6, 1001726), (284, 6, 1359833), (6011, 0, 1679763), (73, 10, 2186699), (233, 0, 2356106), (1549, 1, 2436759), (1549, 1, 2437239), (1549, 1, 2437423), (68, 5, 2510684)]"
8991 "[(983, 5, 758436), (983, 5, 758535), (727, 4, 963876), (4085, 0, 2172613)]"
3476 "[(8421, 13, 768999)]"
9006 "[(3507, 10, 779860), (3507, 10, 780001), (3507, 10, 780041), (3507, 10, 780168), (3507, 10, 783409), (3507, 10, 783436), (1176, 10, 845603), (3507, 10, 851841), (3507, 10, 852103), (3507, 10, 852258), (749, 10, 874460), (233, 0, 886169), (3507, 10, 905960), (3507, 10, 915703), (3507, 10, 915770), (3507, 10, 916005), (233, 0, 970408), (1552, 11, 1020278), (3507, 10, 1158078), (3507, 10, 1165980), (3507, 10, 1166044), (3507, 10, 1190875), (1397, 8, 1320548), (3507, 10, 1888793), (3507, 10, 1888843), (3507, 10, 1888935), (3507, 10, 1937076), (3507, 10, 1959550), (3507, 10, 1959756), (3507, 10, 1959928), (3507, 10, 1960655), (68, 5, 1987653), (3507, 10, 2039404), (3507, 10, 2047294), (3507, 10, 2047360)]"
3541 "[(8985, 8, 792221)]"
9010 "[(1778, 0, 800296), (68, 5, 1125028), (68, 5, 1178657), (4517, 0, 1358716), (4517, 0, 1358835), (4517, 0, 1942761)]"
3574 "[(8872, 5, 804962), (8872, 5, 817354), (8872, 5, 826314), (8872, 5, 1165678)]"
3573 "[(8273, 1, 805887)]"
245 "[(8312, 15, 819244), (8697, 9, 837491), (8676, 9, 1683804), (8697, 9, 2447923), (8697, 9, 2447993), (8697, 9, 2448040)]"
3567 "[(8241, 7, 835287), (9092, 5, 1384556), (9092, 5, 1384618), (8545, 1, 1386924), (8545, 1, 1386979), (9166, 7, 1752678), (9168, 6, 2002929), (8937, 6, 2522978)]"
3709 "[(8246, 13, 852487), (8414, 13, 853810)]"
1732 "[(8273, 1, 866127)]"
9023 "[(402, 3, 867196), (402, 3, 871550), (402, 3, 871580), (874, 9, 913754), (1647, 0, 1007321), (317, 7, 1008604), (4085, 0, 1653595), (68, 5, 2061492), (799, 0, 2061840), (67, 0, 2062407), (67, 0, 2073322), (67, 0, 2073344), (67, 0, 2073420), (68, 5, 2074656), (233, 0, 2094933), (40, 0, 2147224), (40, 0, 2147545), (40, 0, 2147562), (40, 0, 2147579), (4085, 0, 2197456), (402, 3, 2226972), (799, 0, 2278492), (4085, 0, 2292071), (5394, 10, 2464609), (40, 0, 2529663), (4186, 11, 2647968)]"
2974 "[(8531, 12, 873932), (8531, 12, 936120)]"
8910 "[(233, 0, 882701), (233, 0, 887038), (4085, 0, 1317954)]"
9020 "[(461, 8, 903659), (461, 8, 940099), (461, 8, 1188420), (248, 7, 1421435), (935, 5, 1979127), (461, 8, 1984199), (749, 10, 2182454), (461, 8, 2192803), (461, 8, 2193300), (461, 8, 2220613), (1076, 11, 2244888), (6965, 11, 2590312)]"
8432 "[(3931, 3, 927658), (2196, 7, 1090241), (920, 4, 1899340)]"
3969 "[(8870, 4, 936311), (8526, 7, 1702300)]"
4074 "[(8887, 3, 969321)]"
2402 "[(8942, 11, 978817), (8942, 11, 978860), (8942, 11, 978971), (8942, 11, 979078), (8942, 11, 979164), (8942, 11, 979215), (8942, 11, 979313), (8942, 11, 979360), (8942, 11, 979400), (8942, 11, 979760), (8942, 11, 979919), (8942, 11, 980142), (8942, 11, 1146455), (8942, 11, 1148212), (8942, 11, 1180564), (8942, 11, 1180818), (8942, 11, 1180852), (8942, 11, 1180984), (8942, 11, 1182455), (8942, 11, 1182758), (8942, 11, 1193270)]"
8766 "[(246, 11, 986093), (17, 11, 1106252), (1276, 14, 1106338), (339, 11, 1309659), (339, 11, 1349252), (17, 11, 1519870), (17, 11, 1659342), (339, 11, 2307723), (3974, 3, 2413850), (3974, 3, 2495158), (3974, 3, 2498476), (339, 11, 2554405), (339, 11, 2644680)]"
4145 "[(8390, 3, 995267)]"
9045 "[(347, 3, 1005288), (347, 3, 1005325), (2087, 14, 1023223), (750, 3, 1054641), (318, 11, 1064236), (318, 11, 1064253), (68, 5, 1075396), (73, 10, 1079401), (68, 5, 1083416), (1804, 5, 1093212), (1804, 5, 1101420), (1804, 5, 1107228), (1804, 5, 1107462), (1804, 5, 1111410), (2973, 12, 1112330), (1804, 5, 1112402), (2973, 12, 1112790), (2973, 12, 1112922), (68, 5, 1114215), (68, 5, 1125794), (2973, 12, 1131748), (233, 0, 1153427), (537, 15, 1157654), (537, 15, 1157720), (4758, 6, 1180272), (1519, 13, 1182593), (2973, 12, 1189321), (4844, 0, 1199856), (1804, 5, 1211732), (3503, 0, 1228377), (233, 0, 1234706), (233, 0, 1240416), (17, 11, 1265413), (3503, 0, 1301568), (1036, 7, 1315205), (1036, 7, 1315278), (347, 3, 1344062), (3014, 3, 1348523), (1804, 5, 1554770), (6031, 8, 1637812), (4085, 0, 1652200), (750, 3, 1699351), (750, 3, 1699416), (1804, 5, 1706885), (2621, 3, 1879798), (2495, 0, 1978873), (233, 0, 2012865), (2878, 6, 2098858), (2878, 6, 2099852), (2878, 6, 2101080), (2878, 6, 2101168), (2878, 6, 2101419), (2878, 6, 2101762), (40, 0, 2241199), (2878, 6, 2260383), (859, 14, 2477226), (233, 0, 2528889), (40, 0, 2533814)]"
4178 "[(8684, 10, 1005799), (8684, 10, 1006343), (8684, 10, 1006436), (8684, 10, 1539421), (8648, 11, 1629356), (8576, 8, 1642406), (8563, 11, 1700643), (8452, 5, 2078752), (8452, 5, 2078773), (8452, 5, 2078820), (8648, 11, 2217789), (8648, 11, 2217822)]"
9054 "[(4225, 3, 1014151), (994, 5, 1014191), (17, 11, 1015091), (2093, 4, 1015117), (1942, 4, 1015247), (17, 11, 1016013), (2923, 0, 1016921), (658, 3, 1016941), (2923, 0, 1017071), (644, 3, 1021005), (644, 3, 1021027), (2654, 6, 1026469), (2447, 3, 1028679), (539, 3, 1029241), (68, 5, 1030921), (2923, 0, 1035247), (2923, 0, 1035382), (482, 7, 1041893), (482, 7, 1041920), (482, 7, 1041989), (482, 7, 1042114), (482, 7, 1042164), (482, 7, 1042243), (482, 7, 1042324), (17, 11, 1081021), (2103, 5, 1081093), (17, 11, 1081992), (482, 7, 1120373), (482, 7, 1120494), (2923, 0, 1132017), (2103, 5, 1178165), (2103, 5, 1178594), (119, 3, 1267209), (119, 3, 1267319), (119, 3, 1267348), (119, 3, 1267380), (119, 3, 1267820), (119, 3, 1267878), (119, 3, 1268209), (119, 3, 1268375), (68, 5, 1269582), (119, 3, 1477868), (119, 3, 1477949), (2923, 0, 1535562), (119, 3, 1984382), (119, 3, 1985853), (659, 14, 2169676), (73, 10, 2279890), (73, 10, 2356336), (2953, 4, 2387615), (233, 0, 2530110), (1220, 3, 2630016), (1220, 3, 2630063)]"
3088 "[(8286, 12, 1014245), (8286, 12, 1072382), (8286, 12, 1072401), (8286, 12, 1072553), (8286, 12, 1116199), (8286, 12, 1157146), (8286, 12, 1158527), (8286, 12, 1159105)]"
9053 "[(497, 4, 1014764), (1004, 14, 1047409), (1004, 14, 1047806), (1004, 14, 1096950), (1004, 14, 1098126), (233, 0, 1152471), (68, 5, 1182190), (870, 3, 1187732), (608, 15, 1204693), (608, 15, 1204769), (608, 15, 1204783), (608, 15, 1204797), (608, 15, 1204872), (608, 15, 1204887), (608, 15, 1204961), (608, 15, 1205036), (608, 15, 1205052), (68, 5, 1210759), (233, 0, 1233958), (537, 15, 1244090), (1726, 14, 1456523), (68, 5, 1529663), (233, 0, 1578531), (608, 15, 1817297), (73, 10, 2356415), (954, 0, 2428630)]"
8696 "[(1173, 11, 1037709), (233, 0, 1153126)]"
2174 "[(8869, 8, 1038705), (9014, 8, 1038737), (8869, 8, 1039104), (8239, 11, 1734170), (9064, 0, 2426103), (8907, 9, 2595271), (8907, 9, 2595448)]"
718 "[(8623, 8, 1039337), (8703, 12, 1589055), (8703, 12, 1589094), (8703, 12, 1589116), (8703, 12, 1589332), (8703, 12, 1589537), (8246, 13, 2091819), (8358, 12, 2276036), (8358, 12, 2276091)]"
4377 "[(8887, 3, 1052072), (8887, 3, 1052094), (8887, 3, 1052124)]"
8742 "[(749, 10, 1055085), (4947, 10, 1232665)]"
844 "[(8623, 8, 1057352), (8623, 8, 1789200)]"
4446 "[(8424, 0, 1078647), (9129, 15, 1505303), (9129, 15, 1505331), (8424, 0, 1675285), (8424, 0, 1675292), (8424, 0, 1675681)]"
4492 "[(8423, 7, 1097400)]"
4499 "[(8411, 3, 1098402)]"
268 "[(8706, 11, 1113437), (8706, 11, 1113732), (9202, 3, 2131501), (9202, 3, 2131802), (9202, 3, 2132434), (9202, 3, 2132478), (9202, 3, 2132570), (9202, 3, 2132754), (9202, 3, 2137260), (9202, 3, 2213730)]"
9069 "[(89, 13, 1119981), (1971, 10, 1169079), (1183, 10, 1169083), (2133, 12, 1169317), (2133, 12, 1169689), (1761, 11, 1169751), (1641, 14, 1169762), (4699, 14, 1170014), (1761, 11, 1170051), (477, 12, 1170384), (477, 12, 1170467), (1831, 11, 1170506), (1831, 11, 1170628), (1831, 11, 1170677), (1831, 11, 1170698), (2133, 12, 1170753), (1951, 15, 1170909), (4016, 13, 1171573), (2133, 12, 1172474), (4709, 12, 1172605), (2133, 12, 1173387), (3025, 11, 1173556), (484, 3, 1173657), (697, 12, 1173889), (517, 14, 1174364), (3748, 4, 1174843), (2128, 4, 1175116), (4016, 13, 1175440), (3072, 9, 1175717), (331, 3, 1177816), (331, 3, 1177843), (1224, 1, 1178216), (539, 3, 1179056), (4752, 11, 1179217), (119, 3, 1180739), (4763, 10, 1180982), (476, 13, 1181053), (476, 13, 1181097), (2447, 3, 1181161), (119, 3, 1181306), (119, 3, 1181776), (119, 3, 1181975), (2447, 3, 1182197), (119, 3, 1182387), (119, 3, 1182488), (3992, 3, 1183637), (3992, 3, 1183772), (695, 5, 1184143), (595, 3, 1184432), (595, 3, 1184667), (4016, 13, 1184727), (595, 3, 1184736), (595, 3, 1184813), (2146, 14, 1185913), (3152, 0, 1186960), (3152, 0, 1187240), (68, 5, 1189146), (1239, 8, 1191341), (1427, 9, 1192279), (1973, 7, 1195880), (1973, 7, 1195957), (2436, 3, 1198241), (119, 3, 1201980), (119, 3, 1203305), (68, 5, 1204509), (119, 3, 1205565), (539, 3, 1207446), (539, 3, 1207508), (4403, 9, 1208774), (1779, 15, 1209492), (318, 11, 1211388), (318, 11, 1211613), (1046, 13, 1213700), (697, 12, 1214307), (119, 3, 1214743), (119, 3, 1214828), (119, 3, 1215166), (119, 3, 1215228), (935, 5, 1215522), (3497, 9, 1216589), (3497, 9, 1216619), (2887, 13, 1217045), (68, 5, 1222804), (4085, 0, 1225486), (1046, 13, 1233281), (1981, 1, 1235441), (248, 7, 1235641), (1552, 11, 1239895), (4999, 13, 1251553), (5000, 8, 1253138), (2103, 5, 1257881), (3896, 1, 1260436), (484, 3, 1262694), (4016, 13, 1265115), (4016, 13, 1269545), (1013, 15, 1280777), (1013, 15, 1282468), (4633, 6, 1283297), (4633, 6, 1283365), (1711, 5, 1283457), (477, 12, 1294432), (318, 11, 1304295), (233, 0, 1315180), (2103, 5, 1339123), (109, 1, 1483193), (109, 1, 1487359), (3756, 13, 1501383), (3756, 13, 1501903), (3108, 13, 1538020), (3108, 13, 1538042), (5622, 11, 1543434), (17, 11, 1548501), (5847, 6, 1562802), (248, 7, 1563931), (17, 11, 1569102), (449, 7, 1571357), (449, 7, 1572048), (1493, 4, 1635286), (17, 11, 1660299), (4633, 6, 1665340), (644, 3, 1690210), (644, 3, 1690636), (1493, 4, 1691641), (6164, 12, 1701993), (1493, 4, 1790416), (1493, 4, 1790591), (1493, 4, 1790707), (89, 13, 1808715), (644, 3, 1872901), (1973, 7, 1921298), (1973, 7, 1921434), (4085, 0, 1942950), (731, 11, 2141024), (143, 13, 2568045), (339, 11, 2581770), (875, 5, 2600964), (3756, 13, 2652008)]"
2143 "[(8657, 4, 1131098), (8657, 4, 1216139), (9071, 3, 1561290), (9166, 7, 1726265), (9166, 7, 1739606), (8558, 7, 1753641)]"
829 "[(8308, 5, 1144297), (8308, 5, 1259849), (8308, 5, 1260224), (8308, 5, 1260535), (8308, 5, 1261390), (8308, 5, 1261562), (8308, 5, 1269298), (8308, 5, 1725933), (8308, 5, 2028547), (9090, 5, 2240245), (9090, 5, 2240328), (9090, 5, 2288308), (9090, 5, 2385241), (9090, 5, 2389401), (8347, 6, 2576345), (8347, 6, 2634029)]"
4766 "[(8268, 5, 1181797), (9048, 13, 1260266)]"
9084 "[(3743, 14, 1201928), (4752, 11, 2624802), (541, 11, 2624874), (2541, 3, 2624951), (4752, 11, 2625128), (4752, 11, 2625614), (4752, 11, 2625664), (1973, 7, 2625823), (1973, 7, 2625876), (4752, 11, 2625897), (4752, 11, 2626005), (1973, 7, 2626019), (1973, 7, 2626093), (4752, 11, 2626108), (1973, 7, 2626137), (4752, 11, 2626153), (1973, 7, 2626233), (1973, 7, 2626264), (1973, 7, 2626290), (2425, 5, 2626614), (1206, 5, 2627443), (7756, 6, 2627591), (1264, 12, 2628678), (1264, 12, 2628699), (285, 11, 2629384), (285, 11, 2629400), (285, 11, 2629420), (1225, 0, 2630149), (7205, 4, 2631706), (109, 1, 2632421), (2068, 6, 2632941), (1276, 14, 2634209), (3636, 7, 2634275), (109, 1, 2634335), (4266, 11, 2634381), (2103, 5, 2635499), (1973, 7, 2635776), (109, 1, 2636254), (1973, 7, 2636405), (1973, 7, 2637021), (318, 11, 2637403), (318, 11, 2637449), (1973, 7, 2638157), (1973, 7, 2638283), (1973, 7, 2638429), (318, 11, 2638487), (3114, 13, 2638684), (318, 11, 2638915), (318, 11, 2639140), (318, 11, 2639171), (318, 11, 2639281), (3114, 13, 2639705), (1973, 7, 2639835), (318, 11, 2639951), (1973, 7, 2640462), (477, 12, 2641516), (1973, 7, 2642003), (1973, 7, 2642198), (6209, 7, 2643135), (2134, 1, 2643167), (1856, 3, 2645626), (477, 12, 2647355), (477, 12, 2647366), (477, 12, 2647395), (109, 1, 2652328), (517, 14, 2653058), (17, 11, 2653565), (4361, 3, 2657152), (4361, 3, 2657209), (7787, 11, 2659905), (3735, 5, 2661310), (994, 5, 2666950), (3114, 13, 2667805), (2436, 3, 2668160), (68, 5, 2668823), (318, 11, 2670628), (318, 11, 2670863), (4251, 6, 2671118), (318, 11, 2671177), (318, 11, 2671373), (3114, 13, 2671521), (4251, 6, 2671633), (3114, 13, 2671872), (2468, 3, 2671980), (994, 5, 2672212), (994, 5, 2672340), (994, 5, 2672408), (994, 5, 2672581), (994, 5, 2672754), (994, 5, 2672853), (3114, 13, 2672910)]"
8279 "[(17, 11, 1205398)]"
9079 "[(286, 5, 1205606), (286, 5, 1205771), (4917, 10, 1215497), (233, 0, 1240036), (286, 5, 1355677), (4443, 15, 1369311), (286, 5, 1375503), (233, 0, 1495482), (730, 12, 1597974), (730, 12, 1597992), (5622, 11, 1869184), (2833, 4, 2287128), (233, 0, 2448709)]"
105 "[(8260, 7, 1206803)]"
4688 "[(8963, 15, 1208537)]"
5004 "[(8356, 5, 1254853)]"
4736 "[(8365, 8, 1261412), (8241, 7, 1346929), (8365, 8, 1347152), (9080, 5, 2239059), (9080, 5, 2239267), (9080, 5, 2250974), (8736, 5, 2658000), (8736, 5, 2658554), (8736, 5, 2659777), (8736, 5, 2660280)]"
2013 "[(8241, 7, 1264936)]"
47 "[(8765, 10, 1282004), (8765, 10, 1282091), (8765, 10, 1340873), (8765, 10, 1425870)]"
50 "[(8604, 14, 1285287), (8575, 4, 1376583)]"
9074 "[(1726, 14, 1295228), (383, 10, 2467512), (2892, 11, 2621662), (4441, 13, 2652928)]"
4292 "[(9092, 5, 1303273), (9092, 5, 1383865)]"
8674 "[(5184, 3, 1312396)]"
1571 "[(8246, 13, 1315020)]"
9091 "[(68, 5, 1359289), (233, 0, 2015283), (22, 7, 2103997), (22, 7, 2332330), (22, 7, 2333008), (22, 7, 2333114), (22, 7, 2333734), (22, 7, 2346425), (22, 7, 2350758), (22, 7, 2352230), (22, 7, 2352537), (22, 7, 2352699), (22, 7, 2352717), (22, 7, 2492395), (22, 7, 2492690)]"
3861 "[(8471, 3, 1365748), (8471, 3, 1366129), (8645, 0, 2365754), (8645, 0, 2365886), (8426, 0, 2585961)]"
5360 "[(8645, 0, 1373161), (8548, 15, 2320109)]"
3168 "[(8415, 7, 1373177), (8415, 7, 1373238)]"
8778 "[(17, 11, 1374825), (5813, 8, 1548704), (2646, 4, 1550932), (1148, 8, 1552585), (3259, 6, 1554218), (36, 3, 1554724), (36, 3, 1561245), (233, 0, 1577806), (36, 3, 1586792), (2441, 13, 1601414), (1148, 8, 1603310), (874, 9, 1615021), (1148, 8, 1620524), (36, 3, 1632529), (36, 3, 1632704), (1148, 8, 1643181), (36, 3, 1650491), (36, 3, 1650714), (36, 3, 1659530), (36, 3, 1659606), (402, 3, 1660313), (402, 3, 1660375), (402, 3, 1660641), (36, 3, 1669611), (1148, 8, 1683383), (36, 3, 1731483), (1148, 8, 1739371), (402, 3, 1741078), (402, 3, 1741306), (1148, 8, 1745791), (36, 3, 1804949), (36, 3, 1809018), (36, 3, 1812081), (402, 3, 1816657), (36, 3, 1824996), (36, 3, 1840232), (1148, 8, 1886482), (36, 3, 1998984), (2114, 11, 2045699), (36, 3, 2070274), (1148, 8, 2087214), (36, 3, 2158636), (402, 3, 2165696), (4633, 6, 2201278), (4633, 6, 2201390), (1148, 8, 2209359), (36, 3, 2263735), (1148, 8, 2265418), (36, 3, 2265523), (36, 3, 2597603), (875, 5, 2600478), (402, 3, 2659045)]"
4742 "[(8593, 7, 1390466)]"
9113 "[(5622, 11, 1469273), (2131, 15, 1470343), (68, 5, 1473819), (606, 5, 1484774), (1185, 4, 1497531), (1185, 4, 1497631), (1185, 4, 1497961), (1185, 4, 1498140), (1185, 4, 1498212), (1185, 4, 1498488), (3108, 13, 1574806), (2925, 0, 1596926), (2925, 0, 1597619), (2925, 0, 1789355), (2925, 0, 1809357), (5622, 11, 2073987)]"
9120 "[(233, 0, 1491329)]"
9140 "[(83, 3, 1528351), (1124, 3, 1535951), (5767, 9, 1546856), (4085, 0, 1672612), (3591, 11, 1727840), (5774, 6, 1730636), (2373, 6, 1788994), (2373, 6, 1789243), (2179, 15, 1789928), (2179, 15, 1808056), (40, 0, 1817695), (1176, 10, 1817811), (1176, 10, 1817858), (1185, 4, 1826909), (1185, 4, 1826979), (1185, 4, 1832768), (2373, 6, 1874082), (2179, 15, 1876390), (2179, 15, 1890398), (2179, 15, 1890416), (2179, 15, 1892510), (2179, 15, 1893070), (2179, 15, 1893177), (288, 0, 1933081), (68, 5, 1989106), (68, 5, 2057135), (935, 5, 2064234), (935, 5, 2064244)]"
4773 "[(8963, 15, 1547152)]"
4850 "[(8263, 5, 1554735)]"
4845 "[(9071, 3, 1562012), (9071, 3, 1562238), (9071, 3, 1562422), (9071, 3, 1563205), (9071, 3, 1575690), (9071, 3, 1575954), (9071, 3, 1576386), (9071, 3, 1578240), (9071, 3, 1578348), (9071, 3, 1635703), (9071, 3, 1670049), (8964, 13, 2156481), (8964, 13, 2156556), (8964, 13, 2175536), (8964, 13, 2247624)]"
5864 "[(9071, 3, 1566913), (8683, 7, 1737985)]"
5869 "[(8758, 1, 1570139), (8887, 3, 1623220), (8758, 1, 2311338), (8758, 1, 2321175), (8758, 1, 2321269), (8758, 1, 2325371), (8758, 1, 2415207), (8758, 1, 2415881), (8758, 1, 2507165), (8758, 1, 2522448), (8758, 1, 2588166), (8758, 1, 2589865), (8758, 1, 2590789), (8758, 1, 2591227), (8758, 1, 2591353), (8758, 1, 2591830), (8758, 1, 2592061), (8758, 1, 2592258), (8758, 1, 2652563)]"
5926 "[(9071, 3, 1600057)]"
6007 "[(9063, 3, 1631562), (8587, 13, 2061179)]"
5853 "[(8356, 5, 1640716), (9223, 4, 2427773)]"
6170 "[(8640, 15, 1703898), (8640, 15, 1703956), (8640, 15, 1704033), (8260, 7, 2665114), (8260, 7, 2666028)]"
9167 "[(119, 3, 1704738), (119, 3, 1704755), (1647, 0, 1705283), (1647, 0, 1705388), (68, 5, 1706898), (233, 0, 1749773), (1359, 10, 1796247), (1647, 0, 1914022), (1647, 0, 1914050), (1647, 0, 1914098), (1647, 0, 1914636), (1647, 0, 1914678), (1647, 0, 1938862), (1647, 0, 1938935), (1647, 0, 1938969), (1647, 0, 1939780), (749, 10, 1973291)]"
9165 "[(799, 0, 1716372), (659, 14, 1730960), (233, 0, 1748570), (233, 0, 1748686), (233, 0, 1750668), (799, 0, 1802494), (67, 0, 1868734), (67, 0, 1868826), (68, 5, 1988019), (4085, 0, 2198012)]"
6396 "[(9166, 7, 1799713), (8975, 10, 1803245), (8975, 10, 2337806)]"
4862 "[(8411, 3, 1803512)]"
3715 "[(9166, 7, 1824599), (9166, 7, 1824931), (8260, 7, 2177914)]"
1655 "[(8774, 10, 1863099), (8774, 10, 1863189), (8774, 10, 1863438), (8774, 10, 1863527), (8774, 10, 2014429)]"
4325 "[(8506, 6, 1873406), (8636, 0, 1921005), (9151, 7, 2563116), (9151, 7, 2563148)]"
6019 "[(9166, 7, 1897031), (9166, 7, 2124895)]"
6787 "[(8250, 5, 1976504)]"
4599 "[(8887, 3, 1991011)]"
6534 "[(9168, 6, 2008436)]"
1739 "[(9166, 7, 2055188), (9223, 4, 2405696)]"
4793 "[(9202, 3, 2125579)]"
6372 "[(9103, 15, 2134138)]"
9206 "[(1786, 10, 2154074), (4345, 9, 2155266)]"
4528 "[(8887, 3, 2171744)]"
9153 "[(383, 10, 2172297), (383, 10, 2256378), (828, 4, 2268610), (828, 4, 2268791), (828, 4, 2268884), (828, 4, 2268920), (828, 4, 2269070), (828, 4, 2269143), (828, 4, 2269171), (828, 4, 2269657), (828, 4, 2269710), (828, 4, 2269753), (828, 4, 2269784), (828, 4, 2271308), (828, 4, 2271522), (383, 10, 2322442)]"
4778 "[(9168, 6, 2199654)]"
7308 "[(9034, 12, 2211932)]"
4851 "[(9080, 5, 2234037)]"
56 "[(8308, 5, 2234855), (8502, 12, 2235030), (8408, 5, 2244091), (8814, 7, 2244604), (8818, 5, 2245409), (9205, 5, 2298671), (8347, 6, 2298754)]"
5031 "[(9168, 6, 2317493)]"
4258 "[(9160, 5, 2354795)]"
9224 "[(1404, 4, 2421671), (539, 3, 2423796), (17, 11, 2424496), (22, 7, 2424888), (695, 5, 2425396), (1382, 7, 2429521), (1382, 7, 2429669), (1382, 7, 2429709), (1382, 7, 2429773), (570, 3, 2430112), (570, 3, 2430600), (570, 3, 2430745), (570, 3, 2433063), (570, 3, 2433081), (570, 3, 2433119), (84, 12, 2434697), (2622, 10, 2437992), (68, 5, 2438669), (2622, 10, 2439990), (1046, 13, 2448973), (1046, 13, 2449300), (484, 3, 2450437), (484, 3, 2450514), (484, 3, 2450589), (484, 3, 2451280), (484, 3, 2451297), (484, 3, 2451896), (484, 3, 2451932), (484, 3, 2452007), (484, 3, 2452173), (484, 3, 2452258), (484, 3, 2452317), (2958, 12, 2459046), (484, 3, 2466938), (484, 3, 2467097), (539, 3, 2467650), (539, 3, 2467681), (484, 3, 2467717), (484, 3, 2467987), (870, 3, 2472473), (484, 3, 2472915), (68, 5, 2474684), (484, 3, 2475219), (1754, 4, 2479712), (644, 3, 2484167), (644, 3, 2484953), (477, 12, 2641634)]"
7796 "[(8411, 3, 2422072)]"
4281 "[(9214, 8, 2456144)]"
5273 "[(8411, 3, 2461839)]"
8496 "[(233, 0, 2527966)]"
8497 "[(233, 0, 2527976)]"
5720 "[(8591, 7, 2642718)]"
9170 "[(5383, 14, 2671350)]"
