8250 "[(23, 15, 1529), (3367, 4, 741841), (3367, 4, 741987), (3966, 12, 935624), (3977, 0, 938324), (4173, 12, 1004076), (3966, 12, 1008667), (3966, 12, 1010025), (1602, 6, 1231541), (1602, 6, 1231649), (5182, 0, 1310605), (3977, 0, 1360095), (466, 1, 1385995), (912, 9, 1390323), (1780, 14, 1401652), (1452, 4, 1404122), (1452, 4, 1404211), (5491, 11, 1429566), (5652, 12, 1477582), (3757, 4, 1486832), (5803, 7, 1546219), (3360, 6, 1561697), (3360, 6, 1561872), (2495, 0, 1597352), (5975, 10, 1621175), (5983, 13, 1624180), (912, 9, 1649995), (2836, 13, 1730913), (761, 2, 1742604), (761, 2, 1744594), (761, 2, 1744987), (4085, 0, 1751163), (3407, 6, 1810638), (3779, 12, 1829743), (40, 0, 1840992), (155, 6, 1899067), (155, 6, 1899254), (5491, 11, 1968768), (6787, 2, 1976504), (3173, 3, 2059955), (659, 14, 2120096), (912, 9, 2136278), (2011, 1, 2158755), (228, 1, 2159393), (73, 10, 2186485), (2196, 7, 2221106), (1516, 1, 2246868), (2591, 2, 2260554), (1729, 4, 2318229), (17, 11, 2351229), (17, 11, 2406176), (17, 11, 2477785), (1661, 1, 2507475), (3360, 6, 2521744), (3360, 6, 2521973), (3360, 6, 2522046), (7669, 9, 2529594), (7669, 9, 2530053)]"
8263 "[(36, 3, 2382), (477, 12, 64628), (680, 1, 92922), (2237, 6, 446412), (17, 11, 688553), (3184, 12, 688692), (36, 3, 692834), (3379, 6, 744128), (611, 1, 781338), (3512, 14, 781704), (627, 8, 782971), (4230, 13, 1016517), (22, 7, 1051448), (17, 11, 1137392), (156, 14, 1138306), (3114, 13, 1191319), (4850, 2, 1554735), (3985, 4, 1633881), (1185, 4, 2610015), (1185, 4, 2610645)]"
68 "[(8249, 13, 6344), (8299, 2, 18679), (8244, 10, 20820), (8350, 6, 40290), (8427, 7, 45737), (8267, 3, 51259), (8433, 3, 55555), (8331, 12, 63158), (8296, 13, 63410), (8551, 13, 75644), (8423, 7, 76041), (8454, 12, 78346), (8423, 7, 79594), (8315, 11, 83776), (8400, 0, 84865), (8423, 7, 87042), (8256, 3, 107459), (8441, 0, 115037), (8433, 3, 117370), (8620, 14, 126664), (8384, 12, 129272), (8423, 7, 137210), (8422, 10, 147073), (8320, 4, 149779), (8389, 11, 153938), (8446, 6, 161642), (8545, 1, 165089), (8583, 13, 166563), (8702, 6, 167269), (8557, 4, 170816), (8579, 3, 173024), (8450, 13, 182552), (8701, 8, 185644), (8301, 13, 189156), (8622, 1, 196959), (8588, 1, 206706), (8541, 8, 219158), (8622, 1, 220527), (8386, 14, 241424), (8749, 12, 243571), (8749, 12, 246790), (8332, 14, 250300), (8283, 8, 254466), (8296, 13, 258284), (8320, 4, 260728), (8411, 3, 263314), (8540, 15, 264033), (8403, 14, 268039), (8761, 4, 273267), (8350, 6, 274376), (8631, 6, 288583), (8433, 3, 295531), (8716, 11, 309807), (8292, 12, 312174), (8275, 7, 315918), (8297, 0, 316704), (8557, 4, 319258), (8631, 6, 321146), (8762, 3, 327024), (8262, 8, 337326), (8350, 6, 339947), (8557, 4, 340975), (8758, 1, 341944), (8643, 15, 342986), (8596, 2, 343575), (8251, 1, 351039), (8758, 1, 353229), (8530, 0, 359728), (8257, 12, 365291), (8549, 12, 373461), (8310, 13, 374769), (8589, 14, 387912), (8801, 14, 388622), (8592, 15, 392710), (8868, 0, 401761), (8863, 0, 402767), (8828, 9, 404687), (8431, 2, 409193), (8588, 1, 422216), (8855, 1, 423601), (8373, 11, 428004), (8643, 15, 428333), (8875, 4, 432917), (8284, 12, 442564), (8301, 13, 453590), (8887, 3, 460122), (8875, 4, 463950), (8814, 7, 464354), (8887, 3, 475889), (8753, 0, 476006), (8443, 1, 480646), (8888, 4, 484336), (8875, 4, 490777), (8875, 4, 498460), (8526, 7, 502140), (8887, 3, 502149), (8427, 7, 504692), (8896, 7, 504721), (8827, 7, 514290), (8687, 9, 516862), (8855, 1, 523852), (8887, 3, 526621), (8535, 4, 530376), (8433, 3, 533119), (8350, 6, 536703), (8879, 9, 537791), (8438, 0, 544972), (8447, 12, 546892), (8772, 12, 566854), (8468, 3, 578617), (8301, 13, 580792), (8537, 10, 589624), (8623, 8, 598812), (8936, 12, 599795), (8887, 3, 600855), (8588, 1, 601396), (8721, 12, 603079), (8347, 6, 616824), (8381, 6, 621979), (8936, 12, 626152), (8332, 14, 627339), (8955, 11, 639507), (8873, 2, 641857), (8955, 11, 644719), (8266, 11, 646298), (8266, 11, 650027), (8332, 14, 650181), (8721, 12, 654424), (8244, 10, 659408), (8887, 3, 662708), (8887, 3, 663360), (8623, 8, 666478), (8301, 13, 673673), (8246, 13, 673908), (8267, 3, 674550), (8526, 7, 675935), (8498, 4, 679200), (8887, 3, 679764), (8339, 4, 680993), (8310, 13, 691562), (8887, 3, 692739), (8549, 12, 699481), (8627, 14, 701447), (8530, 0, 703819), (8501, 12, 708908), (8670, 0, 709868), (8981, 14, 715190), (8904, 3, 717445), (8347, 6, 717527), (8273, 1, 719724), (8556, 11, 722979), (8260, 7, 723392), (8981, 14, 726444), (8981, 14, 727594), (8887, 3, 729389), (8507, 2, 729722), (8339, 4, 740237), (8609, 2, 751521), (8793, 11, 764540), (8260, 7, 769880), (8267, 3, 770751), (8318, 2, 777361), (8858, 2, 784050), (8812, 7, 793501), (8276, 13, 796450), (8837, 15, 797140), (8688, 14, 809335), (8885, 4, 809865), (8784, 12, 823374), (8721, 12, 828998), (8524, 0, 834917), (8784, 12, 838525), (8295, 13, 839437), (8237, 6, 839626), (8887, 3, 841459), (8887, 3, 848974), (8546, 6, 849420), (8295, 13, 854162), (8539, 14, 854201), (8985, 8, 866018), (8942, 11, 868041), (8504, 8, 873885), (8784, 12, 875328), (8588, 1, 882029), (8908, 7, 886345), (8438, 0, 889420), (8855, 1, 896038), (8887, 3, 907751), (8235, 12, 911522), (8267, 3, 926989), (9026, 10, 927285), (8454, 12, 927591), (9026, 10, 928625), (8339, 4, 928886), (8524, 0, 929940), (8348, 1, 939576), (8985, 8, 940756), (8588, 1, 941160), (8639, 14, 941169), (8266, 11, 941239), (8295, 13, 944604), (8985, 8, 945262), (8251, 1, 952341), (8274, 2, 954363), (8267, 3, 964281), (8442, 7, 964495), (8812, 7, 971663), (8602, 11, 973235), (8295, 13, 974058), (8688, 14, 974832), (8942, 11, 980924), (8460, 8, 983398), (9047, 15, 984859), (8438, 0, 988154), (8855, 1, 994269), (8559, 1, 1002003), (8267, 3, 1003139), (8260, 7, 1010707), (8315, 11, 1011303), (8450, 13, 1012468), (8873, 2, 1016863), (8678, 7, 1017688), (8871, 4, 1022499), (8873, 2, 1028879), (9054, 2, 1030921), (9048, 13, 1031226), (8527, 9, 1038103), (8450, 13, 1039078), (8952, 0, 1040469), (8446, 6, 1042935), (8758, 1, 1052333), (8806, 9, 1061481), (9045, 2, 1075396), (9045, 2, 1083416), (8527, 9, 1094732), (8694, 12, 1095901), (8343, 9, 1096687), (8758, 1, 1099201), (8370, 6, 1099348), (8535, 4, 1102356), (8348, 1, 1105468), (8438, 0, 1107888), (8438, 0, 1110295), (9066, 15, 1110770), (9045, 2, 1114215), (8323, 12, 1117731), (8295, 13, 1117964), (8447, 12, 1119855), (8438, 0, 1122836), (9010, 2, 1125028), (9045, 2, 1125794), (8873, 2, 1129370), (8873, 2, 1160265), (8438, 0, 1178392), (9031, 4, 1178634), (9010, 2, 1178657), (8983, 9, 1181547), (8370, 6, 1181851), (9053, 2, 1182190), (8985, 8, 1185933), (8549, 12, 1188686), (9069, 2, 1189146), (8928, 1, 1190442), (8656, 10, 1202397), (9069, 2, 1204509), (8978, 1, 1208001), (8579, 3, 1209997), (9053, 2, 1210759), (9072, 3, 1212313), (9069, 2, 1222804), (8415, 7, 1226638), (8415, 7, 1228846), (8541, 8, 1229371), (8695, 10, 1229750), (8662, 10, 1249575), (8588, 1, 1252356), (8502, 12, 1252398), (8447, 12, 1259478), (9087, 0, 1260537), (8502, 12, 1261644), (9086, 13, 1262570), (8391, 12, 1262664), (9064, 0, 1268543), (9054, 2, 1269582), (8241, 7, 1278025), (8466, 2, 1281207), (8612, 13, 1281570), (8297, 0, 1282651), (8400, 0, 1282691), (8612, 13, 1283810), (8985, 8, 1284400), (8381, 6, 1285466), (8715, 3, 1290538), (9041, 15, 1295938), (8393, 0, 1300462), (8347, 6, 1309464), (9096, 1, 1311230), (8453, 15, 1311232), (8887, 3, 1314687), (9099, 1, 1316607), (8894, 1, 1321452), (8347, 6, 1321702), (8855, 1, 1322015), (8266, 11, 1328498), (9088, 4, 1330323), (8894, 1, 1340050), (9096, 1, 1340486), (8323, 12, 1350114), (8267, 3, 1350984), (8602, 11, 1351331), (8433, 3, 1355710), (8364, 14, 1359230), (9091, 2, 1359289), (8364, 14, 1360677), (9072, 3, 1363998), (8364, 14, 1365013), (8702, 6, 1370110), (8575, 4, 1374388), (8260, 7, 1378621), (8535, 4, 1379307), (8364, 14, 1384132), (8323, 12, 1386446), (8819, 13, 1388823), (9099, 1, 1392665), (8364, 14, 1393109), (8317, 12, 1394448), (8942, 11, 1411844), (9072, 3, 1418682), (8401, 14, 1423641), (8887, 3, 1430851), (8754, 11, 1436465), (8364, 14, 1438041), (8754, 11, 1439553), (8295, 13, 1442294), (8754, 11, 1446345), (8965, 0, 1447084), (8628, 1, 1470944), (9113, 2, 1473819), (8814, 7, 1477463), (8695, 10, 1477487), (9132, 1, 1483957), (9096, 1, 1487093), (8401, 14, 1491698), (8754, 11, 1501865), (8549, 12, 1503468), (8928, 1, 1506524), (8894, 1, 1513266), (8721, 12, 1514244), (8754, 11, 1528088), (9053, 2, 1529663), (8357, 13, 1533947), (8963, 15, 1535276), (8887, 3, 1540169), (8756, 11, 1541636), (8347, 6, 1541884), (8754, 11, 1545579), (8699, 10, 1552348), (9132, 1, 1555648), (8952, 0, 1558692), (9071, 3, 1560256), (9132, 1, 1561698), (8955, 11, 1582532), (8758, 1, 1588873), (8952, 0, 1590914), (8365, 8, 1597258), (8629, 15, 1610370), (8545, 1, 1614544), (8855, 1, 1615939), (8535, 4, 1618373), (8998, 12, 1620002), (8554, 2, 1623782), (8312, 15, 1625436), (8312, 15, 1630263), (8813, 0, 1633060), (8779, 15, 1633127), (8952, 0, 1633787), (9145, 0, 1640434), (8687, 9, 1642200), (8629, 15, 1642959), (8908, 7, 1647028), (8347, 6, 1654923), (8574, 15, 1666461), (8411, 3, 1666469), (8748, 0, 1670411), (9163, 1, 1681872), (8545, 1, 1684414), (8374, 12, 1687869), (9151, 7, 1692971), (8986, 4, 1695297), (8608, 12, 1697739), (8535, 4, 1699744), (8608, 12, 1701758), (9167, 2, 1706898), (9163, 1, 1707239), (8985, 8, 1708116), (8277, 8, 1716009), (8629, 15, 1717355), (8608, 12, 1718811), (8347, 6, 1719466), (8857, 14, 1738531), (9166, 7, 1743739), (8644, 12, 1750109), (8535, 4, 1751861), (8347, 6, 1753787), (8370, 6, 1757340), (8438, 0, 1763212), (8615, 8, 1792352), (8251, 1, 1814490), (8559, 1, 1824097), (8836, 12, 1848395), (9177, 8, 1875928), (9118, 12, 1893479), (8251, 1, 1894797), (8669, 7, 1897831), (8235, 12, 1908387), (8928, 1, 1920649), (8325, 13, 1924111), (8535, 4, 1928017), (9133, 1, 1930778), (8386, 14, 1936614), (8351, 12, 1941102), (8793, 11, 1952039), (9141, 15, 1956190), (8270, 0, 1960141), (8672, 7, 1970615), (8400, 0, 1976420), (8251, 1, 1986006), (9006, 2, 1987653), (9165, 2, 1988019), (8438, 0, 1988059), (8257, 12, 1988074), (8511, 8, 1988082), (9099, 1, 1988305), (8415, 7, 1988326), (8944, 15, 1988901), (8374, 12, 1988914), (8447, 12, 1988953), (9151, 7, 1988978), (9140, 2, 1989106), (9142, 4, 1989128), (8906, 13, 1989198), (9181, 3, 1989364), (8866, 15, 1989368), (8841, 13, 1990211), (8762, 3, 1992078), (8986, 4, 1992150), (8986, 4, 1993698), (9085, 9, 1995222), (9176, 15, 1995475), (9183, 0, 2010571), (8469, 8, 2012472), (8511, 8, 2012545), (8762, 3, 2020585), (8762, 3, 2030521), (8857, 14, 2035196), (8999, 0, 2046743), (8492, 11, 2050206), (8952, 0, 2050457), (8364, 14, 2052815), (8535, 4, 2055633), (9140, 2, 2057135), (9023, 2, 2061492), (8609, 2, 2061589), (8758, 1, 2068508), (8311, 13, 2070883), (9023, 2, 2074656), (8430, 11, 2076256), (8253, 4, 2079113), (8887, 3, 2089586), (8535, 4, 2090215), (8642, 9, 2099271), (9166, 7, 2101614), (8427, 7, 2105073), (8628, 1, 2121954), (8608, 12, 2126685), (8937, 6, 2127873), (9008, 10, 2132454), (9202, 3, 2133509), (9142, 4, 2136739), (9179, 1, 2138841), (8645, 0, 2141605), (8438, 0, 2145022), (8608, 12, 2145673), (8629, 15, 2146532), (8629, 15, 2149225), (8348, 1, 2149490), (8985, 8, 2150947), (8740, 7, 2162003), (8952, 0, 2163225), (8793, 11, 2165024), (8446, 6, 2172805), (8758, 1, 2183116), (8962, 2, 2185064), (8251, 1, 2194558), (8628, 1, 2208981), (8985, 8, 2209710), (8235, 12, 2209781), (8895, 0, 2212293), (8758, 1, 2217824), (8806, 9, 2230588), (8267, 3, 2232698), (8943, 0, 2243377), (8983, 9, 2254433), (8340, 0, 2257021), (8985, 8, 2261296), (8506, 6, 2262459), (8758, 1, 2268879), (8801, 14, 2270673), (8668, 1, 2273702), (9151, 7, 2274363), (9071, 3, 2289978), (9085, 9, 2294447), (8740, 7, 2306425), (8988, 11, 2309133), (8988, 11, 2310944), (9144, 0, 2313101), (9144, 0, 2319468), (8609, 2, 2325878), (9144, 0, 2326083), (8431, 2, 2326911), (8310, 13, 2344181), (9077, 6, 2347883), (8758, 1, 2349432), (8758, 1, 2350655), (8312, 15, 2353522), (8476, 13, 2355758), (8608, 12, 2358073), (8627, 14, 2371377), (8270, 0, 2377326), (8401, 14, 2377337), (9133, 1, 2383819), (8280, 0, 2395863), (8421, 13, 2402152), (9099, 1, 2420231), (8332, 14, 2425804), (8411, 3, 2434542), (8758, 1, 2435106), (8469, 8, 2436184), (8526, 7, 2436488), (9224, 2, 2438669), (9047, 15, 2446920), (8656, 10, 2451109), (8347, 6, 2452339), (8536, 8, 2454233), (9190, 15, 2455199), (8438, 0, 2457173), (8286, 12, 2461501), (8536, 8, 2464333), (9224, 2, 2474684), (8985, 8, 2482895), (8612, 13, 2483394), (8270, 0, 2489931), (8347, 6, 2499502), (8501, 12, 2503122), (8421, 13, 2503889), (8241, 7, 2505211), (8501, 12, 2510387), (8617, 2, 2510684), (8267, 3, 2511939), (8415, 7, 2512559), (9218, 3, 2515340), (8365, 8, 2516276), (9166, 7, 2516860), (8461, 13, 2526351), (9219, 4, 2532796), (8260, 7, 2542210), (8656, 10, 2556084), (8994, 0, 2558342), (9189, 0, 2559421), (9118, 12, 2568088), (8421, 13, 2575403), (9223, 4, 2577077), (8909, 3, 2581557), (9021, 11, 2595191), (8347, 6, 2602933), (8438, 0, 2626627), (8937, 6, 2631231), (8758, 1, 2641901), (8887, 3, 2644316), (8914, 10, 2644418), (8851, 3, 2653283), (8656, 10, 2663467), (8591, 7, 2664822), (9084, 2, 2668823), (8260, 7, 2674963)]"
8302 "[(87, 15, 8942), (110, 6, 12681), (130, 7, 16406), (241, 6, 31670), (262, 4, 35966), (318, 11, 44232), (318, 11, 44306), (356, 12, 49518), (318, 11, 50565), (318, 11, 50612), (318, 11, 51086), (318, 11, 51206), (318, 11, 51260), (318, 11, 51287), (130, 7, 220836), (1376, 12, 241122), (1376, 12, 241132), (1552, 11, 278256), (1552, 11, 280461), (480, 2, 291083), (1682, 6, 315389), (1714, 4, 322006), (671, 15, 333471), (2480, 4, 509921), (2480, 4, 509974), (2480, 4, 510010), (671, 15, 647677), (671, 15, 647682), (233, 0, 711963), (2480, 4, 743849), (1552, 11, 763735), (2480, 4, 2493300)]"
196 "[(8260, 7, 25065), (8260, 7, 25363), (8260, 7, 25584), (8241, 7, 248128), (8241, 7, 248197), (8241, 7, 248319), (8241, 7, 248428), (8241, 7, 248521), (8241, 7, 248776), (8241, 7, 255376), (8241, 7, 255449), (8260, 7, 331104), (8241, 7, 768742), (8260, 7, 778991), (8260, 7, 795188), (8241, 7, 883357), (8241, 7, 918357), (8241, 7, 1365454), (8241, 7, 1365640), (8241, 7, 1422830), (8241, 7, 1422935), (8241, 7, 1430161), (8241, 7, 1432443), (8241, 7, 1432637), (8241, 7, 1432731), (8241, 7, 1884438), (8241, 7, 1884471), (8260, 7, 1964888), (8260, 7, 1965716), (8260, 7, 1965820), (8260, 7, 1965922), (8260, 7, 1966340), (8260, 7, 1966430), (8260, 7, 1966538), (8260, 7, 1968788), (8260, 7, 1968895), (8241, 7, 2035905), (8241, 7, 2036062), (8241, 7, 2036117), (8241, 7, 2037796), (8241, 7, 2304062), (8241, 7, 2405770), (8260, 7, 2468505), (8260, 7, 2469155), (8260, 7, 2469315), (8683, 7, 2472775), (8683, 7, 2473283), (8683, 7, 2473541), (8683, 7, 2473967), (8683, 7, 2484382), (8683, 7, 2484664), (8683, 7, 2484884), (8683, 7, 2485372), (8683, 7, 2485959), (8683, 7, 2502346), (8683, 7, 2502515), (8683, 7, 2555981), (8683, 7, 2556153), (8683, 7, 2558021), (8683, 7, 2558081)]"
8428 "[(233, 0, 35804), (1853, 0, 1427812), (233, 0, 1922254), (40, 0, 1931051)]"
362 "[(8447, 12, 51156), (8944, 15, 1586675), (8944, 15, 1714646), (8944, 15, 1714733)]"
471 "[(8423, 7, 64218), (8423, 7, 64277), (8249, 13, 155351), (8290, 6, 1546062), (8290, 6, 1546135), (8371, 12, 1561501), (8371, 12, 1561626), (8380, 15, 1645340), (8380, 15, 1645420), (8380, 15, 1645507), (8292, 12, 1656443), (8917, 13, 1819771), (8917, 13, 1820073), (8917, 13, 1820090)]"
499 "[(8423, 7, 66727), (8423, 7, 66765), (8806, 9, 1135295), (8669, 7, 1622568), (9166, 7, 1728905), (8575, 4, 1817133), (8575, 4, 1903152), (8985, 8, 1912820), (8985, 8, 1912832), (8985, 8, 1913821), (8985, 8, 1958337)]"
483 "[(8241, 7, 66998), (8591, 7, 277077), (8828, 9, 341987), (8828, 9, 342042), (8828, 9, 342171), (8828, 9, 343333), (8591, 7, 399882), (8828, 9, 691427), (8260, 7, 708960), (8241, 7, 871549), (8325, 13, 940457), (8545, 1, 1024655), (8591, 7, 1026237), (8545, 1, 1178501), (8241, 7, 1283759), (8241, 7, 1283856), (8241, 7, 1284398), (8241, 7, 1284536), (8241, 7, 1284624), (8952, 0, 1444795), (8952, 0, 1444861), (8952, 0, 1444914), (8241, 7, 1462832), (8241, 7, 1462860), (8241, 7, 1463022), (8260, 7, 1463144), (8591, 7, 1981669)]"
695 "[(8414, 13, 98001), (8414, 13, 147806), (8318, 2, 245484), (8414, 13, 331358), (8414, 13, 331378), (8414, 13, 496961), (8414, 13, 496975), (8414, 13, 500861), (8887, 3, 525417), (8370, 6, 532016), (8318, 2, 580909), (8241, 7, 594841), (8414, 13, 1102383), (9069, 2, 1184143), (8285, 8, 1802765), (8285, 8, 1802787), (8285, 8, 1802812), (8285, 8, 1806492), (8591, 7, 1894472), (8806, 9, 2073606), (8849, 13, 2175324), (8849, 13, 2175355), (8414, 13, 2321265), (8414, 13, 2323773), (8591, 7, 2328548), (9224, 2, 2425396)]"
8356 "[(709, 4, 100140), (732, 7, 104419), (125, 11, 360329), (17, 11, 415752), (17, 11, 502589), (356, 12, 654174), (3129, 7, 674238), (1443, 4, 675638), (1443, 4, 679198), (1443, 4, 865535), (1443, 4, 865645), (570, 3, 874547), (80, 4, 1031666), (80, 4, 1031742), (608, 15, 1201065), (608, 15, 1201337), (2442, 7, 1206655), (2442, 7, 1206738), (2442, 7, 1207172), (2442, 7, 1207355), (2442, 7, 1207685), (2442, 7, 1207783), (2442, 7, 1207810), (5004, 2, 1254853), (4033, 7, 1268985), (1906, 4, 1294383), (22, 7, 1296617), (1443, 4, 1297167), (1443, 4, 1297406), (1443, 4, 1298251), (1906, 4, 1298399), (75, 13, 1394539), (1009, 1, 1467451), (1443, 4, 1487799), (80, 4, 1489200), (80, 4, 1489235), (284, 6, 1541296), (1443, 4, 1557159), (1443, 4, 1558897), (1443, 4, 1559059), (1443, 4, 1559305), (1009, 1, 1596989), (1443, 4, 1614342), (1443, 4, 1614560), (5853, 2, 1640716), (6470, 4, 1829581), (1443, 4, 1874531), (1009, 1, 1880764), (1443, 4, 1884464), (6596, 4, 1897366), (1443, 4, 1898831), (6799, 4, 1981508), (6819, 4, 1994399), (1443, 4, 2057569), (1443, 4, 2057930), (2442, 7, 2145515), (744, 1, 2311363), (1443, 4, 2312984), (7614, 4, 2325338), (2442, 7, 2325411), (1443, 4, 2434841)]"
734 "[(8256, 3, 105130), (8505, 9, 406992), (8505, 9, 1187601), (8505, 9, 1878449), (8505, 9, 2429787)]"
8598 "[(750, 3, 107343), (2628, 9, 545230), (1754, 4, 999593), (3720, 0, 2069116), (3720, 0, 2097040), (3720, 0, 2097077), (3720, 0, 2097157), (3720, 0, 2097204), (3720, 0, 2097229), (3720, 0, 2097295), (3720, 0, 2097337), (4157, 4, 2149957), (3720, 0, 2159905), (3930, 6, 2212439), (3129, 7, 2220113), (1461, 6, 2612293)]"
754 "[(8588, 1, 108027), (8520, 14, 108075), (8588, 1, 409519), (9072, 3, 1180774)]"
221 "[(8539, 14, 109059), (8539, 14, 526412), (8470, 1, 759316), (8470, 1, 782954), (8470, 1, 786476), (9086, 13, 1304718), (9086, 13, 1305701), (9086, 13, 1308814), (9086, 13, 1379973), (9086, 13, 1384538), (9096, 1, 1400664), (9096, 1, 1400829), (9096, 1, 1458388), (9096, 1, 1471760), (8849, 13, 1472744), (9096, 1, 1478893), (9096, 1, 1479578), (8849, 13, 1494551), (9086, 13, 1554734), (9096, 1, 1554934), (9096, 1, 1556923), (9096, 1, 1557034), (9096, 1, 1557367), (9096, 1, 1557472), (9096, 1, 1557551), (9096, 1, 1562211), (9086, 13, 1562305), (9096, 1, 1563762), (9096, 1, 1564315), (9096, 1, 1653345), (9086, 13, 1656179), (9096, 1, 1656790), (9096, 1, 1661503), (9096, 1, 1662539), (9096, 1, 1663530), (9086, 13, 1663583), (8849, 13, 1663884), (9096, 1, 1663924), (9096, 1, 1735127), (9086, 13, 1735170), (8849, 13, 1750685), (9086, 13, 1821971), (9096, 1, 1822074), (9096, 1, 1906021), (9086, 13, 2434065), (9086, 13, 2490331), (8539, 14, 2527424), (8539, 14, 2590383)]"
772 "[(8260, 7, 111393), (8526, 7, 870602), (8350, 6, 1309865), (8847, 10, 1312659), (8847, 10, 1312678), (8847, 10, 1372487), (8260, 7, 1490748), (8847, 10, 1642381), (8847, 10, 1642518), (8847, 10, 1643388), (8350, 6, 1820340), (8350, 6, 1820388), (8350, 6, 1820602), (8350, 6, 1820717), (8350, 6, 1821253), (8347, 6, 1828578), (9159, 0, 1829551), (8591, 7, 1974511), (8347, 6, 1989233), (8347, 6, 1989536), (8260, 7, 2003112), (8591, 7, 2059442), (8847, 10, 2159963), (8847, 10, 2161012), (8526, 7, 2168724), (8526, 7, 2261160), (8253, 4, 2269262), (8253, 4, 2269906), (8253, 4, 2269964)]"
8633 "[(835, 11, 125634), (1043, 14, 163701), (867, 2, 175227), (867, 2, 175277), (867, 2, 256426), (388, 14, 299848), (867, 2, 341588), (835, 11, 392749), (388, 14, 395803), (388, 14, 395866), (388, 14, 396098), (388, 14, 396766), (388, 14, 397147), (388, 14, 397261), (388, 14, 397414), (388, 14, 397738), (388, 14, 397794), (388, 14, 397842), (388, 14, 398063), (388, 14, 398331), (388, 14, 399044), (388, 14, 399952), (388, 14, 400031), (2068, 6, 404799), (2068, 6, 404826), (867, 2, 408878), (867, 2, 408885), (388, 14, 413386), (388, 14, 413567), (388, 14, 413679), (388, 14, 415158), (2133, 12, 416892), (2133, 12, 416988), (2133, 12, 419241), (2178, 13, 428720), (487, 2, 432470), (2293, 4, 471082), (388, 14, 473063), (388, 14, 473127), (517, 14, 494497), (517, 14, 495198), (388, 14, 495353), (517, 14, 495496), (517, 14, 497847), (912, 9, 503411), (517, 14, 507810), (517, 14, 507811), (233, 0, 545443), (835, 11, 565761), (835, 11, 565863), (835, 11, 565885), (835, 11, 566911), (835, 11, 566920), (2738, 10, 576955), (517, 14, 577268), (517, 14, 578320), (331, 3, 587006), (517, 14, 591950), (517, 14, 592005), (517, 14, 592044), (517, 14, 592198), (517, 14, 592782), (517, 14, 592803), (517, 14, 593204), (2133, 12, 594336), (2133, 12, 594633), (484, 3, 598019), (484, 3, 598130), (484, 3, 598169), (484, 3, 598262), (484, 3, 598472), (482, 7, 607091), (2230, 4, 627997), (388, 14, 637821), (388, 14, 639290), (388, 14, 639391), (388, 14, 639413), (388, 14, 639560), (388, 14, 643717), (388, 14, 644038), (675, 3, 647133), (482, 7, 659148), (482, 7, 659656), (2230, 4, 666249), (2133, 12, 669620), (2133, 12, 669697), (233, 0, 721501), (517, 14, 752322), (388, 14, 772449), (388, 14, 772607), (388, 14, 772733), (3591, 11, 815499), (388, 14, 816780), (36, 3, 901786), (2447, 3, 910704), (517, 14, 918388), (388, 14, 928080), (4025, 3, 951228), (119, 3, 967064), (388, 14, 1006416), (517, 14, 1015162), (517, 14, 1210793), (2836, 13, 1575363)]"
892 "[(8423, 7, 140252)]"
935 "[(8579, 3, 147016), (8579, 3, 147038), (8285, 8, 149949), (8579, 3, 166077), (8579, 3, 166083), (8579, 3, 166093), (8579, 3, 166631), (8579, 3, 166664), (8579, 3, 171644), (8579, 3, 171669), (8579, 3, 171727), (8579, 3, 171777), (8579, 3, 171797), (8579, 3, 171812), (8579, 3, 175505), (8579, 3, 175519), (8579, 3, 175533), (8579, 3, 175548), (8579, 3, 175563), (8579, 3, 192720), (8579, 3, 193261), (8579, 3, 193295), (8579, 3, 193525), (8579, 3, 193565), (8579, 3, 193595), (8622, 1, 194790), (8579, 3, 333674), (8579, 3, 333712), (8579, 3, 333722), (8579, 3, 333843), (8579, 3, 333858), (8579, 3, 333925), (8579, 3, 334013), (8579, 3, 334025), (8579, 3, 334158), (8579, 3, 334184), (8579, 3, 334196), (8579, 3, 334210), (8579, 3, 334352), (8579, 3, 334491), (8579, 3, 334566), (8579, 3, 334577), (8579, 3, 334592), (8579, 3, 334625), (8579, 3, 334681), (8579, 3, 334700), (8579, 3, 334726), (8579, 3, 334825), (8579, 3, 334851), (8579, 3, 334924), (8579, 3, 335073), (8262, 8, 335947), (8262, 8, 336075), (8262, 8, 336119), (8579, 3, 337377), (8579, 3, 337413), (8579, 3, 446799), (8579, 3, 446910), (8588, 1, 497569), (8361, 9, 507573), (8361, 9, 507578), (8888, 4, 577004), (8521, 8, 668619), (8888, 4, 675169), (8285, 8, 698754), (8285, 8, 698973), (8985, 8, 751785), (8985, 8, 751816), (8985, 8, 751825), (8985, 8, 751834), (8985, 8, 751865), (8985, 8, 751948), (8536, 8, 752000), (8536, 8, 752069), (8985, 8, 753340), (8467, 15, 856863), (8467, 15, 856878), (8467, 15, 856912), (8467, 15, 856923), (8985, 8, 864351), (8985, 8, 864590), (8985, 8, 864599), (8985, 8, 864624), (8985, 8, 864632), (8985, 8, 864755), (8985, 8, 864770), (8985, 8, 864793), (8623, 8, 924740), (8623, 8, 924782), (8623, 8, 924807), (8985, 8, 939449), (8985, 8, 939504), (8985, 8, 939514), (8985, 8, 939553), (8985, 8, 944059), (9048, 13, 1014739), (9048, 13, 1014759), (8285, 8, 1017802), (8521, 8, 1018023), (8521, 8, 1018069), (8521, 8, 1019972), (8521, 8, 1020350), (8985, 8, 1105291), (8579, 3, 1128227), (8985, 8, 1184668), (9072, 3, 1186860), (9072, 3, 1186869), (9072, 3, 1186912), (8579, 3, 1213879), (8579, 3, 1213918), (8579, 3, 1213957), (8579, 3, 1214357), (8579, 3, 1214380), (8579, 3, 1214408), (8579, 3, 1214434), (8579, 3, 1214620), (8579, 3, 1214645), (8579, 3, 1214670), (8579, 3, 1214704), (9069, 2, 1215522), (8985, 8, 1283187), (8985, 8, 1283195), (8975, 10, 1358904), (8975, 10, 1358917), (9096, 1, 1384260), (8579, 3, 1386084), (9096, 1, 1386969), (9089, 6, 1450993), (8467, 15, 1452391), (8285, 8, 1453263), (8285, 8, 1453303), (8579, 3, 1455665), (8623, 8, 1534912), (9096, 1, 1555521), (8985, 8, 1572510), (8985, 8, 1706913), (9163, 1, 1717489), (9163, 1, 1717505), (8521, 8, 1785334), (8985, 8, 1786111), (8285, 8, 1806923), (9163, 1, 1814631), (8283, 8, 1878752), (8985, 8, 1892283), (8985, 8, 1892290), (8985, 8, 1915937), (9027, 0, 1916905), (9166, 7, 1917490), (9166, 7, 1917508), (9166, 7, 1917527), (9166, 7, 1917565), (9166, 7, 1978655), (9020, 2, 1979127), (9168, 6, 1986780), (9140, 2, 2064234), (9140, 2, 2064244), (8985, 8, 2131692), (8985, 8, 2131701), (8985, 8, 2137635), (8985, 8, 2137645), (8985, 8, 2137684), (8985, 8, 2137711), (8985, 8, 2137734), (8985, 8, 2137746), (8985, 8, 2137795), (8985, 8, 2137842), (8985, 8, 2137879), (8985, 8, 2140803), (8579, 3, 2155033), (8985, 8, 2156278), (8985, 8, 2217599), (8985, 8, 2237559), (8985, 8, 2253930), (8985, 8, 2254367), (8985, 8, 2254485), (8985, 8, 2257297), (8985, 8, 2257327), (8285, 8, 2258234), (8285, 8, 2258257), (8985, 8, 2259984), (8985, 8, 2321364), (8985, 8, 2322416), (8985, 8, 2390515), (8985, 8, 2391553), (8985, 8, 2481625), (8985, 8, 2481646), (9223, 4, 2520731), (9223, 4, 2520755), (8985, 8, 2571400), (8985, 8, 2571414)]"
977 "[(8668, 1, 152951), (8668, 1, 156051), (8668, 1, 156098), (8668, 1, 408972), (8668, 1, 409032), (8668, 1, 416939), (8668, 1, 417010), (8668, 1, 418566), (8668, 1, 495907), (8537, 10, 508799), (8668, 1, 823851), (8668, 1, 826258), (8668, 1, 826518), (8668, 1, 826605), (8668, 1, 826636), (8668, 1, 827541), (8668, 1, 828362), (8668, 1, 912515), (8668, 1, 913410), (8668, 1, 913502), (8668, 1, 930791), (8668, 1, 1163665), (8668, 1, 1163880), (8668, 1, 1183425), (8668, 1, 1460496), (8668, 1, 1460672), (8668, 1, 1460981), (8668, 1, 1461451), (8668, 1, 1461817), (8668, 1, 1462675), (8668, 1, 1585237), (8668, 1, 1585746), (8668, 1, 1586003), (8668, 1, 1586073), (8668, 1, 1586371), (8668, 1, 1586386), (8668, 1, 1586653), (8668, 1, 1674850), (8668, 1, 1696951), (8668, 1, 1696978), (8668, 1, 1697299), (8668, 1, 1886834), (8668, 1, 1931030), (8668, 1, 1931254), (8668, 1, 2036688), (8668, 1, 2036831), (8668, 1, 2036876), (8668, 1, 2036912), (8668, 1, 2126077), (8668, 1, 2126444), (8668, 1, 2134807), (8668, 1, 2212643), (8668, 1, 2213208), (8668, 1, 2565011), (8668, 1, 2631583), (8668, 1, 2644472)]"
983 "[(8676, 9, 153874), (8447, 12, 188893), (8557, 4, 188975), (8537, 10, 674765), (8537, 10, 674866), (8537, 10, 674915), (8537, 10, 675101), (8510, 4, 675231), (8847, 10, 675416), (8847, 10, 675734), (8932, 4, 677316), (8582, 8, 686674), (8244, 10, 687499), (8991, 2, 758436), (8991, 2, 758535), (8332, 14, 887074), (8526, 7, 887806), (8254, 0, 963100), (8950, 9, 1112487), (8251, 1, 1124172), (8813, 0, 1192763), (8505, 9, 1305092), (8442, 7, 1363497), (8442, 7, 1363542), (8549, 12, 1617271)]"
1083 "[(8447, 12, 169858), (8447, 12, 170391), (8447, 12, 171260), (8447, 12, 171624)]"
8649 "[(1149, 15, 187309), (1331, 10, 232958), (1331, 10, 233006), (1202, 10, 584049), (254, 8, 676239), (254, 8, 676765), (254, 8, 676820), (3729, 10, 857333)]"
8722 "[(744, 1, 190471), (532, 14, 255193), (167, 11, 257299), (1013, 15, 262118), (156, 14, 267609), (17, 11, 270554), (2093, 4, 496826), (130, 7, 750033), (130, 7, 764439), (3495, 4, 777172), (3518, 3, 783719), (3518, 3, 783759), (3360, 6, 2163243), (3981, 14, 2304739)]"
1206 "[(8552, 7, 205258), (8552, 7, 210455), (8604, 14, 223082), (8852, 4, 393225), (8852, 4, 644573), (8552, 7, 752972), (8552, 7, 821502), (8552, 7, 821633), (8552, 7, 928847), (8552, 7, 928875), (8552, 7, 988626), (8552, 7, 988668), (8552, 7, 1010961), (8552, 7, 1011013), (8552, 7, 1011094), (8552, 7, 1011142), (8552, 7, 1011289), (8552, 7, 1011338), (8552, 7, 1011382), (9048, 13, 1012281), (9048, 13, 1014398), (8552, 7, 1034767), (8552, 7, 1075202), (8604, 14, 1075675), (8604, 14, 1088594), (8604, 14, 1088839), (8552, 7, 1332274), (8552, 7, 1339584), (8552, 7, 1505338), (8937, 6, 1784487), (8852, 4, 2113678), (8852, 4, 2481993), (9084, 2, 2627443), (8552, 7, 2646542), (8852, 4, 2670794), (8852, 4, 2670884), (8852, 4, 2670969)]"
8734 "[(228, 1, 208977), (1443, 4, 253655), (1443, 4, 253708), (1443, 4, 253783), (1443, 4, 253899), (1443, 4, 253968), (1443, 4, 254035), (1443, 4, 254522), (897, 3, 254662), (1443, 4, 255126), (1443, 4, 255275), (1443, 4, 255593), (1443, 4, 255789), (1443, 4, 256387), (1443, 4, 256732), (1443, 4, 257264), (167, 11, 257410), (731, 11, 262716), (731, 11, 263603), (1013, 15, 265872), (1501, 7, 266939), (1443, 4, 269228), (1443, 4, 269773), (1443, 4, 270253), (897, 3, 293344), (1602, 6, 293668), (897, 3, 293938), (897, 3, 294944), (897, 3, 297167), (1737, 6, 327176), (1443, 4, 334749), (1713, 4, 334939), (1443, 4, 335005), (1443, 4, 335079), (1713, 4, 335217), (1443, 4, 336700), (1812, 2, 336823), (1813, 6, 336929), (1813, 6, 337079), (1443, 4, 337168), (1911, 6, 358027), (198, 14, 373159), (198, 14, 373174), (1713, 4, 376197), (1713, 4, 376252), (2019, 4, 393532), (974, 1, 411165), (974, 1, 411331), (974, 1, 411451), (109, 1, 421275), (1443, 4, 422474), (1176, 10, 431334), (233, 0, 456800), (2559, 6, 526566), (2568, 13, 528657), (2568, 13, 532425), (2622, 10, 543331), (2622, 10, 543596), (2622, 10, 543756), (2622, 10, 549706), (897, 3, 568542), (1378, 1, 578016), (2559, 6, 614013), (2726, 15, 658728), (2726, 15, 659698), (1443, 4, 669984), (2559, 6, 704401), (3495, 4, 777586), (731, 11, 787088), (1443, 4, 845186), (3142, 4, 845982), (1713, 4, 857370), (3757, 4, 867799), (356, 12, 913500), (3362, 10, 966533), (233, 0, 1058196), (4521, 7, 1105778), (3757, 4, 1119400), (4085, 0, 1235032), (109, 1, 1243191), (2131, 15, 1291599), (233, 0, 1316028), (912, 9, 1396241), (3757, 4, 1487058), (1137, 11, 1644565), (17, 11, 1729681), (5532, 11, 1729797), (4586, 11, 1729905), (109, 1, 1873440), (1647, 0, 1969891), (1036, 7, 1974144), (67, 0, 2076076), (1007, 10, 2076174), (1911, 6, 2084615), (4001, 14, 2129699), (3360, 6, 2133745), (3360, 6, 2133957), (1726, 14, 2137107), (313, 12, 2158692), (3360, 6, 2163161), (3360, 6, 2235822), (3360, 6, 2235992), (3360, 6, 2236048), (3360, 6, 2236198), (492, 1, 2254915), (492, 1, 2256334), (731, 11, 2259487), (5429, 12, 2262041), (1220, 3, 2262959), (5429, 12, 2264351), (5429, 12, 2264760), (4085, 0, 2274712), (2335, 3, 2276255), (480, 2, 2288360), (156, 14, 2290159), (1412, 9, 2295432), (885, 1, 2302756), (588, 12, 2305573), (3360, 6, 2310536), (7466, 6, 2317735), (1813, 6, 2319081), (3360, 6, 2323046), (761, 2, 2325298), (4554, 12, 2328036), (2769, 6, 2341334), (3360, 6, 2343334), (3324, 2, 2347561), (73, 10, 2356418), (40, 0, 2360038), (3407, 6, 2367873), (7711, 4, 2380061), (870, 3, 2384286), (2981, 3, 2395957), (130, 7, 2398638), (3360, 6, 2403857), (4633, 6, 2424216), (4633, 6, 2424873), (3360, 6, 2428393), (3360, 6, 2487955), (3360, 6, 2487999), (1921, 11, 2495591), (1921, 11, 2495662), (5528, 9, 2501601), (1187, 4, 2508169), (1187, 4, 2515794), (1187, 4, 2518965), (7702, 8, 2563999), (7702, 8, 2564528), (4554, 12, 2597331), (4085, 0, 2632919)]"
8719 "[(1245, 1, 213789), (1261, 1, 216998), (897, 3, 295343), (731, 11, 309803), (1729, 4, 325551), (1958, 12, 378266), (745, 0, 444779), (745, 0, 444948), (745, 0, 445096), (2683, 13, 563511), (897, 3, 569259), (731, 11, 940987), (2708, 3, 1008291), (532, 14, 1022852), (17, 11, 1023542), (22, 7, 1023670), (3896, 1, 1096039), (1501, 7, 1241955), (22, 7, 1334143), (22, 7, 1334194), (4752, 11, 1978573), (1397, 8, 2137195), (509, 2, 2291335), (1663, 11, 2302967), (1397, 8, 2330869), (731, 11, 2495075), (731, 11, 2495126)]"
1247 "[(8246, 13, 214172), (8955, 11, 1318453)]"
8651 "[(1397, 8, 244775), (1397, 8, 244850), (45, 14, 595998), (233, 0, 618833), (727, 4, 952022), (480, 2, 1074021), (480, 2, 1074136), (1268, 0, 1284168), (2928, 0, 1372861), (2928, 0, 1373096), (2928, 0, 1375690), (2928, 0, 1428969), (2928, 0, 1430457), (3819, 7, 1476097), (3819, 7, 1476388), (3819, 7, 1494816), (3819, 7, 1494995), (3819, 7, 1495702), (3819, 7, 1495819), (3819, 7, 1533897), (5774, 6, 1534615), (233, 0, 1924382)]"
1401 "[(8245, 4, 245186), (8245, 4, 245364), (8245, 4, 245439), (8245, 4, 309601), (8358, 12, 356682), (8358, 12, 396200), (8526, 7, 531022), (8358, 12, 791356), (8358, 12, 854523)]"
8408 "[(385, 4, 253184), (1981, 1, 384089), (1595, 3, 608935), (175, 11, 816453), (4311, 14, 1036677), (1933, 0, 1997330), (1474, 13, 2169527), (56, 2, 2244091)]"
8791 "[(1570, 3, 284084), (1570, 3, 284729), (897, 3, 296986), (897, 3, 322093), (1277, 1, 406271), (1277, 1, 406292), (1277, 1, 406308), (423, 11, 692175), (1267, 4, 867131), (2196, 7, 1116683), (2196, 7, 1116724), (2196, 7, 1116791), (3682, 6, 1130879), (156, 14, 1558148), (423, 11, 1577177), (2246, 8, 1620703), (2246, 8, 1620705), (5622, 11, 2263882), (3512, 14, 2326666), (1856, 3, 2326930), (5552, 7, 2341402), (5552, 7, 2342659), (1187, 4, 2373882), (1187, 4, 2375292), (1187, 4, 2445726), (5532, 11, 2613791)]"
8755 "[(233, 0, 285323), (1857, 10, 358269), (233, 0, 369232), (1670, 14, 380054), (870, 3, 401853), (870, 3, 402848), (233, 0, 454927), (233, 0, 542147), (233, 0, 717462), (233, 0, 887094), (73, 10, 888158), (608, 15, 1036712), (4524, 0, 1106703), (2953, 4, 1143787), (233, 0, 1748600), (233, 0, 1838995), (336, 9, 2030508), (336, 9, 2030613)]"
1572 "[(8793, 11, 285748)]"
1587 "[(8276, 13, 289131)]"
8797 "[(17, 11, 290085)]"
8781 "[(1713, 4, 321491), (17, 11, 368350), (233, 0, 453807), (1185, 4, 912527), (1778, 0, 1066411), (627, 8, 1317864), (627, 8, 1812844), (627, 8, 1812961), (4266, 11, 2230547), (4266, 11, 2230830), (4266, 11, 2230891), (5037, 14, 2231045), (5037, 14, 2231207), (5037, 14, 2231300), (5037, 14, 2231361), (730, 12, 2231630), (730, 12, 2231651), (423, 11, 2491199), (284, 6, 2647745)]"
8634 "[(1264, 12, 324553), (1264, 12, 416102), (1264, 12, 573865), (1659, 12, 591546), (1264, 12, 598055), (4666, 6, 1160457), (4109, 3, 1252500), (371, 12, 2203666), (371, 12, 2241726), (1264, 12, 2627997)]"
1802 "[(8549, 12, 335544), (8549, 12, 335563), (8549, 12, 335586), (8549, 12, 571321), (8549, 12, 573298), (8549, 12, 573314), (8549, 12, 630257), (8549, 12, 630317), (8549, 12, 630369), (8549, 12, 630424), (8549, 12, 698262), (8549, 12, 984108), (8549, 12, 1077485), (8549, 12, 1146688), (8549, 12, 1165607), (8549, 12, 1165625), (8549, 12, 1204786), (8549, 12, 1206022), (8549, 12, 1207231), (8549, 12, 1209145), (8549, 12, 1209164), (8549, 12, 1502257), (8549, 12, 1561723), (8549, 12, 1685242), (8549, 12, 1771483), (8549, 12, 1771535), (8549, 12, 2085423), (8549, 12, 2090859), (8549, 12, 2233963), (8549, 12, 2234104), (8549, 12, 2234142), (8549, 12, 2241654), (8549, 12, 2242947), (8549, 12, 2243228), (8549, 12, 2383923), (8549, 12, 2383998), (8549, 12, 2384014), (8549, 12, 2384102), (8549, 12, 2384121), (8549, 12, 2493326), (8549, 12, 2573542), (8549, 12, 2573580), (8549, 12, 2588994), (8549, 12, 2664116)]"
1804 "[(8520, 14, 335846), (8520, 14, 336041), (8520, 14, 336091), (8520, 14, 338912), (8887, 3, 658912), (8887, 3, 659123), (8887, 3, 659226), (8887, 3, 659326), (8887, 3, 659452), (8887, 3, 659533), (8520, 14, 662866), (8241, 7, 678535), (8887, 3, 839105), (8887, 3, 840035), (8241, 7, 842156), (8241, 7, 842319), (9048, 13, 1010522), (9045, 2, 1093212), (8887, 3, 1096424), (9045, 2, 1101420), (9045, 2, 1107228), (9045, 2, 1107462), (9045, 2, 1111410), (9045, 2, 1112402), (9048, 13, 1115794), (9048, 13, 1115830), (9048, 13, 1115897), (9045, 2, 1211732), (8241, 7, 1255893), (8241, 7, 1256226), (8241, 7, 1257265), (8772, 12, 1266844), (9045, 2, 1554770), (9045, 2, 1706885), (8510, 4, 2155385), (8510, 4, 2156718)]"
1823 "[(8247, 6, 338327), (8591, 7, 1177044), (8558, 7, 1873776), (8591, 7, 1968454), (8591, 7, 1971739), (8591, 7, 1974141), (8609, 2, 2222608)]"
1959 "[(8591, 7, 378380), (8260, 7, 380752), (8260, 7, 380845), (8260, 7, 380943), (8260, 7, 381091), (8260, 7, 381239), (8260, 7, 381375), (8260, 7, 381593), (8260, 7, 381711), (8260, 7, 392181), (8241, 7, 715070), (8241, 7, 902855), (8241, 7, 939175), (8241, 7, 1385121), (8241, 7, 1389759), (8241, 7, 1389850), (8241, 7, 1389903), (8241, 7, 1390217), (8241, 7, 1390313), (8241, 7, 1392781), (8241, 7, 1392884), (8241, 7, 1467999), (8241, 7, 1468091), (8241, 7, 1468321), (8241, 7, 2361678), (8241, 7, 2361720), (8241, 7, 2361919), (8260, 7, 2362495), (8260, 7, 2362560)]"
1982 "[(8520, 14, 384581)]"
8872 "[(2093, 4, 410307), (277, 2, 598883), (2877, 3, 603032), (2877, 3, 603060), (2991, 4, 628530), (1284, 11, 635391), (1284, 11, 635425), (1284, 11, 635454), (3081, 14, 661718), (488, 7, 664745), (277, 2, 776204), (3574, 2, 804962), (3574, 2, 817354), (3574, 2, 826314), (3740, 9, 859832), (3574, 2, 1165678), (277, 2, 1202551), (277, 2, 1202604), (3740, 9, 1611044), (277, 2, 2233053), (277, 2, 2233188), (4029, 8, 2584722)]"
8515 "[(1764, 11, 413590), (1764, 11, 649625), (731, 11, 695003), (731, 11, 695117), (1036, 7, 857644), (625, 2, 1383344), (233, 0, 1418828), (233, 0, 1465605), (625, 2, 1562828), (625, 2, 1563207), (625, 2, 2332603)]"
2130 "[(8319, 7, 416667), (8319, 7, 416997), (8466, 2, 1300871)]"
8590 "[(2152, 6, 423375), (3497, 9, 776852), (3237, 2, 838132), (3237, 2, 838236), (1662, 7, 907212), (2365, 2, 930755), (2946, 3, 1039539), (1046, 13, 1110027), (2365, 2, 1286571), (2365, 2, 1286620), (5521, 7, 1443811), (1036, 7, 1460888), (1036, 7, 1460931), (1443, 4, 1487614), (2526, 13, 1515576), (1075, 14, 1613251), (1443, 4, 1622155), (2526, 13, 1695020), (6258, 13, 1738085), (1443, 4, 1748242), (4997, 4, 1778592), (381, 6, 1782419), (381, 6, 1783198), (1443, 4, 1828029), (1443, 4, 1829152), (6653, 4, 1917315), (4621, 9, 1932111), (6653, 4, 1962730), (2761, 7, 1962902), (2761, 7, 1963120), (1474, 13, 2043738), (5552, 7, 2091115), (1046, 13, 2145629), (1046, 13, 2145656), (1046, 13, 2145996), (6569, 6, 2261540), (233, 0, 2268621), (73, 10, 2336081), (2526, 13, 2365677), (6669, 7, 2412628), (6669, 7, 2413469), (6669, 7, 2413929), (2442, 7, 2414096), (233, 0, 2448334), (7850, 6, 2585626), (7850, 6, 2586217), (175, 11, 2636807), (6417, 6, 2670176), (6417, 6, 2673452)]"
2172 "[(8479, 6, 427575), (8479, 6, 427682), (8479, 6, 431971), (8479, 6, 479014), (8479, 6, 479618), (8479, 6, 479695), (8479, 6, 479995), (8479, 6, 591428), (8479, 6, 593400), (8479, 6, 593674), (8937, 6, 1351950), (8479, 6, 1452301), (8479, 6, 1452373), (8479, 6, 1452641), (8479, 6, 1452729)]"
8848 "[(1176, 10, 436037), (1828, 0, 436341), (1828, 0, 437225), (1828, 0, 437443), (1828, 0, 437481), (1828, 0, 437540), (1828, 0, 438212), (2158, 2, 445667), (233, 0, 454475), (156, 14, 462806), (156, 14, 463135), (156, 14, 463966), (156, 14, 464148), (156, 14, 464304), (156, 14, 464804), (156, 14, 465150), (2374, 4, 489295), (1828, 0, 530578), (233, 0, 541027), (1268, 0, 900688), (1268, 0, 1184663), (367, 1, 1606123), (1268, 0, 1624971), (1041, 14, 2239630)]"
8500 "[(233, 0, 452293), (2316, 1, 1525875), (2316, 1, 1528989), (2316, 1, 1529243), (5556, 1, 1805983)]"
8661 "[(233, 0, 454450), (537, 15, 640715), (920, 4, 739478), (233, 0, 1233655), (703, 1, 1486060), (703, 1, 1486187), (1134, 9, 2247672), (1134, 9, 2257257), (1134, 9, 2297859)]"
837 "[(8682, 14, 478186)]"
994 "[(8286, 12, 484056), (8286, 12, 484218), (8286, 12, 484270), (8733, 2, 586882), (8733, 2, 587116), (8286, 12, 755286), (9054, 2, 1014191), (8575, 4, 1359672), (8733, 2, 1793258), (8733, 2, 1793332), (8733, 2, 1793602), (8733, 2, 2139562), (9084, 2, 2666950), (9084, 2, 2672212), (9084, 2, 2672340), (9084, 2, 2672408), (9084, 2, 2672581), (9084, 2, 2672754), (9084, 2, 2672853)]"
2353 "[(8888, 4, 485908), (8887, 3, 528278), (8887, 3, 528342), (8339, 4, 895829), (8757, 0, 1975527)]"
8883 "[(148, 8, 493258), (761, 2, 510299), (761, 2, 510363), (17, 11, 512569), (317, 7, 513154), (317, 7, 513155), (423, 11, 1121575), (4109, 3, 1251891), (125, 11, 1276596), (167, 11, 1786643), (3178, 9, 2255848), (1911, 6, 2262334), (1562, 15, 2270327), (17, 11, 2275900), (156, 14, 2276479), (156, 14, 2289096), (156, 14, 2289541), (1305, 4, 2290376), (17, 11, 2300364), (3495, 4, 2308310), (3360, 6, 2322961), (3178, 9, 2325436), (1921, 11, 2326040), (4769, 7, 2326167), (1397, 8, 2329374), (1397, 8, 2329798), (1305, 4, 2548678), (1829, 1, 2602960), (1829, 1, 2603034), (6654, 12, 2616165), (6654, 12, 2616167)]"
2408 "[(8559, 1, 494840), (8559, 1, 658826)]"
8881 "[(17, 11, 495688), (1765, 8, 751550), (3116, 9, 2396223), (3116, 9, 2396479), (3965, 8, 2416123), (3965, 8, 2416151), (3965, 8, 2416210), (3965, 8, 2416273), (3965, 8, 2416555), (3965, 8, 2424745), (7847, 8, 2455139), (3965, 8, 2478032), (3965, 8, 2478278), (3965, 8, 2478311), (3965, 8, 2478481), (3965, 8, 2478490), (3965, 8, 2478537), (7361, 8, 2489872), (7361, 8, 2490443), (7361, 8, 2490904), (3965, 8, 2498944), (3965, 8, 2499211), (3965, 8, 2499338), (3965, 8, 2499453), (7091, 8, 2530612), (7091, 8, 2530661), (233, 0, 2531311), (7091, 8, 2551574), (7091, 8, 2551598), (3965, 8, 2559086), (3965, 8, 2559944), (3965, 8, 2559959), (3965, 8, 2560404), (3965, 8, 2560436), (552, 8, 2565470), (1039, 12, 2567285), (3965, 8, 2581108), (7923, 8, 2611324)]"
8605 "[(750, 3, 520236), (233, 0, 1841179)]"
8306 "[(1594, 12, 550487), (1505, 0, 777935), (2447, 3, 913976), (6385, 14, 2047130), (233, 0, 2097679), (233, 0, 2446250)]"
2660 "[(8888, 4, 555656), (8888, 4, 558398), (8888, 4, 591224), (8888, 4, 591950), (8888, 4, 676836)]"
1314 "[(8888, 4, 563305), (8435, 2, 682779), (8413, 14, 684063), (8413, 14, 684114), (8413, 14, 684371), (8593, 7, 684399), (8687, 9, 684403), (8413, 14, 684429), (8687, 9, 684669), (8971, 7, 684996), (8504, 8, 685042), (8978, 1, 693923), (8339, 4, 910076), (8917, 13, 1122425), (8577, 14, 1126530), (8952, 0, 1363492), (8544, 11, 1463915), (8544, 11, 1464023), (8334, 9, 1464247), (8544, 11, 1464265), (8544, 11, 1464317), (8544, 11, 1464959), (8544, 11, 1465065), (8544, 11, 1465433), (9071, 3, 1551444), (9142, 4, 1800944), (8446, 6, 1970877), (8346, 14, 1970898), (8346, 14, 1971083), (8446, 6, 2503010)]"
2750 "[(8658, 11, 584167)]"
2864 "[(8609, 2, 600016), (8373, 11, 684724), (8373, 11, 684758), (8609, 2, 742186), (8928, 1, 1189201), (8928, 1, 1191251), (8928, 1, 1448210), (8928, 1, 1538936), (8928, 1, 1538977), (8928, 1, 1539102), (8928, 1, 1539414), (8928, 1, 1620232), (8928, 1, 1620267), (9142, 4, 1621764), (8928, 1, 1718713), (8609, 2, 1959289), (9142, 4, 2058694), (8609, 2, 2062082), (8609, 2, 2076236), (8609, 2, 2167725), (8609, 2, 2168048), (8609, 2, 2303156), (8609, 2, 2303190), (8609, 2, 2597595), (8609, 2, 2597869)]"
8745 "[(233, 0, 616569), (467, 13, 683816), (1185, 4, 967684)]"
168 "[(8510, 4, 651345), (8683, 7, 741389), (8683, 7, 826280)]"
8268 "[(1268, 0, 651643), (1268, 0, 654846), (4586, 11, 1124146), (4657, 14, 1153806), (1305, 4, 1163233), (1305, 4, 1163319), (17, 11, 1167999), (588, 12, 1175233), (3893, 4, 1178259), (4766, 2, 1181797), (1305, 4, 1187460), (1305, 4, 1187553), (1729, 4, 1189571), (1729, 4, 1190216), (2387, 4, 1198898), (1305, 4, 1199067), (2387, 4, 1199717), (1305, 4, 1200603), (1305, 4, 1200675), (1305, 4, 1200772), (1305, 4, 1200881), (664, 4, 1204566), (1305, 4, 1212767), (1305, 4, 1212914), (1305, 4, 1213074), (1305, 4, 1213331), (1305, 4, 1213457), (1305, 4, 1213870), (1305, 4, 1213970), (233, 0, 1234347), (3091, 4, 1298174), (2119, 1, 1300411), (1280, 4, 1345302), (3748, 4, 1428356), (3748, 4, 1428942), (5151, 1, 1471656), (5151, 1, 1529392), (664, 4, 1533213), (5151, 1, 1551309), (596, 1, 1555242), (45, 14, 1781927), (6960, 1, 2067934), (1726, 14, 2146844), (1305, 4, 2293612), (1305, 4, 2293702), (1305, 4, 2294100), (1305, 4, 2294190), (1305, 4, 2302593), (1305, 4, 2371707), (1305, 4, 2497095), (7988, 1, 2543829)]"
3100 "[(8609, 2, 668676)]"
1026 "[(8887, 3, 671064), (8887, 3, 798994), (8917, 13, 1228010), (8917, 13, 1228025)]"
3130 "[(8814, 7, 674259), (8814, 7, 674525), (8339, 4, 1032229)]"
2210 "[(8339, 4, 676039)]"
8969 "[(2128, 4, 676136), (2930, 9, 695510), (2930, 9, 695583), (2930, 9, 695792), (2973, 12, 699895), (492, 1, 749375), (2011, 1, 759391), (2011, 1, 759503), (2011, 1, 759546), (2797, 1, 761812), (1602, 6, 780332), (303, 11, 808898), (3495, 4, 956873), (492, 1, 1133408), (233, 0, 1579624)]"
8940 "[(2101, 4, 681137), (2101, 4, 681165), (2101, 4, 681449), (2101, 4, 754403), (233, 0, 973525), (3121, 3, 1132562), (3121, 3, 1132696), (233, 0, 1315504), (233, 0, 2440220), (233, 0, 2445457), (141, 9, 2462739), (3920, 4, 2543192)]"
3208 "[(8339, 4, 690601)]"
3299 "[(8480, 4, 722138)]"
8452 "[(1726, 14, 752031), (233, 0, 1661949), (2186, 15, 2003113), (482, 7, 2059573), (482, 7, 2059799), (482, 7, 2060758), (8, 1, 2066828), (6957, 6, 2067314), (792, 1, 2067383), (608, 15, 2070170), (608, 15, 2070372), (608, 15, 2071281), (671, 15, 2071501), (671, 15, 2072271), (3495, 4, 2074581), (608, 15, 2075822), (4178, 2, 2078752), (4178, 2, 2078773), (4178, 2, 2078820), (310, 10, 2109848), (3065, 3, 2130354), (1726, 14, 2146810), (480, 2, 2231829), (480, 2, 2277005)]"
8736 "[(17, 11, 764241), (17, 11, 891314), (5032, 7, 1264261), (5032, 7, 1264359), (5032, 7, 1264459), (233, 0, 1314716), (40, 0, 1321776), (227, 4, 1396718), (227, 4, 1397876), (4112, 11, 1403157), (4112, 11, 1404240), (233, 0, 1417221), (1501, 7, 1469948), (1501, 7, 1469973), (4112, 11, 1538565), (4112, 11, 1539217), (4112, 11, 1550787), (4112, 11, 1551673), (17, 11, 1699817), (898, 14, 1924527), (898, 14, 1925103), (1007, 10, 1999408), (1958, 12, 2478263), (4736, 2, 2658000), (4736, 2, 2658554), (4736, 2, 2659777), (4736, 2, 2660280)]"
3483 "[(8990, 14, 772357), (8990, 14, 772626), (8297, 0, 805220), (9048, 13, 1064478), (8424, 0, 1674394), (8424, 0, 1675669), (8424, 0, 1675828), (8347, 6, 2239442), (8542, 4, 2457139)]"
1343 "[(8260, 7, 783756), (8260, 7, 784273), (9072, 3, 1149849), (8260, 7, 1902237), (8591, 7, 2173298), (8591, 7, 2173409), (8937, 6, 2393419)]"
3614 "[(8814, 7, 823613)]"
3652 "[(8477, 12, 837450), (8477, 12, 1402026)]"
8768 "[(45, 14, 841633)]"
2121 "[(8382, 11, 861889), (8382, 11, 1120955)]"
3427 "[(8547, 12, 874941)]"
8308 "[(2953, 4, 1005907), (2344, 2, 1095408), (829, 2, 1144297), (4842, 10, 1199452), (829, 2, 1259849), (829, 2, 1260224), (829, 2, 1260535), (829, 2, 1261390), (829, 2, 1261562), (829, 2, 1269298), (17, 11, 1449232), (829, 2, 1725933), (829, 2, 2028547), (1778, 0, 2062639), (56, 2, 2234855), (7236, 4, 2262688)]"
2023 "[(8382, 11, 1011915)]"
4248 "[(9048, 13, 1022019), (9048, 13, 1022102), (9048, 13, 1022229), (9048, 13, 1022632), (8411, 3, 1181865), (8733, 2, 1533718), (8733, 2, 1533896), (9202, 3, 2126335), (8937, 6, 2126488), (8937, 6, 2126630)]"
3320 "[(9018, 6, 1035348), (9018, 6, 1035481), (9183, 0, 1939824), (8857, 14, 2572989)]"
2103 "[(9054, 2, 1081093), (8639, 14, 1167566), (9054, 2, 1178165), (9054, 2, 1178594), (9069, 2, 1257881), (9069, 2, 1339123), (9084, 2, 2635499)]"
2046 "[(8237, 6, 1083485)]"
9062 "[(3613, 1, 1085071), (4157, 4, 1726922), (3930, 6, 2111886), (7243, 6, 2176744), (7, 12, 2267505), (45, 14, 2283079), (745, 0, 2344082)]"
43 "[(9048, 13, 1125466), (9048, 13, 1125497), (9096, 1, 1302649), (9096, 1, 1320774), (9096, 1, 1320887), (9096, 1, 1330717), (9096, 1, 1353371), (9096, 1, 1527302), (8411, 3, 1578630), (9168, 6, 1974813), (9168, 6, 1974856), (9168, 6, 1974974), (9168, 6, 2079317), (9202, 3, 2153760), (9202, 3, 2153848)]"
9080 "[(4707, 6, 1187765), (4707, 6, 1187833), (437, 2, 1208764), (437, 2, 1808914), (17, 11, 1896045), (1961, 3, 2229411), (2115, 3, 2229706), (2115, 3, 2229784), (2115, 3, 2229933), (2115, 3, 2229957), (2115, 3, 2229978), (584, 3, 2230040), (584, 3, 2230076), (3992, 3, 2230169), (6081, 1, 2230328), (5995, 8, 2230337), (7377, 6, 2231209), (7377, 6, 2231313), (1793, 13, 2232525), (318, 11, 2232895), (318, 11, 2232956), (6470, 4, 2233598), (4851, 2, 2234037), (817, 3, 2236033), (4736, 2, 2239059), (4736, 2, 2239267), (539, 3, 2241804), (437, 2, 2242152), (437, 2, 2242281), (437, 2, 2242394), (437, 2, 2242612), (437, 2, 2242707), (119, 3, 2249366), (4736, 2, 2250974), (658, 3, 2253247), (2237, 6, 2254849), (2237, 6, 2255376), (539, 3, 2256555), (3731, 9, 2259518), (539, 3, 2267036), (539, 3, 2267225), (539, 3, 2267299), (437, 2, 2272030), (1951, 15, 2276264), (1951, 15, 2276327), (1951, 15, 2276419), (1951, 15, 2276452), (1951, 15, 2276484), (1951, 15, 2276497), (1951, 15, 2276514), (480, 2, 2277314), (480, 2, 2277352), (480, 2, 2287183), (3981, 14, 2292945), (539, 3, 2296745), (437, 2, 2301120), (437, 2, 2312598), (437, 2, 2315224), (119, 3, 2315249), (437, 2, 2315494), (4441, 13, 2317516), (119, 3, 2319192), (437, 2, 2322679), (437, 2, 2322715), (480, 2, 2324767), (480, 2, 2324801), (437, 2, 2327040), (437, 2, 2335584), (584, 3, 2394083), (437, 2, 2399208), (3323, 13, 2428809), (539, 3, 2445224), (644, 3, 2474647), (644, 3, 2475242), (644, 3, 2475339), (644, 3, 2475376), (644, 3, 2475573), (437, 2, 2476411), (437, 2, 2476440), (437, 2, 2476705), (319, 3, 2517414), (119, 3, 2517442), (437, 2, 2559584), (437, 2, 2559694), (119, 3, 2565105), (119, 3, 2565368), (119, 3, 2565457), (539, 3, 2579609), (437, 2, 2592461), (2274, 2, 2592891), (437, 2, 2593872), (2274, 2, 2594108), (2274, 2, 2594115), (119, 3, 2597413), (2274, 2, 2603666)]"
1680 "[(9048, 13, 1204132), (9048, 13, 1204944), (9048, 13, 1205043), (9048, 13, 1205101), (9072, 3, 1205269), (9072, 3, 1205632), (9072, 3, 1205741), (9072, 3, 1205913), (9072, 3, 1206306), (9072, 3, 1206792), (9048, 13, 1215031), (9048, 13, 1215329), (9048, 13, 1215618), (8575, 4, 1628791), (8575, 4, 1628819), (8575, 4, 1637609), (8937, 6, 2220599), (8937, 6, 2220742), (8937, 6, 2220930), (8937, 6, 2221067), (8937, 6, 2221149), (8937, 6, 2221253)]"
286 "[(9079, 2, 1205606), (9079, 2, 1205771), (9079, 2, 1355677), (9079, 2, 1375503), (8609, 2, 2033200), (8609, 2, 2060366), (8937, 6, 2590740)]"
9090 "[(2344, 2, 1269066), (3502, 11, 1284544), (45, 14, 1938261), (5552, 7, 2041528), (5552, 7, 2043735), (5552, 7, 2043826), (5552, 7, 2044467), (5552, 7, 2044701), (5552, 7, 2045956), (5552, 7, 2046880), (5552, 7, 2047526), (5552, 7, 2047572), (5552, 7, 2047611), (5552, 7, 2047717), (5552, 7, 2047773), (5552, 7, 2047955), (5552, 7, 2048166), (5552, 7, 2048346), (5552, 7, 2048822), (5552, 7, 2048942), (5552, 7, 2048993), (5552, 7, 2049031), (5552, 7, 2049463), (5552, 7, 2049521), (5552, 7, 2049570), (5552, 7, 2051134), (5552, 7, 2054170), (5552, 7, 2054195), (5552, 7, 2054333), (5552, 7, 2054368), (5552, 7, 2054484), (5552, 7, 2056078), (5552, 7, 2060014), (5552, 7, 2060053), (5552, 7, 2060079), (5552, 7, 2060112), (5552, 7, 2064085), (5552, 7, 2067958), (5552, 7, 2068976), (5552, 7, 2144491), (5552, 7, 2152868), (5552, 7, 2219409), (829, 2, 2240245), (829, 2, 2240328), (5552, 7, 2240496), (829, 2, 2288308), (829, 2, 2385241), (829, 2, 2389401), (920, 4, 2474582), (233, 0, 2530631), (1471, 0, 2609357)]"
1711 "[(9069, 2, 1283457)]"
9092 "[(4292, 2, 1303273), (4292, 2, 1383865), (3567, 2, 1384556), (3567, 2, 1384618), (2878, 6, 1408356), (2878, 6, 1408443), (2878, 6, 1408555), (2878, 6, 1408692), (2878, 6, 1408928), (2878, 6, 1409141), (2878, 6, 1409411), (233, 0, 1416418), (870, 3, 1458108), (870, 3, 1458586), (870, 3, 1458940), (4895, 6, 1504673), (4895, 6, 1507931), (2878, 6, 1580312), (2878, 6, 1580624), (2878, 6, 1580687), (2878, 6, 1580825), (2878, 6, 1581126), (2878, 6, 1581248), (2878, 6, 1581311), (2878, 6, 1593912), (2878, 6, 1631239), (2878, 6, 1631331), (2878, 6, 1631421), (2878, 6, 1632489), (870, 3, 1634008), (870, 3, 1634282), (233, 0, 1837895), (1737, 6, 1904057), (1737, 6, 1904312), (1737, 6, 1904442), (233, 0, 1922930), (2878, 6, 1925621), (2878, 6, 1926710), (233, 0, 2180823), (73, 10, 2336054), (233, 0, 2354200)]"
4304 "[(8687, 9, 1424886)]"
9124 "[(3717, 13, 1451275), (2892, 11, 2074424), (154, 12, 2166967), (920, 4, 2484959), (148, 8, 2487158), (385, 4, 2501143)]"
1254 "[(9129, 15, 1469549), (9129, 15, 1469609)]"
606 "[(9113, 2, 1484774)]"
5669 "[(8260, 7, 1485881), (8260, 7, 1486104), (8260, 7, 1486277), (8260, 7, 1486408), (8260, 7, 1486562), (8260, 7, 1486598), (8260, 7, 1486920), (8260, 7, 1486976), (8260, 7, 1487353), (8260, 7, 1487774), (8260, 7, 1487835), (8260, 7, 1488374), (8260, 7, 1531588), (8260, 7, 1531799), (8260, 7, 1532009), (8260, 7, 1532177), (8260, 7, 1532245), (8260, 7, 1532347), (8260, 7, 1532492), (8260, 7, 1532636), (8260, 7, 1533354), (8260, 7, 1533449), (8260, 7, 1533586), (8260, 7, 1533624), (8260, 7, 1534308), (8260, 7, 1534369), (8260, 7, 1534705), (8260, 7, 1534845), (8260, 7, 1534902), (8260, 7, 1534930), (8260, 7, 1534989), (8260, 7, 1535082), (8260, 7, 1535130), (8260, 7, 1535193), (8260, 7, 1535389), (8260, 7, 1535504), (8260, 7, 1535609), (8260, 7, 1535711), (8260, 7, 1535844), (8260, 7, 1537105), (8260, 7, 1537135), (8260, 7, 1541248), (8260, 7, 1642104), (8683, 7, 1795512), (8683, 7, 1795710), (8683, 7, 1795841), (8683, 7, 1795884), (8683, 7, 1796158), (8683, 7, 1796269), (8683, 7, 1796459), (8683, 7, 1796587), (8683, 7, 1796632), (8683, 7, 1796680), (8683, 7, 1796971), (8683, 7, 1797237), (8683, 7, 1797771), (8683, 7, 1797825), (8683, 7, 1797900), (8683, 7, 1797954), (8683, 7, 1798442), (8683, 7, 1798474), (8683, 7, 2260229), (8683, 7, 2260382), (8683, 7, 2260564), (8683, 7, 2260770), (8683, 7, 2260921), (8683, 7, 2262441)]"
5802 "[(8623, 8, 1545747)]"
9002 "[(367, 1, 1588456)]"
6015 "[(8586, 9, 1633363), (8586, 9, 1633504)]"
6091 "[(9163, 1, 1674096)]"
6041 "[(9096, 1, 1675320)]"
9149 "[(3495, 4, 1713278)]"
9148 "[(233, 0, 1751688)]"
3450 "[(8944, 15, 1759155)]"
6306 "[(9166, 7, 1761016)]"
1450 "[(9166, 7, 1776525)]"
6411 "[(9166, 7, 1805769), (9166, 7, 1806322), (9166, 7, 2036130), (9166, 7, 2036238), (9166, 7, 2036723), (9166, 7, 2053449), (9166, 7, 2053578), (9166, 7, 2053724), (9166, 7, 2054018), (9166, 7, 2054188), (9166, 7, 2065775), (9166, 7, 2066634), (9166, 7, 2067538), (9166, 7, 2150416), (9166, 7, 2151568), (9166, 7, 2151676), (9166, 7, 2152135), (9166, 7, 2152215), (9166, 7, 2152465), (9168, 6, 2318084), (9168, 6, 2318148), (9168, 6, 2324110), (9168, 6, 2324155), (9168, 6, 2324198), (9168, 6, 2325549), (9168, 6, 2325580)]"
6489 "[(9166, 7, 1839157)]"
5083 "[(8241, 7, 1875461), (8241, 7, 1875573), (8241, 7, 1875689), (8241, 7, 1875859)]"
9185 "[(492, 1, 1899122), (492, 1, 1899284), (492, 1, 1899736), (492, 1, 1901149), (492, 1, 1902544), (492, 1, 1904301), (492, 1, 1904539), (1220, 3, 1905802), (492, 1, 1905805), (1220, 3, 1905974), (1220, 3, 1906042), (492, 1, 1906636), (492, 1, 1906681), (492, 1, 1906728), (492, 1, 1907261), (492, 1, 1907359), (492, 1, 1907570), (492, 1, 1907609), (1220, 3, 1908136), (1220, 3, 1908341), (1220, 3, 1908378), (1220, 3, 1908468), (1220, 3, 1908485), (1220, 3, 1908570), (492, 1, 1911227), (492, 1, 1912253), (492, 1, 1912927), (6658, 1, 1920086), (3849, 3, 1920787), (4085, 0, 1939704), (1392, 1, 1952876), (1392, 1, 1952900), (1220, 3, 1969568), (1220, 3, 1971431), (1220, 3, 1971619), (1220, 3, 1971822), (1220, 3, 1971943), (1220, 3, 1973529), (1220, 3, 2004925), (1220, 3, 2005156), (1220, 3, 2069437), (1220, 3, 2069524), (1220, 3, 2071869), (1220, 3, 2075473), (1220, 3, 2090192), (1220, 3, 2090218), (1171, 9, 2178917), (1220, 3, 2233093), (1220, 3, 2233190), (1220, 3, 2249020), (1220, 3, 2251501), (1220, 3, 2329486), (1220, 3, 2329524), (1220, 3, 2343977), (1220, 3, 2344529), (1220, 3, 2345118), (1220, 3, 2356171), (1220, 3, 2356324), (1220, 3, 2356407), (1220, 3, 2432577), (1220, 3, 2448145), (1220, 3, 2448374), (1220, 3, 2448514)]"
5561 "[(9166, 7, 1900192)]"
6664 "[(8374, 12, 1922831)]"
8818 "[(233, 0, 2014084), (56, 2, 2245409)]"
4534 "[(8849, 13, 2049076), (8849, 13, 2072692)]"
7048 "[(8676, 9, 2097910)]"
2038 "[(9202, 3, 2119236)]"
6113 "[(9168, 6, 2122245), (9168, 6, 2125337)]"
9205 "[(142, 6, 2145475), (142, 6, 2145654), (142, 6, 2145736), (142, 6, 2145904), (142, 6, 2146111), (142, 6, 2146139), (142, 6, 2146805), (142, 6, 2146968), (142, 6, 2147015), (142, 6, 2147117), (142, 6, 2147138), (142, 6, 2147227), (142, 6, 2147775), (142, 6, 2151005), (2134, 1, 2153591), (2134, 1, 2153632), (1570, 3, 2154584), (3932, 4, 2157615), (142, 6, 2159545), (142, 6, 2159779), (142, 6, 2159864), (142, 6, 2160125), (4910, 3, 2161165), (4910, 3, 2161287), (4910, 3, 2161452), (4910, 3, 2161678), (5586, 1, 2164344), (853, 3, 2175166), (142, 6, 2184838), (2134, 1, 2191621), (1095, 10, 2200854), (2578, 2, 2213358), (2578, 2, 2214980), (2196, 7, 2220370), (2134, 1, 2224050), (2134, 1, 2224069), (2134, 1, 2224086), (17, 11, 2238172), (3323, 13, 2239714), (142, 6, 2239829), (142, 6, 2240980), (3478, 4, 2245025), (4554, 12, 2258225), (4554, 12, 2258237), (4992, 6, 2295807), (56, 2, 2298671), (17, 11, 2299862), (5782, 4, 2333665), (5782, 4, 2334363), (5442, 4, 2334483), (5442, 4, 2334791), (17, 11, 2337165), (142, 6, 2366848), (7239, 3, 2368647), (142, 6, 2370704), (7769, 6, 2404585), (125, 11, 2415260), (7798, 6, 2423148), (143, 13, 2423175), (143, 13, 2423198), (627, 8, 2427895), (3105, 8, 2440887), (3105, 8, 2440994), (3105, 8, 2441009), (142, 6, 2441855), (142, 6, 2441980), (3507, 10, 2463149), (3507, 10, 2463360), (2384, 4, 2479673), (17, 11, 2589464), (646, 6, 2594515), (6828, 4, 2608578), (646, 6, 2666236), (4251, 6, 2669800)]"
92 "[(8591, 7, 2147268)]"
7127 "[(8411, 3, 2159906), (8411, 3, 2227101)]"
7295 "[(8895, 0, 2206120), (8895, 0, 2210506), (8895, 0, 2210800), (8895, 0, 2211077), (8260, 7, 2562858)]"
428 "[(9168, 6, 2221952), (9168, 6, 2222121), (9168, 6, 2222339)]"
6442 "[(8591, 7, 2318439)]"
1023 "[(8480, 4, 2325221), (8480, 4, 2326771)]"
9160 "[(73, 10, 2336192), (4258, 2, 2354795), (467, 13, 2416160)]"
7721 "[(8504, 8, 2383375)]"
5216 "[(8602, 11, 2385962)]"
9196 "[(4085, 0, 2434159)]"
9061 "[(233, 0, 2529436), (4085, 0, 2673581)]"
8010 "[(8275, 7, 2556562)]"
875 "[(9071, 3, 2599633), (8295, 13, 2599708), (8446, 6, 2599887), (8778, 2, 2600478), (8292, 12, 2600695), (9069, 2, 2600964), (8260, 7, 2601070)]"
2425 "[(9084, 2, 2626614)]"
1296 "[(8937, 6, 2629922), (8937, 6, 2630025)]"
5129 "[(8928, 1, 2635248), (8928, 1, 2639962)]"
3735 "[(9084, 2, 2661310)]"
