23 "[(8250, 5, 1529)]"
8278 "[(55, 10, 4780), (146, 9, 17922), (146, 9, 17972), (198, 14, 25113), (198, 14, 90599), (198, 14, 90613), (71, 9, 253000), (146, 9, 275810), (1376, 12, 678787), (1376, 12, 678804), (1376, 12, 679777), (1376, 12, 679842), (71, 9, 936335), (4075, 14, 969372), (4075, 14, 969416), (4075, 14, 969472), (140, 14, 970208), (745, 0, 973060), (745, 0, 973150), (745, 0, 973216), (745, 0, 973262), (1320, 11, 997936), (4075, 14, 1007776), (4075, 14, 1012278), (1376, 12, 1039893), (1376, 12, 1040889), (1376, 12, 1040904), (233, 0, 1060973), (1552, 11, 1063541), (407, 14, 1091966), (1376, 12, 1097724), (1376, 12, 1097798), (17, 11, 1118203), (1376, 12, 1999174)]"
87 "[(8302, 5, 8942)]"
163 "[(8283, 8, 20156), (8283, 8, 424867), (8283, 8, 424929), (8290, 6, 1518109), (9071, 3, 1632451), (9071, 3, 1744503), (8504, 8, 2345031), (8504, 8, 2499354), (8504, 8, 2648661)]"
187 "[(8261, 12, 23332), (8241, 7, 1273079), (8838, 3, 2238302)]"
8264 "[(190, 13, 24014), (561, 3, 73401), (659, 14, 111317), (925, 12, 146124), (561, 3, 201712), (925, 12, 231402), (925, 12, 231458), (925, 12, 231473), (925, 12, 231494), (925, 12, 231788), (378, 12, 233330), (561, 3, 287087), (925, 12, 332282), (925, 12, 408186), (925, 12, 418578), (2441, 13, 501351), (2441, 13, 501415), (925, 12, 512302), (761, 2, 523969), (2069, 13, 540254), (2069, 13, 540343), (167, 11, 562251), (925, 12, 592887), (925, 12, 592902), (402, 3, 608647), (925, 12, 679134), (437, 2, 685735), (437, 2, 688035), (925, 12, 750529), (925, 12, 751337), (502, 13, 841651), (925, 12, 939151), (925, 12, 1022920), (1686, 3, 1084369), (1686, 3, 1084549), (1686, 3, 1084691), (1686, 3, 1105279), (1686, 3, 1105530), (1686, 3, 1164869), (1635, 12, 1168105), (925, 12, 1196690), (925, 12, 1197606), (4888, 14, 1207419), (4888, 14, 1207610), (1686, 3, 1381623), (1686, 3, 1381757), (925, 12, 1440322), (925, 12, 1441631), (1966, 3, 1477213), (5620, 3, 1629030), (925, 12, 1635637), (1686, 3, 1695183), (443, 0, 1710772), (645, 3, 1723316), (925, 12, 1802589), (659, 14, 1826637), (645, 3, 1901416), (22, 7, 1904911), (925, 12, 2046435), (335, 13, 2062358), (443, 0, 2125899), (443, 0, 2126887), (925, 12, 2155217), (3841, 3, 2270014), (4085, 0, 2286341), (2079, 13, 2477677), (233, 0, 2530507), (925, 12, 2650540)]"
8399 "[(233, 0, 30254), (1058, 0, 1028343), (4085, 0, 1390338)]"
8404 "[(73, 10, 37980), (40, 0, 85908), (1894, 14, 534284), (1894, 14, 541136), (1894, 14, 542948), (1894, 14, 543376), (356, 12, 870370), (1277, 1, 1105929), (1277, 1, 1105951), (1894, 14, 2352542)]"
8463 "[(335, 13, 46819), (378, 12, 53980), (335, 13, 110779), (335, 13, 165712), (378, 12, 176262), (378, 12, 234023), (476, 13, 241307), (476, 13, 241360), (145, 13, 271966), (435, 8, 316272), (1814, 12, 336987), (1814, 12, 337058), (1883, 13, 353307), (233, 0, 367592), (378, 12, 430003), (291, 12, 471068), (443, 0, 575131), (1185, 4, 727485), (335, 13, 761223), (3655, 13, 837889), (1046, 13, 953724), (1046, 13, 955396), (335, 13, 1305068), (335, 13, 1365455), (335, 13, 1442787), (476, 13, 1455507), (476, 13, 1455561), (898, 14, 1527996), (335, 13, 1532266), (2819, 10, 1803574), (335, 13, 1988372), (335, 13, 2048018), (1076, 11, 2059546), (335, 13, 2061483), (291, 12, 2109621), (17, 11, 2143495), (148, 8, 2143963), (1076, 11, 2246085), (1076, 11, 2279918), (171, 13, 2387220), (1341, 3, 2398925), (5538, 8, 2459612), (335, 13, 2566917), (1625, 13, 2626175), (6245, 12, 2645808), (335, 13, 2664308)]"
351 "[(8438, 0, 49009), (8339, 4, 722589), (8355, 8, 2552855)]"
8467 "[(353, 6, 49064), (371, 12, 133790), (63, 12, 290559), (353, 6, 567133), (353, 6, 567313), (353, 6, 567440), (353, 6, 657429), (935, 5, 856863), (935, 5, 856878), (935, 5, 856912), (935, 5, 856923), (1363, 14, 1028883), (17, 11, 1080478), (353, 6, 1166647), (1164, 10, 1227217), (353, 6, 1256118), (353, 6, 1256316), (353, 6, 1257776), (1363, 14, 1289978), (353, 6, 1368234), (17, 11, 1400037), (353, 6, 1430506), (353, 6, 1430586), (353, 6, 1430662), (935, 5, 1452391), (353, 6, 1518436), (353, 6, 1529287), (762, 14, 1577090), (477, 12, 1590777), (5959, 13, 1615673), (353, 6, 1636791), (353, 6, 1636996), (353, 6, 1705584), (353, 6, 1778266), (353, 6, 1863293), (353, 6, 1945672), (17, 11, 1966071), (1449, 11, 1966363), (353, 6, 1972823), (353, 6, 1972856), (1363, 14, 2033906), (17, 11, 2044507), (353, 6, 2062430), (1363, 14, 2078488), (1912, 6, 2095433), (353, 6, 2122733), (353, 6, 2122785), (353, 6, 2122932), (353, 6, 2123053), (353, 6, 2123080), (1363, 14, 2133806), (353, 6, 2156346), (2216, 4, 2164971), (2216, 4, 2165012), (2216, 4, 2165070), (1363, 14, 2171787), (1363, 14, 2175344), (63, 12, 2176461), (63, 12, 2180526), (1363, 14, 2185808), (353, 6, 2203881), (353, 6, 2204118), (353, 6, 2204169), (353, 6, 2218875), (353, 6, 2219074), (353, 6, 2219123), (353, 6, 2219396), (1912, 6, 2226750), (371, 12, 2228892), (371, 12, 2228988), (353, 6, 2235796), (63, 12, 2245938), (1912, 6, 2257698), (3323, 13, 2258543), (1277, 1, 2277166), (1277, 1, 2277188), (353, 6, 2291168), (2528, 7, 2316724), (353, 6, 2325000), (353, 6, 2490164), (353, 6, 2490269), (353, 6, 2490301), (971, 13, 2497967), (971, 13, 2498292), (971, 13, 2594481), (971, 13, 2594759), (1363, 14, 2595707), (353, 6, 2670308)]"
8429 "[(467, 13, 63722), (467, 13, 63894), (17, 11, 396941), (1238, 14, 555549), (73, 10, 888111), (17, 11, 892574), (73, 10, 979535), (73, 10, 1166122), (233, 0, 1240447), (207, 10, 1314558)]"
8514 "[(481, 9, 65039), (481, 9, 65723), (481, 9, 65759), (481, 9, 67838), (481, 9, 68026), (481, 9, 100102), (481, 9, 100177), (481, 9, 100856), (481, 9, 105408), (481, 9, 106220), (481, 9, 106338), (481, 9, 106401), (1320, 11, 230569), (1320, 11, 309497), (1320, 11, 309689), (1320, 11, 310326), (40, 0, 372218), (481, 9, 428408), (481, 9, 429083), (481, 9, 451250), (233, 0, 461037), (22, 7, 516208), (659, 14, 525354), (5117, 12, 1288395), (3734, 0, 1628356), (303, 11, 1971049), (3963, 9, 2101191)]"
537 "[(8520, 14, 71270), (8470, 1, 135319), (8318, 2, 155163), (8318, 2, 212085), (8660, 11, 217139), (8805, 3, 317096), (8805, 3, 317154), (8762, 3, 319296), (8762, 3, 319358), (8805, 3, 321374), (8805, 3, 379291), (8242, 13, 385827), (8622, 1, 387284), (8484, 0, 408146), (8481, 10, 510385), (8661, 5, 640715), (8301, 13, 660046), (8959, 11, 740606), (8656, 10, 740751), (8990, 14, 741685), (8943, 0, 743458), (8375, 14, 743746), (8318, 2, 824981), (8631, 6, 827175), (8318, 2, 834833), (8332, 14, 896635), (8545, 1, 919517), (8286, 12, 982750), (8762, 3, 984506), (8318, 2, 1010961), (8318, 2, 1067866), (8471, 3, 1090670), (8705, 0, 1112425), (8470, 1, 1112800), (8318, 2, 1113556), (9045, 2, 1157654), (9045, 2, 1157720), (9067, 0, 1160222), (8948, 10, 1160300), (9019, 11, 1242597), (9053, 2, 1244090), (8401, 14, 1448172), (8375, 14, 1502564), (8331, 12, 1609276), (8375, 14, 1609334), (8988, 11, 1672655), (8988, 11, 1672986), (9159, 0, 1674012), (8368, 1, 1696915), (8988, 11, 1698101), (8318, 2, 1792445), (8470, 1, 1945564), (8906, 13, 1958624), (8906, 13, 1958782), (8890, 14, 2027855), (8861, 10, 2053892), (9181, 3, 2065951), (9118, 12, 2279320), (8375, 14, 2280235), (8295, 13, 2365526), (8526, 7, 2366679), (8318, 2, 2415819), (8318, 2, 2450435), (8508, 10, 2664892), (9220, 0, 2668126)]"
557 "[(8549, 12, 73102), (8549, 12, 73228), (8561, 14, 421553), (8549, 12, 471510), (8257, 12, 471801), (8549, 12, 848075), (8549, 12, 848163), (8474, 12, 848207), (8549, 12, 848260), (8549, 12, 848764), (8549, 12, 849010), (8561, 14, 1112712), (8561, 14, 1112787), (8549, 12, 1548371), (8298, 4, 1561665), (8801, 14, 1719774), (8801, 14, 1719948), (8801, 14, 1720010), (8801, 14, 1720042), (8801, 14, 1720152), (8801, 14, 1720192), (8801, 14, 1722078), (8801, 14, 1722220), (8801, 14, 1737890), (8801, 14, 1737951), (8801, 14, 1737992), (8801, 14, 1738074), (8801, 14, 1806403), (8801, 14, 1911672), (8801, 14, 1911710), (8801, 14, 1911806), (8801, 14, 1966543), (8801, 14, 1966565), (8801, 14, 2090154), (8801, 14, 2138842), (8801, 14, 2152463), (8561, 14, 2338588), (8561, 14, 2338627), (8561, 14, 2338867), (8561, 14, 2338911), (8561, 14, 2338957), (8561, 14, 2339051), (8561, 14, 2339085), (8561, 14, 2399117), (8561, 14, 2399147), (8561, 14, 2399246), (8561, 14, 2399336), (8801, 14, 2609323)]"
608 "[(8291, 14, 79670), (8291, 14, 79687), (8269, 3, 210111), (8596, 2, 269747), (8596, 2, 269761), (8596, 2, 269774), (8248, 1, 386632), (8835, 1, 513380), (8424, 0, 521008), (8602, 11, 525002), (8878, 14, 567240), (8578, 1, 585279), (8578, 1, 656739), (8346, 14, 746290), (8965, 0, 772541), (9031, 4, 968883), (8755, 5, 1036712), (8300, 3, 1079757), (8300, 3, 1079813), (8356, 5, 1201065), (8480, 4, 1201105), (8356, 5, 1201337), (8480, 4, 1201352), (9053, 2, 1204693), (9053, 2, 1204769), (9053, 2, 1204783), (9053, 2, 1204797), (9053, 2, 1204872), (9053, 2, 1204887), (9053, 2, 1204961), (9053, 2, 1205036), (9053, 2, 1205052), (8273, 1, 1231942), (9082, 10, 1259629), (9082, 10, 1259643), (9082, 10, 1259666), (9082, 10, 1259679), (9088, 4, 1270693), (9088, 4, 1276537), (9088, 4, 1276552), (9088, 4, 1276568), (9088, 4, 1304379), (9088, 4, 1344974), (9031, 4, 1344989), (9088, 4, 1345003), (9031, 4, 1345017), (9088, 4, 1345031), (9031, 4, 1345048), (9088, 4, 1345062), (9031, 4, 1345076), (8989, 8, 1375008), (8989, 8, 1375021), (8420, 0, 1384584), (8968, 11, 1386548), (8300, 3, 1457586), (8999, 0, 1527196), (8341, 14, 1613048), (8927, 0, 1647574), (8927, 0, 1647648), (8875, 4, 1793723), (8273, 1, 1796135), (9053, 2, 1817297), (9151, 7, 1868091), (8973, 14, 1909523), (8875, 4, 1944390), (8927, 0, 1989141), (8607, 7, 2024515), (9164, 10, 2031533), (9194, 10, 2034149), (8484, 0, 2066026), (8452, 5, 2070170), (8452, 5, 2070372), (8452, 5, 2071281), (8452, 5, 2075822), (8822, 2, 2130604), (8733, 2, 2208593), (9099, 1, 2247541), (9099, 1, 2247554), (9099, 1, 2247566), (8606, 1, 2248295), (8870, 4, 2249004), (8266, 11, 2427238), (8350, 6, 2587360), (8631, 6, 2587380), (9182, 14, 2595607), (8256, 3, 2596705), (8972, 0, 2597282)]"
8229 "[(22, 7, 83957), (22, 7, 84050), (22, 7, 84093), (233, 0, 118968)]"
8581 "[(12, 14, 85477), (12, 14, 87159), (12, 14, 87723), (12, 14, 88746), (12, 14, 99793), (12, 14, 100072), (12, 14, 100494), (12, 14, 100873), (12, 14, 101128), (12, 14, 131956), (12, 14, 132282), (12, 14, 132633), (12, 14, 133138), (12, 14, 133341), (12, 14, 133676), (12, 14, 133968), (12, 14, 134297), (12, 14, 134500), (12, 14, 134988), (146, 9, 281247), (146, 9, 281948), (1913, 9, 359138), (12, 14, 677716), (3556, 14, 796286), (2889, 6, 1351759), (303, 11, 1415688), (6530, 14, 1867007), (6922, 14, 2055202), (1840, 14, 2125150), (17, 11, 2549562)]"
671 "[(8444, 0, 91888), (8302, 5, 333471), (8835, 1, 431803), (8835, 1, 431831), (8302, 5, 647677), (8302, 5, 647682), (8807, 8, 724498), (9082, 10, 1260165), (8603, 4, 1889275), (8603, 4, 1889303), (9164, 10, 1898607), (8273, 1, 1923694), (8452, 5, 2071501), (8452, 5, 2072271), (8603, 4, 2162208)]"
8491 "[(627, 8, 94483), (233, 0, 370050), (2728, 8, 574063), (17, 11, 574110), (2093, 4, 668895), (3323, 13, 775952), (2881, 14, 945201), (17, 11, 945278), (22, 7, 1371895), (17, 11, 1719479), (481, 9, 1900574), (481, 9, 1900741), (22, 7, 1927021), (1663, 11, 2073956), (2198, 6, 2335432), (2198, 6, 2335509), (2198, 6, 2335582), (2198, 6, 2335814), (2198, 6, 2335848), (2198, 6, 2336215), (17, 11, 2339543), (2239, 9, 2342434), (401, 14, 2364095), (17, 11, 2388613), (2708, 3, 2390768), (2708, 3, 2390843), (2246, 8, 2407725), (2246, 8, 2407727), (233, 0, 2445052), (5622, 11, 2594589)]"
389 "[(8469, 8, 96306), (8511, 8, 96342), (9214, 8, 2603354)]"
8540 "[(692, 9, 97041), (996, 1, 262235), (68, 5, 264033), (146, 9, 280040), (146, 9, 280132), (267, 9, 308456), (267, 9, 309177), (267, 9, 309261), (401, 14, 805002), (303, 11, 830594), (2196, 7, 870667), (303, 11, 917097), (303, 11, 939914), (919, 9, 999199), (919, 9, 999375), (919, 9, 999466), (919, 9, 999563), (303, 11, 1025467), (233, 0, 1058753), (919, 9, 1085483), (919, 9, 1085600), (919, 9, 1168574), (919, 9, 1255551), (919, 9, 1255628), (919, 9, 1255687), (919, 9, 1255779), (919, 9, 1255883), (919, 9, 1437513), (919, 9, 1437596), (919, 9, 1437973), (919, 9, 1438174), (919, 9, 1438290), (919, 9, 1438637), (919, 9, 1449973), (919, 9, 1450751), (919, 9, 1450932), (702, 12, 1453373), (919, 9, 1461102), (401, 14, 1490979), (267, 9, 1492301), (919, 9, 1516282), (919, 9, 1516596), (919, 9, 1516782), (919, 9, 1517157), (919, 9, 1517453), (17, 11, 1741585), (2277, 11, 1846235), (919, 9, 1859972), (919, 9, 1860129), (919, 9, 1860359), (2388, 6, 2070068), (2169, 10, 2071512), (2169, 10, 2071576), (2169, 10, 2071670), (2196, 7, 2079545), (2196, 7, 2082347), (146, 9, 2084701), (267, 9, 2103246), (919, 9, 2119352), (919, 9, 2119579), (919, 9, 2119914), (919, 9, 2120475), (919, 9, 2120637), (919, 9, 2120835), (919, 9, 2120946), (919, 9, 2121099), (1726, 14, 2139167)]"
8629 "[(826, 0, 124070), (1238, 14, 848001), (68, 5, 1610370), (68, 5, 1642959), (68, 5, 1717355), (1726, 14, 2140010), (68, 5, 2146532), (68, 5, 2149225), (3557, 11, 2176255)]"
8643 "[(67, 0, 141988), (1102, 0, 234394), (913, 0, 297703), (435, 8, 319832), (68, 5, 342986), (1778, 0, 426503), (68, 5, 428333), (233, 0, 453889), (233, 0, 540349), (233, 0, 624631), (40, 0, 716480), (233, 0, 808735), (1778, 0, 1290619), (375, 9, 2058153)]"
8380 "[(45, 14, 146880), (1943, 13, 371739), (1778, 0, 435060), (2168, 14, 581341), (2168, 14, 651822), (103, 11, 919476), (73, 10, 979366), (2087, 14, 1627979), (471, 5, 1645340), (471, 5, 1645420), (471, 5, 1645507), (4065, 9, 2437422)]"
8685 "[(17, 11, 156157), (17, 11, 262248), (611, 1, 636003), (1929, 10, 774704), (717, 9, 786726), (717, 9, 796060), (611, 1, 1031099), (717, 9, 1055035), (717, 9, 1097462), (717, 9, 1115981), (3681, 10, 1116396), (717, 9, 1197642), (717, 9, 1197730), (717, 9, 1303194), (717, 9, 1305422), (611, 1, 1325532), (17, 11, 1332614), (17, 11, 1334654), (611, 1, 1338720), (233, 0, 1490761), (717, 9, 1650208), (717, 9, 1655622), (717, 9, 2088618), (717, 9, 2089256), (717, 9, 2092850), (717, 9, 2163869), (717, 9, 2168736), (17, 11, 2173400), (717, 9, 2553575)]"
1013 "[(8695, 10, 163021), (8722, 5, 262118), (8622, 1, 262511), (8446, 6, 263146), (8446, 6, 263933), (8637, 11, 265592), (8734, 5, 265872), (8855, 1, 510702), (8582, 8, 510816), (8602, 11, 937349), (8602, 11, 938087), (8602, 11, 938261), (8237, 6, 939054), (8545, 1, 1024873), (9069, 2, 1280777), (9069, 2, 1282468), (8699, 10, 1538319), (8442, 7, 1883865), (8841, 13, 1886245), (8402, 2, 1886818), (9166, 7, 1888405), (8849, 13, 2404240), (8366, 12, 2409635), (8917, 13, 2484729), (8875, 4, 2657418)]"
752 "[(8697, 9, 164163), (8697, 9, 165569), (8697, 9, 165862), (8697, 9, 165885), (8697, 9, 166587), (8697, 9, 166638), (8697, 9, 166709), (8697, 9, 166835), (8697, 9, 167343), (8697, 9, 167508), (8697, 9, 167602), (8697, 9, 167843), (8697, 9, 171156), (8697, 9, 171450), (8697, 9, 171704), (8697, 9, 171748), (8697, 9, 172438), (8697, 9, 186264), (8697, 9, 186889), (8697, 9, 246306), (8697, 9, 515908), (8697, 9, 516971), (8697, 9, 517740), (8697, 9, 519133), (8697, 9, 519396), (8697, 9, 519473), (8697, 9, 519538), (8697, 9, 519635), (8697, 9, 519729), (8697, 9, 519906), (8697, 9, 519984), (8697, 9, 520019), (8697, 9, 529257), (8907, 9, 1395862), (8907, 9, 1398933), (8658, 11, 1962618), (8697, 9, 2677882)]"
1149 "[(8649, 5, 187309)]"
8312 "[(744, 1, 190212), (1423, 12, 248825), (717, 9, 258040), (717, 9, 258249), (1435, 11, 324611), (1829, 1, 339935), (383, 10, 439465), (2239, 9, 615227), (245, 2, 819244), (303, 11, 917154), (233, 0, 974931), (267, 9, 1155583), (1435, 11, 1430275), (1435, 11, 1466176), (267, 9, 1501698), (1435, 11, 1533683), (1435, 11, 1593824), (68, 5, 1625436), (68, 5, 1630263), (1435, 11, 1778259), (6356, 7, 1782781), (1435, 11, 1793937), (1435, 11, 1794088), (1435, 11, 2112240), (1435, 11, 2129282), (4877, 9, 2148324), (68, 5, 2353522), (870, 3, 2377003), (870, 3, 2377270), (1435, 11, 2415255), (1435, 11, 2415637), (1435, 11, 2415873), (1435, 11, 2416818), (148, 8, 2655934)]"
8726 "[(17, 11, 195902), (1806, 9, 340512), (1806, 9, 340547), (17, 11, 346243), (611, 1, 512175), (2595, 6, 534282), (1806, 9, 547570), (497, 4, 584591), (2595, 6, 595801), (198, 14, 691949), (1137, 11, 693783), (17, 11, 773973), (500, 14, 776575), (17, 11, 779528), (17, 11, 878525), (1137, 11, 951870), (532, 14, 1015022), (1137, 11, 1038970), (22, 7, 1042298), (2595, 6, 1046613), (1137, 11, 1211504), (4581, 9, 1295944), (890, 10, 1778771), (2595, 6, 1878284), (2595, 6, 2223025), (17, 11, 2321256)]"
1184 "[(8236, 0, 198551), (8385, 11, 324640), (8777, 9, 329229), (8777, 9, 329613), (8777, 9, 329816), (8777, 9, 329965), (8777, 9, 330035), (8777, 9, 330212), (8367, 3, 348512), (8854, 10, 410596), (8417, 4, 419073), (8393, 0, 439100), (8235, 12, 588843), (8530, 0, 590251), (8622, 1, 591151), (8567, 10, 940316), (8990, 14, 1069893), (8990, 14, 1069949), (8990, 14, 1100181), (8990, 14, 1100203), (8983, 9, 1111210), (8604, 14, 1293785), (9168, 6, 2142418), (8952, 0, 2165110), (9223, 4, 2419495)]"
8592 "[(356, 12, 222227), (68, 5, 392710), (233, 0, 454655), (167, 11, 1748549), (80, 4, 1912233), (80, 4, 1912331), (80, 4, 1913057), (80, 4, 1913415), (80, 4, 1913652), (6654, 12, 1917715), (6654, 12, 1917718), (6654, 12, 1917795), (7040, 14, 2102187), (7040, 14, 2102288), (1477, 14, 2122801), (1726, 14, 2139238), (2955, 1, 2165773), (233, 0, 2183788), (3681, 10, 2199514), (40, 0, 2241592), (2242, 11, 2253271), (402, 3, 2332950)]"
1294 "[(8411, 3, 223645), (8411, 3, 694969), (8238, 14, 1439969), (8411, 3, 1444659), (9059, 9, 1450309), (9059, 9, 1815587), (8529, 2, 1911009), (9059, 9, 1990314), (8697, 9, 2523331)]"
8555 "[(1474, 13, 261041), (1474, 13, 348066), (233, 0, 1416278), (5550, 10, 1451387), (6530, 14, 1866808), (401, 14, 2013017), (5636, 6, 2147516), (303, 11, 2451026), (1673, 10, 2482186), (782, 0, 2532013), (17, 11, 2583732), (1474, 13, 2604468), (1474, 13, 2604572)]"
8562 "[(1477, 14, 261617), (2564, 3, 527757), (2564, 3, 527779), (3216, 14, 800327), (80, 4, 862662), (611, 1, 1031100), (627, 8, 1896265), (2564, 3, 1926422), (2564, 3, 2018480), (2564, 3, 2018916), (2564, 3, 2031656), (2564, 3, 2032995), (2564, 3, 2034738), (2564, 3, 2034851), (2564, 3, 2035603), (2564, 3, 2035675), (2564, 3, 2096447), (233, 0, 2096572), (2564, 3, 2097857), (2564, 3, 2098170), (2564, 3, 2098362), (1820, 14, 2151540), (465, 4, 2172231), (465, 4, 2416908)]"
559 "[(8577, 14, 262796), (8577, 14, 264407), (8577, 14, 939423), (8577, 14, 1018936), (8806, 9, 1095833), (8806, 9, 1113699), (8508, 10, 2317205), (8551, 13, 2395445)]"
8779 "[(571, 12, 270438), (467, 13, 589460), (4748, 13, 1283141), (1261, 1, 1339696), (40, 0, 1555445), (40, 0, 1558095), (68, 5, 1633127), (40, 0, 1637782), (1670, 14, 2581161)]"
8738 "[(1547, 14, 277378), (233, 0, 281031), (799, 0, 333612), (233, 0, 365377), (799, 0, 376677), (913, 0, 681685), (4001, 14, 1027032), (1058, 0, 1717611)]"
8785 "[(400, 10, 283071), (1676, 14, 314142), (400, 10, 316596), (400, 10, 316621), (400, 10, 317224), (400, 10, 317453), (400, 10, 317604), (400, 10, 317719), (400, 10, 317768), (400, 10, 317875), (400, 10, 323199), (400, 10, 323238), (400, 10, 323254), (400, 10, 334992), (400, 10, 366562), (400, 10, 453562), (400, 10, 536046), (400, 10, 854319), (400, 10, 856564), (400, 10, 857331), (400, 10, 858726), (400, 10, 859400), (400, 10, 860549), (400, 10, 883103), (400, 10, 920809), (400, 10, 921203), (400, 10, 924651), (17, 11, 1284382), (1856, 3, 1284449), (400, 10, 1426013), (400, 10, 1426038), (400, 10, 1426053), (400, 10, 1426603), (400, 10, 1426755), (400, 10, 1426799), (400, 10, 1444351), (400, 10, 1451583), (400, 10, 1526706), (1449, 11, 1658146), (1813, 6, 2060539)]"
8453 "[(233, 0, 285212), (80, 4, 347516), (233, 0, 370533), (1778, 0, 434929), (477, 12, 932942), (477, 12, 932966), (1505, 0, 1215284), (233, 0, 1234718), (5098, 14, 1281716), (68, 5, 1311232), (80, 4, 1374340), (80, 4, 1564984), (80, 4, 1648393), (80, 4, 1648632), (80, 4, 1648764), (80, 4, 1648866), (1933, 0, 2046530), (717, 9, 2210694)]"
8548 "[(371, 12, 314166), (423, 11, 445500), (423, 11, 445677), (423, 11, 445758), (423, 11, 445799), (2251, 12, 451491), (2251, 12, 455526), (371, 12, 475811), (2251, 12, 511810), (2251, 12, 512425), (2650, 12, 553166), (2695, 12, 567088), (17, 11, 577042), (532, 14, 577374), (89, 13, 599611), (1164, 10, 635410), (1164, 10, 637838), (350, 11, 655456), (1276, 14, 661020), (2650, 12, 788312), (2650, 12, 788776), (2650, 12, 866785), (2650, 12, 881202), (233, 0, 887025), (371, 12, 916116), (2650, 12, 919295), (3905, 13, 920896), (2230, 4, 938388), (2650, 12, 964671), (2230, 4, 974361), (659, 14, 1052310), (1672, 1, 1055177), (63, 12, 1055960), (63, 12, 1056082), (371, 12, 1083058), (371, 12, 1095748), (371, 12, 1095896), (371, 12, 1096032), (371, 12, 1096230), (371, 12, 1100726), (63, 12, 1172848), (371, 12, 1173004), (371, 12, 1173322), (371, 12, 1173417), (371, 12, 1173514), (371, 12, 1173626), (371, 12, 1173693), (371, 12, 1173764), (371, 12, 1174123), (371, 12, 1177085), (2251, 12, 1200259), (4390, 10, 1201629), (371, 12, 1204474), (63, 12, 1208742), (3966, 12, 1210815), (371, 12, 1434944), (1670, 14, 1611550), (1058, 0, 1717981), (2769, 6, 2087718), (5360, 2, 2320109), (3725, 13, 2348838)]"
1710 "[(8549, 12, 320639), (8549, 12, 673753), (8549, 12, 848554), (8549, 12, 856121), (8549, 12, 1132420), (8549, 12, 1205249), (8549, 12, 1225299), (8549, 12, 1482475)]"
1779 "[(8777, 9, 332801), (9069, 2, 1209492)]"
1810 "[(8341, 14, 336620), (8332, 14, 989721), (8332, 14, 1020812), (8332, 14, 1021217), (8332, 14, 1038105), (8332, 14, 1038899), (8332, 14, 1095569), (8332, 14, 1274620), (8332, 14, 1856463), (8332, 14, 2423381), (8332, 14, 2605067), (8332, 14, 2667629)]"
8837 "[(1839, 14, 341611), (611, 1, 423710), (3394, 13, 750498), (68, 5, 797140), (601, 14, 850056), (3694, 4, 1721179), (233, 0, 1750485), (954, 0, 2075188)]"
8584 "[(1270, 11, 341798), (3592, 14, 816642), (1820, 14, 846765), (3592, 14, 999972), (1820, 14, 1006475), (1820, 14, 1012341), (1820, 14, 1616940), (552, 8, 2475060)]"
1259 "[(8801, 14, 345154), (8801, 14, 1012904), (8801, 14, 1012938), (8801, 14, 1379147), (8379, 14, 1690139), (8379, 14, 1719221), (8995, 14, 2145194)]"
535 "[(8284, 12, 347007), (8284, 12, 347211), (8284, 12, 347265), (8284, 12, 347512), (8284, 12, 347691), (8284, 12, 347733), (8806, 9, 1048941), (8806, 9, 1049860), (8806, 9, 1050009), (8806, 9, 1051459), (8806, 9, 1079384), (8806, 9, 1116211), (8806, 9, 1118142), (8806, 9, 1118322), (8806, 9, 1118756), (8806, 9, 1136799), (8806, 9, 1136937), (8806, 9, 1294185), (8806, 9, 1295788), (8284, 12, 1549807), (8284, 12, 1890244), (8284, 12, 1890626), (8284, 12, 1894944), (8801, 14, 2000182)]"
1869 "[(8284, 12, 349381), (8284, 12, 352419), (8284, 12, 352473), (8284, 12, 352558), (8284, 12, 2263822), (8284, 12, 2340321)]"
144 "[(8806, 9, 355219)]"
8710 "[(1903, 11, 357226), (2577, 9, 530883), (2577, 9, 531906), (1903, 11, 751738), (4355, 9, 1059690), (2277, 11, 1084996), (139, 9, 1964408), (1806, 9, 2448482), (1806, 9, 2448530), (1806, 9, 2448550), (1806, 9, 2448688)]"
1562 "[(8801, 14, 361156), (8561, 14, 539204), (8801, 14, 638156), (8983, 9, 1042510), (8983, 9, 1042704), (8983, 9, 1042848), (8983, 9, 1042869), (8983, 9, 1043118), (9059, 9, 1046411), (8801, 14, 1734228), (8801, 14, 1734288), (8260, 7, 1838631), (8801, 14, 2066596), (8801, 14, 2066637), (8801, 14, 2067204), (8801, 14, 2084686), (8801, 14, 2085397), (8801, 14, 2089652), (8801, 14, 2092309), (8801, 14, 2093759), (8801, 14, 2102070), (8801, 14, 2255142), (8883, 5, 2270327), (8801, 14, 2275617), (8561, 14, 2338266), (8801, 14, 2338870), (8801, 14, 2339005), (8801, 14, 2423218)]"
8483 "[(233, 0, 364770), (2098, 8, 411697), (1438, 9, 448942), (1438, 9, 449017), (233, 0, 451871), (2896, 8, 605681), (233, 0, 971880), (40, 0, 1029149), (248, 7, 1043613), (1066, 8, 1060019), (1066, 8, 1060087), (248, 7, 1061256), (1066, 8, 1061554), (2098, 8, 1117647), (303, 11, 1257216), (233, 0, 1319361), (249, 8, 1687223), (249, 8, 1687615), (249, 8, 1687733), (1140, 8, 1811610), (1140, 8, 1811628), (249, 8, 2112870), (7316, 6, 2411348), (233, 0, 2447470)]"
8565 "[(601, 14, 365310), (1950, 12, 375013), (1552, 11, 449674), (1552, 11, 449953), (601, 14, 549661), (1778, 0, 738745), (1884, 12, 759947), (826, 0, 1032927), (1726, 14, 1041497), (1839, 14, 1808221), (1839, 14, 1810596), (4065, 9, 1828336), (4065, 9, 1829706), (2148, 4, 2094933), (7134, 14, 2135976), (601, 14, 2136943), (601, 14, 2143870), (3467, 4, 2239140), (601, 14, 2352056), (601, 14, 2400564), (4116, 14, 2453265), (601, 14, 2466670), (2142, 14, 2497595), (2198, 6, 2505191), (2198, 6, 2505245), (5711, 1, 2574393), (5711, 1, 2574476), (3467, 4, 2667510)]"
8333 "[(744, 1, 365842), (4000, 1, 943991), (4604, 12, 1130191), (67, 0, 1610701), (1505, 0, 1643984), (17, 11, 1892392), (1663, 11, 2073863), (954, 0, 2076268), (17, 11, 2211443), (26, 4, 2339597), (156, 14, 2442533), (17, 11, 2666260)]"
1951 "[(8536, 8, 375683), (9069, 2, 1170909), (9071, 3, 1594736), (8801, 14, 2090697), (8801, 14, 2090786), (8801, 14, 2090949), (8801, 14, 2091051), (9080, 5, 2276264), (9080, 5, 2276327), (9080, 5, 2276419), (9080, 5, 2276452), (9080, 5, 2276484), (9080, 5, 2276497), (9080, 5, 2276514)]"
1864 "[(8297, 0, 393999)]"
206 "[(8298, 4, 406540), (8298, 4, 406663), (8801, 14, 535598), (8509, 4, 1242843), (8561, 14, 1510318), (8801, 14, 2292723), (8801, 14, 2292765)]"
8640 "[(2087, 14, 409013), (590, 1, 680559), (233, 0, 717959), (233, 0, 809843), (233, 0, 1059554), (3833, 13, 1081987), (3833, 13, 1082110), (1726, 14, 1293642), (596, 1, 1353859), (6170, 2, 1703898), (6170, 2, 1703956), (6170, 2, 1704033), (3009, 1, 1983111), (6010, 10, 2027882)]"
2131 "[(8639, 14, 416689), (8639, 14, 423690), (8639, 14, 423858), (8435, 2, 609534), (8639, 14, 955868), (8587, 13, 1264866), (8734, 5, 1291599), (8628, 1, 1347220), (9113, 2, 1470343), (8639, 14, 1503082), (8639, 14, 1693638)]"
2141 "[(8551, 13, 419712), (8551, 13, 419774), (8551, 13, 419811), (8235, 12, 573160), (8370, 6, 1056816), (8370, 6, 1056842), (8304, 12, 1258695), (8304, 12, 1258807), (8806, 9, 1430059), (8836, 12, 1649268), (8836, 12, 1649308), (8618, 9, 2083554)]"
2179 "[(8644, 12, 429179), (8683, 7, 1004294), (9140, 2, 1789928), (9140, 2, 1808056), (9140, 2, 1876390), (9140, 2, 1890398), (9140, 2, 1890416), (9140, 2, 1892510), (9140, 2, 1893070), (9140, 2, 1893177)]"
2186 "[(8293, 1, 430540), (8293, 1, 613680), (8452, 5, 2003113)]"
628 "[(8236, 0, 434380), (8433, 3, 501202), (8554, 2, 1247827), (8801, 14, 2060440), (8415, 7, 2250546), (8732, 14, 2251383), (8559, 1, 2260092), (8266, 11, 2333836)]"
1384 "[(8477, 12, 446859)]"
2314 "[(8238, 14, 477326)]"
2356 "[(8371, 12, 487193), (8371, 12, 506212), (8694, 12, 1172180)]"
405 "[(8370, 6, 528547)]"
2726 "[(8888, 4, 573999), (8734, 5, 658728), (8734, 5, 659698)]"
2764 "[(8876, 7, 581354), (8528, 14, 745536)]"
1308 "[(8680, 0, 596597), (8680, 0, 1289932), (8680, 0, 1289947), (8650, 11, 1975745)]"
8574 "[(601, 14, 599098), (1950, 12, 1145300), (1950, 12, 1145365), (3592, 14, 1181231), (601, 14, 1620868), (601, 14, 1627408), (68, 5, 1666461), (3592, 14, 1792025), (508, 14, 1824987), (508, 14, 1825046), (508, 14, 1825158), (2495, 0, 1972497), (3146, 4, 2092685), (2564, 3, 2118167), (2564, 3, 2118465), (2564, 3, 2118980), (5413, 12, 2123399), (2564, 3, 2211427), (2564, 3, 2211482), (2564, 3, 2265867), (2564, 3, 2266367), (2564, 3, 2267853), (5622, 11, 2589084)]"
3004 "[(8411, 3, 633244), (8411, 3, 633318), (8622, 1, 717431), (8411, 3, 1132406), (8411, 3, 1233186), (8806, 9, 1321837), (8806, 9, 1321866), (8341, 14, 1496703), (8806, 9, 1750935), (9168, 6, 2085068)]"
1131 "[(8237, 6, 679459), (8237, 6, 821837), (8697, 9, 1299654), (8549, 12, 1553607), (8676, 9, 2412773), (8697, 9, 2562216), (8697, 9, 2661117), (8697, 9, 2661187), (8697, 9, 2672812)]"
1952 "[(8906, 13, 681175), (8551, 13, 951705), (8551, 13, 951800), (8551, 13, 951981), (8551, 13, 952061), (8906, 13, 952236), (8906, 13, 952483), (8906, 13, 952544), (8906, 13, 1026694), (8906, 13, 1027093), (8906, 13, 1326994), (8906, 13, 1327010), (8906, 13, 1901352)]"
8874 "[(912, 9, 685023), (125, 11, 688132), (80, 4, 938287), (80, 4, 943788), (80, 4, 944905), (80, 4, 949022), (4019, 1, 949264), (80, 4, 949288), (80, 4, 949362), (80, 4, 1630652), (80, 4, 1678700), (1884, 12, 2061831)]"
3183 "[(8241, 7, 685956), (8241, 7, 760240), (8241, 7, 760634), (9071, 3, 1554915)]"
8974 "[(601, 14, 697353), (611, 1, 901704), (601, 14, 913200), (125, 11, 962660), (17, 11, 962914), (125, 11, 963053), (4058, 14, 964750), (4065, 9, 966152), (601, 14, 967372), (601, 14, 967438), (601, 14, 967540), (4065, 9, 970181), (4116, 14, 986457), (601, 14, 994302), (601, 14, 1011168), (601, 14, 1023324), (601, 14, 1035367), (601, 14, 1052911), (601, 14, 1052985), (601, 14, 1184439), (601, 14, 1261869), (205, 14, 1459801), (601, 14, 1463819), (17, 11, 1517603), (601, 14, 1758688), (601, 14, 1945982), (601, 14, 2082964), (601, 14, 2083006), (601, 14, 2083105), (2196, 7, 2083435), (601, 14, 2085829), (601, 14, 2120845), (601, 14, 2129876), (17, 11, 2176182), (601, 14, 2209933), (601, 14, 2230438), (4065, 9, 2311436), (627, 8, 2419664), (601, 14, 2466553), (601, 14, 2503622), (601, 14, 2554917), (601, 14, 2597519)]"
3255 "[(8887, 3, 705610)]"
8464 "[(233, 0, 718001), (3512, 14, 1552935), (40, 0, 2356433)]"
3295 "[(8339, 4, 721217)]"
1835 "[(8936, 12, 728974), (8246, 13, 757900), (8246, 13, 838936), (9071, 3, 1548372), (9071, 3, 1548453), (9071, 3, 1548497), (9071, 3, 1548621), (8936, 12, 1957920), (9004, 3, 2546787)]"
8963 "[(1778, 0, 729835), (611, 1, 1116072), (22, 7, 1204975), (22, 7, 1205088), (4346, 9, 1205177), (4082, 14, 1205655), (1033, 7, 1206735), (1033, 7, 1206933), (1033, 7, 1207126), (1033, 7, 1207189), (1033, 7, 1207409), (1033, 7, 1207638), (3061, 9, 1208319), (4688, 2, 1208537), (1760, 9, 1223735), (1760, 9, 1223813), (1760, 9, 1224034), (1760, 9, 1224168), (233, 0, 1314995), (17, 11, 1470771), (3755, 10, 1476387), (3755, 10, 1476389), (198, 14, 1487021), (198, 14, 1487069), (198, 14, 1487114), (4368, 9, 1534520), (68, 5, 1535276), (1760, 9, 1535691), (4773, 2, 1547152), (198, 14, 1555918), (1806, 9, 1559632), (1760, 9, 1569544), (5622, 11, 2081492), (17, 11, 2512326), (611, 1, 2512751)]"
683 "[(8390, 3, 739919), (8390, 3, 916829), (8390, 3, 917079), (8358, 12, 1735498), (8358, 12, 1735590), (8358, 12, 1742393), (8304, 12, 2039646)]"
3385 "[(8266, 11, 746400), (8747, 11, 746433), (8638, 2, 2562164)]"
1917 "[(8282, 9, 756116), (8282, 9, 756136)]"
9001 "[(198, 14, 758188), (198, 14, 758315), (198, 14, 758744), (233, 0, 805202), (233, 0, 807244), (140, 14, 1027383), (2374, 4, 1489248), (233, 0, 2015432)]"
995 "[(8318, 2, 763979), (8806, 9, 1043330)]"
3509 "[(8311, 13, 786949), (8311, 13, 839150)]"
758 "[(8285, 8, 791166)]"
3641 "[(8569, 2, 833616), (8697, 9, 1347894), (8697, 9, 1347936)]"
3463 "[(8509, 4, 837737)]"
8866 "[(1820, 14, 846884), (233, 0, 1153476), (1726, 14, 1542050), (467, 13, 1981068), (68, 5, 1989368), (465, 4, 2172107), (2153, 13, 2572917), (2153, 13, 2573038), (1007, 10, 2574509)]"
2355 "[(8379, 14, 865202)]"
3763 "[(8249, 13, 870492)]"
8570 "[(125, 11, 882705), (4085, 0, 1049225), (4085, 0, 1049296), (1884, 12, 1913908), (2196, 7, 2153359), (2196, 7, 2153467), (17, 11, 2412625), (627, 8, 2425145)]"
1448 "[(8647, 11, 883833), (8647, 11, 884231), (8284, 12, 1136521), (8577, 14, 1172742), (8577, 14, 1173009), (8577, 14, 1173189), (8577, 14, 1173215), (8577, 14, 1173261), (8577, 14, 1174199), (8577, 14, 1174325), (8577, 14, 1174632), (8577, 14, 1174902), (8577, 14, 1175153), (8577, 14, 1175182), (8577, 14, 1175439), (8577, 14, 1175556), (8577, 14, 1176130), (8577, 14, 1176202), (8577, 14, 1176594), (8577, 14, 1176857), (8577, 14, 1176930), (8577, 14, 1176996), (8577, 14, 1177105), (8577, 14, 1177233), (8577, 14, 1177997), (8577, 14, 1178585), (8577, 14, 1179613), (8577, 14, 1179743), (8577, 14, 1179925), (8577, 14, 1180450), (8577, 14, 1181319), (8577, 14, 1182598), (8284, 12, 1220149), (8284, 12, 1274516), (8284, 12, 2150020), (8284, 12, 2180864), (8284, 12, 2181009), (8998, 12, 2232679), (8998, 12, 2232773), (8998, 12, 2232889), (8998, 12, 2233141), (8998, 12, 2233224), (8998, 12, 2233301), (8998, 12, 2234682), (8998, 12, 2235068), (8998, 12, 2235377), (8998, 12, 2238528), (8998, 12, 2238621), (8998, 12, 2238658), (8998, 12, 2238707), (8998, 12, 2239183), (8998, 12, 2239302), (8998, 12, 2239341), (8998, 12, 2239430), (8998, 12, 2239465), (8998, 12, 2239559), (8998, 12, 2239570), (8284, 12, 2241781), (8284, 12, 2241804), (8284, 12, 2241894), (8699, 10, 2346819), (8998, 12, 2409779), (8998, 12, 2409815), (8998, 12, 2409855), (8998, 12, 2409877), (8998, 12, 2409904), (8998, 12, 2409940), (8998, 12, 2409963), (8998, 12, 2410036), (8998, 12, 2412227), (8284, 12, 2418856), (8284, 12, 2419064), (8998, 12, 2439690)]"
3886 "[(8395, 0, 912833), (8260, 7, 1595780)]"
3959 "[(8262, 8, 934291)]"
2240 "[(8801, 14, 947188), (8561, 14, 1195306), (8801, 14, 2130855), (8801, 14, 2313454), (8801, 14, 2315422), (8801, 14, 2331334), (8801, 14, 2340768), (8801, 14, 2341145), (8801, 14, 2342613), (8801, 14, 2342678), (8561, 14, 2342721), (8740, 7, 2391418), (8801, 14, 2568289)]"
9047 "[(68, 5, 984859), (68, 5, 2446920), (799, 0, 2582297), (4085, 0, 2629862), (890, 10, 2639271)]"
3612 "[(8873, 2, 1001803), (8873, 2, 1001821), (8787, 11, 1003064), (8787, 11, 1003586), (8962, 2, 1779088), (8801, 14, 2481718)]"
4215 "[(8618, 9, 1013287), (8618, 9, 1013848), (8618, 9, 1013891), (8618, 9, 1183416), (8618, 9, 1184263), (8618, 9, 1184356), (8618, 9, 1634155)]"
8935 "[(3905, 13, 1019502)]"
9041 "[(4001, 14, 1026537), (4001, 14, 1026560), (40, 0, 1149283), (40, 0, 1150729), (40, 0, 1290387), (1860, 2, 1294515), (1860, 2, 1294560), (1860, 2, 1294731), (68, 5, 1295938), (1860, 2, 1373828), (4085, 0, 1385012), (398, 14, 1468180), (398, 14, 1468221), (367, 1, 1594631), (1670, 14, 2621762)]"
8718 "[(17, 11, 1040206), (730, 12, 1043001), (730, 12, 1043021), (611, 1, 1935019), (2196, 7, 2079825), (2196, 7, 2088697), (17, 11, 2089045), (2196, 7, 2089309), (2196, 7, 2089441), (5677, 13, 2089550), (2196, 7, 2089659), (2196, 7, 2089904), (2196, 7, 2090071), (2196, 7, 2091781), (2339, 14, 2118461), (2708, 3, 2139370), (2769, 6, 2139577), (7196, 4, 2160611), (5396, 4, 2164817), (5396, 4, 2164854), (2168, 14, 2188522), (7218, 14, 2577751)]"
1543 "[(8806, 9, 1042099), (8806, 9, 1043291), (8806, 9, 1045101), (8806, 9, 1045970), (8806, 9, 1215238), (8806, 9, 1294131), (8806, 9, 1310082), (8806, 9, 1323610), (8806, 9, 1367375), (8618, 9, 2079740), (8618, 9, 2081483), (8618, 9, 2083506)]"
2248 "[(8694, 12, 1050312), (8694, 12, 1443649)]"
1476 "[(8806, 9, 1054074)]"
602 "[(8992, 11, 1081858)]"
4076 "[(8288, 12, 1093768), (8288, 12, 1096819), (8245, 4, 1191591), (8591, 7, 2242297), (8314, 6, 2256285), (8314, 6, 2489975), (8328, 4, 2559434)]"
4489 "[(8806, 9, 1096746), (8806, 9, 1104865), (8806, 9, 1104943), (8260, 7, 1646469), (8983, 9, 2081598), (8849, 13, 2131058), (8849, 13, 2131138), (8849, 13, 2243854)]"
4506 "[(8628, 1, 1100157), (9072, 3, 1213866), (8612, 13, 2480389)]"
4541 "[(8411, 3, 1110544)]"
9066 "[(68, 5, 1110770), (5665, 13, 2602889)]"
8255 "[(1173, 11, 1139507), (233, 0, 1240378), (367, 1, 1690550)]"
9068 "[(179, 0, 1142550), (233, 0, 1149275), (233, 0, 1492714), (4085, 0, 1570546), (4085, 0, 2010711), (233, 0, 2185734), (73, 10, 2186487)]"
1935 "[(8806, 9, 1161271)]"
4692 "[(8694, 12, 1169313)]"
4764 "[(8806, 9, 1181337), (8806, 9, 1181395), (8806, 9, 1181426), (8777, 9, 1181858)]"
4822 "[(8907, 9, 1195460)]"
8944 "[(571, 12, 1223365), (362, 5, 1586675), (571, 12, 1658792), (571, 12, 1659141), (233, 0, 1663063), (362, 5, 1714646), (362, 5, 1714733), (233, 0, 1748557), (3450, 5, 1759155), (6316, 0, 1765482), (40, 0, 1925789), (68, 5, 1988901)]"
2414 "[(9086, 13, 1232541), (9086, 13, 1268719), (9086, 13, 1269079), (8371, 12, 1551342), (8335, 12, 1963293), (8335, 12, 1963416), (8335, 12, 1963662), (8703, 12, 2648348)]"
524 "[(8806, 9, 1300322), (8595, 11, 2062636)]"
2555 "[(8801, 14, 1308423)]"
4538 "[(8257, 12, 1315926), (8257, 12, 1456677), (8260, 7, 2323303), (8260, 7, 2333386), (8591, 7, 2342532)]"
9103 "[(238, 11, 1335614), (233, 0, 1417188), (210, 11, 1427763), (233, 0, 1494964), (6372, 2, 2134138)]"
514 "[(8551, 13, 1359157), (8577, 14, 1453460)]"
3532 "[(8411, 3, 1368002), (8801, 14, 1820740), (8801, 14, 1820816), (8801, 14, 1820836), (9168, 6, 2422580)]"
4443 "[(9079, 2, 1369311), (9166, 7, 1718816), (8558, 7, 1718901)]"
4804 "[(8509, 4, 1374673), (8298, 4, 1376131)]"
3979 "[(8697, 9, 1392240)]"
2741 "[(8814, 7, 1401344), (8814, 7, 1401795), (8814, 7, 1402408), (8814, 7, 1402661), (8814, 7, 1402971), (8814, 7, 1403132), (8814, 7, 1403349), (8814, 7, 1403414), (8814, 7, 1403624), (8814, 7, 1403759), (8814, 7, 1404269), (8814, 7, 1404427), (8814, 7, 1404676), (8814, 7, 1404912), (8814, 7, 1405134), (8814, 7, 1405295), (8814, 7, 1405458), (8814, 7, 1405573), (8814, 7, 1405691), (8814, 7, 1406037), (8814, 7, 1406092), (8814, 7, 1406161), (8814, 7, 1406266), (8814, 7, 1406314), (8814, 7, 1406587), (8814, 7, 1406658), (8814, 7, 1447551)]"
5614 "[(8528, 14, 1466228)]"
9129 "[(1254, 5, 1469549), (1254, 5, 1469609), (179, 0, 1500809), (4446, 2, 1505303), (4446, 2, 1505331), (993, 0, 1550548), (993, 0, 1550629), (233, 0, 1576490), (2196, 7, 1651288), (4085, 0, 1662923), (156, 14, 1663717), (993, 0, 2507816)]"
5633 "[(8849, 13, 1472929), (8849, 13, 1474009), (8849, 13, 1474062), (8849, 13, 1495706), (8849, 13, 1495767), (8849, 13, 1496289), (8849, 13, 1496411), (8849, 13, 1496482), (9168, 6, 1972189), (9168, 6, 1973108), (9168, 6, 2265692)]"
475 "[(8504, 8, 1475899), (8418, 8, 1696805), (8418, 8, 1697541), (8418, 8, 2169013), (8418, 8, 2169081), (8418, 8, 2224674), (8418, 8, 2224902), (8418, 8, 2245431), (8418, 8, 2300150), (8418, 8, 2577782), (8418, 8, 2604521)]"
8746 "[(195, 12, 1476022), (730, 12, 1518189), (730, 12, 1518209)]"
1511 "[(9071, 3, 1548315), (9071, 3, 1550904), (9071, 3, 1556049), (9071, 3, 1556633)]"
9141 "[(233, 0, 1576106), (68, 5, 1956190), (45, 14, 2112776), (45, 14, 2175135), (40, 0, 2184729)]"
4091 "[(8801, 14, 1578578)]"
8344 "[(303, 11, 1585575), (481, 9, 2161620), (481, 9, 2161657), (1698, 9, 2485058)]"
451 "[(8298, 4, 1610670), (8801, 14, 2210110), (8801, 14, 2210351), (8801, 14, 2210389), (8801, 14, 2318354), (8801, 14, 2318713), (8801, 14, 2318752), (8801, 14, 2382246)]"
211 "[(8314, 6, 1614293)]"
655 "[(8699, 10, 1638038), (8699, 10, 1638220), (8699, 10, 1644580), (8699, 10, 1918453), (8699, 10, 1918520), (8699, 10, 1918557), (8699, 10, 2149195)]"
8951 "[(233, 0, 1662212)]"
6194 "[(8358, 12, 1713988)]"
6214 "[(8390, 3, 1720943)]"
5077 "[(8676, 9, 1885507)]"
2710 "[(8694, 12, 1906994), (8694, 12, 1907112), (8298, 4, 2316965)]"
9176 "[(233, 0, 1922464), (22, 7, 1953667), (22, 7, 1957555), (68, 5, 1995475), (2242, 11, 2006415), (2242, 11, 2006546), (4085, 0, 2088097), (3681, 10, 2122342)]"
9190 "[(3322, 4, 1977684), (233, 0, 2015163), (993, 0, 2258307), (68, 5, 2455199)]"
3804 "[(8806, 9, 2069871)]"
6088 "[(8411, 3, 2116762)]"
7095 "[(8441, 0, 2116971)]"
4263 "[(9166, 7, 2120632)]"
2926 "[(8474, 12, 2169467), (8474, 12, 2169784)]"
7344 "[(8488, 3, 2223218)]"
6945 "[(8531, 12, 2227461), (8582, 8, 2406721)]"
3699 "[(8591, 7, 2233598)]"
7050 "[(8801, 14, 2252462)]"
2879 "[(8801, 14, 2276249), (8801, 14, 2276351), (8801, 14, 2276395), (8801, 14, 2276425)]"
1999 "[(8318, 2, 2367889)]"
3471 "[(8269, 3, 2419816)]"
1920 "[(8995, 14, 2433368)]"
4481 "[(8474, 12, 2495008), (8474, 12, 2495052)]"
8472 "[(2196, 7, 2496696), (2196, 7, 2496703)]"
7227 "[(8504, 8, 2498662)]"
1001 "[(8418, 8, 2516293), (8418, 8, 2516416), (8418, 8, 2558196)]"
1797 "[(8477, 12, 2518252)]"
783 "[(8853, 11, 2535695)]"
3218 "[(8612, 13, 2587828), (8612, 13, 2587886), (8612, 13, 2654253)]"
3611 "[(8379, 14, 2673318)]"
