7 "[(8227, 1, 384), (8227, 1, 1024625), (8227, 1, 1050882), (8227, 1, 1050977), (8227, 1, 1061263), (8919, 7, 1742213), (8919, 7, 1745217), (8227, 1, 1760844), (8227, 1, 1760925), (8227, 1, 1838844), (8227, 1, 1838997), (8227, 1, 1982223), (8227, 1, 2167031), (8227, 1, 2188157), (8227, 1, 2188210), (9062, 5, 2267505), (8227, 1, 2618029)]"
8284 "[(17, 11, 5670), (535, 15, 347007), (535, 15, 347211), (535, 15, 347265), (535, 15, 347512), (535, 15, 347691), (535, 15, 347733), (1869, 15, 349381), (1869, 15, 352419), (1869, 15, 352473), (1869, 15, 352558), (17, 11, 369969), (996, 1, 441309), (68, 5, 442564), (401, 14, 456631), (2263, 14, 457148), (2305, 10, 474741), (3323, 13, 808278), (1044, 9, 850236), (532, 14, 940218), (1448, 15, 1136521), (2015, 0, 1185668), (1673, 10, 1213999), (1448, 15, 1220149), (1448, 15, 1274516), (17, 11, 1358485), (535, 15, 1549807), (535, 15, 1890244), (535, 15, 1890626), (535, 15, 1894944), (1448, 15, 2150020), (1448, 15, 2180864), (1448, 15, 2181009), (233, 0, 2184944), (1448, 15, 2241781), (1448, 15, 2241804), (1448, 15, 2241894), (1869, 15, 2263822), (1869, 15, 2340321), (1448, 15, 2418856), (1448, 15, 2419064)]"
8286 "[(62, 7, 5855), (62, 7, 6443), (62, 7, 6476), (62, 7, 6615), (1862, 2, 346675), (994, 5, 484056), (994, 5, 484218), (994, 5, 484270), (1449, 11, 745284), (994, 5, 755286), (429, 3, 904484), (429, 3, 904521), (537, 15, 982750), (3088, 2, 1014245), (3088, 2, 1072382), (3088, 2, 1072401), (3088, 2, 1072553), (3088, 2, 1116199), (3088, 2, 1157146), (3088, 2, 1158527), (3088, 2, 1159105), (429, 3, 1244643), (429, 3, 1246707), (429, 3, 1262296), (429, 3, 1673145), (429, 3, 1871953), (6593, 8, 1968477), (303, 11, 2150176), (5447, 13, 2214227), (429, 3, 2279617), (68, 5, 2461501), (429, 3, 2545907), (388, 14, 2569290)]"
8304 "[(89, 13, 9234), (570, 3, 864060), (2141, 15, 1258695), (2141, 15, 1258807), (683, 15, 2039646), (645, 3, 2498014)]"
8323 "[(17, 11, 12817), (233, 0, 453110), (68, 5, 1117731), (68, 5, 1350114), (68, 5, 1386446), (1355, 2, 1483799), (1355, 2, 1484170), (45, 14, 1790600), (40, 0, 1930807), (6472, 1, 1939573), (6472, 1, 1939706), (6472, 1, 1940043), (611, 1, 2236616)]"
8261 "[(95, 1, 17757), (152, 4, 18547), (165, 13, 20232), (187, 15, 23332), (384, 7, 56581), (823, 10, 123585), (319, 3, 130647), (462, 3, 145212), (823, 10, 202697), (1280, 4, 248079), (1280, 4, 248293), (823, 10, 261726), (319, 3, 315730), (319, 3, 388752), (823, 10, 484721), (319, 3, 565209), (318, 11, 617452), (233, 0, 618702), (319, 3, 667397), (319, 3, 667414), (319, 3, 669728), (823, 10, 701586), (319, 3, 752566), (319, 3, 752727), (1280, 4, 824020), (823, 10, 986161), (1280, 4, 990591), (319, 3, 1014086), (2078, 4, 1288623), (570, 3, 1318044), (5366, 10, 1375559), (4259, 4, 1459427), (4259, 4, 1461887), (319, 3, 1548972), (2196, 7, 1554290), (823, 10, 1685211), (823, 10, 1685305), (319, 3, 1707312), (2115, 3, 2230269), (816, 1, 2280633), (570, 3, 2432724), (823, 10, 2557989), (570, 3, 2597351), (429, 3, 2637103)]"
202 "[(8346, 14, 25329)]"
8235 "[(235, 3, 30675), (233, 0, 32718), (1166, 4, 191458), (1698, 9, 485024), (2141, 15, 573160), (1184, 15, 588843), (233, 0, 626753), (233, 0, 717838), (68, 5, 911522), (4837, 14, 1198380), (422, 4, 1265067), (422, 4, 1265661), (422, 4, 1265736), (233, 0, 1578140), (2522, 6, 1614189), (68, 5, 1908387), (67, 0, 2059976), (4085, 0, 2086167), (4085, 0, 2166250), (68, 5, 2209781)]"
8374 "[(17, 11, 32797), (317, 7, 44194), (233, 0, 365385), (1853, 0, 609175), (423, 11, 878115), (125, 11, 881385), (233, 0, 1321157), (17, 11, 1485436), (233, 0, 1661205), (68, 5, 1687869), (6395, 10, 1798204), (6612, 14, 1903497), (6664, 5, 1922831), (17, 11, 1922905), (68, 5, 1988914), (509, 2, 2463372)]"
39 "[(8425, 14, 35180), (8425, 14, 35207), (8425, 14, 42078), (8425, 14, 42119), (8425, 14, 217573), (8425, 14, 292507), (8425, 14, 294554), (8425, 14, 303404), (8425, 14, 1858323), (8425, 14, 2285797), (8612, 13, 2459831), (8425, 14, 2476517)]"
8434 "[(73, 10, 37961), (443, 0, 72482), (443, 0, 204730), (611, 1, 300926), (611, 1, 302181), (1277, 1, 383545), (1277, 1, 383570), (2089, 14, 766254), (2089, 14, 766369), (2089, 14, 768749), (443, 0, 809576), (5751, 6, 1522656), (443, 0, 1613079), (898, 14, 1940696), (233, 0, 2097119), (422, 4, 2510512), (422, 4, 2510874), (422, 4, 2511038), (2089, 14, 2604818)]"
195 "[(8346, 14, 47020), (8346, 14, 177967), (8346, 14, 178065), (8346, 14, 202126), (8346, 14, 202158), (8346, 14, 394587), (8346, 14, 614574), (8346, 14, 1128036), (8346, 14, 1128234), (8346, 14, 1151624), (8346, 14, 1235005), (8346, 14, 1377103), (8746, 15, 1476022), (8346, 14, 1647967), (8346, 14, 1662944), (8346, 14, 1734926), (8346, 14, 1752161), (8346, 14, 1767706), (8346, 14, 1838170), (8346, 14, 1912876), (8346, 14, 1935731), (8346, 14, 2082383), (8346, 14, 2106816), (8346, 14, 2443152)]"
356 "[(8302, 5, 49518), (8592, 15, 222227), (8299, 2, 481492), (8397, 4, 567830), (8588, 1, 654153), (8356, 5, 654174), (8404, 15, 870370), (8734, 5, 913500), (8446, 6, 913535), (8622, 1, 999928), (8583, 13, 999954), (8572, 11, 1000033), (8544, 11, 1172592), (8550, 13, 2079789), (8277, 8, 2425411)]"
8447 "[(362, 5, 51156), (1083, 5, 169858), (1083, 5, 170391), (1083, 5, 171260), (1083, 5, 171624), (983, 5, 188893), (749, 10, 254218), (744, 1, 392296), (367, 1, 479731), (68, 5, 546892), (1828, 0, 547090), (2989, 8, 628192), (1828, 0, 634462), (1828, 0, 772554), (233, 0, 808589), (1828, 0, 932437), (233, 0, 973172), (664, 4, 1095314), (1828, 0, 1110429), (532, 14, 1111465), (4500, 3, 1116371), (68, 5, 1119855), (68, 5, 1259478), (1828, 0, 1838293), (1828, 0, 1838371), (1828, 0, 1838501), (284, 6, 1938947), (284, 6, 1939152), (284, 6, 1942167), (1828, 0, 1963204), (68, 5, 1988953), (284, 6, 2030845), (1828, 0, 2050377), (233, 0, 2267409), (284, 6, 2401767), (1828, 0, 2406307), (284, 6, 2570479), (1828, 0, 2571109), (1828, 0, 2578808), (284, 6, 2642175)]"
321 "[(8476, 13, 53098), (8313, 14, 279996), (8313, 14, 285946), (8313, 14, 286680), (8313, 14, 307821)]"
378 "[(8463, 15, 53980), (8463, 15, 176262), (8357, 13, 176586), (8264, 15, 233330), (8463, 15, 234023), (8551, 13, 334901), (8551, 13, 429809), (8463, 15, 430003)]"
8331 "[(443, 0, 61952), (68, 5, 63158), (443, 0, 201960), (17, 11, 331428), (1157, 4, 358608), (1277, 1, 374815), (1277, 1, 374836), (233, 0, 545051), (532, 14, 854924), (3743, 14, 889418), (509, 2, 1084265), (233, 0, 1241864), (3114, 13, 1269823), (4019, 1, 1323069), (4019, 1, 1323072), (537, 15, 1609276), (233, 0, 1666025), (233, 0, 1847493), (5622, 11, 1928475), (367, 1, 1934078), (422, 4, 2334884), (422, 4, 2335166), (422, 4, 2335385), (73, 10, 2356952), (422, 4, 2385239), (422, 4, 2385271), (422, 4, 2486425), (422, 4, 2510380), (40, 0, 2534798)]"
8371 "[(447, 14, 62062), (1946, 6, 373936), (1064, 6, 424648), (2356, 15, 487193), (762, 14, 495407), (762, 14, 495895), (447, 14, 498388), (2356, 15, 506212), (447, 14, 542011), (447, 14, 652895), (3811, 14, 882582), (4663, 13, 1158965), (17, 11, 1158969), (4663, 13, 1159860), (350, 11, 1160113), (447, 14, 1479379), (2414, 15, 1551342), (471, 5, 1561501), (471, 5, 1561626), (762, 14, 1738260), (5731, 6, 1913176), (447, 14, 1955260), (447, 14, 1956886), (1975, 14, 2061218), (1975, 14, 2061313), (1975, 14, 2061529), (1975, 14, 2159283), (1975, 14, 2159307), (1975, 14, 2159411), (1975, 14, 2159457), (762, 14, 2238419), (762, 14, 2238451), (7205, 4, 2631485), (7205, 4, 2632082)]"
8477 "[(448, 3, 62112), (448, 3, 65623), (448, 3, 146197), (448, 3, 148499), (448, 3, 234110), (448, 3, 242879), (750, 3, 271077), (448, 3, 407407), (1384, 15, 446859), (2818, 1, 592288), (448, 3, 656365), (3055, 6, 676474), (437, 2, 685877), (437, 2, 687586), (1854, 13, 688735), (448, 3, 757673), (3652, 5, 837450), (448, 3, 838906), (2146, 14, 1021590), (2146, 14, 1186309), (448, 3, 1358375), (3652, 5, 1402026), (448, 3, 1441573), (448, 3, 2047271), (448, 3, 2057155), (1797, 15, 2518252), (448, 3, 2650377), (448, 3, 2650757)]"
8317 "[(450, 1, 62439), (22, 7, 479761), (68, 5, 1394448)]"
477 "[(8263, 5, 64628), (8888, 4, 611564), (8339, 4, 720686), (8339, 4, 720713), (8339, 4, 803927), (8339, 4, 803971), (8339, 4, 804042), (8339, 4, 804136), (8339, 4, 809331), (8888, 4, 809826), (8888, 4, 809852), (8888, 4, 809888), (8453, 15, 932942), (8453, 15, 932966), (9069, 2, 1170384), (9069, 2, 1170467), (9069, 2, 1294432), (8467, 15, 1590777), (9071, 3, 1829949), (9168, 6, 1912145), (9168, 6, 1989584), (8476, 13, 2409462), (8476, 13, 2409479), (8476, 13, 2551093), (9084, 2, 2641516), (9224, 2, 2641634), (9084, 2, 2647355), (9084, 2, 2647366), (9084, 2, 2647395)]"
8531 "[(506, 8, 69478), (423, 11, 71443), (2203, 13, 434216), (2246, 8, 450134), (2246, 8, 450139), (2894, 8, 605514), (506, 8, 646744), (3534, 4, 789121), (506, 8, 854864), (2974, 2, 873932), (2974, 2, 936120), (506, 8, 937125), (353, 6, 1168895), (506, 8, 1172771), (506, 8, 1172807), (506, 8, 1172894), (506, 8, 1247408), (506, 8, 1419267), (3534, 4, 1428576), (6945, 15, 2227461)]"
8547 "[(555, 8, 73062), (353, 6, 480452), (53, 7, 634267), (353, 6, 683667), (1912, 6, 692123), (555, 8, 724910), (353, 6, 739926), (3427, 5, 874941), (3774, 13, 874944), (353, 6, 910085), (353, 6, 910173), (353, 6, 910246), (53, 7, 912067), (555, 8, 914657), (1912, 6, 931520), (353, 6, 934868), (353, 6, 934951), (1912, 6, 940975), (353, 6, 1105912), (353, 6, 1255206), (353, 6, 1257601), (353, 6, 1257864), (555, 8, 1285547), (2881, 14, 1285812), (555, 8, 1371328), (5659, 9, 1480024), (3774, 13, 1482450), (353, 6, 1519975), (17, 11, 1566855), (353, 6, 2068981), (353, 6, 2491223), (353, 6, 2496111), (8105, 8, 2604770), (8105, 8, 2606628), (555, 8, 2611741)]"
8549 "[(557, 15, 73102), (557, 15, 73228), (1710, 15, 320639), (1721, 13, 323590), (1802, 5, 335544), (1802, 5, 335563), (1802, 5, 335586), (233, 0, 364775), (68, 5, 373461), (2263, 14, 456935), (557, 15, 471510), (1802, 5, 571321), (1802, 5, 573298), (1802, 5, 573314), (1802, 5, 630257), (1802, 5, 630317), (1802, 5, 630369), (1802, 5, 630424), (1710, 15, 673753), (1802, 5, 698262), (68, 5, 699481), (2263, 14, 700871), (402, 3, 750662), (557, 15, 848075), (557, 15, 848163), (557, 15, 848260), (1710, 15, 848554), (557, 15, 848764), (557, 15, 849010), (1710, 15, 856121), (1802, 5, 984108), (1802, 5, 1077485), (235, 3, 1109916), (22, 7, 1128472), (1710, 15, 1132420), (1802, 5, 1146688), (1802, 5, 1165607), (1802, 5, 1165625), (68, 5, 1188686), (1802, 5, 1204786), (1710, 15, 1205249), (1802, 5, 1206022), (1802, 5, 1207231), (1164, 10, 1208194), (1802, 5, 1209145), (1802, 5, 1209164), (1710, 15, 1225299), (1103, 2, 1255943), (1710, 15, 1482475), (1802, 5, 1502257), (68, 5, 1503468), (557, 15, 1548371), (1131, 15, 1553607), (1802, 5, 1561723), (983, 5, 1617271), (1802, 5, 1685242), (3748, 4, 1691329), (1802, 5, 1771483), (1802, 5, 1771535), (1802, 5, 2085423), (1802, 5, 2090859), (1802, 5, 2233963), (1802, 5, 2234104), (1802, 5, 2234142), (1802, 5, 2241654), (1802, 5, 2242947), (1802, 5, 2243228), (1802, 5, 2383923), (1802, 5, 2383998), (1802, 5, 2384014), (1802, 5, 2384102), (1802, 5, 2384121), (1802, 5, 2493326), (3146, 4, 2567567), (1802, 5, 2573542), (1802, 5, 2573580), (1802, 5, 2588994), (4327, 4, 2663859), (1802, 5, 2664116)]"
374 "[(8423, 7, 73476), (8352, 14, 397206), (8352, 14, 677167), (8352, 14, 677592), (8352, 14, 677712), (8352, 14, 677744), (8352, 14, 678401), (8352, 14, 678445), (8352, 14, 680405), (8352, 14, 949252), (8352, 14, 1015595), (8352, 14, 1021602), (8352, 14, 1276731), (8352, 14, 1290251), (8352, 14, 1867012), (8352, 14, 1980151), (8352, 14, 2213356), (8246, 13, 2215987)]"
588 "[(8256, 3, 76877), (8256, 3, 77254), (8479, 6, 565577), (9048, 13, 1028970), (8806, 9, 1109348), (8268, 5, 1175233), (9072, 3, 1175612), (9168, 6, 2051576), (8734, 5, 2305573)]"
8454 "[(68, 5, 78346), (447, 14, 652284), (68, 5, 927591), (1649, 1, 1279947), (2522, 6, 1295155), (4941, 13, 1386335), (4941, 13, 1386371), (4941, 13, 1386526), (4941, 13, 1386594), (4941, 13, 1386740), (233, 0, 1492831), (423, 11, 2304084), (447, 14, 2638997), (447, 14, 2639736), (447, 14, 2639853), (447, 14, 2640021), (447, 14, 2640240), (447, 14, 2640471), (447, 14, 2646158)]"
496 "[(8411, 3, 78878), (8411, 3, 450974)]"
630 "[(8299, 2, 88044), (8311, 13, 100361), (8299, 2, 111793), (8299, 2, 133198), (8299, 2, 133286), (8299, 2, 152535), (8299, 2, 152819), (8299, 2, 154481), (8458, 8, 284717), (8458, 8, 285126), (8458, 8, 287778), (8311, 13, 575575), (8311, 13, 606302), (8311, 13, 787264), (8539, 14, 862638), (8458, 8, 1372489), (8539, 14, 1480307), (8539, 14, 1724501), (8539, 14, 1987057), (8539, 14, 1995560), (8539, 14, 2051285)]"
8358 "[(17, 11, 88465), (22, 7, 88552), (1401, 5, 356682), (1401, 5, 396200), (2146, 14, 421244), (2146, 14, 421262), (611, 1, 423564), (45, 14, 721347), (1401, 5, 791356), (2943, 14, 800818), (1401, 5, 854523), (3728, 13, 949136), (4390, 10, 1053599), (17, 11, 1062475), (1382, 7, 1117091), (4630, 1, 1141251), (17, 11, 1207695), (22, 7, 1207738), (17, 11, 1262198), (22, 7, 1287835), (233, 0, 1326471), (502, 13, 1365789), (3039, 0, 1488859), (2933, 13, 1713889), (6194, 15, 1713988), (2933, 13, 1714482), (2933, 13, 1714553), (53, 7, 1726979), (683, 15, 1735498), (683, 15, 1735590), (683, 15, 1742393), (476, 13, 1742421), (718, 2, 2276036), (718, 2, 2276091), (2933, 13, 2675299)]"
8240 "[(659, 14, 89746), (423, 11, 185352), (423, 11, 185390), (26, 4, 433954), (233, 0, 811488), (4019, 1, 1981672), (4019, 1, 1981676)]"
697 "[(8593, 7, 98226), (8551, 13, 975750), (8985, 8, 1114883), (9069, 2, 1173889), (9069, 2, 1214307), (9086, 13, 1228677), (8295, 13, 1306335), (8290, 6, 1534141), (8290, 6, 1534210), (8985, 8, 2093155), (8985, 8, 2256012)]"
730 "[(8283, 8, 104075), (8283, 8, 104095), (8370, 6, 1042434), (8370, 6, 1042451), (8718, 15, 1043001), (8718, 15, 1043021), (8361, 9, 1360368), (8361, 9, 1360387), (8746, 15, 1518189), (8746, 15, 1518209), (9079, 2, 1597974), (9079, 2, 1597992), (9151, 7, 1771449), (9151, 7, 1771467), (8246, 13, 1886678), (8246, 13, 1886696), (8650, 11, 1887016), (8650, 11, 1887036), (8781, 5, 2231630), (8781, 5, 2231651), (8377, 13, 2232445), (8377, 13, 2232465), (8602, 11, 2481472), (8602, 11, 2481495), (8325, 13, 2481806), (8325, 13, 2481828)]"
8486 "[(737, 14, 106466), (737, 14, 121289), (443, 0, 159563), (737, 14, 478095), (737, 14, 478109), (737, 14, 541884), (737, 14, 541903), (737, 14, 541929), (443, 0, 585277), (737, 14, 601949), (737, 14, 690513), (737, 14, 777414), (509, 2, 824234), (737, 14, 883409), (737, 14, 1032448), (737, 14, 1032634), (737, 14, 1032716), (737, 14, 1076616), (1215, 14, 1234686), (1215, 14, 1235069), (737, 14, 1343980), (737, 14, 1400370), (737, 14, 1400667), (737, 14, 1400695), (4752, 11, 1423181), (737, 14, 1429997), (737, 14, 1551361), (5255, 14, 1760427), (17, 11, 1780722), (5255, 14, 1909697), (737, 14, 1942672), (737, 14, 2006707), (737, 14, 2031233), (5255, 14, 2085859), (737, 14, 2123305), (737, 14, 2338439), (737, 14, 2467904), (737, 14, 2468017)]"
8608 "[(744, 1, 107597), (68, 5, 1697739), (68, 5, 1701758), (68, 5, 1718811), (4085, 0, 1738339), (4085, 0, 1939064), (68, 5, 2126685), (68, 5, 2145673), (4085, 0, 2169554), (68, 5, 2358073)]"
213 "[(8346, 14, 110200), (8346, 14, 491416)]"
8616 "[(780, 10, 114150), (780, 10, 114340), (233, 0, 1579486), (40, 0, 1583145), (780, 10, 1693806), (780, 10, 1694356), (780, 10, 1694459)]"
8257 "[(627, 8, 115435), (1007, 10, 180600), (233, 0, 282951), (68, 5, 365291), (2135, 6, 417904), (2209, 1, 435914), (233, 0, 453570), (557, 15, 471801), (1778, 0, 550758), (2593, 7, 971619), (2708, 3, 974504), (3722, 11, 1010400), (3722, 11, 1010962), (116, 8, 1046989), (4109, 3, 1079801), (116, 8, 1172027), (116, 8, 1182893), (116, 8, 1183054), (2230, 4, 1183548), (17, 11, 1214745), (4538, 15, 1315926), (233, 0, 1411274), (4538, 15, 1456677), (2708, 3, 1871515), (68, 5, 1988074), (1058, 0, 2125769), (541, 11, 2649147)]"
800 "[(8411, 3, 118419)]"
8384 "[(68, 5, 129272), (1233, 14, 212197), (1233, 14, 212219), (1304, 14, 227410), (1233, 14, 290054), (1657, 14, 310144), (423, 11, 351880), (17, 11, 355509), (819, 14, 358456), (1936, 14, 366883), (1304, 14, 384002), (2089, 14, 424231), (517, 14, 429442), (517, 14, 429445), (517, 14, 429475), (517, 14, 429508), (819, 14, 726333), (819, 14, 906112), (1233, 14, 910644), (819, 14, 1089453), (611, 1, 1340332), (3609, 14, 1402283), (3609, 14, 1402394), (3609, 14, 1402444), (423, 11, 1640740), (17, 11, 1724016), (627, 8, 1724958), (233, 0, 1749641), (912, 9, 1811225), (912, 9, 1811271), (1233, 14, 1846830), (423, 11, 2491156)]"
852 "[(8295, 13, 130165)]"
371 "[(8467, 15, 133790), (8548, 15, 314166), (8548, 15, 475811), (8352, 14, 569921), (8548, 15, 916116), (8548, 15, 1083058), (8548, 15, 1095748), (8548, 15, 1095896), (8548, 15, 1096032), (8548, 15, 1096230), (8548, 15, 1100726), (8548, 15, 1173004), (8548, 15, 1173322), (8548, 15, 1173417), (8548, 15, 1173514), (8548, 15, 1173626), (8548, 15, 1173693), (8548, 15, 1173764), (8548, 15, 1174123), (8548, 15, 1177085), (8548, 15, 1204474), (8290, 6, 1343637), (8548, 15, 1434944), (8352, 14, 1451033), (8290, 6, 1461297), (8290, 6, 1461426), (8290, 6, 1702680), (8290, 6, 2068281), (8634, 5, 2203666), (8467, 15, 2228892), (8467, 15, 2228988), (8634, 5, 2241726)]"
925 "[(8264, 15, 146124), (8264, 15, 231402), (8264, 15, 231458), (8264, 15, 231473), (8264, 15, 231494), (8264, 15, 231788), (8264, 15, 332282), (8264, 15, 408186), (8264, 15, 418578), (8264, 15, 512302), (8264, 15, 592887), (8264, 15, 592902), (8264, 15, 679134), (8264, 15, 750529), (8264, 15, 751337), (8264, 15, 939151), (8264, 15, 1022920), (8264, 15, 1196690), (8264, 15, 1197606), (8264, 15, 1440322), (8264, 15, 1441631), (8264, 15, 1635637), (8264, 15, 1802589), (8264, 15, 2046435), (8264, 15, 2155217), (8264, 15, 2650540)]"
104 "[(8346, 14, 153347), (8585, 1, 1070408), (8648, 11, 1093296), (8648, 11, 1093360), (9072, 3, 1160991), (9072, 3, 1161008), (8648, 11, 1755005), (8648, 11, 1755082), (8648, 11, 2045261), (8648, 11, 2045365), (8648, 11, 2045471)]"
818 "[(8346, 14, 153505)]"
8568 "[(162, 14, 165301), (162, 14, 354869), (162, 14, 1244773), (162, 14, 1297054), (162, 14, 1297877), (162, 14, 1454918), (162, 14, 1662672), (17, 11, 2346273)]"
1039 "[(8528, 14, 167563), (8881, 5, 2567285)]"
1070 "[(8411, 3, 167811)]"
8644 "[(198, 14, 180961), (17, 11, 188207), (509, 2, 302332), (2114, 11, 414565), (2179, 15, 429179), (3010, 13, 670630), (3010, 13, 670844), (3010, 13, 670873), (17, 11, 672140), (233, 0, 717760), (1046, 13, 880189), (17, 11, 885983), (4331, 13, 1052244), (2202, 9, 1125164), (2678, 13, 1155035), (284, 6, 1200394), (17, 11, 1276240), (532, 14, 1279910), (532, 14, 1359842), (5397, 11, 1382176), (227, 4, 1473018), (17, 11, 1490251), (509, 2, 1515588), (5206, 3, 1584124), (4085, 0, 1595362), (1046, 13, 1645743), (1046, 13, 1660263), (4515, 4, 1681442), (68, 5, 1750109), (227, 4, 1824664), (227, 4, 1824942), (233, 0, 1837020), (4921, 3, 2206778)]"
65 "[(8622, 1, 187689)]"
8721 "[(346, 8, 189281), (346, 8, 207219), (307, 8, 214780), (68, 5, 603079), (68, 5, 654424), (2137, 0, 756806), (68, 5, 828998), (233, 0, 971809), (3676, 3, 989404), (2196, 7, 1178062), (611, 1, 1312708), (68, 5, 1514244), (4085, 0, 1667068), (3317, 13, 2579476)]"
8474 "[(1164, 10, 190792), (1827, 6, 379106), (557, 15, 848207), (5424, 13, 1396190), (5424, 13, 1396737), (5424, 13, 1396796), (5424, 13, 1396859), (870, 3, 1628219), (870, 3, 1628367), (3694, 4, 1805783), (6446, 6, 1820978), (17, 11, 1980603), (51, 7, 2093031), (337, 8, 2146420), (2926, 15, 2169467), (2926, 15, 2169784), (4481, 15, 2495008), (4481, 15, 2495052)]"
328 "[(8234, 1, 206851), (8234, 1, 218905)]"
8366 "[(1229, 11, 211509), (1631, 14, 307126), (731, 11, 307276), (4473, 14, 2395105), (1013, 15, 2409635)]"
8457 "[(940, 11, 232754), (1371, 7, 240672), (385, 4, 253062), (233, 0, 453076), (1371, 7, 633573), (835, 11, 649283), (17, 11, 1480405), (1371, 7, 2303966)]"
1376 "[(8302, 5, 241122), (8302, 5, 241132), (8687, 9, 498110), (8687, 9, 498487), (8687, 9, 515930), (8687, 9, 516020), (8687, 9, 516088), (8687, 9, 581374), (8687, 9, 581418), (8687, 9, 581592), (8687, 9, 581740), (8278, 15, 678787), (8278, 15, 678804), (8278, 15, 679777), (8278, 15, 679842), (8430, 11, 748774), (8687, 9, 757531), (8687, 9, 758443), (8278, 15, 1039893), (8278, 15, 1040889), (8278, 15, 1040904), (8278, 15, 1097724), (8278, 15, 1097798), (8237, 6, 1117257), (8687, 9, 1187330), (8687, 9, 1213048), (8676, 9, 1294675), (8676, 9, 1294823), (8687, 9, 1372351), (8687, 9, 1372579), (8687, 9, 1372627), (8687, 9, 1372678), (8676, 9, 1377171), (8687, 9, 1438402), (8687, 9, 1439772), (8676, 9, 1458522), (8314, 6, 1554736), (8314, 6, 1554794), (8314, 6, 1554899), (8314, 6, 1555062), (8314, 6, 1555207), (8314, 6, 1555308), (8314, 6, 1555330), (8314, 6, 1555715), (8278, 15, 1999174), (8687, 9, 2316536), (8687, 9, 2390105)]"
1379 "[(8411, 3, 241188)]"
1389 "[(8262, 8, 243276), (8262, 8, 243298), (8295, 13, 877355), (8586, 9, 1601366), (8586, 9, 1863714)]"
8749 "[(68, 5, 243571), (68, 5, 246790), (402, 3, 785920), (2659, 10, 1079790), (1277, 1, 2043383), (1277, 1, 2043446), (1277, 1, 2043487), (2068, 6, 2239477), (2068, 6, 2239995)]"
1423 "[(8312, 15, 248825)]"
8694 "[(165, 13, 261128), (165, 13, 261155), (165, 13, 261180), (165, 13, 261195), (165, 13, 261232), (165, 13, 261262), (165, 13, 261299), (165, 13, 261325), (165, 13, 266176), (165, 13, 272351), (165, 13, 272385), (2248, 15, 1050312), (68, 5, 1095901), (579, 7, 1119686), (579, 7, 1119804), (2216, 4, 1135046), (579, 7, 1167518), (4692, 15, 1169313), (2356, 15, 1172180), (2248, 15, 1443649), (1721, 13, 1476810), (2710, 15, 1906994), (2710, 15, 1907112), (2216, 4, 2308587), (579, 7, 2317427), (579, 7, 2324937), (579, 7, 2327118)]"
571 "[(8779, 15, 270438), (8944, 15, 1223365), (8944, 15, 1658792), (8944, 15, 1659141)]"
63 "[(8467, 15, 290559), (8548, 15, 1055960), (8548, 15, 1056082), (8548, 15, 1172848), (8548, 15, 1208742), (8411, 3, 1238824), (8411, 3, 1240414), (8467, 15, 2176461), (8467, 15, 2180526), (8467, 15, 2245938)]"
1564 "[(8346, 14, 297922)]"
1635 "[(8390, 3, 304124), (8318, 2, 910858), (8264, 15, 1168105), (8390, 3, 1298438), (8390, 3, 1298470)]"
8292 "[(68, 5, 312174), (645, 3, 529619), (676, 7, 1092727), (52, 13, 1461234), (423, 11, 1464923), (233, 0, 1495072), (52, 13, 1528411), (233, 0, 1585778), (52, 13, 1635829), (476, 13, 1655253), (471, 5, 1656443), (3833, 13, 1658182), (3921, 13, 1658813), (3921, 13, 1659005), (1277, 1, 1673824), (1277, 1, 1673875), (1277, 1, 1673898), (476, 13, 1699720), (4941, 13, 1847228), (2198, 6, 1897861), (570, 3, 1915696), (233, 0, 1924508), (256, 13, 2194970), (256, 13, 2195194), (875, 5, 2600695)]"
1674 "[(8411, 3, 313953)]"
8288 "[(1683, 2, 316142), (3755, 10, 867121), (17, 11, 1091842), (4076, 15, 1093768), (4076, 15, 1096819), (156, 14, 1148474), (6385, 14, 1968416), (6492, 10, 2271858)]"
1702 "[(8411, 3, 319504), (8411, 3, 1244071), (8411, 3, 1517371), (8411, 3, 2128802), (8411, 3, 2130316), (8411, 3, 2130395)]"
1264 "[(8634, 5, 324553), (8634, 5, 416102), (8835, 1, 500000), (8634, 5, 573865), (8634, 5, 598055), (8634, 5, 2627997), (9084, 2, 2628678), (9084, 2, 2628699)]"
1321 "[(8733, 2, 325320)]"
573 "[(8572, 11, 328733), (8572, 11, 329671), (8419, 8, 1179252)]"
1814 "[(8463, 15, 336987), (8463, 15, 337058), (8964, 13, 1775832)]"
8703 "[(16, 13, 343521), (16, 13, 343564), (16, 13, 343648), (16, 13, 343901), (16, 13, 344026), (16, 13, 344062), (16, 13, 344093), (16, 13, 344212), (17, 11, 609019), (16, 13, 618383), (1641, 14, 650881), (1641, 14, 650923), (16, 13, 837241), (16, 13, 837871), (16, 13, 842936), (16, 13, 843234), (16, 13, 844185), (5622, 11, 1531454), (248, 7, 1540991), (1943, 13, 1560205), (248, 7, 1562586), (718, 2, 1589055), (718, 2, 1589094), (718, 2, 1589116), (718, 2, 1589332), (718, 2, 1589537), (248, 7, 1750732), (346, 8, 1880741), (22, 7, 1903552), (22, 7, 1906125), (725, 13, 2011923), (17, 11, 2158645), (476, 13, 2173084), (45, 14, 2206007), (6107, 9, 2239179), (6107, 9, 2239181), (3921, 13, 2252220), (5985, 10, 2466052), (5985, 10, 2466077), (5985, 10, 2466447), (2414, 15, 2648348)]"
8338 "[(659, 14, 353872), (26, 4, 865680), (233, 0, 1144228)]"
1890 "[(8390, 3, 354285), (8390, 3, 382775), (8390, 3, 382883), (8390, 3, 2416953)]"
8391 "[(1894, 14, 355882), (1894, 14, 356049), (762, 14, 366052), (162, 14, 422543), (762, 14, 495638), (762, 14, 1040068), (68, 5, 1262664), (5193, 10, 1594348), (5193, 10, 1594508), (762, 14, 1738037), (162, 14, 1902261), (762, 14, 2238866)]"
811 "[(8346, 14, 371921), (8627, 14, 395822), (8627, 14, 396683), (8627, 14, 545430), (8627, 14, 546313)]"
1950 "[(8565, 15, 375013), (8574, 15, 1145300), (8574, 15, 1145365)]"
1958 "[(8719, 5, 378266), (8267, 3, 1292594), (8736, 5, 2478263)]"
687 "[(8639, 14, 394470), (8639, 14, 577662), (8639, 14, 863903), (8639, 14, 1035930), (8639, 14, 1208721), (8639, 14, 1288477), (8639, 14, 1290958), (8639, 14, 1776286), (8639, 14, 1893294)]"
291 "[(8295, 13, 399376), (8463, 15, 471068), (8471, 3, 734000), (8295, 13, 908807), (8387, 0, 1053254), (8577, 14, 1175547), (8295, 13, 1180025), (8471, 3, 1504201), (8612, 13, 1521904), (8471, 3, 1683981), (8964, 13, 1762960), (8471, 3, 1784810), (8471, 3, 1935717), (8962, 2, 2017959), (8463, 15, 2109621), (8311, 13, 2184868)]"
1594 "[(8603, 4, 403251), (8291, 14, 417767), (8306, 5, 550487), (8720, 14, 1684367), (8663, 0, 1697261), (8573, 13, 2245366), (8623, 8, 2531252)]"
8772 "[(246, 11, 409561), (68, 5, 566854), (1778, 0, 959392), (4085, 0, 1226017), (1804, 5, 1266844), (728, 11, 1535804), (728, 11, 1535906), (4085, 0, 1599277), (4752, 11, 2627704), (541, 11, 2628548)]"
2133 "[(8633, 5, 416892), (8633, 5, 416988), (8633, 5, 419241), (8633, 5, 594336), (8633, 5, 594633), (8633, 5, 669620), (8633, 5, 669697), (8623, 8, 892226), (9069, 2, 1169317), (9069, 2, 1169689), (9069, 2, 1170753), (9069, 2, 1172474), (9069, 2, 1173387), (8411, 3, 2625298), (8411, 3, 2625449)]"
2251 "[(8548, 15, 451491), (8548, 15, 455526), (8548, 15, 511810), (8548, 15, 512425), (8548, 15, 1200259)]"
938 "[(8227, 1, 463796), (8227, 1, 464028), (8227, 1, 464054), (8227, 1, 529738)]"
84 "[(8896, 7, 492179), (9224, 2, 2434697)]"
2454 "[(8390, 3, 504113), (8390, 3, 776938)]"
2458 "[(8529, 2, 505041)]"
2545 "[(8318, 2, 523920)]"
2650 "[(8548, 15, 553166), (8548, 15, 788312), (8548, 15, 788776), (8548, 15, 866785), (8548, 15, 881202), (8548, 15, 919295), (8548, 15, 964671)]"
8265 "[(509, 2, 562303), (1215, 14, 1234148), (1215, 14, 1234238), (611, 1, 1326649), (22, 7, 1364003), (2708, 3, 1420010), (22, 7, 2345345)]"
2695 "[(8548, 15, 567088)]"
2042 "[(8377, 13, 575424), (8612, 13, 2522313), (8612, 13, 2522712), (8612, 13, 2522782)]"
181 "[(8227, 1, 576696), (8227, 1, 576730), (8227, 1, 578415), (9072, 3, 1148904), (9072, 3, 1149048), (9072, 3, 1161667), (9072, 3, 1176770), (8577, 14, 1177257), (9072, 3, 1184509), (9072, 3, 1184556), (9072, 3, 1184620), (8425, 14, 1270292), (8425, 14, 1271207), (8425, 14, 1518392), (8425, 14, 1522987), (8425, 14, 1696724), (8227, 1, 1763488)]"
8936 "[(2774, 3, 583564), (17, 11, 587862), (17, 11, 589851), (119, 3, 593957), (119, 3, 594008), (119, 3, 594053), (119, 3, 594093), (119, 3, 594125), (119, 3, 594152), (119, 3, 594686), (119, 3, 594712), (119, 3, 594823), (119, 3, 594880), (119, 3, 594893), (119, 3, 594912), (119, 3, 594977), (119, 3, 595008), (539, 3, 595682), (831, 3, 596517), (17, 11, 597371), (539, 3, 598588), (68, 5, 599795), (539, 3, 618485), (119, 3, 623499), (68, 5, 626152), (17, 11, 627789), (539, 3, 703094), (539, 3, 703110), (233, 0, 714563), (17, 11, 728806), (3324, 2, 728921), (1835, 15, 728974), (1647, 0, 828853), (26, 4, 871092), (331, 3, 928420), (1835, 15, 1957920), (5578, 3, 2626122)]"
1659 "[(8634, 5, 591546), (8852, 4, 925990)]"
2065 "[(8415, 7, 594057), (8498, 4, 1615850), (8498, 4, 1626889), (8687, 9, 2481702)]"
768 "[(8411, 3, 594355), (8411, 3, 594371), (8411, 3, 594672), (8411, 3, 594794), (9072, 3, 1527167)]"
8351 "[(2708, 3, 595117), (2899, 4, 606737), (3146, 4, 743293), (17, 11, 1697586), (1943, 13, 1847362), (68, 5, 1941102), (744, 1, 1944657), (2138, 4, 1969877), (17, 11, 2217986), (17, 11, 2218106), (2196, 7, 2220250), (2196, 7, 2220388), (3146, 4, 2420467), (2591, 2, 2539991)]"
86 "[(8411, 3, 601267), (8699, 10, 1984054)]"
2893 "[(8851, 3, 611966), (8851, 3, 612111)]"
220 "[(8411, 3, 617136), (8411, 3, 617208), (8794, 14, 637958), (9028, 10, 885546), (8349, 10, 979766), (8564, 10, 980222), (8402, 2, 1219383), (8349, 10, 1402720), (8508, 10, 1504522), (8508, 10, 1504613), (8508, 10, 1504755), (8508, 10, 1504879), (8508, 10, 1505001), (8508, 10, 1506093), (8508, 10, 1565894), (8956, 10, 1566354), (8508, 10, 1566725), (8508, 10, 1584421), (8508, 10, 1603369), (8956, 10, 1603750), (8508, 10, 1694039), (8508, 10, 1694083), (8508, 10, 1748485), (8508, 10, 1748565), (8508, 10, 1748665), (8508, 10, 1749364), (8508, 10, 1755146), (8508, 10, 1756966), (8508, 10, 1757036), (8508, 10, 1757111), (8508, 10, 1757448), (8508, 10, 1769922), (8508, 10, 1775269), (8508, 10, 1775503), (8508, 10, 1831542), (8508, 10, 1831720), (8508, 10, 1835707), (8508, 10, 1835804), (8508, 10, 1841166), (8508, 10, 1848163), (8508, 10, 1854868), (8508, 10, 1854911), (8508, 10, 1855148), (8508, 10, 1855214), (8508, 10, 1855298), (8508, 10, 1857055), (8704, 10, 1857222), (8704, 10, 1857261), (8508, 10, 1861847), (8508, 10, 1861887), (8508, 10, 1861984), (8508, 10, 1862040), (8508, 10, 1912369), (8794, 14, 1913313), (8508, 10, 1937324), (8508, 10, 1937454), (8508, 10, 1937503), (8508, 10, 1938850), (8508, 10, 1951574), (8794, 14, 1979611), (8508, 10, 2091080), (8508, 10, 2110128), (8704, 10, 2110383), (8956, 10, 2110446), (8508, 10, 2113755), (8508, 10, 2113855), (8704, 10, 2169485), (8704, 10, 2169522), (8704, 10, 2169666), (8349, 10, 2169878), (8349, 10, 2170081), (8349, 10, 2170709), (8508, 10, 2213710), (8508, 10, 2213801), (8704, 10, 2254808), (8508, 10, 2353450), (8508, 10, 2353487), (8956, 10, 2354150), (8508, 10, 2387006), (8508, 10, 2387051), (8508, 10, 2387498), (8956, 10, 2387808), (8956, 10, 2387858), (8508, 10, 2445514), (8508, 10, 2446627), (8508, 10, 2446822), (8508, 10, 2446846), (8508, 10, 2446970), (8508, 10, 2447024), (8508, 10, 2447117), (8508, 10, 2459003), (8508, 10, 2459040), (8508, 10, 2459129), (8349, 10, 2613016), (8635, 10, 2620635), (8508, 10, 2630793), (8508, 10, 2630853), (8349, 10, 2634371), (8349, 10, 2634437), (8349, 10, 2634706), (8508, 10, 2635107), (8564, 10, 2635513), (8564, 10, 2644113)]"
441 "[(8964, 13, 669121), (8639, 14, 767092), (9086, 13, 1259689), (9086, 13, 1259941), (9086, 13, 1260007), (9086, 13, 1260060), (9086, 13, 1260894), (9086, 13, 1260934), (9086, 13, 1260968), (9086, 13, 1261056), (9086, 13, 1261275), (9086, 13, 1261303), (9086, 13, 1268690), (9086, 13, 1268717), (9086, 13, 1375816), (9086, 13, 1445853)]"
2571 "[(8582, 8, 678034), (8582, 8, 678521), (8582, 8, 679772), (8582, 8, 874820)]"
3184 "[(8263, 5, 688692)]"
2973 "[(8969, 5, 699895), (8247, 6, 1017550), (9045, 2, 1112330), (9045, 2, 1112790), (9045, 2, 1112922), (9045, 2, 1131748), (8247, 6, 1134261), (9045, 2, 1189321), (8247, 6, 1275305), (8247, 6, 2499316)]"
3242 "[(8295, 13, 700214), (8295, 13, 700787)]"
8501 "[(68, 5, 708908), (68, 5, 2503122), (68, 5, 2510387)]"
3352 "[(8648, 11, 735738)]"
8998 "[(997, 10, 754379), (997, 10, 970443), (997, 10, 1583863), (997, 10, 1611281), (997, 10, 1613386), (997, 10, 1613425), (997, 10, 1613470), (997, 10, 1614625), (997, 10, 1614746), (997, 10, 1614929), (997, 10, 1615796), (997, 10, 1617563), (68, 5, 1620002), (997, 10, 1620150), (997, 10, 1622458), (2403, 1, 1719883), (233, 0, 1748605), (6155, 10, 1900023), (370, 13, 2225605), (1448, 15, 2232679), (1448, 15, 2232773), (1448, 15, 2232889), (1448, 15, 2233141), (1448, 15, 2233224), (1448, 15, 2233301), (1448, 15, 2234682), (1448, 15, 2235068), (1448, 15, 2235377), (1448, 15, 2238528), (1448, 15, 2238621), (1448, 15, 2238658), (1448, 15, 2238707), (1448, 15, 2239183), (1448, 15, 2239302), (1448, 15, 2239341), (1448, 15, 2239430), (1448, 15, 2239465), (1448, 15, 2239559), (1448, 15, 2239570), (233, 0, 2267275), (1448, 15, 2409779), (1448, 15, 2409815), (1448, 15, 2409855), (1448, 15, 2409877), (1448, 15, 2409904), (1448, 15, 2409940), (1448, 15, 2409963), (1448, 15, 2410036), (1448, 15, 2412227), (1448, 15, 2439690)]"
1884 "[(8565, 15, 759947), (8570, 15, 1913908), (8874, 15, 2061831), (8801, 14, 2095314)]"
8784 "[(68, 5, 823374), (68, 5, 838525), (68, 5, 875328), (289, 7, 915577), (45, 14, 922389), (1586, 10, 969559), (1778, 0, 1857264)]"
9034 "[(3874, 13, 907200), (3874, 13, 907371), (17, 11, 907414), (22, 7, 997942), (22, 7, 998214), (167, 11, 998242), (3896, 1, 998276), (167, 11, 998301), (167, 11, 998357), (167, 11, 998358), (167, 11, 998540), (17, 11, 1171292), (17, 11, 1171504), (167, 11, 1171604), (1492, 11, 1200694), (1492, 11, 1200772), (1492, 11, 1203018), (4273, 11, 1203156), (1492, 11, 1203481), (1492, 11, 1205654), (22, 7, 1256961), (4266, 11, 1260548), (17, 11, 1260994), (5020, 7, 1261036), (5020, 7, 1261078), (420, 11, 1264321), (5037, 14, 1265237), (1492, 11, 1293099), (1492, 11, 1293134), (1492, 11, 1293136), (1492, 11, 2133411), (6309, 10, 2139702), (7307, 11, 2211884), (7308, 2, 2211932), (1492, 11, 2216011), (17, 11, 2298411), (1663, 11, 2303145), (17, 11, 2306038), (1492, 11, 2317954), (303, 11, 2649019)]"
3966 "[(8250, 5, 935624), (8250, 5, 1008667), (8250, 5, 1010025), (8548, 15, 1210815)]"
4027 "[(8276, 13, 951804), (8849, 13, 1293542)]"
3697 "[(8282, 9, 967786)]"
4173 "[(8250, 5, 1004076)]"
4209 "[(8450, 13, 1011001), (8450, 13, 1011061), (8450, 13, 1011166), (8450, 13, 1011219)]"
430 "[(8352, 14, 1021317), (8290, 6, 1272576), (8290, 6, 1352464), (8290, 6, 1352515)]"
4329 "[(8550, 13, 1042465), (9086, 13, 1380637), (8550, 13, 1387161), (8550, 13, 1397123)]"
8502 "[(434, 13, 1053389), (4019, 1, 1213466), (4019, 1, 1213468), (68, 5, 1252398), (68, 5, 1261644), (423, 11, 1302201), (423, 11, 1335677), (1189, 2, 1633109), (2230, 4, 1664324), (6828, 4, 2170961), (56, 2, 2235030), (350, 11, 2303235)]"
8440 "[(233, 0, 1060084), (4085, 0, 1221992), (611, 1, 1597003), (532, 14, 1664671)]"
4412 "[(8248, 1, 1060740)]"
4426 "[(8341, 14, 1069626), (8397, 4, 1890423)]"
4475 "[(8339, 4, 1092206)]"
3871 "[(8423, 7, 1093167), (8423, 7, 1094525), (8318, 2, 1105810), (8318, 2, 2546632)]"
1506 "[(8377, 13, 1101464)]"
4604 "[(8333, 15, 1130191), (8612, 13, 1997932), (8741, 14, 2145321)]"
4647 "[(8612, 13, 1149659)]"
4709 "[(9069, 2, 1172605)]"
4140 "[(8577, 14, 1178031)]"
4334 "[(9072, 3, 1183464), (9072, 3, 1270417), (9072, 3, 1271069), (9072, 3, 1285923), (8406, 6, 1442770)]"
4825 "[(8841, 13, 1195844), (8462, 14, 1304340), (8411, 3, 2529492)]"
4057 "[(8577, 14, 1204336)]"
4875 "[(8237, 6, 1205368)]"
3453 "[(8357, 13, 1230386), (8357, 13, 1230455), (8357, 13, 1271881), (8357, 13, 1271928), (8357, 13, 1282535), (8357, 13, 1282566), (8357, 13, 1601393), (8357, 13, 1601495), (8917, 13, 1643459)]"
8335 "[(233, 0, 1232455), (2414, 15, 1963293), (2414, 15, 1963416), (2414, 15, 1963662)]"
5028 "[(9086, 13, 1263640), (9086, 13, 1264055)]"
5117 "[(8514, 15, 1288395)]"
2781 "[(9086, 13, 1304858)]"
5175 "[(9086, 13, 1308039), (9086, 13, 1308102)]"
598 "[(8676, 9, 1309436), (8282, 9, 2077320), (8282, 9, 2137003)]"
3085 "[(8247, 6, 1313083), (9096, 1, 1518428), (9096, 1, 1627914), (9096, 1, 1667127), (9096, 1, 1667972)]"
8632 "[(4085, 0, 1331442), (233, 0, 1577430), (920, 4, 1866644), (2128, 4, 2130133), (532, 14, 2594147)]"
9051 "[(4085, 0, 1331472), (1449, 11, 1476927)]"
3472 "[(8917, 13, 1374255), (8917, 13, 1374290)]"
2176 "[(8683, 7, 1387924)]"
702 "[(8540, 15, 1453373)]"
9118 "[(3774, 13, 1475486), (68, 5, 1893479), (5137, 6, 2028138), (233, 0, 2269414), (537, 15, 2279320), (68, 5, 2568088)]"
5652 "[(8250, 5, 1477582)]"
3523 "[(8290, 6, 1484383)]"
8925 "[(5751, 6, 1523360), (611, 1, 2148705)]"
9111 "[(1364, 11, 1538594), (1364, 11, 1538939), (1364, 11, 1539009), (1364, 11, 1539211), (1364, 11, 1539345), (1364, 11, 1539519), (1364, 11, 1545158), (1364, 11, 1546085), (1364, 11, 1546363), (1364, 11, 1546645), (233, 0, 1750379), (1364, 11, 2224448), (1364, 11, 2224535), (1364, 11, 2225405), (1364, 11, 2225565), (1364, 11, 2229300), (1364, 11, 2229867), (1364, 11, 2229914), (1364, 11, 2230307), (1364, 11, 2230502), (1364, 11, 2468027), (3517, 0, 2469735)]"
4952 "[(9071, 3, 1548202), (8411, 3, 1548612)]"
5827 "[(8295, 13, 1553913)]"
2958 "[(9071, 3, 1579139), (9224, 2, 2459046)]"
3464 "[(8593, 7, 1609625)]"
8836 "[(2141, 15, 1649268), (2141, 15, 1649308), (51, 7, 1835832), (51, 7, 1838230), (68, 5, 1848395), (51, 7, 2092365), (17, 11, 2193725)]"
6164 "[(9069, 2, 1701993)]"
651 "[(8357, 13, 1749403), (8357, 13, 1749482), (8357, 13, 1749815), (8357, 13, 1749837), (8357, 13, 1749964), (8357, 13, 1750080), (8357, 13, 1750305), (8357, 13, 1750395), (8357, 13, 1768353), (8357, 13, 2222281)]"
699 "[(8411, 3, 1751628), (8411, 3, 2093670), (8411, 3, 2093709), (8411, 3, 2093747)]"
3779 "[(8250, 5, 1829743)]"
3305 "[(8411, 3, 1841663)]"
3387 "[(8425, 14, 1864075)]"
4554 "[(9168, 6, 1898607), (9205, 5, 2258225), (9205, 5, 2258237), (8734, 5, 2328036), (8734, 5, 2597331)]"
4523 "[(8375, 14, 1912486), (8375, 14, 1913044)]"
6654 "[(8592, 15, 1917715), (8592, 15, 1917718), (8592, 15, 1917795), (8665, 6, 2371983), (8665, 6, 2372022), (8665, 6, 2372052), (8819, 13, 2375882), (8819, 13, 2375919), (8819, 13, 2375922), (8883, 5, 2616165), (8883, 5, 2616167), (8419, 8, 2633580)]"
6614 "[(8295, 13, 1923466), (8295, 13, 1925450)]"
2839 "[(8411, 3, 2018888), (8411, 3, 2018914), (8411, 3, 2019129)]"
1256 "[(8227, 1, 2032516)]"
6920 "[(8411, 3, 2054894)]"
1538 "[(8801, 14, 2086665), (8801, 14, 2166809)]"
5413 "[(8509, 4, 2121131), (8574, 15, 2123399), (8841, 13, 2509114)]"
2085 "[(8975, 10, 2151478), (8975, 10, 2151509)]"
313 "[(8734, 5, 2158692)]"
154 "[(9124, 5, 2166967)]"
1632 "[(8466, 2, 2223290)]"
5429 "[(8734, 5, 2262041), (8734, 5, 2264351), (8734, 5, 2264760)]"
4434 "[(8227, 1, 2284748)]"
2404 "[(8556, 11, 2321391)]"
6851 "[(8964, 13, 2445757)]"
1107 "[(8683, 7, 2494841)]"
4319 "[(8418, 8, 2498839)]"
1094 "[(8390, 3, 2515573)]"
6045 "[(8406, 6, 2518100)]"
6245 "[(8463, 15, 2645808)]"
8850 "[(1726, 14, 2663552)]"
