33 "[(8260, 7, 2079), (8260, 7, 27442), (8260, 7, 607745), (8260, 7, 1089140), (8260, 7, 2457190)]"
110 "[(8302, 5, 12681), (8526, 7, 1297709)]"
8336 "[(95, 1, 17435), (51, 7, 164735), (51, 7, 164772), (51, 7, 602370), (51, 7, 602409), (51, 7, 602720), (51, 7, 602822), (51, 7, 603076), (51, 7, 603205), (51, 7, 611801), (51, 7, 611963), (51, 7, 612092), (51, 7, 612136), (51, 7, 612164), (51, 7, 619976), (95, 1, 622384), (95, 1, 647154), (95, 1, 703892), (1188, 4, 769889), (95, 1, 809016), (51, 7, 875411), (95, 1, 898672), (95, 1, 937953), (1188, 4, 964021), (95, 1, 967053), (95, 1, 983358), (95, 1, 1024147), (611, 1, 1063459), (95, 1, 1069425), (51, 7, 1076873), (95, 1, 1155722), (95, 1, 1196858), (95, 1, 1232482), (51, 7, 1840619), (51, 7, 1849019)]"
8314 "[(161, 13, 19842), (161, 13, 19904), (1906, 4, 357382), (17, 11, 409032), (1906, 4, 437002), (22, 7, 437135), (22, 7, 437270), (1906, 4, 437353), (148, 8, 485950), (350, 11, 486228), (167, 11, 494801), (4033, 7, 953200), (2442, 7, 1204949), (4339, 7, 1205155), (4339, 7, 1205211), (870, 3, 1205299), (870, 3, 1205440), (870, 3, 1205611), (870, 3, 1205799), (1906, 4, 1218364), (1906, 4, 1218399), (3210, 3, 1256194), (3210, 3, 1257216), (3210, 3, 1260724), (233, 0, 1319656), (1906, 4, 1391518), (1376, 12, 1554736), (1376, 12, 1554794), (1376, 12, 1554899), (1376, 12, 1555062), (1376, 12, 1555207), (1376, 12, 1555308), (1376, 12, 1555330), (1376, 12, 1555715), (122, 4, 1557408), (233, 0, 1575655), (211, 15, 1614293), (1848, 9, 1643466), (1848, 9, 1644176), (5063, 7, 1667518), (5063, 7, 1667589), (5063, 7, 1667773), (5063, 7, 1667930), (954, 0, 1742886), (6828, 4, 1998891), (1906, 4, 2252708), (4076, 15, 2256285), (979, 4, 2270262), (1906, 4, 2325825), (1906, 4, 2339288), (2761, 7, 2421766), (235, 3, 2434516), (4033, 7, 2437610), (4033, 7, 2437897), (2277, 11, 2454777), (2277, 11, 2454880), (1970, 2, 2460188), (2134, 1, 2461224), (4076, 15, 2489975), (5480, 13, 2500858), (1200, 1, 2502168)]"
8406 "[(51, 7, 30955), (51, 7, 31002), (51, 7, 1213441), (95, 1, 1232701), (95, 1, 1233194), (51, 7, 1279406), (51, 7, 1284447), (1791, 4, 1288754), (3963, 9, 1363884), (4334, 12, 1442770), (51, 7, 1454377), (51, 7, 1454417), (233, 0, 1496104), (6045, 12, 2518100)]"
241 "[(8302, 5, 31670)]"
8247 "[(246, 11, 32354), (897, 3, 141007), (322, 2, 189505), (402, 3, 232293), (109, 1, 320938), (109, 1, 321022), (552, 8, 324234), (552, 8, 324290), (1823, 5, 338327), (3706, 1, 851500), (4016, 13, 948596), (4016, 13, 951350), (4016, 13, 951469), (4016, 13, 951634), (4016, 13, 952120), (2973, 12, 1017550), (3978, 3, 1028430), (2973, 12, 1134261), (2012, 1, 1175104), (2087, 14, 1191719), (2012, 1, 1269692), (4016, 13, 1270067), (2973, 12, 1275305), (1381, 1, 1279564), (3085, 12, 1313083), (1381, 1, 1342151), (1381, 1, 1426705), (1381, 1, 1427102), (1381, 1, 1512351), (3748, 4, 1530202), (1381, 1, 1531396), (1381, 1, 1534080), (1381, 1, 1534190), (5795, 1, 1542801), (1381, 1, 1621924), (1381, 1, 1622147), (1381, 1, 1622282), (322, 2, 1686995), (5836, 9, 1818507), (233, 0, 2267935), (1381, 1, 2462500), (2134, 1, 2479183), (2973, 12, 2499316), (2797, 1, 2540018)]"
8350 "[(68, 5, 40290), (8, 1, 67421), (233, 0, 116757), (68, 5, 274376), (68, 5, 339947), (68, 5, 536703), (2246, 8, 596211), (2246, 8, 596218), (423, 11, 1202977), (2708, 3, 1272535), (2708, 3, 1278853), (5119, 1, 1289299), (2708, 3, 1293709), (772, 5, 1309865), (4019, 1, 1322736), (4019, 1, 1322743), (3039, 0, 1328826), (2923, 0, 1387795), (423, 11, 1422452), (8, 1, 1672139), (1778, 0, 1719408), (45, 14, 1789912), (772, 5, 1820340), (772, 5, 1820388), (772, 5, 1820602), (772, 5, 1820717), (772, 5, 1821253), (45, 14, 1866708), (233, 0, 1921564), (4085, 0, 2257880), (608, 15, 2587360)]"
8446 "[(17, 11, 41785), (859, 14, 131866), (68, 5, 161642), (17, 11, 263090), (1013, 15, 263146), (1013, 15, 263933), (17, 11, 272005), (17, 11, 281680), (1641, 14, 306790), (1641, 14, 306832), (885, 1, 337662), (45, 14, 357896), (233, 0, 370482), (1906, 4, 707234), (356, 12, 913535), (480, 2, 919906), (17, 11, 938933), (156, 14, 965742), (22, 7, 1023403), (68, 5, 1042935), (17, 11, 1134208), (167, 11, 1177281), (167, 11, 1177283), (835, 11, 1327650), (423, 11, 1369084), (17, 11, 1383723), (5971, 10, 1619971), (627, 8, 1624705), (17, 11, 1722039), (4063, 14, 1829399), (611, 1, 1920028), (1314, 5, 1970877), (17, 11, 1982818), (2196, 7, 1989748), (4019, 1, 2005775), (68, 5, 2172805), (17, 11, 2404179), (2374, 4, 2413911), (2244, 1, 2489866), (611, 1, 2500356), (1314, 5, 2503010), (6107, 9, 2504270), (875, 5, 2599887)]"
353 "[(8467, 15, 49064), (8547, 12, 480452), (8467, 15, 567133), (8467, 15, 567313), (8467, 15, 567440), (8467, 15, 657429), (8547, 12, 683667), (8547, 12, 739926), (8547, 12, 910085), (8547, 12, 910173), (8547, 12, 910246), (8547, 12, 934868), (8547, 12, 934951), (8547, 12, 1105912), (8467, 15, 1166647), (8531, 12, 1168895), (8547, 12, 1255206), (8467, 15, 1256118), (8467, 15, 1256316), (8547, 12, 1257601), (8467, 15, 1257776), (8547, 12, 1257864), (8467, 15, 1368234), (8467, 15, 1430506), (8467, 15, 1430586), (8467, 15, 1430662), (8467, 15, 1518436), (8547, 12, 1519975), (8467, 15, 1529287), (8467, 15, 1636791), (8467, 15, 1636996), (8467, 15, 1705584), (8467, 15, 1778266), (8467, 15, 1863293), (8467, 15, 1945672), (8467, 15, 1972823), (8467, 15, 1972856), (8467, 15, 2062430), (8547, 12, 2068981), (8467, 15, 2122733), (8467, 15, 2122785), (8467, 15, 2122932), (8467, 15, 2123053), (8467, 15, 2123080), (8467, 15, 2156346), (8467, 15, 2203881), (8467, 15, 2204118), (8467, 15, 2204169), (8467, 15, 2218875), (8467, 15, 2219074), (8467, 15, 2219123), (8467, 15, 2219396), (8467, 15, 2235796), (8467, 15, 2291168), (8467, 15, 2325000), (8467, 15, 2490164), (8467, 15, 2490269), (8467, 15, 2490301), (8547, 12, 2491223), (8547, 12, 2496111), (8467, 15, 2670308)]"
386 "[(8256, 3, 54878), (8752, 3, 672943)]"
142 "[(8256, 3, 57759), (8256, 3, 58014), (8256, 3, 58086), (8256, 3, 58135), (8256, 3, 58162), (8256, 3, 67401), (8256, 3, 67987), (8256, 3, 73070), (8256, 3, 73123), (8256, 3, 73297), (8256, 3, 73319), (8256, 3, 82237), (8256, 3, 337123), (8887, 3, 530058), (8887, 3, 530396), (8887, 3, 530424), (8887, 3, 530680), (8887, 3, 530748), (8887, 3, 530902), (8887, 3, 531317), (8887, 3, 531403), (8887, 3, 531508), (8887, 3, 531919), (8887, 3, 532204), (8887, 3, 532416), (8887, 3, 533115), (8887, 3, 533205), (8887, 3, 533257), (8887, 3, 533557), (8887, 3, 533582), (8887, 3, 533881), (8887, 3, 533969), (8887, 3, 534032), (8887, 3, 534325), (8887, 3, 534464), (8887, 3, 534729), (8887, 3, 534977), (8887, 3, 542009), (8887, 3, 546050), (8887, 3, 593848), (8887, 3, 601028), (8887, 3, 603326), (8887, 3, 603352), (8887, 3, 698674), (8256, 3, 785786), (8256, 3, 785862), (8887, 3, 909722), (8511, 8, 926058), (8511, 8, 926088), (8887, 3, 1421511), (8256, 3, 1713906), (9205, 5, 2145475), (9205, 5, 2145654), (9205, 5, 2145736), (9205, 5, 2145904), (9205, 5, 2146111), (9205, 5, 2146139), (9205, 5, 2146805), (9205, 5, 2146968), (9205, 5, 2147015), (9205, 5, 2147117), (9205, 5, 2147138), (9205, 5, 2147227), (9205, 5, 2147775), (9205, 5, 2151005), (9205, 5, 2159545), (9205, 5, 2159779), (9205, 5, 2159864), (9205, 5, 2160125), (9205, 5, 2184838), (9205, 5, 2239829), (9205, 5, 2240980), (9205, 5, 2366848), (9205, 5, 2370704), (9205, 5, 2441855), (9205, 5, 2441980)]"
543 "[(8423, 7, 71534)]"
8546 "[(285, 11, 72489), (285, 11, 72499), (303, 11, 207147), (233, 0, 372712), (233, 0, 452020), (233, 0, 624301), (68, 5, 849420), (3963, 9, 935037), (1188, 4, 1138786), (466, 1, 2464396)]"
563 "[(8423, 7, 73675), (8411, 3, 157316)]"
597 "[(8560, 2, 78499)]"
230 "[(8239, 11, 81084), (8239, 11, 414595), (8748, 0, 594813)]"
682 "[(8414, 13, 93607)]"
8594 "[(703, 1, 99379), (742, 14, 106530), (3209, 3, 1098913), (1276, 14, 1270182), (1276, 14, 1270337), (17, 11, 1617883), (4515, 4, 1618047), (17, 11, 1942183), (2687, 11, 1942426), (742, 14, 1977059), (742, 14, 1983226), (22, 7, 1984549), (4085, 0, 2266112), (367, 1, 2543776), (2892, 11, 2636562)]"
733 "[(8603, 4, 104717)]"
760 "[(8423, 7, 109227), (8750, 0, 978304)]"
8631 "[(8, 1, 124694), (659, 14, 270194), (68, 5, 288583), (8, 1, 301739), (8, 1, 301822), (8, 1, 306357), (8, 1, 306596), (8, 1, 306857), (8, 1, 306927), (8, 1, 306969), (8, 1, 307326), (990, 1, 311684), (990, 1, 311875), (990, 1, 313420), (68, 5, 321146), (233, 0, 454548), (8, 1, 464241), (8, 1, 820128), (537, 15, 827175), (8, 1, 829280), (1392, 1, 837999), (4085, 0, 1313329), (1552, 11, 1403463), (67, 0, 1611273), (107, 1, 1679131), (107, 1, 1714657), (4085, 0, 1755578), (8, 1, 1963125), (4085, 0, 2257891), (233, 0, 2356083), (1378, 1, 2389102), (2134, 1, 2574492), (608, 15, 2587380)]"
848 "[(8543, 3, 129237)]"
284 "[(8622, 1, 132863), (8622, 1, 135885), (8622, 1, 238938), (8622, 1, 678255), (8683, 7, 825534), (8241, 7, 829699), (8887, 3, 840184), (8683, 7, 935812), (8644, 12, 1200394), (8260, 7, 1335420), (8260, 7, 1335917), (8617, 2, 1359833), (8545, 1, 1360871), (8356, 5, 1541296), (8275, 7, 1892554), (8438, 0, 1906148), (8447, 12, 1938947), (8447, 12, 1939152), (8447, 12, 1942167), (8447, 12, 2030845), (8447, 12, 2401767), (8618, 9, 2404784), (8447, 12, 2570479), (8447, 12, 2642175), (8781, 5, 2647745)]"
8665 "[(350, 11, 142828), (17, 11, 2272941), (17, 11, 2274740), (317, 7, 2275413), (156, 14, 2276011), (156, 14, 2276094), (156, 14, 2276144), (17, 11, 2278000), (156, 14, 2278509), (17, 11, 2279923), (17, 11, 2280758), (6470, 4, 2281269), (17, 11, 2281415), (6470, 4, 2281609), (17, 11, 2281720), (6470, 4, 2281985), (6470, 4, 2282129), (6470, 4, 2282205), (4164, 11, 2284879), (156, 14, 2288647), (5622, 11, 2368928), (6654, 12, 2371983), (6654, 12, 2372022), (6654, 12, 2372052), (611, 1, 2373242), (611, 1, 2373455), (1921, 11, 2498617), (36, 3, 2528707), (36, 3, 2546850), (36, 3, 2547015), (36, 3, 2547045)]"
8702 "[(51, 7, 165708), (51, 7, 165775), (51, 7, 165948), (51, 7, 166067), (68, 5, 167269), (51, 7, 270106), (95, 1, 553353), (1857, 10, 1028998), (1857, 10, 1029187), (51, 7, 1162464), (303, 11, 1330488), (68, 5, 1370110), (51, 7, 1555464), (51, 7, 1655080), (51, 7, 2016755), (51, 7, 2085929), (51, 7, 2282343), (4085, 0, 2429438)]"
1235 "[(8234, 1, 212489), (8234, 1, 831626), (9072, 3, 1158978)]"
21 "[(8484, 0, 220462), (8852, 4, 1358065)]"
1317 "[(8534, 0, 228689)]"
1347 "[(8488, 3, 236071), (8754, 11, 237938), (8645, 0, 585535), (8645, 0, 585637), (8471, 3, 709482)]"
1350 "[(8526, 7, 236738), (8245, 4, 486939), (8245, 4, 487018), (8245, 4, 488089), (8245, 4, 690448), (8245, 4, 691091), (8245, 4, 691144), (8245, 4, 691618), (8245, 4, 862287), (8245, 4, 862591), (8245, 4, 923187), (8245, 4, 1018509)]"
8764 "[(1438, 9, 252159), (1438, 9, 576515), (3525, 8, 1871655), (6544, 8, 1874147), (725, 13, 1925946), (440, 9, 1969113), (440, 9, 1969168), (440, 9, 2133308), (440, 9, 2149612), (440, 9, 2392173), (346, 8, 2436009), (346, 8, 2469491), (346, 8, 2473287), (346, 8, 2480724), (346, 8, 2482276), (346, 8, 2530865), (346, 8, 2636246), (346, 8, 2662690)]"
1458 "[(8375, 14, 257789)]"
1461 "[(8328, 4, 258721), (8328, 4, 258920), (8598, 5, 2612293)]"
1577 "[(8282, 9, 287689), (8282, 9, 605751)]"
1602 "[(8734, 5, 293668), (8969, 5, 780332), (8250, 5, 1231541), (8250, 5, 1231649)]"
1682 "[(8302, 5, 315389), (9096, 1, 1350748)]"
1720 "[(8241, 7, 323109), (8941, 13, 947743)]"
8290 "[(1359, 10, 325328), (659, 14, 879432), (430, 12, 1272576), (371, 12, 1343637), (430, 12, 1352464), (430, 12, 1352515), (744, 1, 1355011), (1405, 14, 1386346), (371, 12, 1461297), (371, 12, 1461426), (3523, 12, 1484383), (163, 15, 1518109), (697, 12, 1534141), (697, 12, 1534210), (471, 5, 1546062), (471, 5, 1546135), (89, 13, 1557078), (233, 0, 1577485), (89, 13, 1616995), (89, 13, 1617060), (89, 13, 1617201), (89, 13, 1617354), (235, 3, 1620287), (371, 12, 1702680), (1155, 11, 1708685), (4085, 0, 1744968), (1114, 3, 1799299), (233, 0, 1836165), (3605, 11, 1893256), (371, 12, 2068281)]"
1737 "[(8734, 5, 327176), (9092, 5, 1904057), (9092, 5, 1904312), (9092, 5, 1904442)]"
1795 "[(8256, 3, 334561), (8256, 3, 338496), (8256, 3, 339125), (8256, 3, 340370), (8256, 3, 592535), (8376, 9, 1368539), (8376, 9, 1369752)]"
8479 "[(1799, 8, 335108), (1793, 13, 408266), (1793, 13, 408331), (2172, 5, 427575), (2172, 5, 427682), (2172, 5, 431971), (2172, 5, 479014), (2172, 5, 479618), (2172, 5, 479695), (2172, 5, 479995), (588, 12, 565577), (2172, 5, 591428), (2172, 5, 593400), (2172, 5, 593674), (2234, 4, 611873), (233, 0, 973136), (4395, 7, 1055153), (2172, 5, 1452301), (2172, 5, 1452373), (2172, 5, 1452641), (2172, 5, 1452729), (233, 0, 1577469), (233, 0, 1662769), (233, 0, 1922849)]"
1813 "[(8734, 5, 336929), (8734, 5, 337079), (8816, 11, 1483687), (8602, 11, 1829625), (8785, 15, 2060539), (8682, 14, 2157143), (8687, 9, 2313130), (8734, 5, 2319081), (8545, 1, 2352337), (8260, 7, 2584031)]"
1827 "[(8588, 1, 339434), (8474, 12, 379106)]"
1911 "[(8734, 5, 358027), (8734, 5, 2084615), (8883, 5, 2262334)]"
1912 "[(8249, 13, 358270), (8547, 12, 692123), (8547, 12, 931520), (8547, 12, 940975), (8249, 13, 968795), (8295, 13, 1227487), (8295, 13, 1232275), (8249, 13, 1270459), (8295, 13, 1319983), (8295, 13, 1447814), (8295, 13, 1535373), (8249, 13, 1650953), (8249, 13, 1661956), (8249, 13, 1701657), (8249, 13, 1914154), (8295, 13, 2077574), (8467, 15, 2095433), (8740, 7, 2176868), (8467, 15, 2226750), (8243, 7, 2227196), (8467, 15, 2257698)]"
8347 "[(1916, 10, 360606), (68, 5, 616824), (233, 0, 714087), (68, 5, 717527), (17, 11, 1039949), (2110, 14, 1040572), (233, 0, 1234774), (68, 5, 1309464), (68, 5, 1321702), (3605, 11, 1452863), (233, 0, 1495120), (68, 5, 1541884), (68, 5, 1654923), (1510, 13, 1706924), (68, 5, 1719466), (233, 0, 1750145), (68, 5, 1753787), (772, 5, 1828578), (310, 10, 1943053), (772, 5, 1989233), (772, 5, 1989536), (749, 10, 2003971), (853, 3, 2037047), (2578, 2, 2046411), (2578, 2, 2046616), (2578, 2, 2046756), (2578, 2, 2046953), (2578, 2, 2046989), (2500, 4, 2055445), (2578, 2, 2055527), (2134, 1, 2059386), (2134, 1, 2059887), (660, 0, 2070727), (1792, 4, 2070774), (143, 13, 2074820), (3748, 4, 2115364), (1793, 13, 2136367), (1793, 13, 2136415), (1726, 14, 2139769), (5552, 7, 2181149), (5552, 7, 2181282), (5552, 7, 2182032), (5552, 7, 2182656), (17, 11, 2215625), (17, 11, 2225381), (45, 14, 2229920), (660, 0, 2231376), (3483, 5, 2239442), (271, 2, 2241341), (3323, 13, 2246778), (5442, 4, 2273893), (5442, 4, 2274650), (3278, 4, 2290439), (246, 11, 2297627), (56, 2, 2298754), (350, 11, 2301992), (1754, 4, 2304109), (17, 11, 2318254), (1276, 14, 2318321), (1089, 3, 2332776), (17, 11, 2344697), (2468, 3, 2371292), (17, 11, 2385390), (2024, 1, 2388251), (17, 11, 2389871), (6753, 0, 2429112), (233, 0, 2446502), (3278, 4, 2451131), (68, 5, 2452339), (5552, 7, 2487255), (5552, 7, 2487384), (5552, 7, 2487556), (17, 11, 2494672), (5552, 7, 2498239), (68, 5, 2499502), (5552, 7, 2501008), (17, 11, 2502584), (5396, 4, 2505539), (3148, 4, 2505596), (5396, 4, 2505663), (3148, 4, 2505821), (3148, 4, 2507345), (1446, 2, 2545919), (2134, 1, 2554059), (829, 2, 2576345), (3148, 4, 2577418), (2134, 1, 2586732), (4410, 3, 2601867), (68, 5, 2602933), (829, 2, 2634029), (3148, 4, 2666964)]"
1925 "[(8535, 4, 362427), (8535, 4, 362436), (8535, 4, 2054165), (8535, 4, 2054479)]"
1928 "[(8622, 1, 364328), (8622, 1, 365952)]"
1946 "[(8371, 12, 373936)]"
8370 "[(1972, 9, 381107), (2025, 8, 394812), (22, 7, 431640), (22, 7, 442916), (22, 7, 443301), (2239, 9, 453335), (405, 15, 528547), (695, 5, 532016), (476, 13, 601690), (476, 13, 601900), (476, 13, 601984), (552, 8, 664263), (1970, 2, 710208), (17, 11, 1039706), (22, 7, 1040254), (22, 7, 1040542), (22, 7, 1040793), (22, 7, 1040841), (730, 12, 1042434), (730, 12, 1042451), (2141, 15, 1056816), (2141, 15, 1056842), (423, 11, 1097240), (68, 5, 1099348), (3874, 13, 1114260), (22, 7, 1117583), (156, 14, 1138690), (68, 5, 1181851), (4879, 3, 1206195), (4879, 3, 1211811), (4879, 3, 1212386), (233, 0, 1315903), (4752, 11, 1422835), (17, 11, 1422914), (17, 11, 1522895), (728, 11, 1547400), (1187, 4, 1670502), (1187, 4, 1670521), (1187, 4, 1670625), (1187, 4, 1673761), (1187, 4, 1674128), (1187, 4, 1674147), (1187, 4, 1674194), (1187, 4, 1681880), (68, 5, 1757340), (2056, 14, 1786359), (1972, 9, 2018254)]"
1897 "[(8466, 2, 401943), (8466, 2, 412991), (8466, 2, 482561), (8466, 2, 482628), (8466, 2, 578842), (8411, 3, 586231), (8466, 2, 660209), (8411, 3, 857971), (8411, 3, 879575), (8411, 3, 1139237), (8411, 3, 1139289)]"
2068 "[(8633, 5, 404799), (8633, 5, 404826), (8749, 12, 2239477), (8749, 12, 2239995), (9084, 2, 2632941)]"
2135 "[(8257, 12, 417904)]"
2152 "[(8590, 5, 423375)]"
1064 "[(8371, 12, 424648)]"
2198 "[(8801, 14, 433286), (8801, 14, 433352), (8801, 14, 433379), (8801, 14, 456392), (8411, 3, 1019404), (8402, 2, 1202700), (8292, 12, 1897861), (8985, 8, 2095226), (8985, 8, 2095294), (8491, 15, 2335432), (8491, 15, 2335509), (8491, 15, 2335582), (8491, 15, 2335814), (8491, 15, 2335848), (8491, 15, 2336215), (8565, 15, 2505191), (8565, 15, 2505245)]"
2237 "[(8263, 5, 446412), (9080, 5, 2254849), (9080, 5, 2255376)]"
2096 "[(8888, 4, 447455)]"
8381 "[(51, 7, 465805), (51, 7, 620412), (68, 5, 621979), (51, 7, 865258), (51, 7, 1284240), (68, 5, 1285466), (51, 7, 1454551), (51, 7, 1544563), (51, 7, 1544605), (51, 7, 1544704), (51, 7, 1544751), (51, 7, 1555426), (95, 1, 1722949), (51, 7, 1991943), (51, 7, 1991971), (51, 7, 2282316)]"
418 "[(8852, 4, 472743), (8852, 4, 576547), (8852, 4, 763869), (8852, 4, 1190780), (8852, 4, 1706270)]"
2373 "[(8329, 3, 489281), (9140, 2, 1788994), (9140, 2, 1789243), (9140, 2, 1874082)]"
2486 "[(8888, 4, 512481)]"
2501 "[(8241, 7, 515192)]"
2520 "[(8697, 9, 518964)]"
2522 "[(8462, 14, 519082), (8301, 13, 601576), (8301, 13, 686092), (8454, 12, 1295155), (8235, 12, 1614189), (8462, 14, 2241278), (8462, 14, 2485946), (8462, 14, 2646541)]"
600 "[(8887, 3, 524872), (8683, 7, 1020321)]"
2559 "[(8734, 5, 526566), (8734, 5, 614013), (8734, 5, 704401), (9072, 3, 1198090)]"
2595 "[(8726, 15, 534282), (8726, 15, 595801), (8622, 1, 893889), (8726, 15, 1046613), (8686, 0, 1149520), (8923, 11, 1150970), (8726, 15, 1878284), (8726, 15, 2223025)]"
2654 "[(8411, 3, 553989), (8888, 4, 669690), (8887, 3, 681742), (8752, 3, 735363), (8752, 3, 773232), (8411, 3, 900556), (8411, 3, 932717), (8266, 11, 998097), (9054, 2, 1026469), (9166, 7, 1724554), (9166, 7, 1869318), (8411, 3, 2564856), (9223, 4, 2567453)]"
8237 "[(566, 9, 573574), (2834, 9, 594444), (233, 0, 625629), (1131, 15, 679459), (17, 11, 704521), (167, 11, 706671), (167, 11, 706752), (167, 11, 707249), (167, 11, 707584), (532, 14, 755107), (17, 11, 793047), (17, 11, 797183), (233, 0, 810807), (1131, 15, 821837), (68, 5, 839626), (566, 9, 920234), (1013, 15, 939054), (3227, 9, 1011905), (17, 11, 1018203), (912, 9, 1023815), (4273, 11, 1027342), (17, 11, 1035624), (2046, 5, 1083485), (1277, 1, 1096831), (1277, 1, 1096858), (1376, 12, 1117257), (4651, 1, 1150645), (500, 14, 1153330), (500, 14, 1153394), (2761, 7, 1163940), (2834, 9, 1185594), (912, 9, 1189208), (4875, 12, 1205368), (4946, 3, 1228888), (4946, 3, 1229483), (4946, 3, 1229539), (4946, 3, 1229617), (4946, 3, 1230190), (4946, 3, 1230954), (423, 11, 1703256)]"
2769 "[(8256, 3, 582335), (8256, 3, 1712947), (8256, 3, 1713021), (8256, 3, 1713787), (8256, 3, 1879258), (8256, 3, 1879277), (8682, 14, 2060784), (8618, 9, 2083528), (8548, 15, 2087718), (8801, 14, 2090971), (8985, 8, 2094146), (8637, 11, 2095687), (8718, 15, 2139577), (8801, 14, 2146996), (8801, 14, 2147154), (8325, 13, 2148987), (8325, 13, 2150095), (8379, 14, 2154142), (8801, 14, 2154213), (8801, 14, 2157479), (8734, 5, 2341334)]"
8937 "[(2134, 1, 584878), (2172, 5, 1351950), (5453, 1, 1410943), (2134, 1, 1419433), (2134, 1, 1419482), (1206, 5, 1784487), (2134, 1, 2019402), (2134, 1, 2019429), (974, 1, 2051702), (974, 1, 2051740), (2134, 1, 2058205), (2134, 1, 2058690), (2134, 1, 2059644), (2134, 1, 2059698), (2134, 1, 2059775), (45, 14, 2067132), (4910, 3, 2092473), (4962, 7, 2126399), (4248, 5, 2126488), (4248, 5, 2126630), (68, 5, 2127873), (2134, 1, 2134086), (7251, 3, 2179588), (5552, 7, 2182701), (5552, 7, 2182804), (5552, 7, 2182874), (2134, 1, 2191479), (2134, 1, 2191690), (1680, 5, 2220599), (1680, 5, 2220742), (1680, 5, 2220930), (1680, 5, 2221067), (1680, 5, 2221149), (1680, 5, 2221253), (271, 2, 2241424), (271, 2, 2241538), (233, 0, 2269801), (1089, 3, 2332891), (2390, 14, 2355591), (660, 0, 2384100), (2134, 1, 2384750), (1343, 5, 2393419), (2230, 4, 2428750), (462, 3, 2434284), (2134, 1, 2460500), (2134, 1, 2460653), (5552, 7, 2480124), (5552, 7, 2480187), (5552, 7, 2482595), (5552, 7, 2482870), (143, 13, 2483407), (5552, 7, 2483613), (5552, 7, 2485882), (5552, 7, 2485932), (5552, 7, 2486777), (5552, 7, 2487696), (5552, 7, 2487782), (5552, 7, 2487793), (5552, 7, 2495135), (5552, 7, 2495444), (5552, 7, 2498058), (3148, 4, 2507896), (3148, 4, 2508537), (3148, 4, 2509862), (3148, 4, 2510160), (3148, 4, 2510253), (3148, 4, 2510339), (3495, 4, 2512695), (3567, 2, 2522978), (853, 3, 2543232), (3148, 4, 2560491), (3148, 4, 2560762), (3148, 4, 2560869), (3148, 4, 2561245), (3148, 4, 2564443), (3148, 4, 2564710), (5552, 7, 2567725), (5552, 7, 2568248), (5552, 7, 2568804), (286, 5, 2590740), (3148, 4, 2593237), (6828, 4, 2608571), (1296, 5, 2629922), (1296, 5, 2630025), (68, 5, 2631231), (2134, 1, 2639671), (3148, 4, 2643922), (3148, 4, 2644590), (3148, 4, 2644731), (5552, 7, 2671035), (5552, 7, 2671962), (1176, 10, 2675734), (5552, 7, 2676174)]"
2388 "[(8541, 8, 587179), (8588, 1, 1100031), (8540, 15, 2070068)]"
2802 "[(8623, 8, 589944)]"
3055 "[(8477, 12, 676474)]"
3259 "[(8887, 3, 706647), (8778, 2, 1554218)]"
3360 "[(8888, 4, 739174), (8888, 4, 739199), (8888, 4, 782980), (8888, 4, 791067), (8888, 4, 791134), (9048, 13, 1026704), (9072, 3, 1196632), (8250, 5, 1561697), (8250, 5, 1561872), (8734, 5, 2133745), (8734, 5, 2133957), (8734, 5, 2163161), (8722, 5, 2163243), (8734, 5, 2235822), (8734, 5, 2235992), (8734, 5, 2236048), (8734, 5, 2236198), (8734, 5, 2310536), (8883, 5, 2322961), (8734, 5, 2323046), (8734, 5, 2343334), (8734, 5, 2403857), (8734, 5, 2428393), (8734, 5, 2487955), (8734, 5, 2487999), (8250, 5, 2521744), (8250, 5, 2521973), (8250, 5, 2522046)]"
3379 "[(8263, 5, 744128), (8402, 2, 2080994), (8402, 2, 2081161)]"
3407 "[(8545, 1, 752607), (8545, 1, 847112), (8250, 5, 1810638), (8260, 7, 1812178), (8260, 7, 1862250), (8545, 1, 1900847), (8715, 3, 1967758), (8715, 3, 1992437), (8715, 3, 2117658), (8715, 3, 2136253), (8715, 3, 2147127), (8715, 3, 2150704), (8734, 5, 2367873)]"
8396 "[(233, 0, 808207)]"
9012 "[(509, 2, 825575), (509, 2, 825746), (1173, 11, 847154), (1173, 11, 847155), (233, 0, 886407), (73, 10, 887811)]"
3682 "[(8439, 0, 845149), (8439, 0, 845261), (8439, 0, 845279), (8791, 5, 1130879), (8857, 14, 1970454), (8857, 14, 2124183)]"
3751 "[(8241, 7, 864854), (8241, 7, 864874)]"
3764 "[(8267, 3, 870614), (8461, 13, 1781414)]"
9018 "[(233, 0, 888098), (3320, 5, 1035348), (3320, 5, 1035481), (233, 0, 1315899), (4085, 0, 1659453)]"
3837 "[(8295, 13, 892200)]"
4056 "[(8670, 0, 963205), (8670, 0, 963347), (8670, 0, 966155), (8670, 0, 967741), (8559, 1, 1566174)]"
917 "[(8617, 2, 1001726)]"
8392 "[(2953, 4, 1006144)]"
4226 "[(9048, 13, 1014617)]"
4234 "[(9003, 7, 1017242)]"
4251 "[(9048, 13, 1022748), (9166, 7, 1749036), (9166, 7, 1787433), (9166, 7, 1788063), (9166, 7, 1788188), (9166, 7, 1859501), (9166, 7, 1859627), (9205, 5, 2669800), (9084, 2, 2671118), (9084, 2, 2671633)]"
4315 "[(8243, 7, 1037151)]"
9015 "[(993, 0, 1040772)]"
646 "[(9048, 13, 1063408), (9096, 1, 1380290), (9096, 1, 1380877), (9096, 1, 1385062), (9096, 1, 1385727), (9096, 1, 1454854), (9096, 1, 1455059), (9096, 1, 1462304), (9096, 1, 1472647), (9096, 1, 1487611), (9096, 1, 1487640), (9096, 1, 1590053), (9163, 1, 1670048), (9163, 1, 1670893), (9163, 1, 1671305), (9163, 1, 1671657), (9163, 1, 1672847), (9163, 1, 1673157), (9163, 1, 1673979), (9163, 1, 1674942), (9163, 1, 1675076), (9163, 1, 1675279), (9163, 1, 1716125), (9163, 1, 1722804), (9163, 1, 1750337), (9163, 1, 1762478), (9163, 1, 1797650), (9163, 1, 1816113), (9163, 1, 2069031), (9163, 1, 2245470), (9163, 1, 2245598), (9163, 1, 2446613), (9163, 1, 2446629), (9163, 1, 2525449), (9205, 5, 2594515), (9223, 4, 2596050), (9205, 5, 2666236)]"
2878 "[(8438, 0, 1119906), (8438, 0, 1120002), (8438, 0, 1120107), (8438, 0, 1120258), (8438, 0, 1120392), (8438, 0, 1120898), (8438, 0, 1121148), (8438, 0, 1121425), (8438, 0, 1121502), (8438, 0, 1137543), (8438, 0, 1137575), (8887, 3, 1141712), (8887, 3, 1141819), (8438, 0, 1142875), (8438, 0, 1145026), (8438, 0, 1145178), (9092, 5, 1408356), (9092, 5, 1408443), (9092, 5, 1408555), (9092, 5, 1408692), (9092, 5, 1408928), (9092, 5, 1409141), (9092, 5, 1409411), (8438, 0, 1469111), (9092, 5, 1580312), (9092, 5, 1580624), (9092, 5, 1580687), (9092, 5, 1580825), (9092, 5, 1581126), (9092, 5, 1581248), (9092, 5, 1581311), (9092, 5, 1593912), (9092, 5, 1631239), (9092, 5, 1631331), (9092, 5, 1631421), (9092, 5, 1632489), (8438, 0, 1909454), (8438, 0, 1915211), (8438, 0, 1916875), (8438, 0, 1916924), (8438, 0, 1917093), (8438, 0, 1917227), (8438, 0, 1917803), (8438, 0, 1917988), (8438, 0, 1918653), (8438, 0, 1923620), (8438, 0, 1923987), (8438, 0, 1924034), (8438, 0, 1924080), (9092, 5, 1925621), (9092, 5, 1926710), (9045, 2, 2098858), (9045, 2, 2099852), (9045, 2, 2101080), (9045, 2, 2101168), (9045, 2, 2101419), (9045, 2, 2101762), (9045, 2, 2260383)]"
796 "[(8828, 9, 1123701), (8828, 9, 1123776)]"
4633 "[(8294, 10, 1145388), (8294, 10, 1146138), (8294, 10, 1146213), (8294, 10, 1146295), (8294, 10, 1228653), (8294, 10, 1228719), (8294, 10, 1228790), (8294, 10, 1228921), (9069, 2, 1283297), (9069, 2, 1283365), (9069, 2, 1665340), (8778, 2, 2201278), (8778, 2, 2201390), (8734, 5, 2424216), (8734, 5, 2424873)]"
4666 "[(8634, 5, 1160457)]"
4672 "[(9072, 3, 1162590)]"
4758 "[(9045, 2, 1180272)]"
4707 "[(9080, 5, 1187765), (9080, 5, 1187833), (8245, 4, 1741429), (8740, 7, 2328901)]"
9078 "[(95, 1, 1197316), (95, 1, 1197365), (95, 1, 1197397), (1036, 7, 1228427), (1036, 7, 1228462), (1036, 7, 1228487), (1036, 7, 1228565), (17, 11, 1258061), (1921, 11, 1282242), (51, 7, 1284502), (2578, 2, 1286315), (1036, 7, 1309935), (1036, 7, 1310666), (51, 7, 1454326), (51, 7, 1454487), (17, 11, 1525352), (802, 4, 1571394), (51, 7, 1840447)]"
4835 "[(8241, 7, 1198015)]"
4859 "[(9072, 3, 1203573)]"
9083 "[(233, 0, 1235186), (1726, 14, 1291117), (4085, 0, 1597319)]"
9077 "[(3756, 13, 1260986), (130, 7, 1832238), (233, 0, 1838870), (5447, 13, 1859500), (3756, 13, 1957347), (103, 11, 2014696), (233, 0, 2094349), (3323, 13, 2238934), (2930, 9, 2336164), (2930, 9, 2336204), (68, 5, 2347883), (1036, 7, 2417513), (40, 0, 2501791), (745, 0, 2652999)]"
9089 "[(421, 7, 1283328), (421, 7, 1291407), (421, 7, 1291565), (421, 7, 1292666), (421, 7, 1295412), (421, 7, 1295479), (480, 2, 1333472), (421, 7, 1344867), (421, 7, 1345011), (1359, 10, 1416670), (421, 7, 1427919), (421, 7, 1427983), (480, 2, 1428159), (480, 2, 1428196), (480, 2, 1428263), (5518, 4, 1443051), (421, 7, 1450979), (935, 5, 1450993), (2615, 4, 1487434), (233, 0, 1494732), (421, 7, 1546181), (421, 7, 1582870), (660, 0, 1595887), (660, 0, 1597907), (2387, 4, 1623515), (2659, 10, 1633926)]"
5137 "[(8626, 11, 1293462), (9118, 12, 2028138)]"
5138 "[(8806, 9, 1293961)]"
2429 "[(8241, 7, 1294410), (8241, 7, 1294453), (8849, 13, 1928589), (8849, 13, 2080787), (8849, 13, 2080823)]"
2127 "[(8519, 13, 1321442), (8519, 13, 1321665), (8519, 13, 1321730)]"
2889 "[(8581, 15, 1351759)]"
5347 "[(8575, 4, 1370369), (8575, 4, 1372220)]"
5636 "[(8618, 9, 1473659), (8555, 15, 2147516)]"
4895 "[(9092, 5, 1504673), (9092, 5, 1507931), (9163, 1, 1715438)]"
5725 "[(8603, 4, 1511262), (9166, 7, 2119868)]"
5751 "[(8434, 12, 1522656), (8925, 12, 1523360)]"
5774 "[(8651, 5, 1534615), (9140, 2, 1730636)]"
8506 "[(497, 4, 1535714), (497, 4, 1535831), (497, 4, 1535865), (4325, 2, 1873406), (2196, 7, 1990807), (2196, 7, 1990925), (2196, 7, 1993007), (2093, 4, 2140209), (2708, 3, 2140282), (859, 14, 2228281), (1549, 1, 2228751), (68, 5, 2262459)]"
3752 "[(9071, 3, 1559053), (8558, 7, 1744777), (9166, 7, 2137773), (9166, 7, 2137946), (9166, 7, 2138145)]"
5847 "[(9069, 2, 1562802), (8575, 4, 1663216)]"
5854 "[(9071, 3, 1565524)]"
5883 "[(8243, 7, 1573311), (8243, 7, 1697647)]"
5943 "[(9082, 10, 1609741)]"
1811 "[(8411, 3, 1612146), (8411, 3, 1616845)]"
5958 "[(8591, 7, 1614348)]"
6110 "[(8365, 8, 1684414)]"
5176 "[(9166, 7, 1708014), (9166, 7, 1780901), (8558, 7, 1780939)]"
6184 "[(8558, 7, 1710372), (8558, 7, 1710620)]"
3581 "[(9166, 7, 1730754)]"
381 "[(8590, 5, 1782419), (8590, 5, 1783198)]"
4634 "[(8591, 7, 1800082), (8591, 7, 2077183)]"
6446 "[(8474, 12, 1820978)]"
9168 "[(1188, 4, 1828301), (51, 7, 1850973), (51, 7, 1851016), (51, 7, 1851154), (51, 7, 1851355), (51, 7, 1851462), (51, 7, 1851500), (51, 7, 1855282), (2930, 9, 1860778), (2930, 9, 1868861), (2930, 9, 1878434), (2930, 9, 1878705), (2930, 9, 1878887), (2930, 9, 1879227), (2930, 9, 1879402), (2930, 9, 1879840), (2930, 9, 1879855), (466, 1, 1880844), (2930, 9, 1885001), (2930, 9, 1885130), (2930, 9, 1885368), (2930, 9, 1885470), (2930, 9, 1885484), (1188, 4, 1892353), (4554, 12, 1898607), (2930, 9, 1899749), (1069, 2, 1899899), (2930, 9, 1900068), (2930, 9, 1900944), (477, 12, 1912145), (1069, 2, 1912343), (1069, 2, 1912386), (1069, 2, 1912453), (1069, 2, 1912495), (1188, 4, 1918018), (1188, 4, 1918044), (2234, 4, 1921612), (233, 0, 1925388), (8, 1, 1934141), (8, 1, 1934323), (8, 1, 1934698), (8, 1, 1934864), (267, 9, 1937018), (267, 9, 1937113), (267, 9, 1937179), (139, 9, 1954402), (51, 7, 1955949), (51, 7, 1955979), (500, 14, 1961389), (8, 1, 1963893), (8, 1, 1963957), (8, 1, 1964071), (8, 1, 1964103), (8, 1, 1964218), (8, 1, 1970022), (8, 1, 1970190), (5633, 15, 1972189), (5633, 15, 1973108), (43, 5, 1974813), (43, 5, 1974856), (43, 5, 1974974), (81, 3, 1976233), (2930, 9, 1976258), (566, 9, 1978590), (81, 3, 1980657), (935, 5, 1986780), (477, 12, 1989584), (4436, 13, 1999046), (1036, 7, 2000813), (494, 8, 2001267), (494, 8, 2001297), (81, 3, 2002105), (81, 3, 2002301), (3567, 2, 2002929), (1672, 1, 2006419), (6534, 2, 2008436), (51, 7, 2010073), (51, 7, 2010156), (51, 7, 2010217), (51, 7, 2012317), (51, 7, 2012345), (51, 7, 2016809), (51, 7, 2016880), (51, 7, 2016988), (51, 7, 2018174), (51, 7, 2018746), (51, 7, 2018801), (51, 7, 2022637), (8, 1, 2025378), (511, 3, 2041199), (3039, 0, 2042432), (2011, 1, 2048232), (2011, 1, 2048455), (588, 12, 2051576), (139, 9, 2054255), (81, 3, 2061641), (51, 7, 2067272), (51, 7, 2067389), (1729, 4, 2070069), (1729, 4, 2070381), (1729, 4, 2070496), (43, 5, 2079317), (2930, 9, 2082333), (3004, 15, 2085068), (3932, 4, 2085477), (3932, 4, 2085554), (3932, 4, 2085715), (3932, 4, 2085742), (3932, 4, 2085954), (828, 4, 2091647), (828, 4, 2091927), (828, 4, 2091997), (828, 4, 2092809), (828, 4, 2092945), (828, 4, 2093207), (828, 4, 2093385), (828, 4, 2093797), (51, 7, 2106429), (51, 7, 2116832), (51, 7, 2117004), (51, 7, 2117189), (51, 7, 2117211), (51, 7, 2117312), (51, 7, 2117355), (51, 7, 2117375), (2930, 9, 2120080), (2930, 9, 2120094), (6113, 5, 2122245), (6113, 5, 2125337), (1184, 15, 2142418), (17, 11, 2152318), (2930, 9, 2169375), (2930, 9, 2170898), (2965, 11, 2176452), (2965, 11, 2176973), (828, 4, 2181708), (828, 4, 2181903), (828, 4, 2182135), (828, 4, 2183072), (828, 4, 2183409), (828, 4, 2183808), (828, 4, 2184003), (828, 4, 2184137), (828, 4, 2185033), (828, 4, 2185588), (828, 4, 2185667), (828, 4, 2186563), (828, 4, 2186889), (828, 4, 2187194), (828, 4, 2187504), (828, 4, 2187880), (828, 4, 2188115), (828, 4, 2188814), (828, 4, 2188980), (828, 4, 2189144), (828, 4, 2189691), (828, 4, 2189735), (828, 4, 2190158), (4778, 2, 2199654), (428, 5, 2221952), (428, 5, 2222121), (428, 5, 2222339), (1382, 7, 2239324), (828, 4, 2262922), (828, 4, 2263096), (828, 4, 2263274), (828, 4, 2263366), (5633, 15, 2265692), (4510, 9, 2269380), (303, 11, 2275572), (782, 0, 2302754), (2786, 0, 2312654), (5031, 2, 2317493), (6411, 5, 2318084), (6411, 5, 2318148), (2930, 9, 2318889), (6411, 5, 2324110), (6411, 5, 2324155), (6411, 5, 2324198), (6411, 5, 2325549), (6411, 5, 2325580), (2930, 9, 2343905), (17, 11, 2391476), (420, 11, 2391587), (17, 11, 2391794), (2930, 9, 2418317), (3532, 15, 2422580), (4390, 10, 2423336), (692, 9, 2435771), (22, 7, 2568832), (1134, 9, 2579789), (5836, 9, 2585987)]"
155 "[(8250, 5, 1899067), (8250, 5, 1899254)]"
5731 "[(8371, 12, 1913176), (8282, 9, 1940037)]"
6646 "[(9166, 7, 1914301), (9166, 7, 1914318), (9166, 7, 1914342), (8441, 0, 2083006), (8441, 0, 2083026)]"
5534 "[(8603, 4, 1925408), (8603, 4, 1925592), (8603, 4, 1925808)]"
3930 "[(8591, 7, 1958890), (9062, 5, 2111886), (8598, 5, 2212439)]"
6957 "[(8452, 5, 2067314)]"
7038 "[(9151, 7, 2093430), (9151, 7, 2136018)]"
4677 "[(9166, 7, 2120528)]"
7243 "[(9062, 5, 2176744)]"
7306 "[(8328, 4, 2223765), (8510, 4, 2226492)]"
7377 "[(9080, 5, 2231209), (9080, 5, 2231313)]"
6741 "[(9166, 7, 2240171)]"
5146 "[(8526, 7, 2249724), (8526, 7, 2257842)]"
6569 "[(8590, 5, 2261540), (9028, 10, 2577187), (9028, 10, 2577212)]"
7466 "[(8243, 7, 2265961), (8618, 9, 2317657), (8734, 5, 2317735)]"
4992 "[(9205, 5, 2295807)]"
5071 "[(8686, 0, 2313222)]"
5970 "[(8740, 7, 2317301)]"
7769 "[(9205, 5, 2404585)]"
7316 "[(8483, 15, 2411348), (8285, 8, 2411368)]"
7798 "[(9205, 5, 2423148)]"
7848 "[(8260, 7, 2455737)]"
7850 "[(9223, 4, 2457635), (8590, 5, 2585626), (8590, 5, 2586217)]"
6919 "[(9223, 4, 2477101)]"
7488 "[(9028, 10, 2544947)]"
1533 "[(9031, 4, 2627302)]"
7756 "[(9084, 2, 2627591)]"
7053 "[(8529, 2, 2637653)]"
6417 "[(8590, 5, 2670176), (8590, 5, 2673452)]"
