16 8242 1153
20 8246 1308
16 8249 2022
16 8249 2131
16 8249 2367
16 8249 2471
16 8249 2521
16 8249 2570
16 8249 2900
16 8249 2915
16 8249 3017
16 8249 3108
16 8249 3229
16 8249 3422
16 8249 3559
16 8249 3767
16 8249 3835
16 8249 3851
16 8249 3994
16 8249 4030
16 8249 4058
16 8249 4442
16 8249 4505
16 8249 4584
52 8249 4669
16 8249 4755
16 8249 4813
16 8249 4899
16 8249 4925
16 8249 4968
16 8249 5066
16 8249 5101
74 8295 7010
75 8296 7101
75 8296 7198
75 8296 7235
74 8295 7303
75 8296 7407
74 8295 7417
74 8295 7444
75 8296 7695
75 8296 8093
75 8296 8182
75 8296 8393
75 8296 8430
85 8301 8619
75 8296 8809
75 8296 8913
75 8296 8988
75 8296 9112
75 8296 9141
75 8296 9270
75 8296 9356
75 8296 9377
75 8296 9462
75 8296 9503
75 8296 9694
75 8296 9830
75 8296 10020
96 8310 10034
75 8296 10184
97 8311 10297
75 8296 10491
75 8296 10619
75 8296 10831
75 8296 11006
96 8310 11051
75 8296 11062
75 8296 11085
75 8296 11892
75 8296 11922
75 8296 12109
75 8296 12176
108 8321 12185
75 8296 12465
75 8296 12517
75 8296 12963
108 8321 12989
75 8296 13127
75 8296 13253
75 8296 13289
75 8296 13391
75 8296 13498
85 8301 14645
151 8296 18517
151 8296 18922
151 8296 19055
151 8296 19124
151 8296 19173
151 8296 19540
160 8316 19704
169 8357 20750
171 8249 20976
171 8249 21128
151 8296 21406
151 8296 21836
171 8249 21845
151 8296 22598
151 8296 23241
151 8296 23334
151 8296 23748
151 8296 23959
151 8296 24089
75 8296 24157
194 8242 24708
194 8242 24819
194 8242 24919
169 8377 25883
194 8242 28575
194 8242 30311
194 8242 31503
75 8296 32016
75 8296 32350
75 8296 32408
256 8421 34619
256 8421 34667
260 8311 35002
256 8421 35293
256 8421 35629
256 8421 35768
256 8421 35979
256 8421 36198
269 8311 37211
171 8249 38279
281 8295 40159
281 8295 40387
282 8246 40429
269 8311 41316
299 8377 42234
335 8249 46153
335 8461 46642
335 8295 47036
335 8242 47137
151 8296 47379
151 8296 48042
151 8296 49353
335 8242 49991
151 8296 50567
368 8246 51932
370 8473 52024
370 8473 52057
368 8246 52393
387 8246 54948
394 8325 55758
151 8296 55908
368 8246 56017
387 8246 56475
409 8414 58152
434 8242 60999
454 8476 62878
460 8321 63232
476 8295 64578
160 8316 64707
476 8516 65254
476 8516 65295
476 8249 65514
476 8295 65577
476 8311 65675
476 8311 65696
490 8476 65703
476 8519 65739
476 8519 65757
501 8377 67191
502 8276 67263
501 8377 67279
501 8377 67468
151 8296 68491
151 8296 68609
151 8296 68736
151 8296 68836
151 8296 69154
151 8296 69327
151 8296 69451
528 8377 70103
533 8276 70482
502 8276 71201
542 8246 71514
549 8242 72513
549 8242 72701
554 8276 72965
542 8246 73081
560 8377 73325
549 8242 73431
568 8550 74394
52 8551 74474
568 8414 74477
582 8249 76134
387 8246 76677
387 8246 76723
387 8246 76829
387 8246 77097
387 8246 77272
387 8246 77807
387 8246 78249
256 8421 78815
256 8421 78945
605 8301 79252
269 8311 79499
269 8311 79716
387 8246 80220
96 8310 83081
96 8310 83259
632 8573 83806
387 8246 87032
387 8583 88130
387 8583 88647
387 8583 88887
387 8583 89120
460 8321 89506
387 8583 89842
387 8583 90254
665 8357 90759
665 8357 90903
387 8583 91408
387 8583 91794
387 8583 92658
387 8583 93154
169 8357 94661
387 8583 94952
387 8583 95242
387 8583 96379
387 8583 97322
387 8583 97554
694 8357 97955
694 8357 98107
694 8357 98133
387 8583 98448
387 8583 98464
387 8583 98490
387 8583 99150
706 8246 100020
708 8414 100134
708 8414 100356
387 8583 100391
387 8583 100951
387 8583 101068
387 8583 101272
708 8414 101528
708 8414 101613
387 8583 101908
708 8414 102069
708 8414 102098
387 8583 102370
387 8583 102641
96 8310 102715
96 8310 102959
725 8473 103180
335 8249 105675
335 8516 105829
335 8311 105910
169 8357 109822
767 8249 110470
767 8249 110566
767 8249 110698
96 8310 110751
335 8551 111278
335 8357 111326
708 8414 111361
335 8461 111400
708 8414 111439
96 8310 111608
767 8249 111813
171 8249 112170
171 8249 112432
708 8414 112555
194 8242 113962
808 8461 119638
809 8519 120029
824 8414 123622
836 8249 126113
836 8249 126166
839 8587 127437
281 8295 127675
281 8295 127721
841 8301 127868
85 8301 129516
85 8301 130445
335 8357 135658
108 8587 138796
694 8357 139061
108 8321 139868
108 8321 139965
108 8321 140015
108 8321 140154
108 8321 140201
108 8321 140251
108 8321 140492
108 8321 140599
108 8321 140691
108 8321 141143
108 8321 141276
108 8461 141403
335 8311 142810
171 8249 143875
171 8249 145828
476 8516 145998
476 8516 146025
476 8311 146054
476 8311 146073
476 8311 146084
476 8516 146091
476 8249 146265
476 8519 146308
476 8519 146333
387 8583 146625
476 8551 147178
476 8551 147202
476 8295 147256
944 8473 149869
387 8583 149869
460 8321 151186
171 8249 151902
533 8276 152169
971 8551 152212
971 8551 152423
971 8551 152962
971 8551 153182
971 8551 153392
52 8551 153450
971 8551 153583
971 8551 153709
52 8551 153835
971 8551 153927
971 8551 153945
52 8551 154039
971 8551 154237
988 8516 154557
971 8551 154637
971 8551 154681
971 8551 154810
971 8551 155230
971 8551 155394
52 8551 155482
971 8551 155522
52 8551 155609
971 8551 155726
52 8551 155796
971 8551 155915
52 8551 155975
971 8551 156122
52 8551 156144
971 8551 156174
52 8551 156229
971 8551 156336
971 8551 156399
971 8551 156595
971 8551 156783
1000 8246 157039
971 8551 157127
1003 8461 157184
1003 8461 157354
971 8551 157504
971 8551 157817
160 8316 157867
971 8551 157921
387 8583 158757
1027 8357 160662
1027 8357 160693
108 8461 161103
108 8461 161132
108 8461 161163
108 8321 161326
108 8321 161434
108 8321 161466
460 8321 162643
725 8473 162731
1046 8249 164032
160 8316 165000
96 8583 165359
335 8461 165426
160 8316 165534
108 8321 166237
108 8321 166361
335 8242 166484
108 8321 166502
108 8321 166706
108 8321 167178
108 8321 167233
108 8461 167348
533 8276 167478
533 8276 167609
533 8276 167768
335 8249 168097
1046 8249 168143
1073 8249 168299
1073 8249 168565
387 8583 168706
1046 8249 169099
1046 8249 169431
1046 8249 169485
1046 8249 169511
1046 8249 169515
387 8246 169535
1046 8249 169562
1046 8249 169656
1046 8249 169680
1046 8249 169739
1046 8249 169894
1046 8249 169933
96 8310 170079
1086 8708 170238
96 8310 170361
145 8276 170591
387 8246 171551
387 8246 171632
16 8325 171819
96 8310 172516
96 8310 172964
1104 8357 174691
16 8249 174963
16 8249 175019
1108 8519 175536
1104 8377 175768
1111 8450 176384
1111 8450 176592
1111 8450 176838
1111 8450 177054
1111 8450 177455
1115 8249 177459
1111 8450 177606
1115 8249 178960
1121 8246 179183
1115 8249 179656
1111 8276 180557
1111 8450 180972
1111 8450 181107
1111 8450 181209
1111 8450 181353
1111 8450 181376
1111 8450 181459
1111 8450 181479
1111 8450 181652
1111 8450 181697
1111 8450 181725
1111 8450 181760
1111 8450 181804
171 8249 183979
549 8242 184520
549 8242 184772
171 8249 186169
1153 8301 187936
1154 8377 188033
1086 8708 189125
725 8473 189347
190 8473 194666
1177 8421 196576
160 8316 202364
160 8316 202773
708 8414 203910
160 8316 203979
1204 8246 205106
1210 8708 206250
808 8461 212850
476 8249 219052
108 8461 231515
108 8461 231594
108 8461 231651
476 8516 231692
476 8516 231710
108 8461 231714
476 8249 231728
108 8461 231744
108 8461 231773
108 8461 231809
108 8461 231870
476 8311 231889
476 8311 231904
108 8461 231923
476 8519 231933
476 8519 231957
476 8551 232535
476 8551 232557
476 8357 232707
476 8357 232733
476 8461 232934
476 8461 232947
476 8295 233093
1332 8301 233277
476 8249 233381
808 8461 234192
387 8246 234835
387 8246 234875
387 8246 235807
808 8461 236012
108 8321 237506
108 8321 237561
108 8321 237625
108 8321 237690
476 8516 237691
476 8516 237708
108 8321 237735
476 8519 237763
476 8519 237774
108 8321 237820
108 8321 238328
108 8321 238528
108 8461 238635
108 8461 238660
1111 8450 238692
1111 8450 238769
1111 8450 238833
1111 8450 238900
1111 8450 239013
1111 8450 239104
1111 8450 239116
1111 8450 239158
1111 8450 239194
1111 8450 239243
549 8242 239321
1111 8450 239415
1111 8450 239437
1111 8450 239449
1111 8450 239465
1111 8450 239479
1111 8450 239501
1111 8450 239518
1111 8450 239613
1111 8450 239723
1111 8450 239798
1111 8450 239903
1111 8450 239922
1111 8450 240239
1111 8450 240436
1111 8450 240634
1111 8450 240647
1111 8450 240900
476 8311 240902
476 8311 240919
1111 8450 240989
1111 8450 241029
1111 8450 241053
1111 8276 241618
1111 8276 241646
1414 8516 246791
533 8276 246860
533 8276 247023
533 8276 247080
808 8461 247926
335 8551 248294
335 8461 248381
632 8573 249360
335 8242 249400
335 8311 249628
151 8296 249660
335 8516 249885
151 8296 249918
335 8357 249973
108 8461 250809
108 8461 250836
151 8296 251045
108 8321 251434
108 8321 251631
108 8321 251684
632 8573 251922
160 8708 253195
476 8551 253374
460 8321 253712
145 8276 257290
145 8276 257359
145 8276 258219
460 8321 258603
808 8461 260978
145 8276 265512
1494 8246 265859
1503 8311 267366
1503 8311 267796
16 8249 268066
16 8249 268097
1509 8414 268383
1503 8311 268576
1510 8295 268770
1510 8295 268792
1503 8311 270519
387 8583 272897
96 8310 273006
387 8583 273329
171 8249 273583
725 8473 274904
1509 8414 275072
1104 8377 275496
387 8583 277221
387 8583 277426
387 8583 277480
387 8583 277534
387 8583 277580
145 8276 281164
1560 8246 281436
145 8276 281541
706 8246 281755
171 8249 282784
256 8421 282784
256 8421 283140
256 8421 283861
256 8421 284021
256 8421 284278
256 8421 284725
256 8421 284896
256 8421 285258
256 8421 285361
269 8311 286578
169 8377 287785
169 8377 288353
269 8311 292735
1561 8708 294319
145 8276 295027
145 8276 295213
1561 8316 295418
145 8276 299853
335 8249 300295
1625 8311 300619
387 8246 312226
387 8583 312717
145 8276 313360
387 8246 313773
108 8461 314021
108 8461 314188
108 8461 314207
108 8461 314223
108 8461 314279
108 8461 314300
108 8461 314536
108 8461 314579
108 8321 315137
108 8321 315326
108 8321 315372
108 8461 316477
387 8583 316655
944 8473 316816
549 8242 319239
1704 8819 319823
1705 8295 319955
1705 8295 320140
387 8583 320316
1705 8295 320356
1705 8295 320616
387 8583 320682
1705 8295 321129
145 8276 321995
171 8249 323979
1086 8708 324639
108 8321 325321
108 8321 325448
108 8321 325503
108 8321 325625
108 8321 325685
1733 8377 325849
171 8249 326450
1735 8301 326776
824 8414 326931
108 8321 328181
108 8321 328303
160 8708 328523
108 8587 328530
160 8708 328605
108 8587 328688
108 8587 328754
108 8587 328764
108 8587 328808
108 8587 328863
160 8316 329036
160 8316 329091
96 8310 330639
1766 8823 330964
1766 8823 331053
1766 8823 331113
1766 8823 331183
1766 8823 331418
1766 8823 331901
1766 8823 331960
1766 8823 332004
1766 8823 332045
1766 8823 332093
1766 8823 332449
1766 8823 332818
1766 8823 332982
1766 8823 333160
1766 8823 333217
1766 8823 333962
1766 8823 334025
190 8473 334218
1766 8823 334232
1766 8823 334318
1766 8823 334341
533 8276 334478
533 8276 334510
1794 8249 334537
1796 8357 334648
169 8357 336206
169 8357 336374
96 8310 338062
169 8357 338325
460 8321 338671
476 8249 338910
476 8249 338970
1825 8311 338980
476 8516 338990
476 8516 339012
476 8519 339099
476 8519 339123
1825 8519 340252
387 8310 340954
1509 8414 344098
1854 8276 345437
1858 8377 345740
1858 8377 346065
533 8276 347090
533 8276 347417
533 8276 347674
533 8276 348142
1882 8242 353220
387 8246 354490
708 8414 359913
1104 8612 361055
160 8708 361548
1923 8519 362041
160 8316 362866
281 8295 366251
96 8310 366597
96 8310 366683
96 8310 366833
96 8310 368267
96 8310 373452
96 8310 373513
96 8310 373558
1210 8242 376811
1968 8856 380651
1969 8295 380717
1968 8856 380798
1969 8295 380878
1968 8856 381863
1968 8856 382002
1968 8856 382123
1968 8856 382482
1968 8856 383859
1968 8856 384066
1968 8856 384159
1968 8856 384318
1968 8856 384485
1968 8856 387851
1998 8357 389369
1998 8357 389435
2002 8849 390477
808 8461 391781
549 8242 396071
108 8321 397597
108 8321 397734
160 8316 399429
1705 8295 401866
1705 8295 401918
1705 8295 401939
160 8316 402860
160 8708 403631
387 8583 403658
387 8583 403835
387 8583 404383
476 8295 404710
387 8583 405301
1968 8856 405457
1968 8856 405586
387 8583 405775
387 8583 405929
1968 8856 405967
1968 8856 406178
1968 8856 406436
1968 8856 406486
387 8583 406521
1968 8856 406613
1968 8856 406908
387 8583 407227
1705 8295 407255
2079 8295 407257
1968 8856 407311
2079 8295 407506
387 8583 407596
1968 8856 407709
1968 8856 408028
1625 8249 408363
1968 8856 408479
387 8583 409661
387 8583 409723
160 8316 416973
169 8357 418421
476 8516 418548
476 8516 418571
476 8249 418603
476 8249 418625
460 8321 419690
808 8321 419744
808 8321 419890
1854 8276 420335
460 8321 420462
2149 8295 422815
169 8357 423194
169 8357 423249
1854 8276 423434
2155 8519 423698
2155 8519 423773
533 8450 424145
1854 8276 424541
533 8276 425072
533 8276 425155
533 8276 425477
533 8276 426758
533 8276 426791
2171 8357 427359
387 8246 428572
476 8295 429241
476 8295 429462
476 8295 429873
476 8301 430033
476 8301 430058
476 8301 430074
476 8301 430487
476 8295 430532
476 8295 431489
476 8519 431608
476 8519 431622
145 8276 434372
632 8573 436264
632 8573 436526
632 8573 436924
632 8573 437718
1854 8450 438681
632 8573 438982
190 8612 441099
2223 8849 442015
96 8310 442113
96 8310 442232
96 8310 442253
96 8310 442275
96 8310 442933
96 8310 443178
2229 8311 445044
2229 8311 445149
501 8377 445420
501 8377 445447
501 8377 446774
501 8377 446796
1086 8708 447112
335 8301 447279
1086 8708 447548
169 8357 447635
96 8310 447979
2243 8301 448161
1086 8708 448709
1086 8708 448888
1086 8708 449195
1086 8708 449328
2249 8473 450829
190 8612 450964
476 8295 451786
476 8519 451899
160 8708 452223
2253 8301 452358
160 8708 452485
2256 8612 453057
1118 8311 453833
387 8246 455010
725 8612 456143
1046 8587 456233
1046 8587 456323
387 8246 456444
1046 8461 457178
1046 8461 457587
1046 8461 457675
1046 8461 457805
1046 8461 457860
169 8357 458727
2267 8551 459909
171 8249 464023
1943 8246 465385
171 8249 475766
2322 8301 479148
2346 8550 484832
387 8246 486280
2153 8414 486570
387 8246 486880
387 8246 486939
387 8246 487178
2153 8246 487364
387 8246 488577
387 8246 489214
145 8849 490506
387 8246 490681
387 8246 490723
387 8246 490823
145 8849 490879
2383 8295 491530
549 8242 493876
549 8242 494049
2407 8249 494763
2153 8414 495519
1721 8906 498814
1086 8708 500056
1086 8708 500175
160 8708 500710
2407 8249 501264
2440 8310 501281
2440 8310 501302
387 8246 503286
387 8246 503314
387 8246 503396
1086 8708 503504
1086 8708 503599
1086 8708 504049
160 8708 504503
1793 8450 504844
1086 8708 505392
160 8708 505723
533 8276 506083
533 8276 506148
632 8573 506697
533 8276 506740
632 8573 506792
533 8276 506861
533 8276 506894
533 8276 507081
1086 8708 507408
1086 8708 507681
169 8357 512538
169 8357 512584
476 8516 514173
476 8516 514202
476 8249 514300
632 8573 517317
632 8573 518004
108 8461 519838
108 8461 519971
145 8276 519983
108 8461 520045
2530 8249 521086
151 8296 521114
151 8296 521322
708 8414 522892
2566 8311 527892
2566 8311 527955
476 8311 529784
476 8519 530054
1104 8377 531555
335 8311 533460
335 8249 533573
335 8295 533615
335 8295 533676
335 8357 534206
2603 8414 537124
2603 8414 537160
169 8357 537284
145 8276 541403
145 8276 541507
145 8276 541682
145 8276 542038
145 8276 542178
725 8612 542322
370 8473 544270
169 8357 547804
370 8473 551020
370 8473 551564
370 8473 551587
2649 8519 553141
269 8311 553391
2653 8295 553942
2656 8377 554100
2656 8377 554157
2656 8377 554348
2656 8377 554402
2656 8377 554956
2656 8377 555098
2656 8377 555644
2656 8377 555918
281 8357 555966
281 8249 556036
2656 8377 556583
2656 8377 556985
2669 8583 558251
527 8316 559791
2678 8550 561587
2678 8550 562135
160 8316 562694
2699 8377 568917
2699 8377 569007
2699 8377 569347
2346 8550 569984
2705 8377 570503
2566 8311 570696
2705 8377 571029
108 8461 572135
108 8461 572157
108 8461 572210
108 8461 572254
108 8461 572285
2656 8377 574910
2656 8377 575376
2656 8377 575496
2153 8414 575779
171 8249 575808
171 8249 576152
108 8321 577535
108 8321 577583
108 8321 577615
108 8321 577878
108 8321 578014
2746 8473 578507
108 8321 578878
108 8321 578928
108 8321 579060
1153 8301 579533
2746 8473 579627
2705 8377 579746
2746 8473 580484
2746 8473 580733
2746 8473 581390
2765 8316 581712
2746 8473 584323
2746 8473 584415
2746 8473 585108
2746 8473 585213
476 8295 585539
476 8295 585656
476 8295 585734
476 8301 585772
2746 8473 586103
476 8516 592798
476 8516 592844
476 8249 592878
476 8311 592989
476 8311 593004
476 8295 593037
2824 8301 593101
476 8519 593177
476 8519 593277
281 8295 593480
2836 8941 594787
2836 8941 595025
2836 8941 595233
2836 8941 595360
2841 8823 595735
2841 8823 596075
476 8301 596366
476 8295 596492
476 8249 596559
169 8357 597031
533 8276 597132
2153 8246 597143
476 8301 597218
533 8276 597516
533 8276 597577
2854 8301 597583
533 8276 597623
533 8276 597679
533 8276 597863
533 8276 598142
533 8276 598233
533 8276 598310
533 8276 598391
533 8276 599009
387 8310 599493
725 8473 600606
2746 8473 600969
476 8301 601511
2746 8473 601550
476 8295 601589
2746 8473 601706
476 8516 602893
335 8242 603823
2886 8311 604029
335 8242 604049
2887 8311 604136
335 8301 604153
160 8316 604594
2746 8473 605917
476 8301 605963
476 8295 606075
2746 8473 606666
2746 8473 606785
96 8310 607019
2746 8473 607139
96 8310 608038
145 8276 608788
1104 8377 608823
2746 8473 608922
2746 8473 609131
2746 8473 609345
467 8856 610549
2746 8473 610814
2746 8473 610950
2915 8841 610982
2915 8841 611070
2746 8473 611512
2746 8473 611912
2746 8473 611980
2746 8473 612391
2746 8473 612423
2933 8276 613516
2854 8301 613527
502 8246 614373
2746 8473 614622
2746 8473 615204
145 8276 615390
2746 8473 616107
2746 8473 616493
2746 8473 616676
2746 8473 617256
2746 8473 618041
2746 8473 618234
387 8246 618637
2746 8473 619515
2746 8473 620557
2963 8242 621057
2966 8301 621725
2969 8295 622303
2854 8301 622913
2969 8295 623001
2854 8301 623534
2854 8301 623554
2854 8301 623757
2854 8301 624172
335 8295 624382
2854 8301 624531
335 8301 624594
2854 8301 624898
2854 8301 624930
2983 8421 626455
160 8708 627712
387 8246 631883
387 8246 632010
387 8246 632186
387 8246 632430
2933 8276 634079
3010 8295 636172
370 8473 637453
2841 8823 638241
335 8301 645839
335 8301 645897
335 8301 645930
2841 8823 652560
2841 8823 652922
2841 8823 653021
2841 8823 653044
2841 8823 653437
2841 8823 653482
2841 8823 654151
2841 8823 654293
3010 8295 655806
1793 8450 655864
3010 8295 655897
3010 8295 656838
476 8295 656922
476 8295 656946
476 8301 656971
476 8301 657039
476 8295 657129
476 8295 657164
476 8295 657184
476 8295 657270
476 8301 657322
108 8321 659232
108 8321 659518
476 8516 659560
108 8461 659655
108 8461 659701
2841 8823 659765
2841 8823 659851
2841 8823 659897
2746 8473 659905
2841 8823 659982
2746 8473 660130
281 8295 660485
281 8295 660507
2069 8612 660707
2746 8473 660952
2841 8823 661594
160 8316 662411
2841 8823 662670
476 8295 663505
476 8301 663579
476 8301 663611
2746 8473 664125
145 8295 664143
145 8295 664227
2841 8823 664413
3087 8316 664437
3087 8316 664713
549 8295 665321
2149 8301 665552
2746 8473 666277
2746 8473 667040
3095 8301 667249
2079 8295 671218
1153 8301 672422
2933 8276 673129
2854 8301 673753
96 8310 673873
96 8310 674169
96 8310 674205
476 8301 674690
476 8301 674707
476 8295 674801
476 8295 674904
387 8246 677094
3150 8249 677212
1766 8823 677279
1766 8823 677935
1766 8823 678385
160 8316 678461
1766 8823 678479
160 8316 678560
1766 8823 678581
1766 8823 678778
476 8249 679161
1766 8823 679176
476 8249 679192
476 8301 679394
476 8516 679623
476 8516 679649
476 8519 679783
476 8519 679810
1766 8823 679859
476 8295 679887
476 8295 679916
3169 8295 680233
160 8316 680262
160 8316 680390
3171 8473 680751
160 8316 681165
476 8301 681177
808 8587 681250
808 8587 681273
1793 8301 681308
1027 8357 682726
1027 8357 682758
1027 8242 682866
1027 8242 682976
160 8316 682980
1027 8242 683259
632 8573 683616
708 8414 683731
708 8414 683966
708 8414 684107
434 8242 684120
708 8414 684226
169 8301 684514
632 8573 684518
632 8573 684847
632 8573 685262
108 8461 686673
108 8461 686721
2171 8357 687251
2705 8377 687759
632 8573 688161
96 8310 688530
2746 8473 688926
96 8310 688952
96 8310 688987
96 8310 689328
96 8310 689574
96 8310 689682
632 8573 689692
96 8310 690338
96 8310 690357
96 8310 692250
96 8310 692284
2746 8473 692430
96 8310 692718
2746 8473 692848
2746 8473 693016
2746 8473 694002
1494 8414 694086
2746 8473 694414
3225 8242 694623
145 8276 695183
145 8276 695345
145 8276 695560
160 8316 695583
145 8276 695845
145 8276 696000
145 8276 696044
145 8276 696117
145 8276 696135
2746 8473 697326
335 8516 697524
335 8311 697614
2933 8276 697694
335 8242 697746
3236 8964 698650
476 8301 702444
2526 8325 705445
476 8295 708984
476 8301 713048
3277 8917 714257
3277 8917 714294
256 8421 716659
3283 8357 716915
3287 8414 717300
256 8421 717608
256 8421 717881
256 8421 718251
256 8421 718639
256 8421 719093
169 8357 719764
3291 8301 719883
256 8421 721857
256 8421 721914
256 8421 722293
256 8421 725856
3323 8301 728756
1793 8276 732458
1793 8276 732570
1793 8450 732714
1793 8450 732763
1793 8450 732801
2649 8249 736489
2153 8414 738838
476 8295 742622
476 8301 742637
476 8519 743846
476 8301 744237
434 8242 746931
1705 8295 747711
1705 8295 747812
1705 8295 748428
476 8301 749621
145 8295 749731
476 8295 749774
476 8301 749804
476 8516 749937
476 8516 749963
476 8249 750001
476 8519 750104
476 8519 750122
476 8311 750150
476 8311 750182
145 8295 750647
476 8295 751140
3402 8414 751906
3402 8414 751967
725 8242 752841
1766 8823 753085
1766 8823 753493
1766 8823 753519
1705 8295 753643
1766 8823 753655
2705 8612 754633
1705 8295 756735
1705 8295 756823
3434 8587 757424
3435 8246 757575
3435 8246 757784
2153 8414 760158
1086 8708 760278
1086 8708 760517
3447 8708 760577
335 8551 760970
335 8357 761060
335 8461 761187
335 8242 761283
476 8301 762102
2836 8301 762194
708 8414 762815
708 8414 762922
387 8246 765562
476 8295 769975
476 8295 770081
476 8295 770355
476 8295 770554
632 8573 771696
2933 8276 771698
632 8573 772082
632 8573 772266
3488 8519 774026
3488 8519 774049
3499 8516 777131
476 8849 777171
476 8849 777273
96 8310 780243
96 8310 781250
1104 8377 781290
3499 8516 786038
3529 8708 787329
3529 8708 787500
387 8246 792562
2836 8941 792849
2836 8941 792893
2836 8941 793139
502 8476 793503
2836 8301 793696
145 8276 794345
145 8276 794416
160 8708 794559
145 8276 795071
89 8414 795077
145 8276 795260
145 8276 795451
145 8276 795582
1086 8708 797432
145 8276 800042
725 8917 801598
2836 8941 802357
2836 8941 802490
2836 8941 802566
2836 8941 805059
2836 8941 805208
2836 8941 805351
3588 8246 811358
3323 8246 811416
1962 8917 813494
2526 8325 816684
3499 8516 817100
3597 8587 819063
3597 8587 819112
2841 8823 821286
2841 8823 821433
2841 8823 821497
2841 8823 821538
1793 8450 824814
3623 8249 826595
3623 8249 826799
476 8301 830481
2746 8473 832948
2746 8473 833433
2746 8473 833603
3642 8587 833673
3642 8587 833854
2746 8473 834045
2746 8473 834374
3646 8917 834923
476 8295 836488
476 8301 836536
476 8516 836566
476 8516 836595
476 8519 836727
476 8519 836746
476 8249 836783
476 8311 836812
476 8311 836841
476 8295 837387
476 8301 837641
3653 8246 837677
476 8295 837702
476 8301 837727
3653 8246 837750
476 8295 837772
3653 8246 837778
476 8295 837826
3653 8246 837830
476 8516 837869
476 8516 837887
476 8519 837923
476 8519 837945
476 8295 838509
145 8276 838701
3658 8246 838745
145 8276 838838
145 8276 839157
145 8276 839499
145 8276 839565
2178 8587 839943
3655 8311 840093
16 8325 840127
145 8276 841226
165 8249 841280
145 8276 841301
165 8249 841314
165 8249 841356
165 8249 841380
165 8249 841392
476 8295 841412
476 8295 841432
165 8249 841468
145 8276 841637
145 8276 841960
145 8276 842119
145 8276 842138
145 8276 842502
145 8276 842553
145 8276 842736
145 8276 842868
145 8276 843139
145 8276 843234
145 8276 843662
145 8276 843810
145 8276 844115
145 8276 844181
476 8311 844291
145 8276 844433
1796 8357 844494
145 8276 844507
145 8276 844575
1796 8551 844605
1796 8516 844800
2566 9016 844932
2566 9016 844967
145 8276 845473
145 8276 845505
2566 9016 845857
145 8276 846139
2566 9016 846229
2566 9016 846239
2566 9016 846358
2566 9016 846387
2566 9016 846416
2566 9016 846478
2933 8276 846922
335 8906 848091
549 8242 848225
335 8301 848427
335 8461 849034
335 8242 849200
3718 8295 854443
2526 8325 854828
2526 8325 855437
2526 8325 855708
2526 8325 855815
2526 8325 855855
2526 8325 855917
808 8461 856079
3725 8519 856451
387 8246 856995
3728 8414 857247
2836 8941 857557
281 8295 857854
281 8249 857918
2526 8325 857946
281 8249 857953
2836 8941 858428
2836 8941 859246
2836 8941 859434
16 8249 861189
16 8325 861486
2526 8325 861936
3742 8295 862196
708 8414 863419
160 8708 863445
502 8551 864095
96 8310 865845
145 8295 865859
96 8310 865870
145 8295 866070
145 8295 866111
145 8295 866378
145 8295 866450
145 8295 866498
145 8295 866702
145 8295 866848
1111 8450 866924
1111 8450 866972
145 8295 867165
1111 8450 867338
3756 8246 867722
3758 8246 868622
2526 8325 868924
460 8321 869480
335 8295 869776
3762 9025 870310
3762 9025 870393
16 8325 870417
3765 8964 870641
3762 9025 870765
632 8573 870840
3762 9025 870925
632 8573 871197
632 8573 871953
3775 8551 872714
3776 8551 872768
3781 8311 873736
2267 8551 874220
3762 9025 874656
3762 9025 874752
3762 9025 875296
3762 9025 875404
3762 9025 875432
387 8246 875538
3791 8249 875650
476 8311 876900
476 8295 876977
96 8310 877736
96 8310 877993
476 8295 878273
3774 8295 878623
1796 8295 878762
370 8473 878817
476 8295 879284
3802 8519 879586
145 8276 879834
160 8316 881018
2836 8941 882473
2836 8941 883928
2836 8941 884622
3817 8295 885809
2836 8941 885873
2836 8941 886135
3820 8849 886540
3820 8849 886588
3820 8849 886696
3820 8849 886925
3820 8849 887312
3820 8849 887434
725 8473 889244
3831 8249 889900
3833 8551 891075
3846 8316 894470
160 8708 894749
160 8316 894799
3762 9025 894934
3847 8301 895096
3852 8295 898869
1968 8856 900016
1968 8856 900380
1968 8856 900425
1968 8856 903553
1968 8856 903730
1968 8856 903905
1968 8856 904120
335 8249 904180
335 8461 904248
335 8295 905406
335 8301 905454
1968 8856 905960
1968 8856 906811
1968 8856 906942
1968 8856 907006
1968 8856 907263
1968 8856 907388
1968 8856 907513
1968 8856 907691
1968 8856 907820
1968 8856 908254
1968 8856 908383
1968 8856 908548
1968 8856 908858
1968 8856 908959
1968 8856 909172
1968 8856 909249
1968 8856 909327
836 8249 909467
836 8249 909576
1968 8856 909591
836 8249 909717
1968 8856 909777
2104 8249 910237
1968 8856 910357
1968 8856 910456
1968 8856 913812
145 8276 913835
145 8276 914058
145 8276 914098
1968 8856 914161
1968 8856 914227
1968 8856 914391
1968 8856 914472
1968 8856 914536
1968 8856 914630
1968 8856 914728
145 8276 915313
1968 8856 915418
145 8276 915515
1968 8856 915674
145 8276 915704
1968 8856 915898
145 8276 916139
3594 8414 916163
1968 8856 916226
3594 8414 916226
1968 8856 916316
1968 8856 916440
1968 8856 916466
1968 8856 916520
145 8276 916798
145 8276 916885
145 8276 917365
1968 8856 917778
533 8276 917884
533 8450 918337
1968 8856 918589
3904 8311 920160
370 8473 921236
1705 8295 921552
3908 8583 921590
476 8295 921644
2746 8473 921771
3910 8295 921793
171 8249 923247
2836 8941 925427
2836 8941 925484
533 8276 925526
2836 8941 925539
2104 8249 926684
145 8276 926711
2836 8941 927601
2069 8906 928290
2836 8941 928743
2836 8941 929658
2836 8941 930462
171 8249 930485
2836 8941 930497
171 8249 930556
2836 8941 932361
3950 8295 932861
3956 8295 933901
3958 8476 934014
281 8295 934431
281 8295 934543
632 8573 934584
3717 8276 934841
632 8573 935514
2746 8473 937149
2705 8612 939881
2566 9016 940818
2566 9016 940857
2566 9016 940889
2566 9016 941178
2566 9016 941205
2566 9016 941279
2746 8473 941286
2746 8473 941322
3717 8473 941591
3717 8473 941619
3717 8473 941635
3717 8473 941660
3717 8473 941670
3717 8473 941685
3717 8473 941696
2566 9016 941950
2566 9016 942161
2566 9016 942193
2566 9016 942227
2566 9016 942243
3717 8473 942272
2566 9016 942300
2566 9016 942323
2566 9016 942341
476 8295 942360
335 8516 942383
335 8301 942460
335 8249 942509
335 8519 942555
2566 9016 942676
2566 9016 942761
2746 8473 942767
335 8311 942771
2566 9016 942832
335 8357 942884
335 8551 942902
2566 9016 943073
335 8242 943138
2566 9016 943244
2566 9016 943264
3999 8295 943280
2746 8473 943305
3496 8295 943841
2566 9016 944570
2566 9016 944637
2566 9016 944723
2566 9016 944735
2566 9016 944814
3169 8295 944938
2746 8473 946883
2746 8473 946943
501 8473 946952
501 8473 947212
2566 9016 947266
2746 8473 947281
501 8473 947522
501 8473 947587
501 8473 947714
3717 8276 951067
2746 8473 951357
2746 8473 951394
501 8473 951538
501 8473 951732
1735 8301 952002
3728 8414 952012
2746 8473 952016
2746 8473 952512
3725 8519 952537
3646 8917 953345
3833 8551 953938
2746 8473 954137
387 8246 954183
2746 8473 954770
632 8573 954826
632 8573 955245
476 8295 955387
3725 8519 955437
169 8357 955576
632 8573 955963
4040 8301 956363
4040 8301 956522
632 8573 956596
171 8249 958787
171 8249 958847
2746 8473 958922
2746 8473 959477
2746 8473 960374
2746 8473 960819
2746 8473 961224
4051 8357 961897
2746 8473 961967
2746 8473 962438
708 8414 962812
2836 8941 962913
2746 8473 963032
160 8708 963668
2746 8473 963785
160 8708 963996
2746 8473 964275
708 8414 964313
2836 8941 964487
2746 8473 964832
2746 8473 965051
4061 8612 965053
160 8708 965054
2836 8941 965103
2746 8473 965219
2746 8473 965335
2746 8473 965414
2746 8473 965444
2836 8941 965544
2836 8941 965609
2836 8941 965648
2836 8941 965689
708 8414 965994
4064 8849 966051
708 8414 966102
2836 8941 966215
708 8414 968085
708 8414 968390
708 8414 968497
4072 8246 969140
370 8473 971965
370 8473 971999
370 8473 972075
370 8473 972153
370 8473 972450
370 8473 972488
387 8414 972508
808 8461 972616
808 8461 972642
476 8295 973324
4098 8301 976728
4101 8316 978618
1367 9048 984280
1367 9048 984347
1367 9048 984839
1367 9048 985028
1367 9048 985888
1367 9048 986036
4118 9048 986336
4118 9048 986359
1367 9048 986418
4119 9048 986442
1367 9048 986532
4118 9048 986654
1367 9048 986788
4118 9048 986793
1367 9048 987012
1367 9048 987157
1367 9048 987318
1367 9048 987428
1367 9048 987505
1367 9048 987519
1367 9048 988012
4135 9048 991050
335 8841 992485
145 8276 998413
145 8295 998838
145 8276 998916
145 8276 999004
4155 8295 999101
4155 8295 999161
4159 9048 1000223
4159 9048 1001111
4159 9048 1001213
4170 9048 1003489
4174 9048 1004395
3717 8276 1004638
3717 8276 1004819
2063 9048 1004972
4181 9048 1006402
4182 9048 1006415
4183 9048 1006686
4016 9048 1006793
194 8295 1007941
194 8295 1008045
1367 9048 1008608
1367 9048 1009281
1367 9048 1009709
1367 9048 1010155
1367 9048 1010273
1367 9048 1010286
1367 9048 1010536
4159 9048 1010705
4159 9048 1010731
1367 9048 1010788
4208 9048 1010950
4016 9048 1011055
4159 9048 1011193
1367 9048 1011258
1367 9048 1011297
1367 9048 1011317
1367 9048 1012106
549 8242 1012552
1367 9048 1012601
4118 9048 1013105
4118 9048 1013234
4118 9048 1013263
2836 8301 1013284
2836 8301 1013318
2836 8301 1013520
2836 8301 1013544
2836 8301 1013604
4223 9048 1013972
4118 9048 1014521
1705 8295 1015000
4227 9048 1015002
1705 8295 1015018
256 9048 1015034
1705 8295 1015089
1705 8295 1015125
1705 8295 1015206
1705 8295 1015228
1705 8295 1015343
1705 8295 1016063
4230 9048 1016350
194 8295 1016871
194 8295 1016914
4016 9048 1017030
4016 9048 1017412
1705 8295 1017477
4016 9048 1017483
1705 8295 1017499
4016 9048 1017642
4016 9048 1017684
4235 8295 1017691
4016 9048 1017722
4236 9048 1017761
4235 8295 1017806
4236 9048 1017819
1143 9048 1017986
4016 9048 1018047
4016 9048 1018109
2836 8941 1018227
2836 8941 1018331
2836 8941 1018387
3108 8246 1018396
3108 8246 1018398
4242 9048 1019997
2836 8941 1021240
2836 8941 1021375
3236 8964 1022397
169 8357 1022903
1793 9048 1024354
2746 9057 1026057
4267 9048 1026129
2746 9057 1026251
476 8295 1026343
476 8516 1026405
476 8516 1026437
476 8249 1026584
2746 9057 1026773
2746 9057 1026810
2746 9057 1026857
4278 9048 1028115
1367 9048 1028528
4278 9048 1028943
4286 8421 1029790
1943 8461 1031101
1943 8461 1031147
335 8516 1032507
335 8301 1032538
335 8301 1032635
335 8249 1032710
2836 8941 1033012
335 8551 1033235
2836 8941 1033254
2836 8941 1033288
2836 8941 1033307
2836 8941 1033325
2836 8941 1033345
2836 8941 1033942
2836 8941 1033957
4296 9048 1034129
2836 8941 1034278
1210 8708 1035618
1210 8708 1035663
1046 8301 1037072
1046 8301 1037104
1046 8301 1037190
1046 8301 1037553
1046 8301 1037876
1046 8301 1037979
4321 9048 1038081
96 8310 1038088
1111 8450 1038286
1111 8276 1038724
1111 8450 1039110
1111 8450 1039160
1111 8450 1039386
1111 8450 1039500
1111 8450 1039526
145 8276 1039750
145 8276 1039790
4330 9048 1039929
4330 9048 1040333
1854 8276 1042758
632 8573 1042968
632 8573 1043895
632 8573 1044326
4366 9048 1047065
4370 8964 1047686
2836 8941 1049015
501 8473 1049319
501 8473 1049412
4376 8242 1049499
4376 8242 1049527
501 8473 1049530
2836 8941 1049744
501 8473 1049769
2249 8473 1050169
2249 8473 1050264
2249 8473 1050447
2836 8941 1051484
2746 8473 1051665
2836 8941 1051740
160 8316 1051852
2746 8473 1051978
2746 8473 1052545
2746 8473 1052975
4388 8295 1053428
4392 8295 1053787
4388 8295 1055701
4388 8295 1055939
387 8246 1056478
145 8276 1056857
145 8276 1056875
145 8276 1057039
96 8310 1057800
96 8310 1058102
96 8310 1058143
2836 8941 1058624
2836 8941 1058655
4409 8587 1059238
4409 8587 1059266
4413 8461 1060920
1943 8461 1065776
145 8276 1071193
145 8849 1072507
145 8849 1072636
145 8849 1072670
145 8849 1072943
4436 9048 1073166
2841 8823 1074325
2841 8823 1074508
2841 8823 1074562
2841 8823 1074765
160 8316 1074793
2841 8823 1074826
2841 8823 1074968
2841 8823 1075082
4441 9048 1075980
160 8316 1076216
160 8316 1076852
4454 8612 1081483
3563 9048 1083603
4467 8249 1088424
151 8296 1089230
4376 8242 1090551
2334 8519 1091175
2334 8519 1091203
145 8849 1091544
145 8849 1091953
145 8849 1091971
145 8849 1092115
4476 8295 1092393
2746 9057 1092627
2746 9057 1093496
1705 8295 1095064
476 8906 1095240
476 8906 1095413
2746 9057 1095717
2746 9057 1095794
476 8849 1095838
2746 9057 1095842
2746 9057 1095908
476 8849 1095915
476 8906 1096001
476 8917 1096062
476 8849 1096095
476 8906 1096315
476 8906 1097071
3646 8917 1097264
2746 9057 1097300
2746 9057 1097758
476 8906 1098930
476 8906 1099676
476 8906 1100032
2746 9057 1100457
2836 8941 1100920
2836 8941 1100946
2836 8941 1101052
2836 8941 1101158
2683 8242 1102516
1705 8295 1102845
476 8906 1103080
476 8849 1103372
2836 8941 1103965
256 8421 1105283
160 8316 1106546
256 8421 1107379
256 8421 1107534
108 8461 1107748
108 8461 1107822
4529 8316 1107835
4529 8316 1107902
4529 8316 1107945
4529 8316 1108018
160 8316 1108417
2836 8941 1108539
2836 8941 1108597
108 8321 1108659
2836 8941 1108666
108 8321 1108780
4536 8414 1108804
108 8321 1108898
108 8321 1109027
108 8321 1109256
2746 9057 1109563
2334 8519 1109578
2746 9057 1109924
4540 8295 1110099
89 8819 1110521
2746 9057 1110525
3905 8849 1110537
2746 9057 1110546
2746 9057 1111089
2746 9057 1111212
2746 9057 1111255
4544 8357 1111314
3874 8917 1111772
3874 8917 1111879
3874 8917 1112036
3874 8917 1112047
2746 9057 1112672
169 8357 1113036
169 8357 1113088
2746 9057 1115017
2746 9057 1115457
2746 9057 1115648
2746 9057 1115675
3905 8311 1116603
3905 8311 1116702
3905 8311 1116797
3905 8311 1116853
3905 8311 1117006
476 8295 1117160
2836 8941 1118557
2836 8941 1118580
2836 8941 1118665
2836 8941 1119521
4278 9048 1119643
4572 8295 1119686
2836 8941 1119705
2069 8849 1120292
2069 8849 1120315
4576 8917 1120605
4576 8917 1121599
2746 9057 1123386
160 8316 1124818
4576 8917 1127070
2746 9057 1127524
2746 9057 1128088
2746 9057 1128129
2746 9057 1128318
2836 8941 1129740
3264 8964 1129886
2746 9057 1130108
2836 8941 1130367
2746 9057 1131033
2746 9057 1131104
2746 9057 1131602
2746 9057 1131692
2746 9057 1131857
2746 9057 1131943
2746 9057 1131980
476 8906 1132421
335 8917 1132515
2746 9057 1132595
335 8917 1132655
335 8301 1132925
2746 9057 1133140
2746 9057 1133235
335 8242 1133274
335 8906 1133427
2746 9057 1133460
2746 9057 1133784
2746 9057 1133831
2746 9057 1133908
96 8310 1134041
476 8849 1134715
2746 9057 1134748
476 8516 1134785
2746 9057 1134807
335 8917 1134887
476 8301 1134929
476 8301 1134982
476 8249 1135058
1721 8906 1135265
2746 9057 1135377
2746 9057 1135438
2746 9057 1135500
2746 9057 1135547
2746 9057 1135895
2746 9057 1136591
2746 9057 1136643
2746 9057 1137019
2746 9057 1137235
2746 9057 1137752
4540 8311 1138003
2746 9057 1139320
2746 9057 1139455
2836 8941 1141939
2836 8941 1142033
387 8550 1143616
387 8414 1143840
476 8906 1146265
4641 8461 1147100
1733 8917 1147840
1943 8461 1148588
4648 8856 1149736
4648 8856 1149809
4648 8856 1149826
2836 8941 1150565
4652 8964 1150690
4652 8964 1150837
4652 8964 1150915
1733 8917 1152329
3563 9048 1152763
1968 8856 1153952
4663 8612 1158267
4663 8612 1158771
335 8906 1164249
335 8849 1164381
335 8301 1164896
2841 8823 1165312
1854 8450 1167077
1733 8906 1172534
2441 8551 1173571
4718 8551 1174508
4718 8551 1174564
2203 8249 1174701
4721 8519 1174871
4720 8295 1174973
549 8242 1176706
4748 8296 1178615
3782 8295 1180753
3782 8295 1180819
2746 9057 1181067
476 8917 1181302
2746 9057 1181326
2746 9057 1181384
4765 8551 1181436
2746 9057 1181575
4721 8519 1181650
2746 9057 1181885
2746 9057 1181988
2746 9057 1182207
2746 9057 1182274
2746 9057 1182427
4721 8519 1182855
4721 8519 1182974
4771 8421 1184006
2746 9057 1184120
2746 9057 1184335
2746 9057 1184993
2746 9057 1185196
4776 8849 1185422
476 8295 1186383
476 8295 1186481
476 8295 1186569
476 8295 1186683
476 8249 1187403
2746 9057 1189421
2836 8941 1190147
2836 8941 1190296
2836 8941 1191201
2836 8941 1191226
2836 8941 1191476
335 8849 1193175
335 8906 1193223
335 8964 1193270
335 8964 1193421
2746 9057 1196667
2746 9057 1197233
1111 8450 1197354
476 8295 1197589
476 8295 1197617
2836 8941 1197672
476 8516 1197718
2836 8941 1197728
476 8516 1197742
476 8516 1197786
2746 9057 1197796
476 8906 1197999
476 8906 1198013
2836 8941 1198183
476 8295 1198507
2746 9057 1198507
2746 9057 1199621
4843 8461 1199819
4843 8461 1199960
2746 9057 1200248
2746 9057 1200507
2746 9057 1200791
169 8357 1201229
169 8357 1201300
169 8357 1201363
169 8357 1201398
2746 9057 1201789
2746 9057 1201848
2746 9057 1201938
2746 9057 1202482
2746 9057 1202543
2836 8941 1203208
2836 8941 1203295
2836 8941 1203339
2836 8941 1203375
2887 8906 1203472
460 8321 1205692
2069 8841 1205718
460 8321 1205771
169 8357 1205775
108 8587 1206388
108 8587 1206426
460 8461 1206459
108 8587 1206502
108 8587 1206589
108 8461 1206709
108 8461 1206753
2069 8917 1206821
476 8906 1208499
476 8849 1208659
476 8849 1208701
944 8249 1209021
335 8242 1209100
335 8242 1209167
335 8906 1209221
335 8849 1209337
2746 9057 1209402
335 8917 1209494
4906 8295 1212199
632 8573 1212600
476 8917 1213061
476 8917 1213192
476 8917 1213233
476 8917 1213317
4413 8461 1215950
4413 8461 1216087
1046 8587 1216190
476 8906 1216591
190 8242 1217149
4413 8461 1219600
4540 8519 1220301
335 8849 1220505
335 8849 1220543
335 8906 1220668
335 8917 1220748
501 8917 1220790
165 8249 1221328
165 8249 1221453
165 8249 1221578
165 8249 1221751
165 8249 1221867
165 8249 1221892
165 8249 1221940
165 8249 1222276
165 8249 1222300
165 8249 1222340
165 8249 1222374
4937 8708 1224656
1086 8708 1224978
2746 9057 1225262
2746 9057 1225382
160 8708 1225625
2746 9057 1225649
2933 9086 1225668
160 8708 1225712
725 8473 1225754
2933 9086 1225782
4941 8301 1225897
4941 8301 1226061
4941 8301 1226370
335 8917 1226801
2836 8941 1227646
2836 8941 1227766
4948 8849 1229850
4948 8849 1229888
2933 9086 1231358
476 8849 1231962
476 8849 1232013
476 8849 1232036
2933 9086 1232304
4957 8295 1233298
169 8357 1233373
169 8357 1233462
725 8612 1233502
1733 8917 1234368
725 8849 1234572
2836 8941 1234815
171 8249 1235228
476 8906 1235539
476 8906 1235554
476 8917 1235589
476 8917 1235602
476 8849 1235667
4957 8295 1237068
4969 9086 1238111
4970 9086 1238123
4957 8295 1238164
4957 8295 1238373
4957 8295 1238828
4975 9086 1240419
4977 9086 1240899
4978 9086 1240902
4978 9086 1240971
4979 9086 1240976
4978 9086 1241092
4980 9086 1241098
4980 9086 1241100
4979 9086 1241101
4979 9086 1241172
4984 9086 1242900
4985 9086 1243185
4985 9086 1243295
808 8461 1247238
4776 8551 1249675
335 8917 1249941
335 8906 1250095
4776 8551 1250980
4776 8551 1251061
4776 8551 1251105
4998 8249 1251170
4776 8551 1251189
4776 8551 1251304
2841 8823 1256184
2841 8823 1256209
2841 8823 1256256
2841 8823 1256954
4999 8587 1257132
2841 8823 1257210
808 8461 1257243
2841 8823 1257524
5009 9086 1258506
5010 8461 1258510
5010 8461 1258699
5010 8587 1259563
5010 8461 1259962
2887 8249 1260315
1519 9086 1260727
1519 9086 1261252
1519 9086 1261366
2441 8242 1262056
5023 8587 1263059
5024 8461 1263129
52 9086 1263722
2079 8321 1264953
5010 8587 1265695
2079 8461 1265803
5010 8461 1265958
476 8849 1266458
476 8917 1266558
1733 8917 1266608
5023 8461 1267133
5023 8587 1267160
5043 9086 1268392
1705 8295 1269070
1519 9086 1269784
1705 8295 1269858
1705 8295 1270063
1705 8295 1270430
3921 9086 1270817
2079 8321 1271188
2079 8461 1271738
3921 9086 1271998
476 8906 1274338
476 8849 1274390
476 8917 1274432
476 8906 1274701
476 8906 1274729
3108 8819 1274762
3108 8819 1274763
476 8849 1274828
2153 8414 1277050
476 9086 1278683
476 8849 1278838
151 8296 1279823
3833 8551 1280483
169 8357 1280636
169 8357 1281038
2249 9086 1282371
476 8849 1283573
476 8295 1283850
476 8295 1284167
476 8295 1284328
476 8295 1284354
476 8516 1284484
2836 8941 1285127
2836 8941 1285147
5109 8461 1285452
5110 8249 1285797
4413 8461 1285821
4413 8461 1285850
5110 8249 1285864
4413 8461 1285920
2836 8941 1287056
2836 8941 1287898
1733 8917 1288414
1733 8917 1288435
1733 8917 1288448
2836 8941 1288538
5110 8249 1288703
96 8310 1289234
335 8906 1289324
96 8310 1289326
96 8310 1289359
335 8849 1289389
335 8917 1289482
5125 8587 1290031
335 8519 1290088
335 8301 1290182
335 8311 1290205
335 8461 1290365
335 8551 1290412
5128 8708 1290559
4413 8461 1290840
16 8249 1291466
2836 8941 1292048
16 8249 1292233
16 8249 1292341
5136 9086 1293317
2836 8941 1293626
2836 8941 1293960
2836 8941 1294099
2836 8941 1294123
476 8295 1295862
3646 8917 1296169
1796 8551 1296813
3646 8917 1296843
3646 8917 1296888
1796 8516 1296957
5145 8249 1297145
1086 8708 1297595
1086 8708 1297744
1086 8708 1297871
1086 8708 1298080
160 8708 1298927
3646 8917 1299978
5110 8249 1299996
5110 8249 1300197
5153 8295 1300241
5110 8249 1300837
5158 8295 1301763
3921 8461 1302158
5161 8295 1302533
96 8310 1302846
96 8310 1302937
96 8310 1302979
169 8357 1303436
96 8310 1303478
96 8310 1303557
169 8357 1303721
169 8357 1303982
632 8573 1304642
632 8573 1304764
5168 8849 1304849
5168 8849 1304878
335 8357 1304913
335 8242 1305132
5170 9086 1305251
5172 9048 1306033
3646 8917 1306405
5172 9048 1307356
335 8249 1307487
335 8917 1307536
335 8849 1307579
335 8906 1307638
5174 9048 1307726
160 8316 1314729
476 8906 1315979
476 8849 1316080
476 8917 1316141
476 8906 1316206
5189 8295 1316228
387 8246 1317400
2836 8941 1317664
2836 8941 1317758
5196 8249 1317846
5197 8249 1318272
1943 8461 1318558
2836 8941 1318748
145 8276 1318817
5199 8295 1319544
5196 8249 1320658
4413 8461 1321065
1943 8461 1321189
160 8316 1322588
5205 8301 1322939
5205 8301 1322995
5205 8301 1323287
5205 8301 1324236
5205 8301 1324602
5205 8301 1324666
5205 8301 1325268
5205 8301 1325373
1204 8246 1327375
5238 8249 1339821
5238 8249 1340000
3852 8964 1340191
5110 8249 1341437
527 9086 1342495
527 9086 1342648
108 8461 1343025
108 8461 1343194
108 8461 1343283
108 8461 1343321
5250 8964 1343408
5250 8964 1343480
151 8296 1344296
151 8296 1344578
151 8296 1344692
151 8296 1344802
3833 8551 1345697
5257 8964 1346199
5257 8964 1346664
5264 8377 1348873
1733 8917 1348905
4957 8295 1351384
476 8917 1352222
5293 8849 1355466
476 8849 1356112
476 8906 1356184
5299 9109 1357380
5309 8242 1359663
5311 9086 1360643
5311 9086 1360692
5311 9086 1360915
5311 9086 1360967
5311 9086 1361011
5311 9086 1361142
5311 9086 1361255
5311 9086 1361296
5311 9086 1361526
5311 9086 1361592
5318 9025 1361693
5318 9025 1361724
5311 9086 1361846
5318 9025 1362059
335 8516 1364281
335 8301 1364340
335 8917 1364429
335 8519 1364469
335 8311 1364625
335 8461 1364724
335 8551 1364964
2678 8550 1365485
335 8242 1365704
2678 8550 1365781
2678 8550 1366225
2678 8550 1366313
1766 8823 1367479
1766 8823 1367987
1766 8823 1368386
1766 8823 1368470
476 8849 1368592
476 8295 1368634
5339 8917 1368727
1766 8823 1368774
476 8917 1368912
1766 8823 1369481
1766 8823 1369720
1766 8823 1369795
3646 8917 1369934
1766 8823 1370056
5346 8941 1370178
5346 8941 1370264
632 8573 1371729
5352 8964 1371818
5352 8964 1372095
5352 8964 1372298
5352 8964 1372445
5352 8964 1372471
3646 8917 1375754
4413 8461 1376519
5311 9086 1377008
5311 9086 1378110
5311 9086 1378148
5311 9086 1378173
5311 9086 1378227
5311 9086 1378270
5311 9086 1378472
632 8573 1378701
5382 9086 1379103
5382 9086 1379185
632 8573 1379268
387 8583 1380601
2346 8550 1380657
5389 8819 1380748
5389 8819 1380990
5389 8819 1381565
281 8295 1382669
3762 9025 1382900
3762 9025 1382995
5311 9086 1383331
5311 9086 1383348
632 8573 1384301
5311 9086 1384357
5311 9086 1384402
5311 9086 1384452
5311 9086 1384533
549 8849 1384974
5409 8295 1385605
1154 8917 1385803
160 8316 1385971
2566 9016 1387828
2566 9016 1387913
476 8917 1389008
5389 8819 1389529
3646 8917 1389850
5389 8819 1390962
5389 8819 1392092
2836 8941 1393112
5389 8819 1393300
171 8249 1393470
171 8249 1393509
2441 8242 1393577
5421 8917 1394019
5421 8917 1394065
5389 8819 1394412
5421 8917 1394420
2678 8550 1394502
2678 8550 1394548
5421 8917 1394560
2346 8550 1394897
2346 8550 1394952
2678 8550 1395153
2441 8242 1397937
2441 8242 1398108
2441 8242 1398285
2441 8242 1398320
2441 8242 1398380
501 8377 1401046
501 8377 1401216
5435 8906 1401287
501 8377 1401357
3791 8849 1401727
5436 8849 1402052
1943 8461 1402760
5264 8377 1406202
3762 9025 1406307
5264 8377 1406451
5264 8377 1406588
725 8917 1406803
5447 8917 1407203
725 8917 1407682
5449 9048 1408042
169 8357 1410287
4098 8906 1411987
4098 8906 1412044
160 8708 1413513
2526 8325 1415602
169 8917 1416047
160 8708 1416111
169 8917 1416164
169 8917 1416241
3317 8377 1417319
5264 8377 1418573
5264 8377 1419209
1733 8906 1420218
5421 8917 1423755
5421 8917 1423779
5421 8917 1423935
171 8249 1425499
5480 8849 1426602
161 8849 1427551
5484 8461 1428001
3236 8964 1428509
161 8849 1430732
335 8906 1432227
335 8849 1432295
5389 8819 1433223
5389 8819 1433442
5389 8819 1433940
5389 8819 1434197
5389 8819 1434856
160 8708 1434919
5389 8819 1435133
5346 8941 1435166
5346 8941 1435357
5389 8819 1436591
5389 8819 1437345
5389 8819 1437435
2566 9016 1437631
5389 8819 1438214
2566 9016 1438345
2566 9016 1438393
2566 9016 1438494
2566 9016 1438581
2566 9016 1438722
2566 9016 1438839
2566 9016 1438866
2566 9016 1438948
2566 9016 1439002
2566 9016 1439051
5110 8249 1439119
5110 8249 1439221
5389 8819 1439232
2566 9016 1439261
2566 9016 1439486
3646 8917 1439523
3646 8917 1439593
2566 9016 1439649
2566 9016 1439721
2566 9016 1439746
3646 8917 1439757
2566 9016 1439798
2566 9016 1439829
2566 9016 1440029
3646 8357 1440038
2566 9016 1440071
2566 9016 1440143
171 8249 1440204
2566 9016 1440244
5389 8819 1440308
2566 9016 1440354
2566 9016 1440455
2566 9016 1440478
476 8295 1440555
476 8906 1440633
2566 9016 1440647
2566 9016 1440758
2566 9016 1440807
2566 9016 1440905
476 8906 1441161
2566 9016 1441204
2566 9016 1441521
476 8906 1441553
2566 9016 1441572
476 8906 1441614
2566 9016 1441614
476 8295 1441645
2566 9016 1441648
476 8295 1441686
2566 9016 1441697
2566 9016 1441712
476 8849 1441772
2566 9016 1441776
476 8516 1441798
2566 9016 1441800
476 8516 1441819
2566 9016 1441835
476 8917 1441854
2566 9016 1441870
476 8301 1441900
476 8301 1441920
335 8519 1441932
476 8519 1441963
335 8249 1441994
5389 8819 1442153
335 8311 1442196
335 8461 1442260
476 8906 1442331
335 8551 1442356
476 8849 1442376
476 8849 1442411
476 8906 1442427
476 8249 1442480
2566 9016 1442527
335 8242 1442759
5516 8295 1442845
2566 9016 1442972
2566 9016 1442996
2566 9016 1443087
2566 9016 1443328
1721 8906 1443382
1721 8906 1443464
2566 9016 1443518
476 8906 1443581
476 8849 1443601
2836 8941 1443775
2836 8941 1443865
5110 8249 1443929
1721 8906 1443937
5524 8906 1444233
5389 8819 1444509
5526 8964 1444828
1968 8856 1445395
335 8519 1445539
335 8516 1445640
5389 8819 1447031
476 8295 1447196
476 8295 1447224
5311 9086 1447243
476 8519 1447458
5389 8819 1447502
476 8516 1447516
476 8516 1447531
476 8516 1447547
476 8516 1447560
335 8295 1447662
5541 8295 1448418
5389 8819 1448683
2566 9016 1448956
2566 9016 1448971
335 8311 1448996
335 8295 1449056
2566 9016 1449119
2566 9016 1449132
2566 9016 1449226
335 8964 1449268
2566 9016 1449300
2566 9016 1449608
2566 9016 1449670
2566 9016 1449704
5545 8612 1450140
5545 8612 1450155
5389 8819 1450219
190 8917 1450275
2566 9016 1450278
2566 9016 1450318
1154 8917 1450369
2566 9016 1450427
2566 9016 1450467
2566 9016 1450506
2566 9016 1450536
2566 9016 1450562
2566 9016 1450600
2566 9016 1451047
2566 9016 1451501
2566 9016 1451773
2566 9016 1451839
1721 8906 1452092
5389 8819 1452222
5389 8819 1452339
5389 8819 1453164
5389 8819 1453405
5562 8249 1454660
476 8295 1454782
476 8311 1454872
5563 8519 1454978
5563 8519 1455002
476 8551 1455021
476 8551 1455047
3762 9025 1455411
3774 8587 1456240
5389 8819 1456623
5389 8819 1457027
5389 8819 1457813
5389 8819 1458013
1086 8708 1458083
108 8321 1460186
108 8321 1460247
108 8321 1460313
108 8321 1460387
108 8461 1460452
335 8917 1460471
108 8461 1460481
5389 8819 1460746
632 8573 1460941
1046 8301 1461009
632 8573 1461118
632 8573 1461308
632 8573 1461459
3762 9025 1461508
3762 9025 1461588
3762 9025 1461667
3762 9025 1461740
3762 9025 1461782
3762 9025 1461815
3762 9025 1461918
3762 9025 1462005
3762 9025 1462283
2566 9016 1463279
160 8708 1463307
2566 9016 1463919
5599 8849 1464022
2566 9016 1464038
2566 9016 1464184
2566 9016 1464210
2566 9016 1464356
2566 9016 1464532
2566 9016 1464584
2566 9016 1464719
2566 9016 1464875
2566 9016 1464907
2566 9016 1465100
1721 8906 1465138
2566 9016 1465217
2566 9016 1465276
2566 9016 1465311
2566 9016 1465331
2566 9016 1465390
2566 9016 1465425
2566 9016 1465607
2566 9016 1465871
5611 8295 1465901
5389 8819 1466773
5389 8819 1467019
5615 8849 1467128
5616 9086 1467242
1883 8295 1467495
5389 8819 1467712
2171 8357 1468261
5389 8819 1468334
2171 8357 1469007
5389 8819 1469020
5616 9086 1469133
5623 8917 1469284
2566 9016 1471057
2566 9016 1471264
4413 8461 1471557
20 9086 1474157
5389 8819 1474479
5389 8819 1474872
5389 8819 1476272
5651 8906 1477571
5389 8819 1477611
5389 8819 1477684
5651 8906 1477754
5389 8819 1478722
5389 8819 1478910
160 8708 1479167
160 8708 1479609
5389 8819 1480516
3774 8519 1480598
3718 8311 1481102
632 8573 1482826
632 8573 1482996
632 8573 1483097
5389 8819 1483676
5389 8819 1484542
5665 8551 1484934
3646 8917 1485011
5665 8519 1485786
5436 8849 1486637
5389 8819 1486939
5389 8819 1487420
5436 8849 1487716
5436 8849 1487834
5389 8819 1488460
5679 8414 1488537
5679 8414 1488798
5679 8414 1489017
5684 8819 1489974
708 8414 1491488
4331 8516 1491504
169 8357 1493454
5447 8917 1493741
3394 8295 1493756
281 8461 1495322
5695 8917 1495456
1854 8276 1496630
1854 8450 1497905
1968 8856 1498247
1968 8856 1499079
1968 8856 1499272
1968 8856 1499373
1968 8856 1499589
1968 8856 1499646
5703 8849 1502934
5703 8849 1504151
5715 8519 1507540
4941 8295 1510456
4941 8295 1510718
2526 8325 1511683
1721 8906 1518101
1721 8849 1518149
1721 8917 1518181
161 8849 1518411
161 8849 1518632
1721 8906 1518638
3169 8849 1519045
3169 8849 1519073
5745 8301 1519969
2566 9016 1520496
2069 8476 1520628
5389 8819 1521585
5389 8819 1521706
5389 8819 1522703
5389 8819 1523239
5389 8819 1523452
533 8276 1523455
533 8276 1523748
5757 8917 1524280
5757 8917 1524330
5389 8819 1525437
5311 9086 1525581
476 8519 1526725
476 8519 1526753
476 8849 1526910
476 8906 1526971
2566 9016 1527176
2566 9016 1527222
5762 8519 1527430
2566 9016 1527534
3169 8849 1527705
2566 9016 1527844
2566 9016 1528123
2566 9016 1528154
2566 9016 1528237
2566 9016 1528344
2566 9016 1528392
2566 9016 1528463
2566 9016 1528493
5311 9086 1529083
5311 9086 1529120
151 8296 1530767
335 8906 1531383
335 8295 1531437
335 8849 1531490
335 8516 1531510
335 8301 1531568
335 8519 1531585
335 8249 1531622
335 8311 1531689
151 8296 1531881
335 8461 1531929
335 8551 1532036
3646 8917 1532147
335 8242 1532238
5563 8519 1532394
3646 8357 1532683
151 8296 1532833
1733 8612 1533459
3169 8849 1534901
5311 9086 1535825
5526 8964 1536334
335 8612 1540854
335 8612 1540961
5563 8519 1541771
335 8917 1542442
632 8573 1542661
160 8708 1543592
160 8708 1544390
160 8708 1544844
160 8708 1544924
160 8708 1545354
161 8849 1546576
2841 8823 1547640
5389 8819 1547682
2841 8823 1547700
2841 8823 1547844
2841 8823 1548086
5389 8819 1548226
5299 9109 1548274
108 8461 1549961
839 8587 1550333
2678 8550 1551024
2678 8550 1551177
5826 8849 1551627
2566 9016 1554527
2566 9016 1554571
2566 9016 1554610
5309 8242 1554682
3169 8849 1554975
2346 8550 1555830
96 8310 1556759
5837 8519 1557141
5837 8519 1557189
5826 8849 1559619
169 8917 1559700
476 8906 1559771
476 8295 1559827
476 8849 1559910
632 8573 1560252
632 8573 1560637
632 8573 1560897
5311 9086 1561925
5311 9086 1561960
5311 9086 1562016
5205 8301 1562078
5205 8301 1562136
5205 8301 1562227
632 8573 1564648
632 8573 1564876
5826 8849 1564884
632 8573 1566016
632 8573 1566078
632 8573 1566223
281 8295 1568086
161 8849 1569309
161 8849 1569716
161 8849 1569921
169 8917 1570401
5880 8301 1573095
96 8310 1574590
3762 9025 1576935
3762 9025 1577892
5892 8295 1578081
3762 9025 1578113
3762 9025 1578159
3762 9025 1578370
3762 9025 1578429
3762 9025 1578648
3762 9025 1578977
3762 9025 1579153
3762 9025 1579235
3762 9025 1579830
725 8473 1580538
5901 8964 1580723
5903 8295 1581199
5904 8295 1581232
2526 8325 1582631
4957 8295 1585301
3762 9025 1586094
3762 9025 1586338
3762 9025 1586663
3762 9025 1586784
3762 9025 1587039
3762 9025 1587179
3762 9025 1587484
3762 9025 1587659
3762 9025 1588810
3762 9025 1589504
3762 9025 1590281
3762 9025 1590366
5918 8414 1593944
2841 8823 1595712
2841 8823 1595839
335 8849 1595896
335 8849 1596916
335 8964 1597101
335 8476 1597230
335 8519 1597468
3646 8357 1601902
5930 8841 1602415
5930 8841 1602620
5382 9086 1605051
5389 8819 1606751
5389 8819 1607328
5299 9109 1607893
2069 8301 1608174
3762 9025 1608424
2069 8849 1608460
3762 9025 1608538
3762 9025 1608744
3762 9025 1609332
3762 9025 1609527
476 8849 1610053
3762 9025 1610093
3762 9025 1610502
3762 9025 1610597
3646 8917 1611674
5299 9109 1611935
5950 8325 1612007
2526 8325 1612625
476 8519 1612778
476 8519 1612815
476 8295 1613077
476 8917 1613245
476 8917 1613317
5389 8819 1613647
5389 8819 1613941
1705 8295 1613974
5389 8819 1614189
1705 8295 1614193
1705 8295 1614673
1705 8295 1614804
5389 8819 1615972
5299 9109 1616058
5389 8819 1616083
5963 8295 1616783
476 8249 1619192
476 8311 1619424
476 8964 1619703
5389 8819 1620392
5972 8849 1620906
5973 8551 1621009
190 8295 1621190
5389 8819 1621361
5389 8819 1621456
5973 8551 1621580
5389 8819 1621856
5389 8819 1622085
5389 8819 1622164
5389 8819 1622362
5389 8819 1622409
89 8461 1624150
5993 8612 1626552
5996 8461 1626967
5311 9086 1627978
1705 8295 1628620
5389 8819 1628688
476 8906 1629094
3762 9025 1629885
3762 9025 1630498
632 8573 1631530
632 8573 1632722
632 8573 1633910
5299 9109 1634248
632 8573 1634415
5299 9109 1634652
5299 9109 1635579
5299 9109 1636261
5299 9109 1636541
6033 8295 1637916
16 8249 1638516
6036 8316 1638535
6040 8295 1640239
108 8461 1640350
108 8461 1640549
108 8461 1640584
108 8461 1640599
108 8461 1640634
1721 8906 1641228
5299 9109 1641252
108 8321 1641625
108 8321 1641669
108 8321 1641729
108 8321 1641817
108 8321 1641844
16 9109 1641893
108 8321 1642005
16 9109 1642016
16 9109 1642108
16 9109 1642130
16 9109 1642152
16 9109 1642255
16 8249 1642914
3762 9025 1643001
160 8316 1643038
3762 9025 1643054
3762 9025 1643149
3762 9025 1643233
3762 9025 1643290
5311 9086 1643402
4957 8295 1643780
169 8357 1644425
169 8357 1644489
533 8276 1645322
335 8242 1645407
6052 8414 1645748
1721 8906 1646427
335 8906 1646663
387 8246 1647400
5826 8849 1648051
5826 8849 1648672
1796 8516 1648896
1796 8551 1649038
476 8841 1651802
476 8841 1652039
476 8841 1652098
476 8841 1652209
476 8841 1652375
6066 8414 1652530
3646 8917 1656902
1046 8295 1661128
1046 8295 1661383
89 8519 1661540
1046 8295 1662063
1046 8295 1662159
169 8357 1662200
527 9086 1662901
3762 9025 1664851
3762 9025 1664934
3762 9025 1665016
2069 8917 1665622
1046 8295 1666409
1046 8295 1666505
1046 8295 1666582
1046 8295 1666666
2069 8964 1666683
2069 8849 1666978
169 8917 1667053
6085 8325 1670069
6085 8325 1670214
5959 8295 1670913
2526 8325 1678261
269 8311 1678559
4998 8249 1683448
6114 8249 1685926
2153 8414 1693884
2153 8414 1695986
108 8321 1701046
387 8246 1701190
108 8321 1701202
108 8321 1701238
108 8321 1701280
6161 8295 1701330
108 8321 1701416
108 8461 1701485
6162 8316 1701593
108 8321 1701786
108 8321 1701882
6167 8357 1702512
89 8612 1702639
476 8612 1702695
6169 8964 1703704
190 8295 1704994
5299 9109 1711042
6186 8377 1711189
6186 8377 1711242
6186 8377 1711358
6186 8377 1711402
5299 9109 1711942
2566 9016 1712251
2566 9016 1712352
108 8461 1712460
108 8461 1712497
2566 9016 1712506
2566 9016 1712578
2566 9016 1712631
2566 9016 1712700
2566 9016 1712731
2566 9016 1712833
2566 9016 1712885
5299 9109 1712977
632 8573 1713713
5299 9109 1714140
4998 8249 1714176
6199 8249 1714738
1721 8906 1714783
169 8357 1717355
476 8964 1717818
632 8573 1718953
143 8849 1720411
6212 8819 1720475
6212 8819 1720582
143 8819 1720618
143 8316 1722410
1086 8708 1724748
1086 8708 1724938
5299 9109 1725139
160 8708 1725775
160 8316 1726090
160 8316 1726551
335 8301 1726901
6240 8587 1729228
335 8849 1729671
6242 8964 1729779
335 8516 1729914
335 8519 1729938
6167 8357 1730055
335 8301 1730104
335 8917 1730174
335 8461 1730264
335 8551 1730431
6167 8357 1730544
335 8242 1730554
5299 9109 1730560
5299 9109 1730659
4721 8519 1733062
4721 8519 1733084
4957 8295 1733983
460 8321 1735735
460 8321 1735984
5983 8708 1736184
6186 8377 1736683
387 8246 1736810
6257 8295 1737141
6258 8519 1737221
6260 8242 1737684
171 8242 1739013
171 8242 1739173
171 8242 1739513
476 8295 1740013
476 8849 1740352
6167 8357 1742448
3646 8917 1742805
3646 8917 1743095
3646 8357 1743571
6291 8841 1752758
5424 8249 1758984
5424 8249 1759570
5424 8249 1759827
5424 8249 1760015
5424 8249 1760569
6303 8841 1760617
5424 8249 1760686
6303 8841 1760839
6305 8964 1760902
145 8295 1761098
5424 8249 1761147
5424 8249 1761532
5424 8249 1761885
5424 8249 1762005
5424 8249 1762356
5424 8249 1762482
4998 8249 1769654
335 8295 1774200
335 8295 1774266
335 8964 1774352
335 8849 1774539
335 8917 1774646
335 8311 1774961
335 8242 1775133
476 8964 1775564
476 8964 1775598
2841 8823 1776033
2841 8823 1776103
5299 9109 1776741
5299 9109 1776888
5299 9109 1777511
171 8242 1778377
171 8242 1778464
3646 8357 1779001
5526 8964 1779677
108 8461 1780275
3499 8516 1780690
6350 8519 1781252
808 8587 1781532
6350 8295 1782196
6350 8295 1782300
6350 8295 1782605
476 8964 1787512
171 8249 1790297
171 8249 1790697
839 8587 1790879
839 8587 1790914
5299 9109 1790957
387 8246 1791208
3756 8246 1792252
5299 9109 1792274
5299 9109 1792655
5299 9109 1793078
6384 8295 1793788
5299 9109 1795100
16 9109 1796561
16 9109 1796602
5299 9109 1798345
335 8964 1799666
335 8964 1799716
632 8573 1800096
335 8849 1801017
169 8357 1801783
6402 8519 1802083
6404 8295 1802901
6404 8295 1802961
632 8573 1803350
632 8573 1803511
335 8964 1804553
476 8964 1804587
335 8964 1805491
476 8295 1805561
476 8906 1805768
476 8906 1805811
1733 8917 1806292
6413 8414 1807561
2149 8964 1808214
476 8964 1810079
476 8964 1811258
2566 9016 1811364
476 8841 1811463
476 8841 1811476
2566 9016 1811732
2566 9016 1811760
2566 9016 1811785
2566 9016 1811834
335 8849 1812758
335 8516 1812814
335 8519 1812995
335 8301 1813256
476 8964 1813645
96 8310 1814075
96 8310 1814410
145 8295 1814456
335 8461 1814627
335 8917 1814695
6431 8841 1814852
335 8242 1814910
6431 8841 1814932
3225 8242 1815073
335 8906 1815167
6431 8841 1815171
335 8964 1815247
96 8310 1815725
5311 9086 1816162
5311 9086 1816204
5311 9086 1816233
2566 9016 1821492
387 8583 1822962
476 8964 1823907
335 8906 1824492
335 8295 1824616
1046 8906 1825427
1046 8906 1825458
1046 8906 1825533
1046 8906 1825564
1046 8906 1825629
1046 8906 1825655
6462 8841 1825892
335 8964 1826635
335 8917 1826682
3762 9025 1829039
171 8249 1830291
2171 8357 1834802
169 8357 1840705
6494 8841 1841301
2933 9086 1849665
335 8964 1851765
335 8841 1851962
335 8906 1853762
335 8311 1853892
335 8242 1853978
2841 8823 1859951
2841 8823 1860012
2841 8823 1860041
476 8964 1862540
476 8841 1862559
476 8841 1862570
5299 9109 1862653
108 8461 1863329
108 8587 1863417
108 8587 1863500
5299 9109 1863624
108 8587 1863666
5299 9109 1863726
108 8587 1863820
108 8587 1863857
108 8587 1863976
476 8964 1864218
476 8964 1865899
5299 9109 1866653
3762 9025 1870389
3762 9025 1870454
3762 9025 1870776
3762 9025 1870825
476 8964 1870853
2841 8823 1871166
2841 8823 1871307
387 8583 1871354
387 8583 1871442
387 8246 1871497
460 8321 1873032
4957 8295 1873127
1794 8295 1873684
171 8242 1873782
2841 8823 1873994
460 8321 1874024
2841 8823 1874028
476 8964 1874434
476 8295 1874976
476 8295 1875026
460 8321 1875130
3114 8519 1875221
387 8583 1877066
387 8583 1877130
6550 8964 1877366
839 8587 1877549
1705 8295 1879981
1705 8295 1880143
2171 8357 1881595
6560 8849 1882407
6560 8849 1882458
632 8573 1884096
632 8573 1884356
632 8573 1885055
632 8573 1885314
1733 8377 1885722
6565 8612 1885869
160 8316 1886096
632 8573 1886576
632 8573 1887268
6571 8377 1887458
632 8573 1887611
632 8573 1887818
632 8573 1888111
4441 8551 1888329
632 8573 1888611
52 8551 1888971
632 8573 1888983
632 8573 1889644
632 8573 1890084
632 8573 1890278
632 8573 1890583
632 8573 1890898
632 8573 1891447
335 8964 1891664
632 8573 1891684
335 8849 1891828
335 8249 1892122
632 8573 1892204
108 8461 1893099
108 8461 1893155
108 8461 1893188
169 8357 1894244
108 8587 1894287
108 8587 1894402
108 8587 1894441
108 8587 1894471
108 8587 1894549
108 8587 1894576
108 8587 1894677
108 8587 1894742
108 8587 1894878
108 8587 1894943
335 8964 1894993
5972 8849 1894994
108 8587 1895028
335 8841 1895074
108 8587 1895077
108 8587 1895121
335 8841 1895150
3762 9025 1895938
335 8841 1896020
335 8964 1896213
1766 8823 1896677
1766 8823 1896701
169 8357 1896715
1766 8823 1896947
2069 8841 1898207
5299 9109 1898733
6610 8964 1902875
5299 9109 1903645
5299 9109 1904337
335 8964 1905523
335 8841 1905605
335 8476 1905731
476 8964 1907908
5526 8964 1908536
1104 8377 1908816
1154 8917 1909712
6639 8246 1912415
1153 8841 1913285
3646 8917 1913295
3646 8917 1913494
6645 8573 1913702
6645 8573 1913720
5299 9109 1915398
190 8612 1916905
6186 8377 1917134
335 8516 1917179
335 8519 1917223
335 8301 1917293
335 8311 1917322
335 8917 1917484
335 8551 1917628
335 8841 1918027
6661 8311 1922079
1046 8841 1922611
1046 8841 1922638
6663 8841 1922643
1046 8841 1922865
6665 8357 1923635
3762 9025 1924905
5679 8414 1924959
6431 8841 1925099
5679 8414 1925167
6431 8841 1925208
6431 8841 1925294
1046 8964 1925387
1046 8964 1925475
1046 8964 1925511
1046 8964 1925522
1046 8964 1925542
1046 8964 1925658
1046 8964 1925679
6672 8841 1926923
6672 8841 1927023
3762 9025 1927025
6672 8841 1927051
6672 8841 1927098
6672 8841 1927233
6672 8841 1927290
3236 8964 1927534
3236 8964 1927834
6675 8249 1929592
476 8964 1932155
476 8841 1932220
3114 8519 1932968
3114 8519 1933022
3114 8519 1933154
3114 8519 1933312
3114 8519 1933520
3114 8519 1933636
281 8249 1937504
6431 8841 1938404
6431 8841 1938874
3225 8295 1943558
5299 9109 1946914
6711 8249 1948681
6719 8849 1951654
6719 8849 1951928
6719 8849 1951991
6719 8849 1952020
6719 8849 1952039
6719 8849 1952085
6719 8849 1952202
6719 8849 1952252
6719 8849 1952282
6719 8849 1952812
6719 8849 1952959
6719 8849 1952992
6719 8849 1953023
6719 8849 1953105
6719 8849 1953170
6719 8849 1953212
6719 8849 1953247
6719 8849 1953267
6719 8849 1953327
6719 8849 1953341
6719 8849 1953366
6719 8849 1953392
6719 8849 1953412
6719 8849 1953429
6719 8849 1953478
6719 8849 1953639
1733 8906 1955211
1733 8906 1955258
3646 8917 1955839
476 8849 1956267
476 8906 1956356
476 8906 1956427
476 8841 1957197
476 8964 1959206
476 8841 1959343
476 8295 1959999
476 8841 1961998
476 8295 1962031
476 8295 1962058
476 8906 1962087
476 8906 1962109
6747 8550 1962134
476 8849 1962224
476 8516 1962250
6747 8550 1962267
476 8516 1962275
6747 8550 1962310
476 8519 1962330
6747 8550 1962332
476 8519 1962343
6747 8550 1962364
6747 8550 1962416
6747 8550 1962450
476 8841 1962475
6747 8550 1962533
476 8964 1962592
6747 8550 1962998
6747 8550 1963060
6747 8550 1963075
6747 8550 1963088
3646 8357 1965133
3646 8357 1965198
6431 8841 1965677
476 8841 1966369
145 8612 1966464
6747 8550 1966556
6747 8550 1966582
6747 8550 1966617
6747 8550 1966631
6747 8550 1966642
6747 8550 1966649
6747 8550 1966666
490 8573 1966906
6747 8550 1967109
6747 8550 1967343
6747 8550 1967398
6747 8550 1967476
6747 8550 1967509
6747 8550 1967563
6747 8550 1967580
6747 8550 1967659
6747 8550 1967760
6747 8550 1967789
6747 8550 1967801
6747 8550 1967851
6747 8550 1967942
6747 8550 1967972
6747 8550 1968026
6747 8550 1968175
190 8295 1968271
6747 8550 1968342
6747 8550 1968721
6747 8550 1968774
6747 8550 1968920
6747 8550 1969020
6747 8550 1969054
6747 8550 1969092
3236 8964 1969108
6747 8550 1969216
6747 8550 1969307
6747 8550 1969334
6747 8550 1969361
6747 8550 1969428
6747 8550 1969450
6747 8550 1969482
6747 8550 1969807
6747 8550 1969854
6747 8550 1969889
6747 8550 1969917
6747 8550 1969956
6747 8550 1969995
6747 8550 1970254
145 8612 1970348
145 8612 1970389
6747 8550 1970952
6747 8550 1970968
96 8310 1971334
3236 8964 1971389
6747 8550 1971453
96 8310 1971494
6747 8550 1971568
6747 8550 1971588
6747 8550 1971641
6747 8550 1971746
6747 8550 1971850
6777 8841 1972822
3762 9025 1974371
3762 9025 1974934
3762 9025 1975363
6305 8964 1976833
3236 8964 1976944
725 8473 1977159
6792 8325 1978420
1153 8841 1979119
3646 8917 1983650
3646 8917 1983680
971 8551 1985914
971 8551 1985980
971 8551 1986202
971 8551 1986321
335 8917 1986847
335 8461 1987396
335 8242 1988132
335 8551 1988154
335 8964 1988856
335 8841 1988991
6812 8964 1989964
839 8587 1991509
839 8587 1992259
839 8587 1992377
839 8587 1992444
839 8587 1992553
190 8612 1995380
190 8612 1997166
190 8612 1997182
190 8917 1997195
5930 8841 1998162
6167 8357 1998545
1104 8377 2000301
1104 8377 2001086
6837 8295 2001973
190 8295 2002958
3833 8551 2003037
3646 8357 2003626
3646 8357 2003976
3646 8357 2004065
3646 8917 2004473
6167 8357 2007534
6167 8357 2007570
169 8357 2008761
169 8357 2008957
6856 8587 2016334
6856 8587 2016473
6856 8587 2016684
6856 8587 2017040
6856 8587 2017268
6856 8587 2018010
6856 8587 2018060
6856 8587 2018228
6856 8587 2018269
6856 8587 2018987
6856 8587 2019570
6856 8587 2020564
6861 8841 2020776
6856 8587 2020809
1733 8377 2020852
6665 8357 2021134
6856 8587 2021328
5914 8573 2025522
160 8708 2028079
6868 8295 2028259
3114 8519 2033467
171 8249 2037561
108 8587 2040785
335 8476 2040786
108 8587 2040814
108 8587 2040913
108 8587 2041374
335 9086 2041817
335 9086 2041851
6890 8357 2042470
476 8249 2042807
476 8249 2042838
476 8516 2042865
476 8906 2044966
476 8906 2044993
3646 8357 2045820
3646 8357 2046067
387 8583 2046068
476 8295 2046251
476 8841 2046290
476 8906 2046319
476 8906 2046330
476 8849 2046355
476 8964 2046435
476 8964 2046450
476 8516 2046484
476 8516 2046504
16 8325 2046539
476 8917 2046540
16 8325 2046566
476 8519 2046567
16 8325 2046583
476 8519 2046585
476 8295 2046642
476 8841 2046944
108 8461 2047154
108 8461 2047184
108 8461 2047232
335 8917 2047384
476 8301 2047438
476 8301 2047453
476 8301 2047490
476 8249 2047529
476 8249 2047552
335 8461 2047634
476 8249 2047681
335 8311 2047713
335 8551 2047862
335 8242 2047904
4957 8295 2050224
335 8357 2050371
335 8906 2050873
335 8841 2051008
2526 8325 2051122
2933 9086 2052270
6918 8295 2054221
6930 8964 2056000
6930 8964 2056142
6932 8357 2058097
6932 8357 2058128
6932 8357 2058174
6939 8849 2060700
476 8295 2060997
476 8295 2061019
476 8516 2061098
476 8516 2061106
2933 8849 2061114
476 8519 2061140
476 8519 2061161
335 8551 2061399
335 8964 2062811
2526 8325 2064063
6954 8295 2066248
1046 8551 2066524
145 8295 2067140
6958 8964 2067321
6958 8964 2067344
145 8295 2067422
839 8587 2067500
2566 9016 2067533
1046 8551 2067553
1046 8551 2067559
2566 9016 2067727
2566 9016 2067872
2566 9016 2067892
145 8276 2067897
2566 9016 2067941
145 8276 2067947
2566 9016 2068292
2566 9016 2068422
145 8295 2068507
2566 9016 2068553
145 8295 2068678
145 8295 2068734
145 8295 2068881
145 8295 2068975
1046 8311 2069476
1046 8311 2069646
1046 8311 2069664
1046 8357 2069760
145 8295 2069766
1046 8357 2070196
6856 8587 2070579
6856 8587 2070720
6856 8587 2070802
6856 8587 2070898
6856 8587 2070958
6856 8587 2071084
6856 8587 2071222
6856 8587 2071473
6856 8587 2071531
6856 8587 2071743
1046 8249 2072019
6856 8587 2072151
160 8316 2072749
6980 8583 2075352
6984 8819 2077287
6985 8841 2077657
6985 8841 2077776
6812 8964 2079508
6992 8476 2079834
169 8357 2082197
169 8357 2084219
171 8249 2085209
269 8311 2085451
16 8249 2085959
171 8249 2086300
145 8276 2086725
7022 8242 2088170
7023 8612 2088305
7029 8573 2090086
7029 8573 2090682
7029 8573 2090903
7029 8573 2091237
7029 8573 2091450
7036 8583 2092954
725 8612 2098467
708 8414 2098991
708 8414 2099037
2841 8823 2106494
2841 8823 2106537
2841 8823 2106581
2841 8823 2106669
2841 8823 2106895
190 8612 2106905
2841 8823 2106937
7084 8295 2114140
7084 8295 2114480
108 8587 2117767
108 8587 2117796
108 8587 2117820
108 8587 2117931
7106 8519 2123672
6747 8550 2123807
6747 8550 2123872
6747 8550 2123907
6747 8550 2123976
2566 9016 2124210
2566 9016 2124342
2566 9016 2124371
2566 9016 2124424
2566 9016 2125056
2566 9016 2125427
2069 8242 2126395
2566 9016 2127864
7113 8849 2128072
2566 9016 2128847
7117 9109 2129082
7113 8849 2129283
7113 8849 2129328
7113 8849 2129510
5299 9109 2130263
5299 9109 2130318
171 8295 2130855
171 8295 2131479
2841 8823 2131914
387 8583 2132450
171 8295 2132491
387 8583 2132675
1705 8295 2132857
1705 8295 2133470
1705 8295 2133857
1705 8295 2133881
7130 8841 2134401
3114 8519 2139941
6167 8357 2143034
6167 8357 2143086
335 8612 2143579
335 8849 2143632
6167 8357 2143647
335 8964 2143690
335 8917 2143957
335 8461 2144060
335 8295 2144359
335 8906 2144434
2566 9016 2144873
2566 9016 2144914
2566 9016 2145002
2566 9016 2145026
5299 9109 2145166
6401 8476 2146990
1705 8295 2147709
1705 8295 2147731
7159 8519 2148170
7159 8519 2148382
169 8357 2148395
7159 8519 2148411
169 8357 2148495
7159 8519 2148941
7160 8325 2148965
7159 8519 2149036
7159 8519 2149117
7159 8519 2149139
169 8841 2149214
7159 8519 2149245
7160 8325 2149260
7159 8519 2149469
7159 8519 2149586
7160 8325 2150063
5299 9109 2150630
165 8249 2153668
165 8249 2153726
165 8249 2153772
6747 8550 2154913
6747 8550 2155035
1104 8377 2155262
6747 8550 2155721
6747 8550 2155782
6747 8550 2155919
6747 8550 2155996
5299 9109 2156013
5299 9109 2156851
1796 8551 2158112
7184 8357 2158114
7184 8357 2158136
7184 8357 2158242
971 8551 2158271
4771 8421 2159585
7036 8246 2159790
5480 8849 2160517
5480 8849 2160807
476 8841 2161264
476 8841 2161293
2551 8519 2162785
145 8295 2163079
1104 8377 2164716
5299 9109 2166006
5299 9109 2166295
3762 9025 2167435
3762 9025 2167551
5299 9109 2167731
3762 9025 2168056
3762 9025 2168231
145 8612 2168303
145 8612 2168347
3762 9025 2168654
3762 9025 2168773
3762 9025 2168847
2933 8276 2170000
7113 8612 2172054
3762 9025 2173276
190 8295 2173775
1104 8377 2175418
490 8476 2175937
387 8246 2176028
3762 9025 2177742
7245 8377 2177787
3762 9025 2177894
3762 9025 2177973
3762 9025 2178133
3762 9025 2178181
2836 9209 2178998
2836 9209 2179105
3762 9025 2179626
3762 9025 2180136
7159 8519 2180196
3762 9025 2181051
2836 9209 2181686
2836 9209 2181846
171 8295 2181989
171 8295 2182173
2836 9209 2182196
171 8295 2182232
2836 9209 2182295
171 8295 2182395
2836 9209 2182491
171 8249 2182540
2836 9209 2182653
171 8295 2182758
2836 9209 2182775
145 8295 2183418
145 8295 2183539
161 8849 2184114
171 8295 2184163
145 8295 2184378
145 8295 2184396
145 8295 2184469
145 8295 2184908
145 8295 2185061
145 8295 2185094
7264 8519 2185915
335 8906 2186250
335 8841 2186351
335 8964 2186384
335 8849 2186413
335 8516 2186432
335 8917 2186534
335 8519 2186559
335 8301 2186614
335 8551 2186816
7264 8519 2187044
7264 8519 2187261
3762 9025 2188999
3762 9025 2189107
3762 9025 2189159
3762 9025 2189672
3762 9025 2189755
3762 9025 2190658
3114 8519 2194525
3114 8519 2194793
3317 8377 2194873
3317 8377 2194949
2841 8823 2195005
3317 8377 2195050
3317 8377 2195459
160 8316 2197411
161 8849 2203004
161 8849 2203544
161 8849 2203783
161 8849 2204043
161 8849 2204176
3317 8377 2204196
3317 8377 2205496
5299 9109 2205854
5299 9109 2206310
5299 9109 2206907
7299 8964 2207822
5299 9109 2209608
2746 9057 2210271
5299 9109 2210339
5299 9109 2210438
2566 9016 2211037
5299 9109 2212291
171 8295 2212479
145 8612 2213387
5299 9109 2213586
7313 8849 2214063
6954 8295 2214527
5299 9109 2214695
5299 9109 2214898
7317 8301 2215359
4205 8249 2215503
5299 9109 2216233
5299 9109 2216553
6747 8550 2216649
6747 8550 2216663
6747 8550 2216932
387 8246 2217102
7324 8295 2217937
6747 8550 2218480
6747 8550 2218763
6747 8550 2218790
6747 8550 2218805
6747 8550 2218890
6747 8550 2218905
6747 8550 2218918
6747 8550 2218972
6747 8550 2219240
6747 8550 2219440
6747 8550 2219465
6747 8550 2219559
6747 8550 2219624
7264 8519 2220755
3114 8519 2220945
171 8295 2222506
5299 9109 2222543
171 8295 2222861
2746 9057 2222902
490 8476 2223430
5299 9109 2224425
1111 8450 2224810
5299 9109 2224894
5299 9109 2225360
1111 8450 2225400
1111 8450 2225470
1111 8450 2225487
2746 9057 2225492
2746 9057 2225565
1733 8917 2227260
6610 8841 2229295
476 8476 2230112
2746 9057 2230176
2746 9057 2230593
16 9109 2230900
2746 9057 2232449
2836 9209 2232833
2836 9209 2232879
7384 8849 2233323
2746 9057 2233841
6747 8550 2233994
6747 8550 2234015
6747 8550 2234043
6747 8550 2234065
6747 8550 2234122
6747 8550 2234136
2746 9057 2234463
2746 9057 2234573
2746 9057 2235087
2746 9057 2235436
4652 8964 2235465
533 8276 2236120
533 8276 2236225
2836 9209 2236237
2836 9209 2236311
476 8476 2236844
476 8841 2236933
335 8612 2237582
108 8461 2237660
108 8461 2237745
108 8461 2237776
335 8612 2238116
7402 8612 2239280
476 8612 2239332
387 8583 2240212
3762 9025 2241349
3762 9025 2241497
6350 8519 2241929
6350 8519 2242490
2746 9057 2242576
6350 8519 2242797
6350 8519 2242994
6350 8519 2243291
3762 9025 2243324
6350 8519 2243647
335 8476 2243866
335 8612 2243909
6350 8519 2244127
169 8357 2244158
6350 8519 2244288
169 8357 2244300
2836 9209 2245795
7159 8519 2246344
3646 8917 2246354
2836 9209 2246363
2836 9209 2246434
7159 8519 2246644
7159 8519 2246685
2836 9209 2246779
7159 8519 2246809
7159 8519 2246909
2836 9209 2247007
7159 8519 2247239
7159 8519 2247467
7159 8519 2247523
7159 8519 2247551
145 8612 2248631
2746 9057 2248907
2746 9057 2248999
2746 9057 2249177
7422 8242 2249656
7425 8249 2249896
5299 9109 2251303
3921 8295 2251819
2746 9057 2252996
2836 9209 2256595
2836 9209 2256626
2836 9209 2256716
2836 9209 2256822
2836 9209 2258242
1104 8377 2258491
1104 8377 2258520
2836 9209 2259040
2836 9209 2260234
2836 9209 2260955
2836 9209 2262712
2836 9209 2262929
2836 9209 2263709
5299 9109 2264003
2836 9209 2266679
6085 8325 2266901
190 8295 2266968
2836 9209 2267104
96 8310 2267483
2836 9209 2267546
160 8708 2268440
7469 8249 2269363
7480 8849 2274133
7480 8849 2274230
7480 8849 2274314
7480 8849 2274421
7480 8849 2274480
7480 8849 2274527
7480 8849 2274592
281 8295 2277266
281 8295 2277303
171 8295 2278971
171 8295 2279522
171 8295 2279549
335 8612 2287781
5299 9109 2291036
2841 8823 2293706
2841 8823 2293816
2841 8823 2293968
2841 8823 2294414
2153 8414 2295942
7532 8819 2298793
171 8242 2300746
808 8461 2301533
2836 9209 2301976
2836 9209 2302595
2836 9209 2302707
171 8242 2302942
171 8242 2303136
2836 9209 2303146
2836 9209 2303179
3236 8964 2304292
171 8242 2304476
171 8242 2304518
7545 8295 2304688
16 8249 2306108
335 8841 2306168
335 8476 2306230
335 8612 2306269
89 8377 2309312
2836 9209 2310334
160 8316 2311306
2836 9209 2311685
4957 8295 2312814
2836 9209 2313946
2836 9209 2313975
2836 9209 2314001
2836 9209 2314069
2836 9209 2315341
2836 9209 2315377
2836 9209 2315521
2836 9209 2316043
2836 9209 2316067
2836 9209 2316238
2836 9209 2316267
1104 8377 2317498
6565 8612 2318895
6402 8295 2320953
2746 9057 2321188
2746 9057 2321293
7608 8414 2323441
7608 8414 2323531
169 8357 2323855
169 8357 2324249
3323 8841 2324322
5526 8964 2325700
3323 8414 2326873
476 8295 2327047
3762 9025 2327658
3762 9025 2327874
169 8357 2328081
3762 9025 2328854
4540 8906 2328946
4540 8906 2328965
4540 8612 2329029
3762 9025 2329304
2836 9209 2330072
2836 9209 2331096
160 8316 2331231
7634 8516 2333840
7635 8414 2333874
143 8414 2333917
6565 8612 2333943
7634 8516 2333952
476 8612 2334000
476 8612 2334020
6565 8612 2334032
7634 8516 2334101
476 8612 2334168
476 8476 2334257
476 8612 2334544
476 8612 2334608
476 8476 2334650
335 8841 2334740
335 8612 2334789
335 8476 2334834
7640 8414 2334838
476 8476 2335631
476 8476 2335649
7642 8583 2335666
3762 9025 2336876
3762 9025 2336971
2836 9209 2340444
96 8310 2340532
96 8310 2340553
2836 9209 2340625
3762 9025 2340980
3762 9025 2341029
3762 9025 2341119
7652 8849 2341600
96 8310 2341734
96 8310 2341803
96 8310 2341832
96 8310 2341854
96 8310 2341949
96 8310 2341997
96 8310 2342390
96 8310 2342473
2746 9057 2342492
96 8310 2342542
96 8310 2342609
476 8612 2342678
96 8310 2342950
96 8310 2342964
335 8964 2343820
335 8516 2343863
335 8917 2344027
335 8519 2344081
1086 8708 2346268
1086 8708 2346333
1086 8708 2346392
96 8310 2346725
96 8310 2347453
160 8708 2348327
6565 8612 2349413
2836 9209 2351180
2836 9209 2351204
2836 9209 2351230
3762 9025 2351239
3762 9025 2351264
3762 9025 2351460
3762 9025 2351742
3762 9025 2351780
3762 9025 2351909
3762 9025 2352084
3762 9025 2352122
3762 9025 2352380
3762 9025 2352554
3762 9025 2352599
3762 9025 2352668
3762 9025 2352858
7245 8819 2353004
3762 9025 2353059
3762 9025 2353097
3762 9025 2353366
3762 9025 2353614
3762 9025 2353649
3762 9025 2353796
145 8612 2354198
145 8612 2354362
145 8612 2354407
169 8357 2354774
145 8612 2354785
145 8612 2354809
145 8612 2354868
145 8612 2355021
145 8612 2355181
145 8612 2355437
145 8612 2355657
171 8295 2355660
502 8476 2355899
145 8612 2355990
145 8612 2356045
145 8612 2356067
2069 8476 2356242
2069 8476 2356311
2069 8476 2356319
145 8612 2356360
145 8612 2356517
145 8612 2356595
145 8612 2356737
3762 9025 2357912
3762 9025 2358275
3762 9025 2358627
3762 9025 2358748
3762 9025 2358945
3762 9025 2359032
145 8612 2361636
145 8612 2361683
145 8612 2362372
145 8612 2362562
145 8612 2362921
3762 9025 2362924
3762 9025 2363033
145 8612 2363249
3762 9025 2363304
3762 9025 2363370
145 8612 2363404
3762 9025 2363418
3762 9025 2363518
145 8612 2363569
145 8612 2363711
3762 9025 2363738
3762 9025 2363837
3762 9025 2363914
3762 9025 2363979
3762 9025 2364026
145 8612 2364121
145 8612 2364530
145 8612 2364647
145 8612 2364803
3762 9025 2366062
145 8612 2366150
3762 9025 2366303
3762 9025 2367100
3762 9025 2367160
3762 9025 2367208
3762 9025 2367238
3762 9025 2367528
3762 9025 2368599
3762 9025 2368708
3762 9025 2368908
145 8612 2369346
3762 9025 2369836
335 8841 2373975
335 8964 2374045
335 8612 2374114
335 8612 2374150
335 8612 2374166
335 8612 2374181
335 8476 2374246
2746 9057 2386918
7729 8516 2387736
7731 8516 2387962
7731 8516 2388061
2746 9057 2388143
7731 8516 2388185
2746 9057 2388198
7732 8516 2388217
7731 8516 2388259
7733 8708 2388338
7731 8516 2388348
7731 8516 2388510
7732 8516 2388541
7731 8516 2388621
143 8516 2388664
7732 8516 2388939
143 8516 2388955
160 8708 2389081
3646 8917 2389236
2746 9057 2389641
5023 8587 2390208
2746 9057 2390274
2746 9057 2390395
476 8476 2390458
476 8612 2390515
476 8612 2390612
2746 9057 2391922
2841 8823 2392545
2841 8823 2392598
2079 8917 2392658
2841 8823 2392890
6747 8550 2393800
2079 8917 2394073
5830 8325 2394536
5830 8325 2394660
476 8476 2395406
2836 9209 2396691
2836 9209 2397078
2836 9209 2397156
2836 9209 2397192
2836 9209 2397804
3169 8849 2397952
5318 8421 2398120
5318 8421 2398547
490 8476 2399473
2836 9209 2400747
5318 8421 2401243
5318 8421 2401380
108 8461 2403051
108 8461 2403107
108 8461 2403191
2746 9057 2403548
2746 9057 2403596
2746 9057 2403665
2746 9057 2403734
2746 9057 2403925
2746 9057 2404449
6565 8612 2405381
7036 8612 2405398
6565 8612 2405451
476 8476 2406960
476 8612 2407006
145 8612 2407150
5293 8476 2407812
2836 9209 2411335
2841 8856 2411433
2836 9209 2411571
7782 9086 2412511
1086 8708 2413673
1086 8708 2414847
160 8708 2414932
1086 8708 2415087
6565 8612 2415456
6565 8612 2415599
1086 8708 2415710
6565 8612 2415824
2568 9209 2416375
160 8708 2416567
160 8708 2417696
2836 9209 2418416
6565 8612 2418842
3762 9025 2419263
3762 9025 2419567
3762 9025 2419697
3762 9025 2419876
3762 9025 2419927
460 8321 2419936
3762 9025 2420036
3762 9025 2420088
3762 9025 2420336
2069 8476 2421615
335 8612 2422380
335 8612 2422435
335 8476 2422601
335 8476 2422620
335 8841 2422742
335 8964 2422808
335 8849 2422899
335 8612 2423062
335 8476 2423116
335 8295 2423199
145 8612 2423345
145 8612 2423445
145 8612 2423500
3762 9025 2424242
3762 9025 2424417
3762 9025 2424487
335 8612 2425888
7803 8249 2427309
3762 9025 2427563
3762 9025 2427669
3762 9025 2427745
3762 9025 2427812
2746 9057 2427826
3762 9025 2427913
2746 9057 2427943
3762 9025 2428083
3762 9025 2428771
2836 9209 2428889
3762 9025 2428933
335 8906 2429058
3762 9025 2429176
335 8516 2429209
2836 9209 2429214
335 8917 2429319
335 8519 2429351
335 8461 2429460
335 8301 2429491
335 8357 2429772
3762 9025 2430151
3762 9025 2430250
2836 9209 2430548
335 8551 2430628
2836 9209 2430842
6565 8612 2431020
145 8612 2431752
171 8295 2431890
171 8295 2431963
2836 9209 2432526
2836 9209 2432571
335 8242 2433282
2836 9209 2435870
6565 8612 2436693
169 8357 2437131
476 8476 2437966
160 8316 2440461
2836 9209 2440530
160 8316 2442923
7830 8550 2444608
256 8421 2444935
256 8421 2445000
256 8421 2445097
256 8421 2445149
256 8421 2445232
160 8316 2445261
256 8421 2445388
145 8612 2445486
145 8295 2445643
256 8421 2445785
256 8421 2445870
256 8421 2445968
256 8421 2446141
256 8421 2446236
256 8421 2446398
256 8421 2446896
256 8421 2446937
3762 9025 2450387
3762 9025 2450645
256 8421 2455371
256 8421 2455507
256 8421 2455562
256 8421 2455863
256 8421 2455903
256 8421 2456105
256 8421 2456151
256 8421 2456186
256 8421 2456296
256 8421 2456447
256 8421 2456674
256 8421 2456756
256 8421 2456893
256 8421 2456986
256 8421 2457078
256 8421 2457274
256 8421 2457752
4941 8917 2457882
256 8421 2458255
256 8421 2459196
256 8421 2459395
256 8421 2459610
256 8421 2459700
256 8421 2460047
256 8421 2460212
256 8421 2460397
256 8421 2461304
256 8421 2461564
256 8421 2461669
256 8421 2461782
7858 8964 2462440
7861 8519 2464210
108 8461 2464519
7861 8519 2465660
7116 8612 2467413
145 8295 2469437
476 8612 2471996
476 8476 2472033
476 8476 2472080
476 8476 2472088
145 8612 2472164
145 8612 2472233
145 8612 2472301
2069 8917 2475563
145 8612 2476106
145 8612 2476148
145 8612 2476202
145 8612 2476255
171 8249 2478139
256 8421 2478251
467 8421 2478435
256 8421 2478549
256 8421 2478714
256 8421 2478879
7894 8421 2479304
256 8421 2479712
7113 8849 2479936
256 8421 2480004
256 8421 2480771
171 8295 2481139
7113 8849 2481459
171 8295 2481554
171 8295 2481999
1104 8612 2482180
7113 8849 2482256
2836 9209 2484554
2836 9209 2484599
2836 9209 2486763
2836 9209 2488367
5318 8421 2488729
476 8476 2488774
476 8612 2488843
335 8964 2489180
335 8476 2489225
335 8476 2489261
335 8841 2489319
2836 9209 2489354
335 8612 2489365
335 8849 2489725
3646 8917 2489981
160 8708 2490181
2836 9209 2490286
2836 9209 2490317
502 8476 2491397
169 8357 2491788
6565 8612 2492025
476 8476 2492338
2836 9209 2495543
1796 8551 2496561
1796 8357 2496637
1796 8357 2496682
1796 8357 2496713
1796 8516 2496840
2836 9209 2496843
2836 9209 2496949
2836 9209 2497067
2836 9209 2497668
2836 9209 2497712
476 8476 2499496
476 8295 2499557
169 8357 2500002
335 8476 2500695
335 8612 2500734
3236 8964 2501843
467 8421 2502105
502 8476 2502130
467 8421 2502929
467 8421 2503042
96 8583 2504778
190 8612 2505191
190 8295 2505212
467 8421 2505717
467 8421 2506894
3756 8421 2507918
476 8476 2508400
467 8421 2508601
145 8612 2508653
467 8421 2508679
3646 8516 2509239
467 8421 2509360
502 8476 2509859
467 8421 2509910
490 8476 2509983
502 8476 2510640
3762 9025 2510828
3762 9025 2510888
467 8421 2510908
3762 9025 2511054
467 8421 2511063
3762 9025 2511074
335 8476 2511167
467 8421 2511207
335 8612 2511208
3762 9025 2511272
502 8476 2511286
335 8917 2511456
3762 9025 2511497
502 8476 2511521
3762 9025 2511666
502 8476 2511671
467 8421 2511672
467 8421 2511932
502 8476 2512169
502 8476 2512293
467 8421 2512479
467 8421 2512629
502 8476 2512726
467 8421 2513380
502 8476 2514271
467 8421 2514372
502 8476 2514419
502 8476 2514817
335 8841 2515736
1086 8708 2515755
335 8964 2515786
335 8612 2515884
1086 8708 2515969
335 8476 2515997
160 8708 2518353
3646 8357 2518509
171 8242 2519554
171 8242 2519787
160 8708 2520683
335 8476 2521017
3646 8917 2521188
335 8906 2521350
335 8841 2521472
335 8917 2521623
335 8301 2521698
335 8242 2521848
190 8295 2522912
7964 8587 2523419
7967 8612 2525343
145 8461 2525690
145 8461 2525731
2836 8941 2526766
2836 8941 2527014
2836 9209 2528293
145 8612 2529394
145 8612 2529483
145 8612 2530276
145 8612 2530345
145 8612 2530376
145 8612 2530427
145 8612 2530476
145 8612 2530524
145 8612 2530567
145 8612 2530964
1733 8917 2535371
145 8612 2536395
7245 8377 2542272
6747 8550 2544255
6747 8550 2544636
6747 8550 2545167
6747 8550 2545281
6747 8550 2545374
5677 8964 2546434
145 8612 2547359
145 8612 2547681
145 8612 2548268
145 8612 2548318
3225 8377 2549761
6747 8550 2550162
3225 8377 2550210
6747 8550 2550231
145 8612 2552210
6747 8550 2555045
6861 8612 2556045
476 8476 2556464
476 8476 2556566
476 8612 2556639
145 8612 2556703
476 8476 2556791
6747 8550 2557141
6747 8550 2557241
6747 8550 2557282
6747 8550 2557294
6747 8550 2557307
6747 8550 2557338
6747 8550 2557524
6747 8550 2557690
1625 8249 2557830
171 8295 2558969
145 8612 2560702
6747 8550 2561035
6747 8550 2561101
335 8242 2561392
335 8242 2561409
145 8612 2561423
3225 8377 2561996
8025 8377 2562984
6747 8550 2563334
145 8612 2563388
6747 8550 2563406
6747 8550 2563432
145 8612 2564111
145 8612 2564193
145 8612 2564367
145 8612 2564397
145 8612 2564493
6747 8550 2564535
6747 8550 2564663
476 8295 2565184
476 8295 2565213
476 8612 2565324
6747 8550 2565372
476 8476 2565390
335 8612 2565406
476 8476 2565574
335 8841 2565694
335 8906 2565789
335 8964 2565932
476 8841 2565988
476 8849 2566111
335 8849 2566166
5318 8421 2566170
476 8849 2566179
335 8519 2566258
476 8849 2566282
335 8516 2566294
335 8461 2566364
5318 8421 2566539
145 8612 2566632
335 8249 2566657
335 8311 2566696
145 8612 2566741
6747 8550 2566745
145 8612 2566763
335 8551 2566823
145 8612 2566898
5318 8421 2566985
476 8519 2567384
476 8519 2567442
476 8516 2567521
476 8516 2567533
5318 8421 2567766
145 8612 2567994
145 8612 2568056
5318 8421 2568130
8040 8612 2568516
5299 9109 2569403
6747 8550 2571027
6747 8550 2571283
6747 8550 2571366
6747 8550 2571505
6747 8550 2571539
6747 8550 2571710
6747 8550 2571729
6747 8550 2571771
190 8295 2571882
6747 8550 2571999
2746 9057 2572029
6747 8550 2572054
6747 8550 2572679
467 8421 2572722
467 8421 2572955
6747 8550 2573224
6747 8550 2573458
6747 8550 2573522
6747 8550 2573558
467 8421 2573604
6747 8550 2573732
6747 8550 2573755
467 8421 2574009
1104 8612 2574353
467 8421 2574547
5311 9086 2575037
5311 9086 2575080
5299 9109 2575208
190 8612 2575520
7545 8295 2576948
467 8421 2576968
5299 9109 2577024
467 8421 2577087
2933 9086 2577327
2933 9086 2577355
467 8421 2577587
335 8476 2578486
467 8421 2579023
467 8421 2579984
467 8421 2580486
5299 9109 2580935
467 8421 2580939
467 8421 2581279
8071 8841 2581310
8071 8841 2581418
467 8421 2582146
467 8421 2582597
467 8421 2583049
467 8421 2583217
467 8421 2583801
7159 8519 2584282
3225 8377 2584377
2841 8823 2584700
2841 8823 2584825
2841 8823 2584861
2841 8823 2584962
2841 8823 2585330
460 8321 2587427
476 8476 2587705
476 8476 2587738
476 8964 2588219
476 8964 2588272
476 8906 2588338
725 8476 2588412
725 8476 2588447
476 8917 2588549
476 8917 2588587
387 8583 2588929
145 8612 2594077
145 8612 2594154
3646 8917 2594864
6565 8612 2595818
145 8612 2599473
145 8612 2599620
145 8612 2599656
145 8612 2599686
1474 8476 2601209
1474 8476 2601304
5665 8519 2601690
1474 8476 2601946
1474 8476 2601967
171 8249 2602026
171 8295 2602132
171 8295 2602319
5023 8587 2602873
8103 8849 2603001
3762 9025 2603096
3762 9025 2603374
3762 9025 2603440
3762 9025 2603589
3762 9025 2603686
3762 9025 2603743
3762 9025 2603790
3762 9025 2603827
3762 9025 2604025
3762 9025 2604106
5665 8321 2604176
4721 8519 2604214
3718 8587 2604367
5299 9109 2604552
171 8295 2605087
476 8295 2609495
528 8357 2615665
528 8357 2615720
725 8473 2616720
725 8473 2616838
1625 8249 2623781
3762 9025 2625752
3762 9025 2626077
3762 9025 2626104
3762 9025 2626143
3762 9025 2626206
3762 9025 2627281
3762 9025 2627303
3762 9025 2627325
3762 9025 2628147
7116 8612 2639424
7116 8612 2639587
7116 8612 2639684
7116 8612 2639790
7116 8612 2639974
7116 8612 2640104
7116 8612 2640273
2746 9057 2644805
839 8587 2646269
8174 8414 2647479
145 8612 2648389
145 8612 2648467
145 8612 2649303
145 8612 2649474
145 8612 2649680
145 8612 2649753
476 8906 2650197
476 8295 2650216
476 8476 2650243
476 8841 2650375
476 8841 2650395
476 8964 2650462
476 8964 2650480
476 8849 2650507
476 8516 2650530
476 8516 2650549
145 8612 2650568
145 8612 2650610
476 8476 2650690
476 8295 2650773
476 8906 2650912
476 8519 2650939
476 8519 2650959
476 8461 2651013
476 8461 2651026
145 8612 2651463
145 8295 2651611
145 8295 2651696
476 8551 2651925
476 8301 2652677
476 8301 2652722
476 8249 2652881
476 8249 2652918
387 8583 2653096
8191 8551 2658712
5299 9109 2658875
16 8325 2660094
16 8325 2660167
16 8325 2660413
16 8325 2660434
16 8325 2660539
16 8325 2660606
16 8325 2660630
16 8325 2660705
16 8325 2660761
16 8325 2660783
16 8325 2660839
16 8325 2660856
16 8325 2660927
16 8325 2661043
5299 9109 2661075
16 8325 2661084
16 8325 2661210
5526 8964 2661341
16 8325 2661354
5526 8964 2661410
16 8325 2661660
3762 9025 2661673
3762 9025 2661747
3762 9025 2662011
3762 9025 2662209
3762 9025 2662723
3762 9025 2662778
335 8612 2662946
467 8421 2663051
335 8841 2663136
335 8849 2663332
335 8516 2663369
335 8519 2663399
467 8421 2663477
335 8461 2663507
3762 9025 2663738
335 8917 2663854
335 8311 2664008
467 8421 2664078
335 8242 2664141
335 8551 2664181
16 9109 2664191
16 9109 2664211
6747 8550 2665352
6747 8550 2665375
467 8421 2665460
335 8849 2666065
3762 9025 2667740
335 8295 2667969
7113 8849 2668434
145 8612 2669345
145 8612 2669688
145 8612 2669729
145 8612 2670225
145 8612 2670669
145 8295 2670893
476 8295 2671463
476 8612 2671705
476 8612 2671724
476 8849 2672014
145 8612 2672023
476 8849 2672025
145 8612 2672110
476 8516 2672125
476 8519 2672219
169 8357 2672489
467 8421 2673003
3762 9025 2673451
3762 9025 2673673
3762 9025 2673822
3762 9025 2673861
5299 9109 2674210
3762 9025 2674403
3762 9025 2674475
3762 9025 2674762
5299 9109 2674811
3762 9025 2674849
8220 8316 2675075
490 8476 2675165
3762 9025 2675262
3762 9025 2675349
467 8421 2675543
5299 9109 2676039
5299 9109 2676085
5299 9109 2676145
160 8316 2676273
5299 9109 2676659
3762 9025 2676863
5299 9109 2677738
145 8612 2678030
3762 9025 2678158
