45 "[(8249, 13, 3734), (8380, 15, 146880), (8816, 11, 347813), (8843, 0, 357128), (8446, 6, 357896), (8816, 11, 594994), (8651, 5, 595998), (8667, 0, 602717), (8667, 0, 647936), (8847, 10, 721008), (8358, 12, 721347), (8567, 10, 759037), (8847, 10, 768125), (8613, 4, 830807), (8768, 5, 841633), (8784, 12, 922389), (8241, 7, 1028586), (8559, 1, 1030277), (9159, 0, 1664736), (8268, 5, 1781927), (8536, 8, 1787915), (8350, 6, 1789912), (8323, 12, 1790600), (8350, 6, 1866708), (9090, 5, 1938261), (8410, 2, 2066480), (8937, 6, 2067132), (9141, 15, 2112776), (8415, 7, 2121872), (9166, 7, 2129631), (9141, 15, 2175135), (8703, 12, 2206007), (8347, 6, 2229920), (8269, 3, 2244165), (8442, 7, 2246595), (9062, 5, 2283079), (8423, 7, 2616618)]"
57 "[(8244, 10, 5056), (8244, 10, 5800), (8244, 10, 45624), (8244, 10, 56386), (8244, 10, 368969), (8637, 11, 2114850)]"
8341 "[(17, 11, 16814), (22, 7, 16890), (143, 13, 17614), (148, 8, 17988), (1810, 15, 336620), (2591, 2, 533032), (1778, 0, 551970), (384, 7, 663389), (1775, 9, 669940), (3203, 4, 689018), (17, 11, 689784), (17, 11, 863564), (17, 11, 947089), (2137, 0, 948033), (2137, 0, 948079), (17, 11, 969832), (2442, 7, 1031279), (2442, 7, 1031418), (4426, 12, 1069626), (611, 1, 1077038), (3004, 15, 1496703), (608, 15, 1613048), (2230, 4, 2264861)]"
198 "[(8278, 15, 25113), (8278, 15, 90599), (8278, 15, 90613), (8644, 12, 180961), (8734, 5, 373159), (8734, 5, 373174), (8777, 9, 632207), (8726, 15, 691949), (9001, 15, 758188), (9001, 15, 758315), (9001, 15, 758744), (8777, 9, 1136175), (8777, 9, 1136198), (8777, 9, 1136320), (8777, 9, 1136357), (8777, 9, 1136455), (8777, 9, 1136487), (8777, 9, 1136505), (8777, 9, 1136691), (8963, 15, 1487021), (8963, 15, 1487069), (8963, 15, 1487114), (8963, 15, 1555918)]"
8346 "[(202, 12, 25329), (195, 12, 47020), (213, 12, 110200), (104, 12, 153347), (818, 12, 153505), (195, 12, 177967), (195, 12, 178065), (195, 12, 202126), (195, 12, 202158), (17, 11, 241163), (611, 1, 247435), (233, 0, 281150), (1564, 12, 297922), (611, 1, 299264), (611, 1, 339066), (811, 12, 371921), (195, 12, 394587), (611, 1, 426639), (423, 11, 437468), (2069, 13, 483887), (2069, 13, 483964), (213, 12, 491416), (423, 11, 604030), (195, 12, 614574), (826, 0, 700090), (17, 11, 742683), (608, 15, 746290), (497, 4, 845799), (1185, 4, 1004756), (1185, 4, 1084837), (1185, 4, 1085171), (1397, 8, 1114151), (1397, 8, 1114353), (195, 12, 1128036), (195, 12, 1128234), (195, 12, 1151624), (1185, 4, 1155889), (195, 12, 1235005), (195, 12, 1377103), (782, 0, 1436937), (367, 1, 1502400), (1185, 4, 1583268), (1185, 4, 1585239), (1185, 4, 1585339), (195, 12, 1647967), (195, 12, 1662944), (195, 12, 1734926), (195, 12, 1752161), (195, 12, 1767706), (1185, 4, 1782761), (195, 12, 1838170), (195, 12, 1912876), (195, 12, 1935731), (22, 7, 1958947), (1314, 5, 1970898), (1314, 5, 1971083), (611, 1, 1984972), (195, 12, 2082383), (195, 12, 2106816), (17, 11, 2140741), (195, 12, 2443152)]"
8291 "[(233, 0, 33454), (608, 15, 79670), (608, 15, 79687), (940, 11, 147929), (1594, 12, 417767), (2577, 9, 1304469), (233, 0, 2014165), (954, 0, 2095795)]"
8425 "[(39, 12, 35180), (39, 12, 35207), (39, 12, 42078), (39, 12, 42119), (39, 12, 217573), (39, 12, 292507), (39, 12, 294554), (39, 12, 303404), (443, 0, 331586), (443, 0, 879283), (443, 0, 879298), (2138, 4, 1097800), (17, 11, 1098961), (4504, 7, 1099259), (497, 4, 1099586), (2138, 4, 1099625), (2138, 4, 1099698), (181, 12, 1270292), (181, 12, 1271207), (443, 0, 1454783), (443, 0, 1454866), (181, 12, 1518392), (181, 12, 1522987), (181, 12, 1696724), (39, 12, 1858323), (3387, 12, 1864075), (39, 12, 2285797), (39, 12, 2476517)]"
8462 "[(335, 13, 46746), (808, 13, 135518), (335, 13, 165484), (512, 9, 177029), (1137, 11, 185148), (476, 13, 232972), (476, 13, 233029), (335, 13, 248425), (1046, 13, 458924), (1046, 13, 459657), (1046, 13, 459684), (1046, 13, 460024), (1046, 13, 460268), (1046, 13, 461193), (2522, 6, 519082), (2573, 11, 529669), (2573, 11, 692442), (2573, 11, 692474), (73, 10, 823861), (335, 13, 942956), (335, 13, 1227028), (335, 13, 1290316), (4825, 12, 1304340), (335, 13, 1364812), (335, 13, 1442325), (335, 13, 1531969), (3049, 7, 1667332), (335, 13, 1814740), (335, 13, 1917538), (3049, 7, 1959466), (335, 13, 1987871), (335, 13, 2047779), (335, 13, 2186691), (335, 13, 2238844), (2522, 6, 2241278), (335, 13, 2429694), (2522, 6, 2485946), (335, 13, 2521723), (782, 0, 2553277), (335, 13, 2566725), (2522, 6, 2646541), (335, 13, 2664095), (89, 13, 2669929), (476, 13, 2672299)]"
398 "[(8427, 7, 56761), (8427, 7, 56803), (8427, 7, 56873), (8583, 13, 1028646), (9041, 15, 1468180), (9041, 15, 1468221)]"
401 "[(8468, 3, 57016), (8419, 8, 93506), (8468, 3, 196804), (8284, 12, 456631), (8540, 15, 805002), (8419, 8, 1012807), (8849, 13, 1092965), (8540, 15, 1490979), (8282, 9, 1925274), (8555, 15, 2013017), (8491, 15, 2364095)]"
447 "[(8371, 12, 62062), (8371, 12, 498388), (8371, 12, 542011), (8454, 12, 652284), (8371, 12, 652895), (8371, 12, 1479379), (8371, 12, 1955260), (8371, 12, 1956886), (8454, 12, 2638997), (8454, 12, 2639736), (8454, 12, 2639853), (8454, 12, 2640021), (8454, 12, 2640240), (8454, 12, 2640471), (8454, 12, 2646158)]"
8520 "[(492, 1, 65869), (492, 1, 66583), (492, 1, 66901), (492, 1, 68423), (537, 15, 71270), (492, 1, 73208), (492, 1, 73234), (492, 1, 80407), (492, 1, 80513), (492, 1, 80683), (492, 1, 80835), (492, 1, 81109), (492, 1, 81155), (754, 5, 108075), (492, 1, 159033), (1095, 10, 172750), (364, 1, 224826), (1804, 5, 335846), (1804, 5, 336041), (1804, 5, 336091), (364, 1, 338059), (1804, 5, 338912), (1963, 10, 379934), (1963, 10, 379976), (1982, 5, 384581), (364, 1, 391838), (364, 1, 586918), (364, 1, 587035), (364, 1, 587405), (364, 1, 587893), (364, 1, 591543), (8, 1, 659357), (8, 1, 659525), (1804, 5, 662866), (364, 1, 670947), (8, 1, 675652), (492, 1, 683073), (8, 1, 776908), (8, 1, 777004), (3504, 1, 778976), (109, 1, 1873884), (364, 1, 1875205), (109, 1, 1875321), (109, 1, 1875359), (109, 1, 1875385), (364, 1, 1877140), (364, 1, 1877143), (364, 1, 1877155), (364, 1, 2222694), (109, 1, 2653102)]"
8407 "[(497, 4, 66602), (73, 10, 117998), (2810, 9, 1293324), (2810, 9, 1293472)]"
508 "[(8423, 7, 67755), (8423, 7, 67889), (8423, 7, 68238), (8423, 7, 68293), (8574, 15, 1824987), (8574, 15, 1825046), (8574, 15, 1825158)]"
517 "[(8423, 7, 68660), (8423, 7, 68662), (8384, 12, 429442), (8384, 12, 429445), (8384, 12, 429475), (8384, 12, 429508), (8633, 5, 494497), (8633, 5, 495198), (8633, 5, 495496), (8633, 5, 497847), (8633, 5, 507810), (8633, 5, 507811), (8633, 5, 577268), (8633, 5, 578320), (8633, 5, 591950), (8633, 5, 592005), (8633, 5, 592044), (8633, 5, 592198), (8633, 5, 592782), (8633, 5, 592803), (8633, 5, 593204), (8633, 5, 752322), (8633, 5, 918388), (8633, 5, 1015162), (9069, 2, 1174364), (8633, 5, 1210793), (9084, 2, 2653058)]"
532 "[(8499, 0, 70467), (8554, 2, 75957), (8602, 11, 251499), (8722, 5, 255193), (8841, 13, 345482), (8435, 2, 373784), (8461, 13, 492371), (8273, 1, 544487), (8625, 11, 574270), (8548, 15, 577374), (8414, 13, 676513), (8602, 11, 714510), (8237, 6, 755107), (8331, 12, 854924), (8437, 11, 890209), (8687, 9, 926234), (8295, 13, 934096), (8284, 12, 940218), (8726, 15, 1015022), (8367, 3, 1018684), (8421, 13, 1022437), (8719, 5, 1022852), (8841, 13, 1091466), (8504, 8, 1095585), (8447, 12, 1111465), (8601, 3, 1128565), (8402, 2, 1213271), (8644, 12, 1279910), (8644, 12, 1359842), (8906, 13, 1449562), (8683, 7, 1491465), (8440, 12, 1664671), (8418, 8, 1995893), (8591, 7, 2008038), (8535, 4, 2047472), (8827, 7, 2070994), (8985, 8, 2229510), (8950, 9, 2350119), (8365, 8, 2397481), (8869, 8, 2471147), (8992, 11, 2482197), (8894, 1, 2485122), (8606, 1, 2525086), (8992, 11, 2589726), (8632, 12, 2594147), (8554, 2, 2596492), (8841, 13, 2597897), (9197, 8, 2645344)]"
8401 "[(443, 0, 74910), (443, 0, 75042), (17, 11, 97223), (611, 1, 107273), (611, 1, 120137), (17, 11, 158754), (167, 11, 258402), (167, 11, 258919), (443, 0, 319501), (782, 0, 327507), (443, 0, 329051), (611, 1, 382020), (443, 0, 402910), (233, 0, 543472), (40, 0, 545881), (443, 0, 585888), (443, 0, 599639), (17, 11, 652500), (2708, 3, 743313), (443, 0, 809808), (703, 1, 837633), (703, 1, 839970), (443, 0, 881406), (184, 0, 886832), (184, 0, 886923), (184, 0, 893065), (443, 0, 895351), (184, 0, 909929), (443, 0, 1023260), (1970, 2, 1049520), (611, 1, 1072192), (443, 0, 1222052), (233, 0, 1231871), (1970, 2, 1317214), (303, 11, 1415773), (68, 5, 1423641), (537, 15, 1448172), (233, 0, 1490748), (68, 5, 1491698), (4100, 1, 1532850), (443, 0, 1617193), (4085, 0, 1661395), (443, 0, 1716495), (443, 0, 1716581), (1593, 0, 1758236), (1593, 0, 1758343), (40, 0, 1819736), (40, 0, 1908359), (7531, 0, 2307033), (68, 5, 2377337), (443, 0, 2402049), (7531, 0, 2538935), (17, 11, 2556945), (4752, 11, 2627689)]"
12 "[(8581, 15, 85477), (8581, 15, 87159), (8581, 15, 87723), (8581, 15, 88746), (8581, 15, 99793), (8581, 15, 100072), (8581, 15, 100494), (8581, 15, 100873), (8581, 15, 101128), (8581, 15, 131956), (8581, 15, 132282), (8581, 15, 132633), (8581, 15, 133138), (8581, 15, 133341), (8581, 15, 133676), (8581, 15, 133968), (8581, 15, 134297), (8581, 15, 134500), (8581, 15, 134988), (8581, 15, 677716)]"
659 "[(8240, 12, 89746), (8264, 15, 111317), (8618, 9, 114640), (8635, 10, 127320), (8731, 0, 200658), (8534, 0, 268963), (8525, 2, 269846), (8631, 6, 270194), (8338, 12, 353872), (8854, 10, 453925), (8514, 15, 525354), (8901, 1, 610522), (8846, 1, 623523), (8236, 0, 696381), (8389, 11, 877078), (8290, 6, 879432), (9026, 10, 953443), (8548, 15, 1052310), (8578, 1, 1423060), (9165, 2, 1730960), (9136, 11, 1731235), (8264, 15, 1826637), (8385, 11, 1908364), (8390, 3, 2092980), (8250, 5, 2120096), (9054, 2, 2169676), (8622, 1, 2184658), (9123, 8, 2260859), (8849, 13, 2261034), (8761, 4, 2540714), (9198, 8, 2618335)]"
737 "[(8486, 12, 106466), (8486, 12, 121289), (8486, 12, 478095), (8486, 12, 478109), (8486, 12, 541884), (8486, 12, 541903), (8486, 12, 541929), (8486, 12, 601949), (8486, 12, 690513), (8486, 12, 777414), (8486, 12, 883409), (8486, 12, 1032448), (8486, 12, 1032634), (8486, 12, 1032716), (8486, 12, 1076616), (8486, 12, 1343980), (8486, 12, 1400370), (8486, 12, 1400667), (8486, 12, 1400695), (8486, 12, 1429997), (8486, 12, 1551361), (8486, 12, 1942672), (8486, 12, 2006707), (8486, 12, 2031233), (8486, 12, 2123305), (8486, 12, 2338439), (8486, 12, 2467904), (8486, 12, 2468017)]"
742 "[(8594, 6, 106530), (8607, 7, 107196), (8607, 7, 107266), (8607, 7, 107342), (8607, 7, 107396), (8824, 0, 686715), (8964, 13, 1089860), (8285, 8, 1493964), (8594, 6, 1977059), (8594, 6, 1983226)]"
8589 "[(17, 11, 106658), (745, 0, 106781), (745, 0, 106859), (745, 0, 106933), (745, 0, 107005), (745, 0, 107055), (627, 8, 342092), (68, 5, 387912), (4109, 3, 994863), (4085, 0, 1585291), (1263, 8, 1621661), (1263, 8, 1622080), (1148, 8, 1624762)]"
8539 "[(221, 5, 109059), (221, 5, 526412), (68, 5, 854201), (630, 12, 862638), (73, 10, 1082366), (630, 12, 1480307), (630, 12, 1724501), (630, 12, 1987057), (630, 12, 1995560), (40, 0, 2025646), (630, 12, 2051285), (73, 10, 2357025), (221, 5, 2527424), (221, 5, 2590383)]"
8354 "[(777, 11, 112907), (73, 10, 118022), (777, 11, 121812), (777, 11, 121879), (777, 11, 139057), (355, 0, 195944), (777, 11, 199668), (355, 0, 276216), (355, 0, 278873), (777, 11, 660212), (443, 0, 1207542), (3129, 7, 2163243), (443, 0, 2230544), (443, 0, 2231012), (443, 0, 2231042), (443, 0, 2231137), (443, 0, 2231167), (443, 0, 2231304), (443, 0, 2231368)]"
8238 "[(233, 0, 115074), (2314, 15, 477326), (1294, 15, 1439969), (4085, 0, 2171657)]"
8620 "[(68, 5, 126664), (233, 0, 281828), (346, 8, 385190), (346, 8, 448303), (346, 8, 666860), (346, 8, 720188), (346, 8, 740613), (346, 8, 784745), (611, 1, 810574), (611, 1, 810774), (5457, 11, 1508643)]"
845 "[(8552, 7, 128748)]"
859 "[(8446, 6, 131866), (9072, 3, 1164089), (8319, 7, 1164122), (8319, 7, 1164178), (8648, 11, 1504113), (8506, 6, 2228281), (9045, 2, 2477226), (8563, 11, 2496568)]"
898 "[(8243, 7, 141013), (8311, 13, 144202), (8311, 13, 144319), (8295, 13, 717659), (8471, 3, 718105), (8463, 15, 1527996), (8736, 5, 1924527), (8736, 5, 1925103), (8434, 12, 1940696)]"
8604 "[(941, 4, 148893), (1014, 1, 158546), (1206, 5, 223082), (1319, 11, 229973), (1319, 11, 311996), (1319, 11, 312120), (8, 1, 428345), (897, 3, 439459), (1206, 5, 1075675), (1206, 5, 1088594), (1206, 5, 1088839), (50, 2, 1285287), (1184, 15, 1293785), (1014, 1, 2253988)]"
8682 "[(17, 11, 153558), (664, 4, 153682), (664, 4, 153793), (664, 4, 153870), (664, 4, 154018), (664, 4, 154134), (190, 13, 154205), (731, 11, 154307), (22, 7, 154344), (731, 11, 154451), (22, 7, 154617), (2148, 4, 421887), (837, 5, 478186), (731, 11, 509824), (552, 8, 608301), (611, 1, 1466932), (17, 11, 1468658), (497, 4, 1536029), (4752, 11, 1540200), (17, 11, 1549470), (17, 11, 1561457), (611, 1, 1572924), (17, 11, 1632837), (17, 11, 1633970), (261, 7, 1643914), (731, 11, 1649840), (17, 11, 1712999), (3238, 11, 1713392), (3238, 11, 1713511), (731, 11, 1820578), (731, 11, 1820649), (731, 11, 1890988), (627, 8, 1992071), (17, 11, 1992928), (2769, 6, 2060784), (731, 11, 2063793), (731, 11, 2120683), (17, 11, 2157066), (1813, 6, 2157143), (17, 11, 2189109), (17, 11, 2198183), (3061, 9, 2213270), (3061, 9, 2213285)]"
1004 "[(8293, 1, 158998), (8595, 11, 354369), (8761, 4, 368655), (9053, 2, 1047409), (9053, 2, 1047806), (9053, 2, 1096950), (9053, 2, 1098126), (8591, 7, 1470492)]"
8577 "[(799, 0, 160794), (559, 15, 262796), (559, 15, 264407), (281, 13, 794821), (3921, 13, 925130), (559, 15, 939423), (559, 15, 1018936), (1314, 5, 1126530), (285, 11, 1165764), (1448, 15, 1172742), (1448, 15, 1173009), (1448, 15, 1173189), (1448, 15, 1173215), (1448, 15, 1173261), (145, 13, 1173429), (1448, 15, 1174199), (1448, 15, 1174325), (1448, 15, 1174632), (285, 11, 1174659), (285, 11, 1174790), (1448, 15, 1174902), (1448, 15, 1175153), (1448, 15, 1175182), (1448, 15, 1175439), (291, 12, 1175547), (1448, 15, 1175556), (1448, 15, 1176130), (1448, 15, 1176202), (1448, 15, 1176594), (1448, 15, 1176857), (1448, 15, 1176930), (1448, 15, 1176996), (1448, 15, 1177105), (17, 11, 1177111), (1448, 15, 1177233), (181, 12, 1177257), (2277, 11, 1177625), (285, 11, 1177719), (1448, 15, 1177997), (4140, 12, 1178031), (1448, 15, 1178585), (17, 11, 1178609), (2441, 13, 1179393), (1448, 15, 1179613), (1448, 15, 1179743), (1448, 15, 1179925), (1448, 15, 1180450), (1448, 15, 1181319), (1448, 15, 1182598), (285, 11, 1194457), (4057, 12, 1204336), (467, 13, 1216032), (22, 7, 1217801), (1066, 8, 1217811), (1066, 8, 1230839), (1066, 8, 1234136), (190, 13, 1234713), (190, 13, 1242878), (190, 13, 1242921), (2079, 13, 1264673), (2079, 13, 1270897), (17, 11, 1274585), (1270, 11, 1278985), (145, 13, 1339786), (145, 13, 1339860), (145, 13, 1339951), (145, 13, 1340021), (145, 13, 1340297), (145, 13, 1346022), (190, 13, 1363133), (2079, 13, 1393630), (4752, 11, 1428909), (4752, 11, 1429449), (17, 11, 1429761), (2079, 13, 1446546), (514, 15, 1453460), (2079, 13, 1479879), (5665, 13, 1515436), (190, 13, 1576254), (190, 13, 1578855), (190, 13, 1579009), (190, 13, 1579072), (190, 13, 1579254), (190, 13, 1579496), (17, 11, 1638104), (167, 11, 1699610), (143, 13, 1720168), (167, 11, 1720290), (2365, 2, 1724976), (285, 11, 1776551), (4665, 4, 1804635), (387, 13, 1809239), (387, 13, 1809251), (1047, 8, 1894041), (549, 13, 2084773), (549, 13, 2084827), (549, 13, 2084919), (549, 13, 2084979), (549, 13, 2090226), (2196, 7, 2153628), (2441, 13, 2294977), (17, 11, 2497857), (190, 13, 2618869), (17, 11, 2631746), (89, 13, 2670394)]"
1043 "[(8633, 5, 163701)]"
162 "[(8568, 12, 165301), (8568, 12, 354869), (8391, 12, 422543), (8568, 12, 1244773), (8568, 12, 1297054), (8568, 12, 1297877), (8568, 12, 1454918), (8568, 12, 1662672), (8391, 12, 1902261)]"
8611 "[(1058, 0, 165779), (349, 1, 237033), (233, 0, 281729), (40, 0, 340343), (40, 0, 340862), (233, 0, 542268), (3238, 11, 698909), (611, 1, 896002), (703, 1, 945610), (703, 1, 945702), (703, 1, 945759), (17, 11, 1161499), (4085, 0, 1239186), (233, 0, 1496216), (367, 1, 1854310), (233, 0, 2441705), (749, 10, 2517291), (252, 4, 2541830)]"
8528 "[(1039, 12, 167563), (2764, 15, 745536), (611, 1, 1326664), (5614, 15, 1466228), (2190, 11, 1888472), (17, 11, 2546374)]"
140 "[(8276, 13, 184565), (8278, 15, 970208), (9001, 15, 1027383)]"
8720 "[(17, 11, 186869), (1594, 12, 1684367), (233, 0, 1750449), (4085, 0, 2289944)]"
8732 "[(443, 0, 203821), (1468, 10, 670299), (2594, 8, 1768600), (4085, 0, 1826748), (628, 15, 2251383)]"
1218 "[(8372, 3, 207504), (8372, 3, 235842), (8372, 3, 253069), (8839, 10, 343008), (8950, 9, 636585), (8972, 0, 853904), (8972, 0, 1245743), (8986, 4, 1709550), (8986, 4, 1721626), (8986, 4, 1761328)]"
1233 "[(8384, 12, 212197), (8384, 12, 212219), (8384, 12, 290054), (8384, 12, 910644), (8384, 12, 1846830)]"
1276 "[(8466, 2, 219264), (8684, 10, 587852), (8684, 10, 587946), (8548, 15, 661020), (8295, 13, 822586), (8766, 2, 1106338), (8594, 6, 1270182), (8594, 6, 1270337), (9072, 3, 1348615), (8790, 9, 1425178), (8828, 9, 1426395), (8828, 9, 1426622), (8618, 9, 1708239), (9163, 1, 1712812), (9163, 1, 1712977), (9163, 1, 1713105), (9163, 1, 1713229), (8347, 6, 2318321), (8706, 11, 2621950), (8706, 11, 2622088), (8706, 11, 2622145), (9088, 4, 2623596), (8243, 7, 2624182), (9084, 2, 2634209)]"
1304 "[(8384, 12, 227410), (8384, 12, 384002)]"
8232 "[(402, 3, 233070), (728, 11, 1473307), (728, 11, 1475547)]"
719 "[(8461, 13, 237486), (8461, 13, 270990), (8461, 13, 271023), (8461, 13, 853704)]"
156 "[(8625, 11, 238989), (8343, 9, 247291), (8722, 5, 267609), (8622, 1, 289805), (8397, 4, 360850), (8376, 9, 366555), (8390, 3, 379692), (8390, 3, 380532), (8390, 3, 381511), (8273, 1, 381855), (8848, 5, 462806), (8848, 5, 463135), (8848, 5, 463966), (8848, 5, 464148), (8848, 5, 464304), (8848, 5, 464804), (8848, 5, 465150), (8246, 13, 465630), (8670, 0, 541788), (8471, 3, 789009), (8687, 9, 874602), (8355, 8, 961100), (8446, 6, 965742), (8623, 8, 1055436), (8263, 5, 1138306), (8370, 6, 1138690), (8288, 12, 1148474), (9086, 13, 1240373), (9086, 13, 1240643), (8791, 5, 1558148), (9117, 9, 1661851), (8816, 11, 1662859), (8816, 11, 1663202), (9129, 15, 1663717), (9117, 9, 1669488), (8343, 9, 1840813), (8985, 8, 2147250), (8952, 0, 2147567), (8665, 6, 2276011), (8665, 6, 2276094), (8665, 6, 2276144), (8883, 5, 2276479), (8357, 13, 2278436), (8665, 6, 2278509), (8665, 6, 2288647), (8883, 5, 2289096), (8883, 5, 2289541), (8734, 5, 2290159), (8333, 15, 2442533), (8390, 3, 2443276), (9028, 10, 2545170), (9028, 10, 2545755), (8377, 13, 2550346)]"
8386 "[(68, 5, 241424), (233, 0, 1666201), (68, 5, 1936614), (233, 0, 2013236)]"
1405 "[(8390, 3, 245672), (8290, 6, 1386346)]"
8332 "[(68, 5, 250300), (68, 5, 627339), (68, 5, 650181), (983, 5, 887074), (537, 15, 896635), (1810, 15, 989721), (1810, 15, 1020812), (1810, 15, 1021217), (1810, 15, 1038105), (1810, 15, 1038899), (1810, 15, 1095569), (1810, 15, 1274620), (1810, 15, 1856463), (1810, 15, 2423381), (68, 5, 2425804), (1810, 15, 2605067), (1810, 15, 2667629)]"
8375 "[(1458, 6, 257789), (537, 15, 743746), (537, 15, 1502564), (537, 15, 1609334), (4523, 12, 1912486), (4523, 12, 1913044), (537, 15, 2280235)]"
1466 "[(8411, 3, 259672), (8556, 11, 509351)]"
1477 "[(8562, 15, 261617), (8592, 15, 2122801)]"
8403 "[(68, 5, 268039)]"
8639 "[(552, 8, 269144), (687, 12, 394470), (2131, 15, 416689), (2131, 15, 423690), (2131, 15, 423858), (552, 8, 423859), (17, 11, 450448), (2277, 11, 463662), (552, 8, 471418), (233, 0, 544659), (687, 12, 577662), (2819, 10, 592332), (17, 11, 650776), (552, 8, 701858), (441, 12, 767092), (552, 8, 772887), (687, 12, 863903), (2216, 4, 905729), (68, 5, 941169), (2131, 15, 955868), (687, 12, 1035930), (2103, 5, 1167566), (552, 8, 1208520), (687, 12, 1208721), (552, 8, 1246255), (552, 8, 1246269), (687, 12, 1288477), (17, 11, 1289579), (687, 12, 1290958), (552, 8, 1431083), (2131, 15, 1503082), (552, 8, 1624186), (2148, 4, 1633499), (2216, 4, 1665925), (2131, 15, 1693638), (687, 12, 1776286), (687, 12, 1893294), (6564, 11, 1909782), (17, 11, 1909783), (6564, 11, 1909888), (22, 7, 1909934), (17, 11, 2084161), (2148, 4, 2237861), (2148, 4, 2238077), (2148, 4, 2238099), (2374, 4, 2238270), (2148, 4, 2238345), (17, 11, 2239009), (7557, 11, 2419793), (2148, 4, 2500752), (17, 11, 2617955), (17, 11, 2672189)]"
1547 "[(8738, 15, 277378), (8662, 10, 277506), (8450, 13, 884665), (8662, 10, 969811), (8587, 13, 2659732)]"
8313 "[(321, 12, 279996), (321, 12, 285946), (17, 11, 286459), (321, 12, 286680), (321, 12, 307821), (40, 0, 2253047)]"
8735 "[(233, 0, 285651), (717, 9, 1792488), (717, 9, 1792620), (512, 9, 1792809), (4186, 11, 2647165)]"
8654 "[(233, 0, 286488), (233, 0, 453034), (423, 11, 529248), (2365, 2, 531391)]"
388 "[(8633, 5, 299848), (8633, 5, 395803), (8633, 5, 395866), (8633, 5, 396098), (8633, 5, 396766), (8633, 5, 397147), (8633, 5, 397261), (8633, 5, 397414), (8633, 5, 397738), (8633, 5, 397794), (8633, 5, 397842), (8633, 5, 398063), (8633, 5, 398331), (8633, 5, 399044), (8633, 5, 399952), (8633, 5, 400031), (8633, 5, 413386), (8633, 5, 413567), (8633, 5, 413679), (8633, 5, 415158), (8633, 5, 473063), (8633, 5, 473127), (8633, 5, 495353), (8633, 5, 637821), (8633, 5, 639290), (8633, 5, 639391), (8633, 5, 639413), (8633, 5, 639560), (8633, 5, 643717), (8633, 5, 644038), (8633, 5, 772449), (8633, 5, 772607), (8633, 5, 772733), (8633, 5, 816780), (8633, 5, 928080), (8633, 5, 1006416), (8286, 12, 2569290)]"
1641 "[(8446, 6, 306790), (8446, 6, 306832), (8737, 10, 307639), (8737, 10, 307696), (8703, 12, 650881), (8703, 12, 650923), (9069, 2, 1169762)]"
1631 "[(8366, 12, 307126)]"
1646 "[(8372, 3, 307211)]"
1657 "[(8384, 12, 310144)]"
1676 "[(8785, 15, 314142)]"
1670 "[(8470, 1, 324494), (8755, 5, 380054), (8373, 11, 712278), (8445, 0, 896050), (8578, 1, 1364670), (8548, 15, 1611550), (8626, 11, 2190110), (8779, 15, 2581161), (9041, 15, 2621762)]"
1726 "[(8256, 3, 325298), (8452, 5, 752031), (8327, 10, 753568), (8567, 10, 754452), (8409, 10, 754678), (8668, 1, 948593), (8537, 10, 1041295), (8565, 15, 1041497), (8812, 7, 1284907), (8908, 7, 1285258), (9083, 6, 1291117), (8295, 13, 1292885), (8640, 15, 1293642), (8387, 0, 1293770), (8536, 8, 1294003), (8435, 2, 1295153), (9074, 2, 1295228), (9053, 2, 1456523), (8552, 7, 1458033), (8517, 8, 1458913), (8563, 11, 1460361), (8754, 11, 1460809), (8866, 15, 1542050), (8559, 1, 1638114), (8670, 0, 1880765), (9087, 0, 2070382), (8260, 7, 2071528), (8771, 1, 2137028), (8734, 5, 2137107), (8607, 7, 2137993), (9189, 0, 2138978), (8540, 15, 2139167), (8592, 15, 2139238), (8545, 1, 2139362), (8347, 6, 2139769), (8629, 15, 2140010), (8957, 11, 2140521), (8452, 5, 2146810), (8438, 0, 2146823), (8268, 5, 2146844), (8537, 10, 2147052), (8470, 1, 2147102), (8251, 1, 2662951), (8850, 12, 2663552), (8260, 7, 2666480)]"
1756 "[(8415, 7, 329386)]"
1780 "[(8319, 7, 332984), (8822, 2, 1357185), (8822, 2, 1358989), (8660, 11, 1401352), (8965, 0, 1401373), (8250, 5, 1401652)]"
1820 "[(8733, 2, 338051), (8584, 15, 846765), (8866, 15, 846884), (8584, 15, 1006475), (8584, 15, 1012341), (8584, 15, 1616940), (8245, 4, 1728127), (8562, 15, 2151540), (8318, 2, 2396372), (8318, 2, 2399944), (8318, 2, 2676693)]"
1839 "[(8837, 15, 341611), (8565, 15, 1808221), (8565, 15, 1810596)]"
8801 "[(1259, 15, 345154), (1562, 15, 361156), (68, 5, 388622), (2105, 4, 412537), (17, 11, 425109), (2198, 6, 433286), (2198, 6, 433352), (2198, 6, 433379), (2198, 6, 456392), (206, 15, 535598), (1562, 15, 638156), (731, 11, 671409), (2240, 15, 947188), (611, 1, 986435), (22, 7, 997695), (1259, 15, 1012904), (1259, 15, 1012938), (611, 1, 1068280), (148, 8, 1190802), (2555, 15, 1308423), (2708, 3, 1363307), (22, 7, 1363407), (1259, 15, 1379147), (17, 11, 1385013), (17, 11, 1393972), (497, 4, 1450785), (17, 11, 1527274), (4091, 15, 1578578), (1647, 0, 1598178), (1647, 0, 1598419), (233, 0, 1662708), (557, 15, 1719774), (557, 15, 1719948), (557, 15, 1720010), (557, 15, 1720042), (557, 15, 1720152), (557, 15, 1720192), (557, 15, 1722078), (557, 15, 1722220), (1562, 15, 1734228), (1562, 15, 1734288), (557, 15, 1737890), (557, 15, 1737951), (557, 15, 1737992), (557, 15, 1738074), (6278, 4, 1745079), (557, 15, 1806403), (3532, 15, 1820740), (3532, 15, 1820816), (3532, 15, 1820836), (22, 7, 1908349), (557, 15, 1911672), (557, 15, 1911710), (557, 15, 1911806), (557, 15, 1966543), (557, 15, 1966565), (535, 15, 2000182), (233, 0, 2013889), (628, 15, 2060440), (1562, 15, 2066596), (1562, 15, 2066637), (17, 11, 2066927), (1562, 15, 2067204), (1562, 15, 2084686), (1562, 15, 2085397), (17, 11, 2085862), (1538, 12, 2086665), (1562, 15, 2089652), (557, 15, 2090154), (1951, 15, 2090697), (1951, 15, 2090786), (1951, 15, 2090949), (2769, 6, 2090971), (1951, 15, 2091051), (1562, 15, 2092309), (1562, 15, 2093759), (1884, 12, 2095314), (1562, 15, 2102070), (17, 11, 2108109), (17, 11, 2108498), (17, 11, 2108531), (17, 11, 2110795), (717, 9, 2118229), (2240, 15, 2130855), (557, 15, 2138842), (2769, 6, 2146996), (2769, 6, 2147154), (557, 15, 2152463), (2769, 6, 2154213), (2769, 6, 2157479), (7205, 4, 2163709), (1538, 12, 2166809), (6470, 4, 2167665), (17, 11, 2173608), (17, 11, 2180112), (451, 15, 2210110), (451, 15, 2210351), (451, 15, 2210389), (16, 13, 2234765), (7050, 15, 2252462), (1562, 15, 2255142), (744, 1, 2269506), (68, 5, 2270673), (1562, 15, 2275617), (2879, 15, 2276249), (2879, 15, 2276351), (2879, 15, 2276395), (2879, 15, 2276425), (206, 15, 2292723), (206, 15, 2292765), (2240, 15, 2313454), (2240, 15, 2315422), (451, 15, 2318354), (451, 15, 2318713), (451, 15, 2318752), (167, 11, 2325040), (6107, 9, 2329528), (6107, 9, 2329533), (2240, 15, 2331334), (1562, 15, 2338870), (1562, 15, 2339005), (2240, 15, 2340768), (2240, 15, 2341145), (2240, 15, 2342613), (2240, 15, 2342678), (4085, 0, 2362270), (451, 15, 2382246), (1562, 15, 2423218), (3612, 15, 2481718), (2240, 15, 2568289), (557, 15, 2609323)]"
1894 "[(8391, 12, 355882), (8391, 12, 356049), (8404, 15, 534284), (8404, 15, 541136), (8404, 15, 542948), (8404, 15, 543376), (8404, 15, 2352542)]"
819 "[(8384, 12, 358456), (8384, 12, 726333), (8384, 12, 906112), (8384, 12, 1089453)]"
601 "[(8565, 15, 365310), (8565, 15, 549661), (8574, 15, 599098), (8974, 15, 697353), (8837, 15, 850056), (8974, 15, 913200), (8974, 15, 967372), (8974, 15, 967438), (8974, 15, 967540), (8974, 15, 994302), (8974, 15, 1011168), (8974, 15, 1023324), (8974, 15, 1035367), (8974, 15, 1052911), (8974, 15, 1052985), (8974, 15, 1184439), (8974, 15, 1261869), (8295, 13, 1291560), (8974, 15, 1463819), (8574, 15, 1620868), (8574, 15, 1627408), (8974, 15, 1758688), (8509, 4, 1772833), (8509, 4, 1772963), (8509, 4, 1773222), (8974, 15, 1945982), (8974, 15, 2082964), (8974, 15, 2083006), (8974, 15, 2083105), (8974, 15, 2085829), (8974, 15, 2120845), (8974, 15, 2129876), (8565, 15, 2136943), (8565, 15, 2143870), (8411, 3, 2146849), (8411, 3, 2146890), (8411, 3, 2152594), (8974, 15, 2209933), (8974, 15, 2230438), (8565, 15, 2352056), (8565, 15, 2400564), (8974, 15, 2466553), (8565, 15, 2466670), (8974, 15, 2503622), (8974, 15, 2554917), (8974, 15, 2597519)]"
762 "[(8391, 12, 366052), (8371, 12, 495407), (8391, 12, 495638), (8371, 12, 495895), (8391, 12, 1040068), (8467, 15, 1577090), (8391, 12, 1738037), (8371, 12, 1738260), (8371, 12, 2238419), (8371, 12, 2238451), (8391, 12, 2238866)]"
8352 "[(555, 8, 366740), (374, 12, 397206), (371, 12, 569921), (17, 11, 597249), (555, 8, 619683), (374, 12, 677167), (374, 12, 677592), (374, 12, 677712), (374, 12, 677744), (374, 12, 678401), (374, 12, 678445), (555, 8, 678816), (374, 12, 680405), (374, 12, 949252), (374, 12, 1015595), (430, 12, 1021317), (374, 12, 1021602), (374, 12, 1276731), (374, 12, 1290251), (371, 12, 1451033), (374, 12, 1867012), (374, 12, 1980151), (374, 12, 2213356)]"
1936 "[(8384, 12, 366883)]"
1866 "[(8318, 2, 367928), (8318, 2, 1651479)]"
8627 "[(811, 12, 395822), (811, 12, 396683), (125, 11, 450240), (811, 12, 545430), (811, 12, 546313), (68, 5, 701447), (17, 11, 2169264), (6470, 4, 2185826), (17, 11, 2354380), (68, 5, 2371377), (782, 0, 2455334)]"
2087 "[(8640, 15, 409013), (9045, 2, 1023223), (8247, 6, 1191719), (8433, 3, 1625773), (8380, 15, 1627979), (8838, 3, 1701477), (8433, 3, 2285112), (8267, 3, 2287613)]"
8482 "[(17, 11, 417663), (2138, 4, 418375), (1492, 11, 834435), (367, 1, 1591436)]"
2054 "[(8765, 10, 418687), (8231, 0, 930111), (8231, 0, 930116), (8978, 1, 1099741), (8668, 1, 2400415)]"
2146 "[(8358, 12, 421244), (8358, 12, 421262), (8295, 13, 698481), (8414, 13, 867072), (8295, 13, 879017), (8477, 12, 1021590), (8414, 13, 1138030), (9069, 2, 1185913), (8477, 12, 1186309), (8295, 13, 1282357), (8295, 13, 1311845), (8411, 3, 1638145), (8411, 3, 1638322)]"
8561 "[(557, 15, 421553), (1562, 15, 539204), (611, 1, 880093), (557, 15, 1112712), (557, 15, 1112787), (2240, 15, 1195306), (17, 11, 1496593), (206, 15, 1510318), (17, 11, 2299797), (1562, 15, 2338266), (557, 15, 2338588), (557, 15, 2338627), (557, 15, 2338867), (557, 15, 2338911), (557, 15, 2338957), (557, 15, 2339051), (557, 15, 2339085), (2240, 15, 2342721), (17, 11, 2343821), (4065, 9, 2347544), (557, 15, 2399117), (557, 15, 2399147), (557, 15, 2399246), (557, 15, 2399336), (611, 1, 2515779)]"
2157 "[(8377, 13, 424055), (9086, 13, 1278121)]"
2089 "[(8384, 12, 424231), (8434, 12, 766254), (8434, 12, 766369), (8434, 12, 768749), (8434, 12, 2604818)]"
2263 "[(8549, 12, 456935), (8284, 12, 457148), (8549, 12, 700871)]"
2339 "[(8593, 7, 483145), (8343, 9, 569544), (8421, 13, 651390), (8343, 9, 2057933), (8718, 15, 2118461)]"
2390 "[(8888, 4, 492313), (8888, 4, 492424), (8888, 4, 492835), (8470, 1, 1493038), (8992, 11, 1497258), (9151, 7, 1872723), (8937, 6, 2355591), (8645, 0, 2374681)]"
1840 "[(8687, 9, 501349), (8687, 9, 501456), (8581, 15, 2125150)]"
1752 "[(8896, 7, 524355), (8896, 7, 524421), (8896, 7, 524836), (8896, 7, 525012), (8896, 7, 547335), (8896, 7, 932363), (8896, 7, 2070134), (8896, 7, 2482286)]"
8890 "[(233, 0, 540189), (233, 0, 2013988), (537, 15, 2027855), (233, 0, 2529370)]"
1238 "[(8429, 15, 555549), (8629, 15, 848001)]"
8878 "[(608, 15, 567240), (233, 0, 1662794)]"
2168 "[(8380, 15, 581341), (8380, 15, 651822), (8718, 15, 2188522)]"
2110 "[(8348, 1, 592470), (8602, 11, 699649), (8348, 1, 937752), (8348, 1, 938333), (8602, 11, 938457), (8347, 6, 1040572), (8348, 1, 1104250), (8339, 4, 1104597), (8348, 1, 1106067), (8415, 7, 1294664), (8602, 11, 1564099), (8348, 1, 1624054), (8348, 1, 1879765), (8777, 9, 2147421), (8348, 1, 2148134), (8348, 1, 2148229), (8348, 1, 2234878), (8348, 1, 2315111), (8917, 13, 2317348), (8917, 13, 2317472), (8348, 1, 2317878)]"
8379 "[(2826, 10, 593299), (2826, 10, 593448), (2355, 15, 865202), (1259, 15, 1690139), (1259, 15, 1719221), (2769, 6, 2154142), (3611, 15, 2673318)]"
1975 "[(8622, 1, 598268), (8371, 12, 2061218), (8371, 12, 2061313), (8371, 12, 2061529), (8371, 12, 2159283), (8371, 12, 2159307), (8371, 12, 2159411), (8371, 12, 2159457)]"
2881 "[(8855, 1, 603508), (8667, 0, 610805), (8841, 13, 611086), (8491, 15, 945201), (8419, 8, 1030723), (8295, 13, 1198604), (8547, 12, 1285812), (8361, 9, 1294303), (8458, 8, 1816586), (8650, 11, 1882638), (8650, 11, 1883743), (8361, 9, 2252740), (8414, 13, 2334045)]"
8688 "[(1549, 1, 615256), (1549, 1, 615756), (1549, 1, 616767), (1549, 1, 617812), (40, 0, 713526), (40, 0, 807392), (68, 5, 809335), (1471, 0, 965347), (68, 5, 974832), (1549, 1, 975058), (1549, 1, 975540), (73, 10, 979183), (233, 0, 1495236), (233, 0, 1664518), (233, 0, 1751582)]"
8364 "[(2953, 4, 617121), (68, 5, 1359230), (68, 5, 1360677), (68, 5, 1365013), (68, 5, 1384132), (68, 5, 1393109), (68, 5, 1438041), (4085, 0, 1755165), (68, 5, 2052815)]"
1274 "[(8471, 3, 622138), (8471, 3, 622192)]"
234 "[(8723, 0, 633934), (8723, 0, 634474), (8723, 0, 634591)]"
8794 "[(220, 12, 637958), (22, 7, 1307011), (5197, 13, 1318308), (220, 12, 1913313), (912, 9, 1914566), (220, 12, 1979611), (319, 3, 2305386), (319, 3, 2395155), (319, 3, 2397142)]"
3027 "[(8390, 3, 641143)]"
8741 "[(3039, 0, 645414), (4085, 0, 1573254), (443, 0, 1873791), (443, 0, 1986421), (443, 0, 2126206), (2708, 3, 2137706), (4604, 12, 2145321), (4085, 0, 2436282), (1471, 0, 2449817)]"
2719 "[(8892, 8, 646044)]"
3081 "[(8872, 5, 661718)]"
8413 "[(1314, 5, 684063), (1314, 5, 684114), (1314, 5, 684371), (1314, 5, 684429), (2708, 3, 743853), (3511, 4, 781354), (73, 10, 824051), (16, 13, 854631), (16, 13, 854698), (22, 7, 1362221), (4085, 0, 1741096), (40, 0, 1824093), (22, 7, 1906541)]"
2510 "[(8593, 7, 695318)]"
8981 "[(68, 5, 715190), (68, 5, 726444), (68, 5, 727594), (950, 7, 1469780)]"
8973 "[(233, 0, 721633), (150, 2, 735604), (73, 10, 888138), (233, 0, 1416444), (608, 15, 1909523)]"
8990 "[(537, 15, 741685), (799, 0, 765437), (3483, 5, 772357), (3483, 5, 772626), (67, 0, 776806), (67, 0, 777076), (67, 0, 777091), (3506, 0, 779487), (233, 0, 806915), (40, 0, 811213), (1359, 10, 813296), (2923, 0, 951866), (799, 0, 1067855), (1184, 15, 1069893), (1184, 15, 1069949), (1184, 15, 1100181), (1184, 15, 1100203), (799, 0, 1111096), (233, 0, 1146388), (116, 8, 1353789), (116, 8, 1353824), (870, 3, 1355280), (870, 3, 1355496), (116, 8, 1477707), (116, 8, 1647454), (233, 0, 1839179), (40, 0, 1843595), (116, 8, 1862659), (116, 8, 1862823), (116, 8, 1871089), (116, 8, 1871218), (233, 0, 1922418), (2495, 0, 1941695), (116, 8, 1950701), (116, 8, 1950787), (2246, 8, 1962046), (2246, 8, 1962047), (4186, 11, 2172843), (116, 8, 2253790), (116, 8, 2253848), (116, 8, 2258482), (5622, 11, 2573550)]"
2395 "[(8471, 3, 764475), (8471, 3, 764542)]"
2939 "[(8989, 8, 767102), (8989, 8, 767257), (8989, 8, 767381), (8989, 8, 827480), (8989, 8, 827561)]"
1363 "[(8582, 8, 767632), (8582, 8, 992202), (8467, 15, 1028883), (8582, 8, 1037304), (8582, 8, 1183167), (8467, 15, 1289978), (8418, 8, 1804243), (8507, 2, 1804331), (8467, 15, 2033906), (8467, 15, 2078488), (8467, 15, 2133806), (8467, 15, 2171787), (8467, 15, 2175344), (8467, 15, 2185808), (8418, 8, 2320462), (8467, 15, 2595707)]"
8711 "[(2093, 4, 771881), (1148, 8, 1947866)]"
500 "[(8726, 15, 776575), (8777, 9, 776577), (8339, 4, 805047), (9048, 13, 1014630), (8237, 6, 1153330), (8237, 6, 1153394), (9168, 6, 1961389), (8282, 9, 1962003), (8402, 2, 2067960)]"
3512 "[(8263, 5, 781704), (8464, 15, 1552935), (8985, 8, 1710655), (9163, 1, 1894896), (9163, 1, 1895199), (8791, 5, 2326666)]"
5 "[(8461, 13, 781794)]"
8889 "[(954, 0, 785121), (4085, 0, 1076879), (954, 0, 1433584), (627, 8, 1634357)]"
3556 "[(8581, 15, 796286)]"
3216 "[(8562, 15, 800327)]"
2943 "[(8358, 12, 800818), (8283, 8, 1959779), (8316, 13, 2006087), (8316, 13, 2142471), (8652, 8, 2174723), (8586, 9, 2337649), (8423, 7, 2653180), (8402, 2, 2653198)]"
3592 "[(8584, 15, 816642), (8339, 4, 909349), (8584, 15, 999972), (8339, 4, 1000343), (8574, 15, 1181231), (8676, 9, 1183362), (8498, 4, 1264121), (8686, 0, 1701479), (8645, 0, 1701630), (8716, 11, 1702518), (8574, 15, 1792025), (8466, 2, 1959608), (8676, 9, 2653634)]"
8996 "[(303, 11, 830782), (303, 11, 1334600), (4085, 0, 2175715)]"
205 "[(8298, 4, 836019), (8298, 4, 836978), (8974, 15, 1459801), (8298, 4, 1632211), (8298, 4, 1705948), (8298, 4, 1728918), (8298, 4, 1807441)]"
3668 "[(8686, 0, 841527)]"
3708 "[(8887, 3, 852069)]"
3716 "[(8298, 4, 853943), (8339, 4, 861170), (8243, 7, 1056118), (8591, 7, 1056229), (8421, 13, 1133376)]"
3743 "[(8771, 1, 863407), (8331, 12, 889418), (9084, 2, 1201928)]"
3811 "[(8371, 12, 882582)]"
3828 "[(8623, 8, 889423)]"
4001 "[(8624, 0, 944408), (8459, 0, 1015233), (8851, 3, 1015767), (9041, 15, 1026537), (9041, 15, 1026560), (8738, 15, 1027032), (8846, 1, 1029249), (8734, 5, 2129699), (8663, 0, 2150590), (8578, 1, 2151751), (8861, 10, 2151849)]"
3981 "[(8896, 7, 958879), (8896, 7, 1271626), (8896, 7, 1271854), (8896, 7, 1973843), (8896, 7, 1977311), (8896, 7, 1977407), (9080, 5, 2292945), (8722, 5, 2304739)]"
4058 "[(8974, 15, 964750)]"
4075 "[(8278, 15, 969372), (8278, 15, 969416), (8278, 15, 969472), (8278, 15, 1007776), (8278, 15, 1012278), (8586, 9, 2587202)]"
9022 "[(233, 0, 970428), (233, 0, 971488)]"
9033 "[(233, 0, 973299), (233, 0, 1233024)]"
9040 "[(73, 10, 979473), (4085, 0, 1390965)]"
4116 "[(8974, 15, 986457), (8565, 15, 2453265)]"
3269 "[(9049, 3, 998853), (8853, 11, 2552217), (8853, 11, 2552331)]"
735 "[(9048, 13, 1003559)]"
4279 "[(8243, 7, 1028211), (8676, 9, 2496051)]"
4311 "[(8408, 5, 1036677)]"
4473 "[(8588, 1, 1091600), (8366, 12, 2395105)]"
407 "[(8278, 15, 1091966)]"
4657 "[(8268, 5, 1153806), (8575, 4, 1347834)]"
8857 "[(73, 10, 1165751), (68, 5, 1738531), (233, 0, 1840860), (4085, 0, 1903561), (3682, 6, 1970454), (68, 5, 2035196), (3682, 6, 2124183), (3320, 5, 2572989)]"
4699 "[(9069, 2, 1170014)]"
4827 "[(8249, 13, 1196284), (8249, 13, 1196311)]"
4837 "[(8235, 12, 1198380)]"
4082 "[(8963, 15, 1205655)]"
4887 "[(8402, 2, 1207185), (8402, 2, 1213499), (8623, 8, 1478887)]"
4888 "[(8264, 15, 1207419), (8264, 15, 1207610), (8507, 2, 1207923), (8507, 2, 1277036)]"
4739 "[(8575, 4, 1209765), (8575, 4, 1394088), (8575, 4, 1394140), (8575, 4, 1394448), (8575, 4, 1397452), (8575, 4, 1417701), (8575, 4, 1508100), (8575, 4, 1640745), (8575, 4, 1640769), (8575, 4, 1755117), (8575, 4, 1784021)]"
1215 "[(8265, 12, 1234148), (8265, 12, 1234238), (8486, 12, 1234686), (8486, 12, 1235069)]"
5037 "[(9034, 12, 1265237), (8260, 7, 1285923), (9166, 7, 1793710), (9166, 7, 1881757), (9166, 7, 2172595), (8458, 8, 2224411), (8781, 5, 2231045), (8781, 5, 2231207), (8781, 5, 2231300), (8781, 5, 2231361)]"
5098 "[(8453, 15, 1281716)]"
3195 "[(8532, 8, 1283610)]"
5279 "[(8909, 3, 1354399), (8419, 8, 1354803)]"
5215 "[(9100, 0, 1357033)]"
5398 "[(8917, 13, 1382250), (8917, 13, 1382464)]"
3609 "[(8384, 12, 1402283), (8384, 12, 1402394), (8384, 12, 1402444)]"
871 "[(8603, 4, 1425641), (8603, 4, 1487549)]"
9058 "[(5622, 11, 1495966), (233, 0, 1579431)]"
2731 "[(8387, 0, 1504574)]"
4063 "[(8591, 7, 1531888), (8504, 8, 1632134), (8446, 6, 1829399)]"
5383 "[(8519, 13, 1548005), (8295, 13, 1574195), (8418, 8, 1968378), (9194, 10, 2144986), (9170, 2, 2671350)]"
1075 "[(8590, 5, 1613251)]"
1985 "[(8623, 8, 1614666), (8623, 8, 1614702), (8623, 8, 1614726), (8623, 8, 1625807), (8623, 8, 1632582), (8896, 7, 2040659)]"
6093 "[(9163, 1, 1674778), (9163, 1, 1968064), (9197, 8, 2039100), (9197, 8, 2453519), (9197, 8, 2471251)]"
5255 "[(8486, 12, 1760427), (8486, 12, 1909697), (8486, 12, 2085859)]"
2056 "[(8370, 6, 1786359)]"
8995 "[(233, 0, 1839442), (1259, 15, 2145194), (1920, 15, 2433368)]"
6530 "[(8555, 15, 1866808), (8581, 15, 1867007), (8260, 7, 2220063)]"
4751 "[(9086, 13, 1896599), (9086, 13, 1896809), (9086, 13, 1896836)]"
6612 "[(8374, 12, 1903497), (9163, 1, 1903812)]"
9182 "[(2936, 10, 1916081), (2936, 10, 2002250), (4789, 9, 2269195), (4186, 11, 2465825), (4186, 11, 2465879), (608, 15, 2595607)]"
1041 "[(8917, 13, 1950007), (8848, 5, 2239630)]"
6385 "[(8288, 12, 1968416), (8306, 5, 2047130), (8985, 8, 2217152), (8595, 11, 2217207)]"
6881 "[(8636, 0, 2036726), (8636, 0, 2036793)]"
6922 "[(8581, 15, 2055202)]"
7040 "[(8592, 15, 2102187), (8592, 15, 2102288)]"
9200 "[(367, 1, 2108004)]"
7134 "[(8565, 15, 2135976)]"
9204 "[(233, 0, 2183672), (40, 0, 2186337)]"
7283 "[(8411, 3, 2198909)]"
3459 "[(8262, 8, 2214231), (8262, 8, 2214267)]"
4578 "[(9063, 3, 2222713)]"
9199 "[(1906, 4, 2269552), (1906, 4, 2269594)]"
2195 "[(8361, 9, 2272045)]"
8834 "[(443, 0, 2362634)]"
9213 "[(4085, 0, 2374741), (750, 3, 2425053), (2923, 0, 2595303), (2923, 0, 2595454), (2923, 0, 2595524), (2923, 0, 2595862)]"
572 "[(8612, 13, 2417495)]"
5525 "[(8526, 7, 2483786)]"
2142 "[(8565, 15, 2497595)]"
8689 "[(7782, 13, 2550002)]"
9060 "[(1647, 0, 2567636)]"
7218 "[(8718, 15, 2577751)]"
4455 "[(8402, 2, 2669436)]"
