8285 "[(22, 7, 5721), (433, 4, 60942), (935, 5, 149949), (1065, 10, 167151), (1112, 11, 176418), (1438, 9, 449152), (233, 0, 538301), (17, 11, 580995), (935, 5, 698754), (935, 5, 698973), (758, 15, 791166), (1065, 10, 797754), (935, 5, 1017802), (4085, 0, 1333248), (509, 2, 1349324), (935, 5, 1453263), (935, 5, 1453303), (4085, 0, 1470349), (742, 14, 1493964), (611, 1, 1636311), (6225, 9, 1723782), (1305, 4, 1778607), (695, 5, 1802765), (695, 5, 1802787), (695, 5, 1802812), (695, 5, 1806492), (935, 5, 1806923), (233, 0, 2015103), (935, 5, 2258234), (935, 5, 2258257), (1065, 10, 2347647), (4085, 0, 2363236), (7316, 6, 2411368)]"
8283 "[(145, 13, 17856), (145, 13, 17874), (145, 13, 18111), (145, 13, 18148), (145, 13, 18407), (163, 15, 20156), (730, 12, 104075), (730, 12, 104095), (73, 10, 118041), (17, 11, 170050), (68, 5, 254466), (163, 15, 424867), (163, 15, 424929), (1104, 13, 491961), (2593, 7, 533519), (2365, 2, 706887), (2365, 2, 1043729), (2365, 2, 1096054), (423, 11, 1336201), (2365, 2, 1357561), (17, 11, 1482699), (509, 2, 1522238), (509, 2, 1522761), (509, 2, 1556156), (935, 5, 1878752), (2943, 14, 1959779), (611, 1, 2667393)]"
148 "[(8341, 14, 17988), (8583, 13, 159529), (8343, 9, 415910), (8871, 4, 418079), (8282, 9, 485162), (8314, 6, 485950), (8883, 5, 493258), (8343, 9, 578211), (8301, 13, 740020), (8777, 9, 1184973), (8801, 14, 1190802), (8563, 11, 1271263), (8463, 15, 2143963), (9223, 4, 2481304), (9124, 5, 2487158), (8312, 15, 2655934)]"
8355 "[(167, 11, 20569), (437, 2, 61091), (437, 2, 61266), (437, 2, 156423), (611, 1, 201029), (611, 1, 346964), (611, 1, 350499), (437, 2, 517748), (437, 2, 682592), (2708, 3, 735957), (156, 14, 961100), (248, 7, 961187), (2230, 4, 1035919), (2196, 7, 1219873), (3774, 13, 1489200), (125, 11, 2107072), (3323, 13, 2322755), (2230, 4, 2344415), (2637, 0, 2442120), (691, 0, 2442263), (691, 0, 2442338), (691, 0, 2442385), (3015, 0, 2464400), (691, 0, 2529877), (351, 15, 2552855)]"
8458 "[(335, 13, 47811), (630, 12, 284717), (630, 12, 285126), (630, 12, 287778), (233, 0, 365139), (4085, 0, 1320989), (630, 12, 1372489), (2881, 14, 1816586), (233, 0, 2097701), (5037, 14, 2224411)]"
369 "[(8252, 7, 51976)]"
435 "[(8450, 13, 61028), (8463, 15, 316272), (8643, 15, 319832)]"
116 "[(8423, 7, 64397), (8257, 12, 1046989), (8257, 12, 1172027), (8257, 12, 1182893), (8257, 12, 1183054), (8990, 14, 1353789), (8990, 14, 1353824), (8990, 14, 1477707), (9106, 3, 1561394), (9106, 3, 1568240), (9106, 3, 1568916), (9106, 3, 1569422), (9106, 3, 1569962), (8990, 14, 1647454), (8990, 14, 1862659), (8990, 14, 1862823), (8990, 14, 1871089), (8990, 14, 1871218), (8990, 14, 1950701), (8990, 14, 1950787), (8990, 14, 2253790), (8990, 14, 2253848), (8990, 14, 2258482)]"
506 "[(8531, 12, 69478), (8531, 12, 646744), (8670, 0, 817496), (8531, 12, 854864), (8670, 0, 857024), (8531, 12, 937125), (8670, 0, 937972), (8670, 0, 990955), (8670, 0, 993675), (8670, 0, 1077141), (8670, 0, 1077193), (8531, 12, 1172771), (8531, 12, 1172807), (8531, 12, 1172894), (8531, 12, 1247408), (8531, 12, 1419267), (8670, 0, 1697182)]"
8536 "[(527, 13, 70063), (1951, 15, 375683), (935, 5, 752000), (935, 5, 752069), (233, 0, 807982), (1726, 14, 1294003), (45, 14, 1787915), (68, 5, 2454233), (68, 5, 2464333), (482, 7, 2587079)]"
8517 "[(545, 11, 71616), (623, 11, 82165), (623, 11, 147119), (623, 11, 307188), (623, 11, 307204), (1706, 9, 319978), (400, 10, 320974), (623, 11, 501508), (2477, 11, 509672), (623, 11, 663253), (623, 11, 663302), (623, 11, 751514), (623, 11, 1036839), (73, 10, 1169640), (233, 0, 1235099), (1726, 14, 1458913), (233, 0, 1494716), (1219, 11, 1516315), (6323, 4, 2037470), (623, 11, 2238376), (623, 11, 2238420), (623, 11, 2238456), (623, 11, 2238475), (545, 11, 2306664)]"
555 "[(8547, 12, 73062), (8352, 14, 366740), (8352, 14, 619683), (8352, 14, 678816), (8547, 12, 724910), (8547, 12, 914657), (8547, 12, 1285547), (8547, 12, 1371328), (8547, 12, 2611741)]"
8277 "[(579, 7, 75673), (579, 7, 425657), (579, 7, 425680), (2403, 1, 494104), (579, 7, 680056), (579, 7, 680112), (579, 7, 863056), (579, 7, 1211144), (579, 7, 1284119), (5855, 7, 1566419), (5321, 3, 1714804), (68, 5, 1716009), (579, 7, 1806227), (579, 7, 1806259), (579, 7, 2066305), (2365, 2, 2342006), (356, 12, 2425411), (579, 7, 2471299)]"
35 "[(8529, 2, 77886), (8529, 2, 77952), (8529, 2, 77988)]"
614 "[(8423, 7, 80647)]"
627 "[(8572, 11, 83039), (8491, 15, 94483), (8257, 12, 115435), (8589, 14, 342092), (8263, 5, 782971), (8873, 2, 1235392), (8781, 5, 1317864), (8544, 11, 1444394), (8544, 11, 1444522), (8544, 11, 1444595), (8446, 6, 1624705), (8917, 13, 1632121), (8889, 14, 1634357), (8384, 12, 1724958), (8781, 5, 1812844), (8781, 5, 1812961), (8562, 15, 1896265), (8249, 13, 1896374), (8682, 14, 1992071), (8510, 4, 2149006), (8974, 15, 2419664), (8570, 15, 2425145), (9205, 5, 2427895)]"
61 "[(8587, 13, 93122), (8461, 13, 106836), (8461, 13, 106918), (8587, 13, 659605), (8461, 13, 748470), (8321, 13, 1011329), (8587, 13, 1180949), (8461, 13, 1181160), (8461, 13, 1181638)]"
8419 "[(401, 14, 93506), (2875, 3, 602681), (17, 11, 871402), (401, 14, 1012807), (2881, 14, 1030723), (573, 12, 1179252), (17, 11, 1229217), (2365, 2, 1291701), (2365, 2, 1291937), (4019, 1, 1322668), (4019, 1, 1322670), (5279, 14, 1354803), (5622, 11, 1496002), (611, 1, 1588048), (5169, 10, 2157129), (6654, 12, 2633580)]"
8469 "[(389, 15, 96306), (233, 0, 461136), (423, 11, 1023480), (68, 5, 2012472), (68, 5, 2436184)]"
8511 "[(389, 15, 96342), (142, 6, 926058), (142, 6, 926088), (423, 11, 1194602), (68, 5, 1988082), (68, 5, 2012545), (509, 2, 2463017)]"
8388 "[(22, 7, 112307), (2503, 11, 515685), (402, 3, 780514)]"
618 "[(8361, 9, 117936)]"
8623 "[(285, 11, 122257), (285, 11, 122305), (285, 11, 122317), (1561, 13, 297749), (2802, 6, 589944), (68, 5, 598812), (1210, 13, 610259), (2216, 4, 643718), (68, 5, 666478), (165, 13, 676121), (165, 13, 676181), (165, 13, 676291), (165, 13, 676402), (165, 13, 676455), (749, 10, 697548), (285, 11, 738095), (3828, 14, 889423), (1644, 10, 890721), (1644, 10, 891004), (2133, 12, 892226), (761, 2, 892704), (761, 2, 892718), (761, 2, 892741), (761, 2, 892756), (761, 2, 892770), (761, 2, 892787), (761, 2, 892816), (761, 2, 892837), (761, 2, 892852), (285, 11, 900889), (482, 7, 920727), (482, 7, 920756), (935, 5, 924740), (935, 5, 924782), (935, 5, 924807), (527, 13, 972191), (233, 0, 975034), (718, 2, 1039337), (156, 14, 1055436), (844, 2, 1057352), (285, 11, 1075468), (285, 11, 1090025), (285, 11, 1090034), (1176, 10, 1105340), (285, 11, 1239994), (271, 2, 1275525), (749, 10, 1313130), (285, 11, 1352640), (482, 7, 1369635), (482, 7, 1369768), (482, 7, 1369917), (2216, 4, 1424193), (4887, 14, 1478887), (935, 5, 1534912), (5802, 5, 1545747), (482, 7, 1549867), (482, 7, 1549923), (1985, 14, 1614666), (1985, 14, 1614702), (1985, 14, 1614726), (1985, 14, 1625807), (1985, 14, 1632582), (844, 2, 1789200), (826, 0, 2078905), (749, 10, 2178172), (1359, 10, 2195599), (285, 11, 2361151), (1594, 12, 2531252)]"
552 "[(8242, 13, 135057), (8639, 14, 269144), (8622, 1, 303999), (8247, 6, 324234), (8247, 6, 324290), (8588, 1, 346614), (8639, 14, 423859), (8639, 14, 471418), (8316, 13, 506544), (8682, 14, 608301), (8370, 6, 664263), (8320, 4, 665477), (8639, 14, 701858), (8339, 4, 744065), (8639, 14, 772887), (8887, 3, 986782), (9048, 13, 1029846), (9048, 13, 1029912), (9048, 13, 1029983), (8639, 14, 1208520), (8639, 14, 1246255), (8639, 14, 1246269), (8639, 14, 1431083), (8639, 14, 1624186), (8252, 7, 1682770), (8252, 7, 1682825), (8252, 7, 1683007), (8325, 13, 1800382), (8551, 13, 1806315), (8260, 7, 1908310), (8260, 7, 1908351), (8545, 1, 2032607), (8956, 10, 2140014), (8252, 7, 2210188), (8252, 7, 2223531), (8252, 7, 2223656), (8252, 7, 2223735), (8252, 7, 2223846), (8252, 7, 2224012), (8584, 15, 2475060), (8849, 13, 2505858), (8881, 5, 2565470)]"
8652 "[(433, 4, 136552), (433, 4, 137339), (433, 4, 149777), (17, 11, 409723), (248, 7, 446600), (248, 7, 451642), (248, 7, 1458686), (248, 7, 1543417), (248, 7, 1543475), (248, 7, 1543513), (248, 7, 1544476), (248, 7, 1544641), (248, 7, 1733252), (248, 7, 1793952), (248, 7, 1794549), (248, 7, 1794689), (248, 7, 2172776), (248, 7, 2173234), (2943, 14, 2174723), (17, 11, 2234795), (2841, 13, 2482863), (3049, 7, 2535475)]"
934 "[(8679, 11, 158727), (8679, 11, 168816), (8658, 11, 228497), (8658, 11, 237928), (8679, 11, 241674), (8900, 9, 482195), (8900, 9, 501329), (8900, 9, 510539), (8900, 9, 761086), (8900, 9, 771167), (8900, 9, 827486), (8900, 9, 835266), (8658, 11, 1030421), (8658, 11, 1115848), (8658, 11, 1349366), (8900, 9, 1354196), (8658, 11, 1372327), (8658, 11, 1449093), (8900, 9, 1449387), (8658, 11, 1549656), (8900, 9, 1724032), (8658, 11, 1954898), (8900, 9, 1969192), (8658, 11, 1971154), (8900, 9, 1979204), (8900, 9, 2037201), (8900, 9, 2049720), (8658, 11, 2051596), (8679, 11, 2052480), (8900, 9, 2065677), (8679, 11, 2156807), (8900, 9, 2574029), (8900, 9, 2583892), (8679, 11, 2587585), (8900, 9, 2640187), (8900, 9, 2649415), (8679, 11, 2657219), (8679, 11, 2668361), (8900, 9, 2671428)]"
1047 "[(8316, 13, 164441), (8577, 14, 1894041)]"
8701 "[(68, 5, 185644), (1359, 10, 2198865), (233, 0, 2354316)]"
1140 "[(8249, 13, 185796), (8316, 13, 197622), (8411, 3, 976254), (8411, 3, 1023397), (8483, 15, 1811610), (8483, 15, 1811628)]"
346 "[(8721, 12, 189281), (8721, 12, 207219), (8620, 14, 385190), (8316, 13, 408042), (8316, 13, 441770), (8620, 14, 448303), (8620, 14, 666860), (8620, 14, 720188), (8620, 14, 740613), (8620, 14, 784745), (8361, 9, 872204), (8361, 9, 872319), (8361, 9, 872372), (8361, 9, 872486), (8361, 9, 872561), (8361, 9, 1831818), (8361, 9, 1865394), (8361, 9, 1865626), (8361, 9, 1869208), (8361, 9, 1869241), (8361, 9, 1875760), (8703, 12, 1880741), (8361, 9, 1884342), (8361, 9, 1926047), (8361, 9, 2031503), (8361, 9, 2079010), (8361, 9, 2079065), (8361, 9, 2079098), (8361, 9, 2079866), (8361, 9, 2202482), (8361, 9, 2268398), (8361, 9, 2309824), (8764, 6, 2436009), (8764, 6, 2469491), (8764, 6, 2473287), (8764, 6, 2480724), (8764, 6, 2482276), (8764, 6, 2530865), (8361, 9, 2608550), (8764, 6, 2636246), (8764, 6, 2662690)]"
8615 "[(248, 7, 205677), (248, 7, 339119), (68, 5, 1792352)]"
961 "[(8579, 3, 207620)]"
307 "[(8721, 12, 214780), (8586, 9, 1606317), (8586, 9, 1606333)]"
8541 "[(68, 5, 219158), (248, 7, 451079), (248, 7, 451179), (2388, 6, 587179), (68, 5, 1229371), (17, 11, 1730306), (2365, 2, 1903485), (17, 11, 2068785), (1663, 11, 2071506), (17, 11, 2223062), (248, 7, 2467766)]"
1344 "[(8367, 3, 237408), (8367, 3, 1563766)]"
8677 "[(1373, 9, 240835), (1373, 9, 242391), (1373, 9, 242671), (1373, 9, 242765), (1373, 9, 243130), (1373, 9, 243998), (1373, 9, 249196), (1373, 9, 432065), (1373, 9, 500173), (17, 11, 500223), (1373, 9, 693231), (1373, 9, 937659), (1373, 9, 948525), (1373, 9, 966513), (1373, 9, 966604), (1373, 9, 1138263), (1373, 9, 1149288), (1373, 9, 1186338), (1373, 9, 1382557), (17, 11, 2315568), (1373, 9, 2316525), (518, 9, 2492471)]"
8576 "[(1219, 11, 241734), (1313, 11, 242001), (1313, 11, 242089), (1313, 11, 242323), (1313, 11, 242533), (1219, 11, 302395), (1313, 11, 328764), (1313, 11, 328885), (1313, 11, 328958), (1313, 11, 330461), (1880, 9, 351999), (242, 3, 759999), (1219, 11, 760036), (623, 11, 765548), (623, 11, 768001), (623, 11, 768044), (623, 11, 768084), (1277, 1, 811210), (1277, 1, 811229), (1219, 11, 839904), (1219, 11, 849487), (242, 3, 854295), (242, 3, 854425), (242, 3, 904957), (242, 3, 904986), (1219, 11, 1360449), (1219, 11, 1367204), (242, 3, 1444898), (242, 3, 1451957), (242, 3, 1453922), (242, 3, 1455012), (242, 3, 1456786), (242, 3, 1458211), (242, 3, 1458260), (242, 3, 1459025), (1219, 11, 1515735), (1219, 11, 1545780), (1219, 11, 1545861), (242, 3, 1545887), (1219, 11, 1545895), (242, 3, 1545921), (242, 3, 1546016), (4178, 2, 1642406), (242, 3, 1924305), (242, 3, 2039215), (242, 3, 2051587), (242, 3, 2184333), (2134, 1, 2574502), (1706, 9, 2614167), (5622, 11, 2628075), (17, 11, 2673416)]"
8262 "[(1389, 12, 243276), (1389, 12, 243298), (1561, 13, 297620), (935, 5, 335947), (935, 5, 336075), (935, 5, 336119), (68, 5, 337326), (233, 0, 539385), (3959, 15, 934291), (367, 1, 1705569), (3459, 14, 2214231), (3459, 14, 2214267), (1647, 0, 2575945)]"
1397 "[(8651, 5, 244775), (8651, 5, 244850), (8246, 13, 432923), (8241, 7, 688835), (8236, 0, 709904), (8805, 3, 710091), (8805, 3, 710199), (8591, 7, 945891), (8346, 14, 1114151), (8346, 14, 1114353), (8593, 7, 1202314), (8593, 7, 1207460), (8593, 7, 1208033), (9006, 2, 1320548), (9086, 13, 1544482), (8498, 4, 1724131), (8466, 2, 1725053), (8466, 2, 1889821), (8719, 5, 2137195), (8686, 0, 2313372), (8883, 5, 2329374), (8883, 5, 2329798), (8719, 5, 2330869)]"
8365 "[(1412, 9, 246615), (1764, 11, 330039), (2591, 2, 533206), (2591, 2, 533295), (233, 0, 540180), (4736, 2, 1261412), (4736, 2, 1347152), (233, 0, 1577575), (68, 5, 1597258), (6110, 6, 1684414), (467, 13, 1817140), (2114, 11, 2042772), (532, 14, 2397481), (233, 0, 2445205), (68, 5, 2516276)]"
1066 "[(8316, 13, 279169), (8483, 15, 1060019), (8483, 15, 1060087), (8483, 15, 1061554), (8577, 14, 1217811), (8577, 14, 1230839), (8577, 14, 1234136), (8316, 13, 1498987), (8316, 13, 1561935), (8316, 13, 1723470), (8316, 13, 1726388), (8316, 13, 1727044), (8316, 13, 1829375), (8316, 13, 1901531), (8316, 13, 2177218)]"
8807 "[(1649, 1, 307428), (1065, 10, 716169), (671, 15, 724498), (749, 10, 1240928), (2369, 9, 1543978), (3108, 13, 1707314), (3108, 13, 1707315), (5622, 11, 1881680), (233, 0, 2356217)]"
1263 "[(8316, 13, 323336), (8316, 13, 323352), (8316, 13, 323515), (8589, 14, 1621661), (8589, 14, 1622080)]"
1777 "[(8361, 9, 332568), (8361, 9, 332725), (8361, 9, 332743)]"
54 "[(8252, 7, 332676), (8252, 7, 332802), (8252, 7, 1132225), (8252, 7, 1300367), (8252, 7, 1891095), (8252, 7, 2235384)]"
1799 "[(8479, 6, 335108)]"
8582 "[(713, 4, 351151), (2365, 2, 488314), (2365, 2, 488413), (1013, 15, 510816), (2526, 13, 520495), (2526, 13, 520738), (2526, 13, 520849), (2571, 12, 678034), (2571, 12, 678521), (2571, 12, 679772), (983, 5, 686674), (1363, 14, 767632), (3774, 13, 873869), (3782, 13, 874018), (3782, 13, 874080), (2571, 12, 874820), (2365, 2, 875929), (2365, 2, 877326), (2365, 2, 933532), (2365, 2, 933695), (2365, 2, 940304), (1363, 14, 992202), (1363, 14, 1037304), (2365, 2, 1129315), (1363, 14, 1183167), (2216, 4, 1210049), (437, 2, 1362433), (2365, 2, 1488488), (2365, 2, 1697895), (6945, 15, 2406721)]"
2025 "[(8370, 6, 394812)]"
8869 "[(1449, 11, 400189), (2174, 2, 1038705), (2174, 2, 1039104), (532, 14, 2471147)]"
2052 "[(8473, 13, 400649)]"
2039 "[(8855, 1, 403151)]"
2098 "[(8483, 15, 411697), (8318, 2, 425498), (8411, 3, 713107), (8411, 3, 713126), (8411, 3, 852921), (8483, 15, 1117647), (8411, 3, 1178772), (8411, 3, 2389402), (8411, 3, 2477804)]"
8717 "[(2242, 11, 447984), (233, 0, 717101), (1647, 0, 838545), (4085, 0, 1077137), (1647, 0, 1103598), (277, 2, 1108429), (277, 2, 1108500), (484, 3, 1286226), (739, 11, 1363886), (277, 2, 1364084), (277, 2, 1364172), (739, 11, 1364433), (739, 11, 1364493), (1647, 0, 1377141), (739, 11, 1409581), (739, 11, 1414969), (739, 11, 1415553), (739, 11, 1415578), (739, 11, 1417061), (739, 11, 1420725), (1647, 0, 1542584), (739, 11, 1579662), (739, 11, 1615443), (739, 11, 1620940)]"
2246 "[(8531, 12, 450134), (8531, 12, 450139), (8350, 6, 596211), (8350, 6, 596218), (8887, 3, 658398), (8887, 3, 658400), (9071, 3, 1556851), (9071, 3, 1556943), (9071, 3, 1556945), (8791, 5, 1620703), (8791, 5, 1620705), (8990, 14, 1962046), (8990, 14, 1962047), (8812, 7, 2220257), (8812, 7, 2220261), (8491, 15, 2407725), (8491, 15, 2407727)]"
485 "[(8244, 10, 478369), (8244, 10, 478436), (8244, 10, 478603), (8244, 10, 478630), (8244, 10, 478652), (8244, 10, 478775), (8244, 10, 1259706), (8244, 10, 1259986), (8244, 10, 1859431), (8244, 10, 1861487), (8244, 10, 1861634), (8244, 10, 1874561), (8244, 10, 1874663), (8244, 10, 1874996), (8244, 10, 2234653), (8244, 10, 2234798), (8244, 10, 2234828), (8244, 10, 2234981)]"
8532 "[(2349, 7, 485167), (246, 11, 985678), (3195, 14, 1283610), (2365, 2, 1652591), (6423, 10, 1811529)]"
8892 "[(1219, 11, 492709), (1219, 11, 500876), (1219, 11, 500957), (318, 11, 503428), (2477, 11, 509298), (1903, 11, 582152), (40, 0, 626288), (2719, 14, 646044), (623, 11, 667382), (623, 11, 667497), (623, 11, 667515), (623, 11, 667557), (623, 11, 667732), (623, 11, 667870), (623, 11, 667952), (623, 11, 1081708), (623, 11, 1082745), (1219, 11, 1116329), (1219, 11, 1197918), (1219, 11, 1198434), (1219, 11, 1256868), (2477, 11, 1651571), (1219, 11, 1778074), (1219, 11, 1803972), (623, 11, 2214068), (1854, 13, 2333980), (73, 10, 2335776), (623, 11, 2468123), (400, 10, 2476622)]"
2671 "[(8671, 11, 558765), (8671, 11, 558850), (8671, 11, 1167864), (8671, 11, 1167903), (8671, 11, 1177269), (8671, 11, 1255598), (8295, 13, 1691253)]"
1306 "[(8393, 0, 568782)]"
8504 "[(103, 11, 573198), (1314, 5, 685042), (3114, 13, 745193), (17, 11, 760194), (68, 5, 873885), (611, 1, 1074040), (532, 14, 1095585), (475, 15, 1475899), (497, 4, 1630661), (2138, 4, 1631758), (4063, 14, 1632134), (912, 9, 1809660), (3015, 0, 2339731), (163, 15, 2345031), (4047, 9, 2355140), (7721, 5, 2383375), (22, 7, 2420966), (2365, 2, 2430209), (4941, 13, 2447130), (2134, 1, 2480150), (3264, 13, 2489112), (2365, 2, 2496665), (7227, 15, 2498662), (163, 15, 2499354), (233, 0, 2528158), (2365, 2, 2556940), (2365, 2, 2557200), (163, 15, 2648661)]"
2728 "[(8491, 15, 574063), (8382, 11, 1011951)]"
1639 "[(8680, 0, 585129)]"
337 "[(8625, 11, 601846), (8647, 11, 1603006), (8684, 10, 1709969), (8684, 10, 1709987), (8474, 12, 2146420)]"
2894 "[(8531, 12, 605514)]"
2896 "[(8483, 15, 605681)]"
2962 "[(8361, 9, 620352), (8361, 9, 725120), (8361, 9, 1362995), (8361, 9, 1472732), (8361, 9, 1472760), (8361, 9, 2269178)]"
2989 "[(8447, 12, 628192)]"
8905 "[(660, 0, 632686), (2137, 0, 739946), (233, 0, 810269), (1359, 10, 813247), (4085, 0, 1235299)]"
3011 "[(8249, 13, 637744), (8519, 13, 638330), (8519, 13, 638359), (8519, 13, 645129), (8519, 13, 1853567), (8519, 13, 1853688), (8519, 13, 1854031), (8519, 13, 2531654), (8519, 13, 2531686)]"
8521 "[(935, 5, 668619), (233, 0, 887809), (3893, 4, 917720), (4205, 13, 1010185), (935, 5, 1018023), (935, 5, 1018069), (935, 5, 1019972), (935, 5, 1020350), (1647, 0, 1440227), (335, 13, 1785032), (935, 5, 1785334), (171, 13, 1996210)]"
1148 "[(8507, 2, 672846), (8507, 2, 749833), (8507, 2, 844078), (8507, 2, 1221802), (8507, 2, 1313211), (8778, 2, 1552585), (8778, 2, 1603310), (8778, 2, 1620524), (8589, 14, 1624762), (8778, 2, 1643181), (8778, 2, 1683383), (8586, 9, 1711445), (8778, 2, 1739371), (8778, 2, 1745791), (8778, 2, 1886482), (8711, 14, 1947866), (8778, 2, 2087214), (8778, 2, 2209359), (8778, 2, 2265418)]"
1432 "[(8301, 13, 674679), (8301, 13, 674804), (8301, 13, 674847), (8301, 13, 674918), (8301, 13, 680049), (8301, 13, 687426), (8301, 13, 687525), (8249, 13, 708086), (8249, 13, 757492), (8311, 13, 762975), (8311, 13, 789591), (8841, 13, 1056699), (9086, 13, 1633058), (8301, 13, 1659168), (8260, 7, 2407660), (8964, 13, 2485061)]"
254 "[(8649, 5, 676239), (8649, 5, 676765), (8649, 5, 676820), (8244, 10, 723314), (8244, 10, 724830), (8244, 10, 725059)]"
3222 "[(8246, 13, 694147), (8246, 13, 1448585)]"
8989 "[(3317, 13, 727391), (2939, 14, 767102), (2939, 14, 767257), (2939, 14, 767381), (2939, 14, 827480), (2939, 14, 827561), (233, 0, 882436), (233, 0, 970611), (623, 11, 1346394), (623, 11, 1347517), (608, 15, 1375008), (608, 15, 1375021), (2907, 3, 1390282), (623, 11, 1617171), (623, 11, 1617207), (623, 11, 1617244), (623, 11, 2143864), (1554, 1, 2336376), (870, 3, 2376451), (870, 3, 2376616), (870, 3, 2376702)]"
1765 "[(8881, 5, 751550)]"
8985 "[(935, 5, 751785), (935, 5, 751816), (935, 5, 751825), (935, 5, 751834), (935, 5, 751865), (935, 5, 751948), (870, 3, 752510), (935, 5, 753340), (3541, 2, 792221), (935, 5, 864351), (935, 5, 864590), (935, 5, 864599), (935, 5, 864624), (935, 5, 864632), (935, 5, 864755), (935, 5, 864770), (935, 5, 864793), (68, 5, 866018), (870, 3, 866160), (935, 5, 939449), (935, 5, 939504), (935, 5, 939514), (935, 5, 939553), (68, 5, 940756), (935, 5, 944059), (68, 5, 945262), (935, 5, 1105291), (697, 12, 1114883), (233, 0, 1153424), (935, 5, 1184668), (68, 5, 1185933), (870, 3, 1186135), (935, 5, 1283187), (935, 5, 1283195), (68, 5, 1284400), (935, 5, 1572510), (935, 5, 1706913), (68, 5, 1708116), (870, 3, 1709475), (3512, 14, 1710655), (935, 5, 1786111), (4085, 0, 1799290), (935, 5, 1892283), (935, 5, 1892290), (499, 5, 1912820), (499, 5, 1912832), (499, 5, 1913821), (935, 5, 1915937), (499, 5, 1958337), (2216, 4, 2085964), (2216, 4, 2085981), (697, 12, 2093155), (2769, 6, 2094146), (2198, 6, 2095226), (2198, 6, 2095294), (2002, 13, 2095338), (4085, 0, 2109921), (935, 5, 2131692), (935, 5, 2131701), (935, 5, 2137635), (935, 5, 2137645), (935, 5, 2137684), (935, 5, 2137711), (935, 5, 2137734), (935, 5, 2137746), (935, 5, 2137795), (935, 5, 2137842), (935, 5, 2137879), (935, 5, 2140803), (156, 14, 2147250), (68, 5, 2150947), (935, 5, 2156278), (2365, 2, 2184764), (2196, 7, 2208949), (2196, 7, 2209031), (68, 5, 2209710), (2196, 7, 2211849), (6385, 14, 2217152), (935, 5, 2217599), (532, 14, 2229510), (935, 5, 2237559), (935, 5, 2253930), (2196, 7, 2254173), (935, 5, 2254367), (935, 5, 2254485), (697, 12, 2256012), (935, 5, 2257297), (935, 5, 2257327), (125, 11, 2259255), (935, 5, 2259984), (68, 5, 2261296), (6470, 4, 2273953), (17, 11, 2318770), (935, 5, 2321364), (935, 5, 2322416), (6107, 9, 2329593), (6107, 9, 2329594), (935, 5, 2390515), (935, 5, 2391553), (4186, 11, 2439008), (935, 5, 2481625), (935, 5, 2481646), (68, 5, 2482895), (870, 3, 2482965), (870, 3, 2483049), (935, 5, 2571400), (935, 5, 2571414), (4085, 0, 2643044)]"
8418 "[(1505, 0, 881971), (475, 15, 1696805), (475, 15, 1697541), (1363, 14, 1804243), (5383, 14, 1968378), (532, 14, 1995893), (6470, 4, 2165850), (475, 15, 2169013), (475, 15, 2169081), (475, 15, 2224674), (475, 15, 2224902), (475, 15, 2245431), (2035, 3, 2287603), (2035, 3, 2287645), (475, 15, 2300150), (1363, 14, 2320462), (4319, 12, 2498839), (1001, 15, 2516293), (1001, 15, 2516416), (1001, 15, 2558196), (475, 15, 2577782), (475, 15, 2604521)]"
8893 "[(1921, 11, 891518), (277, 2, 944874), (3748, 4, 946317), (277, 2, 982667), (246, 11, 985265), (17, 11, 1000847), (1663, 11, 1001321), (484, 3, 1001626), (277, 2, 1013052), (480, 2, 1029181), (277, 2, 1029995), (484, 3, 1112737), (277, 2, 1369407), (2216, 4, 1413699), (17, 11, 1511272), (2365, 2, 1646734), (335, 13, 1787222), (335, 13, 1788306), (335, 13, 1789325), (335, 13, 1791337), (335, 13, 1792494), (335, 13, 1793353)]"
461 "[(9020, 2, 903659), (9020, 2, 940099), (9020, 2, 1188420), (9020, 2, 1984199), (8962, 2, 2146345), (8962, 2, 2146871), (9020, 2, 2192803), (9020, 2, 2193300), (9020, 2, 2220613), (8962, 2, 2221190), (8962, 2, 2221337), (8962, 2, 2221491), (8962, 2, 2221702), (8962, 2, 2221793), (8962, 2, 2222166), (8962, 2, 2223284), (8962, 2, 2236483), (8962, 2, 2241571)]"
3967 "[(8471, 3, 936114)]"
696 "[(8787, 11, 967783)]"
8460 "[(68, 5, 983398)]"
4250 "[(8316, 13, 1022704), (8316, 13, 1023231), (8708, 13, 1298677)]"
9014 "[(2174, 2, 1038737), (954, 0, 1972729)]"
4371 "[(8243, 7, 1050645), (8243, 7, 1051401)]"
4674 "[(8971, 7, 1163513), (8299, 2, 1284092)]"
1239 "[(9069, 2, 1191341)]"
5000 "[(9069, 2, 1253138)]"
2867 "[(8402, 2, 1279887)]"
3856 "[(8271, 2, 1304335)]"
2319 "[(8684, 10, 1450249)]"
4354 "[(8252, 7, 1460578)]"
5685 "[(8838, 3, 1490344)]"
9123 "[(1586, 10, 1498532), (1359, 10, 1849654), (659, 14, 2260859)]"
5813 "[(8778, 2, 1548704)]"
6031 "[(9045, 2, 1637812)]"
9116 "[(1471, 0, 1655342), (920, 4, 2034650)]"
6049 "[(8390, 3, 1673576)]"
5017 "[(8390, 3, 1685699)]"
249 "[(8483, 15, 1687223), (8483, 15, 1687615), (8483, 15, 1687733), (8483, 15, 2112870), (8814, 7, 2628189)]"
1025 "[(8361, 9, 1754751)]"
2594 "[(8732, 14, 1768600)]"
8898 "[(233, 0, 1835158)]"
9177 "[(2128, 4, 1852250), (870, 3, 1858028), (3317, 13, 1874516), (3317, 13, 1874771), (68, 5, 1875928), (1471, 0, 1916563), (233, 0, 1923856), (4085, 0, 1942045)]"
3525 "[(8764, 6, 1871655)]"
6544 "[(8764, 6, 1874147)]"
1716 "[(8361, 9, 1888969)]"
6593 "[(8286, 12, 1968477)]"
494 "[(9168, 6, 2001267), (9168, 6, 2001297)]"
9197 "[(1586, 10, 2036702), (6093, 14, 2039100), (6093, 14, 2453519), (6093, 14, 2471251), (3921, 13, 2482743), (17, 11, 2493185), (22, 7, 2511091), (713, 4, 2522376), (233, 0, 2530829), (3114, 13, 2634843), (509, 2, 2640473), (532, 14, 2645344)]"
9198 "[(2116, 1, 2145080), (2181, 10, 2150266), (1173, 11, 2173997), (17, 11, 2191837), (6107, 9, 2239718), (6107, 9, 2239719), (1065, 10, 2343929), (1065, 10, 2345150), (5622, 11, 2414506), (1065, 10, 2455767), (659, 14, 2618335)]"
3909 "[(8378, 0, 2221312)]"
5995 "[(9080, 5, 2230337)]"
4935 "[(8252, 7, 2243813)]"
4014 "[(9166, 7, 2247184)]"
8451 "[(233, 0, 2266764), (40, 0, 2269660), (40, 0, 2359448)]"
3968 "[(8411, 3, 2273758)]"
9214 "[(1270, 11, 2326062), (744, 1, 2355881), (2196, 7, 2386646), (1921, 11, 2400870), (2365, 2, 2430551), (4281, 2, 2456144), (2134, 1, 2480127), (389, 15, 2603354)]"
3928 "[(8708, 13, 2399741)]"
3965 "[(8881, 5, 2416123), (8881, 5, 2416151), (8881, 5, 2416210), (8881, 5, 2416273), (8881, 5, 2416555), (8881, 5, 2424745), (8881, 5, 2478032), (8881, 5, 2478278), (8881, 5, 2478311), (8881, 5, 2478481), (8881, 5, 2478490), (8881, 5, 2478537), (8881, 5, 2498944), (8881, 5, 2499211), (8881, 5, 2499338), (8881, 5, 2499453), (8881, 5, 2559086), (8881, 5, 2559944), (8881, 5, 2559959), (8881, 5, 2560404), (8881, 5, 2560436), (8881, 5, 2581108)]"
3105 "[(9205, 5, 2440887), (9205, 5, 2440994), (9205, 5, 2441009)]"
3839 "[(8411, 3, 2449818)]"
7847 "[(8881, 5, 2455139)]"
5538 "[(8463, 15, 2459612)]"
7361 "[(8881, 5, 2489872), (8881, 5, 2490443), (8881, 5, 2490904)]"
7091 "[(8881, 5, 2530612), (8881, 5, 2530661), (8881, 5, 2551574), (8881, 5, 2551598)]"
7702 "[(8734, 5, 2563999), (8734, 5, 2564528)]"
4029 "[(8872, 5, 2584722)]"
8105 "[(8547, 12, 2604770), (8547, 12, 2606628)]"
7923 "[(8881, 5, 2611324)]"
8119 "[(8556, 11, 2621898)]"
7899 "[(8252, 7, 2648578)]"
