3 8230 169
3 8230 387
3 8230 646
3 8230 742
3 8230 809
15 8241 1142
3 8230 1226
3 8230 1401
25 8252 1600
3 8230 1607
3 8230 2075
3 8230 2290
3 8230 2333
3 8230 2377
3 8230 2412
3 8230 2494
3 8230 2602
3 8230 2830
38 8260 2836
3 8230 2861
3 8230 3032
3 8230 3113
3 8230 3155
3 8230 3729
3 8230 3768
3 8230 3820
3 8230 3855
3 8230 3928
3 8230 4030
3 8230 4078
3 8230 4198
3 8230 4242
3 8230 4287
3 8230 4334
3 8230 4411
3 8230 4485
3 8230 4533
3 8230 4581
51 8275 4667
3 8230 4679
51 8275 4709
3 8230 4802
3 8230 4853
3 8230 4893
3 8230 5180
3 8230 5218
3 8230 5436
3 8230 6096
3 8230 6149
3 8230 6602
3 8230 6826
3 8230 6867
3 8230 7039
3 8230 7223
3 8230 7400
3 8230 7550
3 8230 7810
3 8230 7847
3 8230 7881
3 8230 7998
3 8230 8030
3 8230 8079
91 8260 9259
91 8260 9341
3 8230 9576
22 8309 9934
3 8230 10380
3 8230 10556
3 8230 10597
3 8230 10661
3 8230 10720
3 8230 10769
3 8230 10889
3 8230 10989
3 8230 11146
3 8230 11299
3 8230 11356
3 8230 11383
3 8230 11437
3 8230 11493
3 8230 11544
3 8230 11636
3 8230 11705
3 8230 11985
3 8230 12018
3 8230 12191
3 8230 12219
3 8230 12422
3 8230 12518
3 8230 12665
3 8230 12711
3 8230 12840
3 8230 12895
3 8230 13619
3 8230 13701
3 8230 14041
3 8230 14099
3 8230 14495
3 8230 14764
3 8230 15604
3 8230 16045
3 8230 16256
3 8230 16418
3 8230 16538
133 8243 16661
3 8230 16732
3 8230 16962
3 8230 17108
3 8230 17213
3 8230 17377
3 8230 17443
3 8230 17509
3 8230 17593
3 8230 17639
3 8230 17734
3 8230 17867
3 8230 18268
3 8230 18323
3 8230 18505
3 8230 18643
3 8230 18838
3 8230 19264
3 8230 19417
3 8230 19505
3 8230 19693
3 8230 19726
3 8230 19778
3 8230 20085
3 8230 20223
3 8230 20347
3 8230 20485
3 8230 20557
3 8230 20721
3 8230 20779
170 8260 20828
3 8230 20997
3 8230 21140
170 8260 21215
3 8230 21258
3 8230 21343
3 8230 21487
3 8230 21615
3 8230 21731
3 8230 21987
3 8230 22043
3 8230 22089
3 8230 22163
3 8230 22331
3 8230 22461
3 8230 22568
15 8241 28655
15 8241 30131
232 8398 30197
232 8398 32060
232 8398 32439
232 8398 32956
232 8398 33224
248 8415 33495
232 8398 33649
258 8423 34847
258 8423 35298
261 8423 35682
280 8427 39317
280 8427 39442
280 8427 39482
289 8442 41236
311 8442 43738
315 8427 44111
315 8427 44534
332 8319 46030
384 8252 54422
384 8252 54619
384 8252 54900
392 8485 55613
392 8485 55802
280 8427 58169
411 8252 58356
424 8423 59887
426 8423 60018
3 8230 60096
426 8423 60103
426 8423 60130
426 8423 60239
426 8423 60395
426 8423 60599
426 8423 60804
426 8423 61025
426 8423 61242
426 8423 61280
3 8230 61309
3 8230 61341
426 8423 61359
446 8243 61803
449 8423 62363
449 8423 62414
3 8230 62659
3 8230 62694
449 8423 62717
3 8230 62736
449 8423 62744
3 8230 62797
3 8230 62837
311 8243 62882
455 8319 62992
456 8423 62993
311 8243 63029
311 8243 63045
458 8442 63125
426 8423 63130
426 8423 63351
311 8442 63357
426 8423 63390
426 8423 63559
473 8423 64310
426 8423 64947
426 8423 65008
482 8423 65069
482 8423 65128
449 8423 65229
449 8423 65323
482 8423 65416
488 8241 65457
505 8423 67534
507 8423 67675
510 8526 67884
513 8423 67991
515 8423 68194
515 8423 68263
515 8423 68301
261 8423 68343
515 8423 68354
261 8423 68376
515 8423 68384
519 8423 68416
523 8423 68896
544 8260 71581
544 8260 71711
548 8423 71979
548 8423 72015
550 8423 72560
449 8423 73195
449 8423 73244
564 8423 73687
565 8423 73751
449 8423 73916
574 8552 74989
170 8260 75298
170 8260 75625
594 8558 77947
315 8427 78711
315 8427 79247
315 8427 79772
613 8423 80358
613 8423 80387
315 8427 80482
315 8427 81147
315 8427 82212
315 8427 82760
626 8423 82991
626 8423 83009
315 8427 83428
315 8427 83567
579 8252 84253
315 8427 84342
22 8243 85566
642 8423 85629
643 8423 85646
653 8260 88386
411 8252 89330
544 8260 90393
421 8423 90449
3 8230 90958
3 8230 91042
669 8241 91732
676 8241 92493
677 8423 92731
688 8591 95206
689 8591 95238
22 8591 95449
689 8591 96027
723 8591 102985
421 8591 103885
746 8230 106836
748 8260 106873
746 8230 106912
746 8230 107168
746 8230 107213
746 8230 107330
746 8230 107405
746 8230 107876
746 8230 108072
769 8526 111020
776 8260 112472
653 8260 118336
653 8260 118814
769 8526 118975
653 8260 119124
653 8260 120289
827 8275 124176
280 8427 125709
280 8427 125775
280 8427 126339
280 8427 126431
280 8427 126546
280 8427 126598
280 8427 126680
280 8427 127006
311 8243 127038
280 8427 127264
280 8427 127425
280 8427 127476
280 8427 127506
280 8427 127549
280 8427 127695
280 8427 127989
280 8427 128028
280 8427 128248
280 8427 128356
280 8427 131101
280 8427 131382
864 8241 133158
876 8243 136671
876 8243 136725
876 8243 136853
876 8243 137003
899 8423 141322
901 8275 141500
906 8593 142667
449 8423 142869
909 8423 142986
449 8423 143193
449 8423 143301
449 8423 143354
449 8423 143440
922 8669 145329
929 8423 146427
931 8275 146450
931 8275 148272
950 8485 150147
962 8678 151172
962 8678 151385
962 8678 151419
962 8678 151485
962 8678 152360
232 8398 152560
962 8678 152577
962 8678 152618
962 8678 152813
962 8678 152900
962 8678 152938
232 8398 152975
962 8678 152992
232 8398 153051
962 8678 153121
962 8678 153244
232 8398 153244
962 8678 153381
962 8678 153425
962 8678 153563
232 8398 153627
232 8398 153829
962 8678 153874
984 8442 153933
962 8678 153957
962 8678 154020
232 8398 154098
962 8678 154192
962 8678 154268
962 8678 154328
962 8678 154377
232 8398 154377
962 8678 154449
232 8398 155684
232 8398 156081
232 8398 161187
1033 8683 161370
232 8398 161455
574 8552 162831
3 8230 165171
1053 8423 165226
3 8230 165915
3 8230 165959
232 8398 168346
232 8398 170432
232 8398 172455
232 8398 173362
232 8398 174905
232 8398 175147
232 8398 175326
392 8485 175741
232 8398 175837
392 8485 175946
232 8398 176224
170 8260 176372
232 8398 176418
170 8260 176488
1036 8398 182378
1036 8398 182401
1036 8398 182435
1036 8398 182540
289 8442 183825
1036 8260 185559
653 8260 193384
1186 8591 199254
1186 8591 199430
1197 8558 202705
311 8442 204818
1205 8275 205109
289 8442 205154
289 8442 205280
311 8243 205755
456 8669 207057
456 8669 207356
456 8669 207883
548 8423 208350
653 8260 211433
311 8740 217305
653 8260 222532
653 8260 223558
653 8260 224997
1309 8319 227647
1318 8607 229033
1329 8669 232571
1338 8593 233856
456 8669 234000
1342 8591 234411
1358 8423 238691
1366 8526 240040
579 8252 240158
1372 8252 240780
311 8243 247250
1440 8275 252947
384 8252 253972
170 8260 255095
1036 8260 255957
1205 8275 256201
1205 8275 256351
1205 8275 256969
1205 8275 257148
53 8442 261195
411 8740 265891
1382 8260 266344
1382 8260 266393
1526 8243 272567
311 8243 289164
1592 8252 291163
1592 8252 291279
653 8260 296116
653 8260 297273
653 8260 297961
653 8260 298137
653 8260 299816
1205 8275 300168
653 8260 300551
1205 8275 300736
653 8260 300867
653 8260 301325
1651 8275 307909
1651 8275 308332
1656 8811 310127
1656 8811 310347
1656 8811 310558
1660 8442 310713
1656 8811 310843
1662 8812 311576
411 8252 312715
289 8442 315606
53 8442 316502
1382 8260 316961
411 8740 317431
1382 8260 317462
289 8442 317606
1656 8811 317685
1382 8260 317744
1382 8260 317893
411 8740 318178
411 8740 318198
411 8740 318355
1656 8811 318849
1723 8260 324200
1723 8260 324288
1723 8260 324624
421 8260 325221
232 8398 326235
1734 8252 326437
931 8275 326584
1734 8252 327870
1205 8275 328524
931 8275 328620
311 8243 328656
1205 8275 331155
411 8252 331870
1781 8241 333003
1784 8427 333060
1781 8241 333068
1382 8260 335153
1382 8260 335295
1805 8827 335911
1382 8260 336006
1382 8260 336119
1723 8260 336450
931 8275 337229
931 8275 337656
931 8275 337774
931 8275 337953
1832 8319 340212
1833 8275 340341
1850 8241 343938
392 8485 346573
1865 8398 347175
392 8485 347501
1867 8275 347618
1867 8275 347731
1867 8275 347798
1867 8275 347949
653 8260 349832
653 8260 350179
653 8260 350432
232 8398 350698
1865 8398 350858
421 8260 352199
421 8260 352247
248 8415 352443
232 8398 353197
1889 8526 354273
232 8398 354575
1656 8811 355635
1656 8811 355879
1896 8607 356071
1656 8811 359856
1656 8811 359971
1651 8275 360470
232 8398 360644
232 8398 360913
653 8260 361259
232 8398 361376
653 8260 361452
232 8398 361474
232 8398 361537
232 8398 361918
232 8398 362428
232 8398 363424
1930 8260 364929
1931 8260 364954
1930 8260 365035
1931 8260 365074
1937 8526 367629
1656 8811 373927
1656 8811 373998
653 8260 375178
653 8260 375860
653 8260 376343
653 8260 376797
289 8442 377140
653 8260 377370
1957 8607 377895
1656 8811 380068
1656 8811 380179
1656 8811 380726
1656 8811 381267
1656 8811 381350
1656 8811 381758
1656 8811 382038
1656 8811 382134
1656 8811 382157
1656 8811 382217
1973 8607 382232
1656 8811 382279
1656 8811 382379
1656 8811 382850
1656 8811 382962
1656 8811 383450
1662 8812 387655
289 8442 389559
931 8275 391042
332 8319 391483
931 8275 391485
1656 8811 394898
1656 8811 395168
1656 8811 395519
1656 8811 395870
1656 8811 396216
1656 8811 396243
1656 8811 396278
1656 8811 396412
1656 8811 396735
1656 8811 396761
289 8442 396884
1656 8811 396989
1656 8811 397448
1656 8811 397858
1656 8811 398117
1656 8811 398373
421 8591 400071
51 8319 401022
51 8319 401302
51 8319 401335
51 8319 401378
51 8319 401471
51 8319 401772
51 8319 401906
51 8319 401925
2058 8740 402011
51 8319 402089
51 8319 402361
51 8319 402413
51 8319 402435
2061 8593 402585
51 8319 402774
51 8319 402862
51 8319 403864
51 8319 403900
51 8319 403936
51 8319 404044
51 8319 404079
51 8319 404184
51 8319 404214
2071 8275 405588
2077 8275 406468
232 8398 406835
232 8398 410624
2071 8275 415113
2117 8593 415185
2071 8275 415440
579 8252 415474
384 8252 416947
1889 8526 420846
931 8275 421891
769 8526 426459
579 8252 433806
411 8252 434205
2204 8591 434328
2196 8591 434348
392 8485 437238
248 8415 437651
1656 8811 440502
2219 8526 440743
1656 8811 440754
2219 8526 440869
1656 8811 441027
1656 8811 441162
22 8243 441987
1656 8811 442582
1656 8811 442618
1656 8811 442768
1656 8811 443057
1656 8811 443356
1656 8811 443613
1656 8811 444023
1656 8811 444369
1656 8811 444693
1656 8811 444797
1656 8811 444819
1656 8811 444837
1656 8811 444856
1656 8811 444881
2233 8526 445797
248 8415 448197
2255 8591 453025
51 8319 458343
51 8319 458380
51 8319 458429
51 8319 458602
51 8319 459029
51 8319 459211
51 8319 459578
51 8319 459794
2269 8814 460919
2269 8814 461922
2269 8814 462359
2269 8814 463103
2269 8814 463133
289 8442 463501
2296 8896 473096
2297 8896 473248
2297 8896 473480
2297 8896 475280
2308 8552 475718
2309 8896 475903
1338 8593 477075
2315 8593 477401
1338 8593 477633
280 8427 477657
1338 8593 478544
311 8442 480475
289 8442 480716
280 8427 481057
280 8427 481166
22 8593 481602
2331 8896 481767
315 8427 481846
315 8427 481919
22 8593 482064
2315 8593 482618
2337 8593 482987
311 8442 487224
289 8442 488145
421 8896 488687
421 8896 488754
421 8896 489472
421 8896 489903
311 8243 491300
1889 8526 491531
1329 8669 492449
2400 8896 493369
421 8896 493885
311 8442 494180
311 8442 494315
421 8896 494852
1329 8669 495315
421 8896 495388
421 8896 495456
931 8275 497267
1329 8669 497761
421 8896 498422
1329 8669 498509
1342 8591 498799
901 8275 499876
1889 8526 500905
1889 8526 501270
411 8896 501469
2442 8526 501475
411 8896 501597
280 8427 502401
280 8427 502475
280 8427 502595
280 8427 502636
280 8427 502721
280 8427 502822
280 8427 502896
280 8427 503046
280 8427 503078
280 8427 503102
280 8427 503136
280 8427 503157
280 8427 503243
280 8427 503273
280 8427 503302
280 8427 503348
280 8427 503379
280 8427 503454
280 8427 503482
2453 8252 503647
2453 8252 503740
2462 8243 505767
931 8275 506614
482 8896 511360
482 8896 511624
482 8896 511658
482 8896 511709
482 8896 511768
482 8896 511853
482 8896 511883
482 8896 511957
482 8896 512088
482 8896 512287
482 8896 512524
482 8896 512774
482 8896 513047
482 8896 513172
482 8896 513329
2492 8593 513348
482 8896 513373
482 8896 513431
482 8896 514422
449 8814 515069
449 8814 515220
2502 8241 515471
449 8814 515548
950 8485 515797
950 8485 515871
449 8814 515956
950 8485 515965
2511 8876 517233
411 8252 517797
411 8243 518656
1526 8243 519944
392 8485 520044
2527 8919 520607
2528 8919 520667
2527 8919 521038
2528 8919 521111
2527 8919 521760
2527 8919 521890
392 8485 521944
392 8485 522081
2527 8919 522120
2527 8919 522360
392 8485 522554
2527 8919 522790
392 8485 522809
2539 8252 522906
392 8485 523226
392 8485 523305
2527 8919 523317
392 8485 523367
1338 8593 523664
51 8319 523863
51 8319 523919
392 8485 523948
51 8319 523980
392 8485 524807
411 8252 525040
2556 8593 526500
2560 8876 526861
2563 8593 527385
2219 8526 528949
2219 8526 529021
392 8485 529315
392 8485 529424
392 8485 529502
2528 8919 531308
2583 8593 531516
2528 8919 531613
2528 8919 532141
2528 8919 532173
2586 8593 532444
2587 8243 532564
53 8593 534616
2604 8593 536224
1656 8811 538909
1656 8811 539182
1937 8526 539315
1656 8811 539556
1656 8811 540000
1656 8811 540526
289 8442 540934
1656 8811 541006
1656 8811 541390
1656 8811 542750
1656 8811 542958
1656 8811 543037
1656 8811 543112
1656 8811 543154
1656 8811 543204
289 8442 543362
1656 8811 544975
1656 8811 544997
1656 8811 545368
1656 8811 545531
1656 8811 546404
1656 8811 546454
1656 8811 547662
2642 8876 548133
1656 8811 548321
1656 8811 548415
2644 8896 550458
2644 8896 550500
2661 8593 555759
2667 8593 557421
2677 8442 560915
2677 8442 561200
2677 8442 561564
311 8876 562312
311 8876 562402
1723 8591 562961
2696 8607 567424
2696 8607 568547
2703 8591 569966
2233 8526 570072
421 8591 570105
421 8896 573161
1723 8591 574817
769 8526 576731
769 8526 577940
456 8669 578142
392 8485 578258
2754 8423 580081
2761 8552 580997
2763 8876 581090
2763 8876 581204
411 8876 582765
2776 8876 584020
2784 8485 585758
2784 8485 585882
2784 8485 585913
15 8241 590727
2761 8552 591433
392 8485 598337
2862 8593 599217
1338 8593 599514
482 8896 600636
482 8896 600813
482 8896 600933
482 8896 601105
51 8319 601361
51 8319 601432
2870 8260 601604
2870 8260 601663
2870 8260 601699
2870 8260 601726
2870 8260 601856
2870 8260 601996
2870 8260 602031
2870 8260 602097
2870 8260 602145
2870 8260 602280
2870 8260 602663
1036 8260 604316
2756 8252 609276
2756 8252 609358
2912 8243 610531
2920 8593 611902
2927 8526 612963
2929 8243 613211
232 8398 614489
2941 8593 615341
2941 8593 615408
2942 8593 615429
232 8398 615625
232 8398 615852
2945 8593 616032
2945 8593 616078
2947 8260 616481
248 8415 618594
51 8319 619626
51 8319 619664
2961 8526 619764
2961 8526 619794
248 8415 620459
2756 8252 621498
2756 8252 621830
2970 8591 622854
2756 8252 626256
2870 8260 630938
2870 8260 631178
2870 8260 631244
2996 8241 631519
2870 8260 631660
2870 8260 631888
2870 8260 632175
2870 8260 632404
2870 8260 632787
2870 8260 633088
2870 8260 633258
2870 8260 633350
2870 8260 633388
3020 8593 639108
3022 8593 639573
653 8260 643169
653 8260 643518
653 8260 643848
653 8260 644033
653 8260 644416
653 8260 644695
653 8260 644964
653 8260 645154
3041 8827 648399
3049 8252 649863
3049 8252 650169
3049 8252 650371
3051 8896 650553
3049 8252 650848
1889 8526 656335
488 8241 660138
962 8678 660831
962 8678 660994
311 8876 663254
311 8876 663311
280 8427 668846
280 8427 668908
280 8427 668927
280 8427 668971
3103 8896 668977
280 8427 669047
280 8427 669125
280 8427 669157
280 8427 669204
280 8427 669235
280 8427 669279
411 8243 672411
411 8243 672434
3124 8812 673399
311 8243 673974
411 8243 674128
3131 8593 674394
3135 8526 674725
311 8243 675051
1338 8593 676529
392 8485 680871
392 8485 680996
392 8485 681063
392 8485 682172
392 8485 682231
2442 8526 684089
3177 8593 684130
2442 8526 684142
1338 8593 684218
3177 8593 684302
3177 8593 684380
3177 8593 684468
3181 8971 684930
3177 8593 685155
261 8593 685183
1889 8526 685747
15 8241 688432
3202 8241 688573
3124 8812 689127
3124 8812 690572
3213 8552 691778
2761 8552 691997
3213 8552 692094
2761 8552 692243
3213 8552 692427
2761 8552 692588
3213 8552 693184
3228 8593 695090
3213 8552 695623
3 8230 696237
962 8678 696862
962 8678 696927
962 8678 697161
962 8678 697459
962 8678 697494
962 8678 697657
962 8678 697782
962 8678 697820
962 8678 697943
962 8678 698034
962 8678 698137
962 8678 698233
1382 8896 698433
962 8678 698526
962 8678 698572
962 8678 698602
962 8678 698631
962 8678 698652
962 8678 698986
962 8678 699049
962 8678 699095
962 8678 699127
962 8678 699158
962 8678 700161
962 8678 700224
676 8241 700255
962 8678 700379
962 8678 700430
962 8678 700497
962 8678 700567
962 8678 700627
962 8678 700820
962 8678 700897
962 8678 700979
2761 8552 701533
2761 8552 701584
482 8896 702141
289 8442 703711
289 8442 703726
289 8442 704124
289 8442 704281
2527 8919 707686
3263 8260 708056
1526 8243 709147
2528 8919 710964
232 8398 711898
232 8398 712062
232 8398 712141
232 8398 712212
232 8398 712283
232 8398 712388
248 8415 712420
232 8398 712788
232 8398 712867
3275 8827 713796
3275 8827 713864
3275 8827 713941
3275 8827 714116
3275 8827 714208
3275 8827 714389
2527 8919 714430
3275 8827 716133
3275 8827 716325
653 8260 716885
3275 8827 716965
3275 8827 717263
653 8260 717393
3275 8827 717674
3275 8827 717817
3275 8827 718084
3275 8827 718533
2870 8260 718599
2870 8260 718736
2870 8260 718855
2870 8260 718948
3275 8827 719066
2870 8260 719088
2870 8260 719326
3275 8827 719410
2870 8260 719419
2870 8260 719518
3275 8827 719593
2870 8260 719663
3275 8827 719703
2870 8260 719735
3275 8827 719928
2870 8260 719936
2870 8260 720012
311 8243 720056
3275 8827 720104
3275 8827 720494
3275 8827 720627
3275 8827 720915
653 8260 722051
653 8260 723929
653 8260 725739
3327 8252 729278
3275 8827 731054
232 8398 735404
232 8398 735730
3353 8814 735854
232 8398 737794
232 8398 738103
232 8398 738673
3364 8683 741226
3364 8683 741644
3364 8683 741727
3376 8607 743476
3376 8607 743645
3376 8607 743841
3378 8442 743967
3376 8607 744215
3376 8607 744251
3376 8607 744448
3376 8607 744603
3376 8607 744629
3378 8442 744986
289 8442 748543
3399 8593 751292
1338 8593 752285
3415 8827 754198
3422 8526 754944
2784 8485 757249
3433 8896 757364
950 8485 757761
950 8485 757843
950 8485 758112
950 8485 758481
950 8485 758734
950 8485 759470
950 8485 759530
950 8485 759792
950 8485 759927
2784 8485 760762
421 8260 760953
421 8260 761343
2761 8552 761725
421 8260 762637
421 8260 763346
3458 8552 764499
3458 8552 764712
3458 8552 764740
3458 8552 764804
3458 8552 764824
3458 8552 765181
3462 9003 765263
3458 8552 765315
1662 8812 765343
3458 8552 765345
3458 8552 765561
392 8485 765742
392 8485 765776
3458 8552 765787
3462 9003 765891
1662 8812 766420
392 8485 766587
392 8485 766609
392 8485 766719
392 8485 766739
392 8485 766779
317 8593 767518
317 8593 767520
950 8485 767611
950 8485 767649
950 8485 767702
3462 9003 767837
3474 8812 768064
2269 8814 768175
3462 9003 768641
1036 8260 768998
2528 8919 769115
1036 8260 769161
3479 8252 769671
2269 8814 769843
3462 9003 770937
232 8398 771425
962 8678 772009
962 8678 772145
962 8678 772202
962 8678 772222
962 8678 772483
962 8678 772507
962 8678 772534
2511 8876 772616
962 8678 772628
962 8678 773003
962 8678 773072
3213 8552 773391
962 8678 774079
3462 9003 774167
962 8678 774215
962 8678 774241
962 8678 774355
3462 9003 774403
962 8678 774431
3462 9003 774477
3462 9003 774524
311 8876 775865
3462 9003 776976
3462 9003 777016
232 8398 777173
3462 9003 777184
574 8552 777210
3462 9003 777261
574 8552 777335
3462 9003 777455
574 8552 777621
3474 8812 778672
3474 8812 778870
1036 8260 780725
3364 8260 781496
3364 8260 781536
1036 8260 782127
3514 8814 782479
51 8319 783061
51 8319 783125
3 8230 784253
3527 8423 785939
248 8415 786783
248 8415 787048
3527 8423 787421
449 8814 787831
449 8814 789459
3124 8812 792190
3124 8812 792269
653 8260 792393
962 8678 792402
962 8678 792448
962 8678 792477
962 8678 792559
962 8678 792678
962 8678 792722
962 8678 792776
962 8678 792964
962 8678 793024
962 8678 793118
962 8678 793239
962 8678 793305
962 8678 793373
962 8678 793407
962 8678 793584
962 8678 793759
962 8678 793984
653 8260 794041
962 8678 794136
962 8678 794224
962 8678 794507
962 8678 794543
962 8678 794585
962 8678 794627
962 8678 794819
962 8678 794849
962 8678 794968
962 8678 795374
653 8260 795528
653 8260 795751
962 8678 796984
962 8678 797173
1371 8814 797243
962 8678 797293
962 8678 797413
962 8678 797563
962 8678 797680
653 8260 798510
653 8260 798752
653 8260 798951
3124 8812 799578
3124 8812 800698
3124 8812 801288
3124 8812 801373
3124 8812 801543
3124 8812 801675
3124 8812 803111
3124 8812 804199
3124 8812 804925
3124 8812 805180
3576 8814 805210
3124 8812 805213
248 8415 807464
248 8415 807495
248 8415 807521
248 8415 807872
248 8415 809245
248 8415 809286
311 8243 814563
3275 8827 816004
3275 8827 816041
3275 8827 816141
3275 8827 816294
3458 8552 827758
3474 8812 829947
3632 8526 830379
3474 8812 831336
3474 8812 832353
3474 8812 833443
411 8740 834307
3462 9003 834348
411 8740 834373
3462 9003 836160
3462 9003 836844
3462 9003 837132
1329 8669 837755
574 8552 838133
3462 9003 838249
3462 9003 838300
3462 9003 838327
3462 9003 838410
3462 9003 838856
3474 8812 839025
3462 9003 839684
962 8678 839918
2870 8260 840025
962 8678 840028
3462 9003 840046
2870 8260 840124
3462 9003 840125
962 8678 840137
962 8678 840257
2870 8260 840297
962 8678 840425
962 8678 840483
2870 8260 840545
3665 8876 840555
962 8678 840644
962 8678 840707
3462 9003 840803
3666 8827 840829
962 8678 840892
3462 9003 841101
3462 9003 841152
2870 8260 841187
962 8678 841517
2870 8260 841549
962 8678 841554
962 8678 841595
3462 9003 841671
962 8678 841673
3462 9003 841712
962 8678 841750
2870 8260 841786
962 8678 841906
962 8678 841955
962 8678 841991
962 8678 842086
962 8678 842112
962 8678 842234
962 8678 842354
962 8678 842392
962 8678 842517
962 8678 842591
962 8678 842629
962 8678 842659
962 8678 842749
1329 8669 842767
962 8678 842902
962 8678 843082
962 8678 843368
962 8678 843476
962 8678 844078
3677 9003 844078
962 8678 844119
653 8260 844140
962 8678 844232
3677 9003 844329
3677 9003 844350
962 8678 844365
962 8678 844400
962 8678 844473
3677 9003 844541
3677 9003 844909
3677 9003 845740
3677 9003 845848
3687 8814 846043
1662 8812 849780
1329 8669 850156
1662 8812 850310
1662 8812 850390
232 8398 850958
1329 8669 851108
1329 8669 851202
1329 8669 852096
232 8398 852518
1662 8812 852713
1662 8812 853322
232 8398 854162
1329 8669 854207
3462 9003 854391
3462 9003 854634
3462 9003 854687
3462 9003 854736
51 8319 855115
1329 8669 855280
1329 8669 855409
51 8319 855551
51 8319 855805
51 8319 856048
1329 8669 856084
51 8319 856126
1329 8669 856151
51 8319 856168
51 8319 856266
3129 8591 856359
51 8319 856397
1329 8669 856974
51 8319 857089
1329 8669 857200
51 8319 857339
1329 8669 857389
51 8319 857605
449 8814 858310
449 8814 858376
449 8814 859196
1662 8812 859526
2761 8552 859770
1973 8423 859891
1662 8812 860574
449 8814 861163
574 8552 861401
456 8669 861685
449 8814 861885
449 8814 861952
449 8814 862112
3744 8243 863513
3744 8243 863847
449 8814 866213
449 8814 866432
449 8814 866722
1662 8812 866782
449 8814 866889
449 8814 866963
449 8814 867019
449 8814 867071
1329 8669 867397
1329 8669 867444
3462 9003 867689
1329 8669 867807
3462 9003 867993
3462 9003 868069
3462 9003 868233
3462 9003 868267
3462 9003 868314
3462 9003 868617
3462 9003 868760
449 8814 869146
3462 9003 869190
3462 9003 869248
1889 8526 869747
3462 9003 869937
653 8260 870032
449 8814 870203
3462 9003 870417
3462 9003 870600
3514 8814 870821
3124 8812 871171
3124 8812 871645
653 8260 871684
3772 8812 871716
3124 8812 871845
3772 8812 872138
1329 8669 872306
3772 8812 872401
51 8275 872633
653 8260 872655
3772 8812 872786
1329 8669 873106
3772 8812 873202
3780 8243 873639
3772 8812 873889
3772 8812 874172
3772 8812 874202
3772 8812 874304
1329 8669 874498
51 8319 874657
3772 8812 875118
3772 8812 875317
3474 8812 876890
962 8678 879439
3809 8241 882512
3809 8241 882547
3809 8241 882638
3812 8908 882660
3812 8908 882688
3812 8908 882870
3809 8241 882888
3809 8241 882922
3812 8908 883010
3812 8908 883631
3812 8908 884276
3812 8908 884675
3812 8908 884843
3812 8908 884879
3812 8908 884934
3812 8908 884967
3812 8908 885012
3812 8908 885128
3812 8908 885133
3812 8908 885164
3812 8908 885332
3812 8908 886520
3821 8241 886989
3821 8241 887070
3812 8908 887701
3812 8908 888078
3825 8876 888353
3812 8908 888499
3812 8908 888709
3812 8908 889183
3812 8908 889208
3812 8908 889466
3812 8908 889957
3812 8908 890064
3812 8908 890151
3275 8827 890348
248 8415 891273
3275 8827 891886
3843 8827 894088
3854 8526 899938
3275 8827 904123
3275 8827 904374
3275 8827 905177
1662 8812 905472
392 8485 905791
1662 8683 907114
653 8260 907722
653 8260 908154
653 8260 908294
1662 8812 909002
931 8275 909023
3474 8812 909221
311 8243 909304
931 8275 910523
931 8275 911187
3888 8552 913242
311 8243 914766
449 8814 918698
449 8814 918796
449 8814 918895
449 8814 919048
449 8814 919157
3474 8812 919190
449 8814 919228
3666 8827 920235
449 8814 920564
449 8814 920721
449 8814 920797
449 8814 920903
449 8814 921074
449 8814 921388
449 8814 921460
482 8678 922879
482 8678 923110
482 8678 923282
482 8678 923923
482 8678 923988
482 8678 924072
482 8678 924129
482 8678 924178
3474 8812 924243
482 8678 924259
482 8678 924455
482 8678 924727
3474 8812 925391
311 8243 926337
3929 8896 927306
3929 8896 927764
3666 8827 930281
3124 8812 930626
3458 8552 931114
3458 8552 931187
311 8442 931438
3458 8552 931638
3458 8552 931681
3458 8552 931872
3124 8812 931933
3124 8812 932406
3458 8552 938384
3458 8552 938864
3458 8552 938974
3458 8552 939341
3989 8814 941411
392 8485 941961
3124 8812 943301
1371 8814 948971
488 8669 948987
488 8669 949036
488 8669 949314
488 8669 949400
3514 8814 949458
4023 8241 949661
488 8241 950034
488 8241 950125
488 8241 950173
3772 8812 950616
950 8485 950744
950 8485 950764
950 8485 951166
950 8485 951195
950 8485 951305
950 8485 951424
950 8485 951481
950 8485 951533
488 8669 952492
488 8669 952576
3462 9003 952638
3772 8812 952995
4034 8740 953245
962 8678 953399
22 8678 953408
22 8678 953453
3462 9003 953465
3474 8812 953513
962 8678 953583
3462 9003 953609
962 8678 953691
962 8678 953770
3462 9003 954011
3462 9003 954143
3462 9003 954466
3462 9003 954892
3462 9003 954938
3462 9003 955431
3514 8814 955972
3462 9003 956090
3462 9003 956307
3462 9003 956365
1329 8669 956529
1371 8814 956549
1329 8669 956623
3462 9003 956754
3462 9003 956782
1329 8669 956895
3462 9003 957001
3462 9003 957061
3462 9003 957104
4042 8423 957867
1329 8669 958086
3462 9003 959265
248 8415 959267
1329 8669 959436
421 8260 959959
2511 8876 960772
1656 8811 961288
449 8814 961724
248 8415 962726
1656 8811 962942
289 8442 962947
1656 8811 963049
1656 8811 963363
1656 8811 963429
289 8442 963782
289 8442 963811
289 8442 963832
449 8423 964071
3 8230 964169
3124 8812 964319
3 8230 964357
3124 8812 965061
3124 8812 965167
3124 8812 965334
4062 8814 965342
449 8814 966853
4067 8669 967258
15 8241 967460
3124 8812 968121
3124 8812 968494
3124 8812 968657
4067 8669 968686
3124 8812 969091
3124 8812 969492
3124 8812 970404
4093 8423 974905
1973 8485 978326
1973 8485 978397
1973 8485 978709
1601 8552 983442
1601 8552 983664
1601 8552 983960
1601 8552 984372
1601 8552 984473
1601 8552 984964
574 8552 985791
574 8552 986004
1601 8552 986960
1601 8552 987027
4125 8442 987276
289 8442 992571
3474 8812 994116
3474 8812 995633
311 8876 996333
931 8275 996522
4149 8260 996725
931 8275 996847
3474 8812 997165
3474 8812 997555
4153 8260 997711
311 8243 998214
392 8485 998266
311 8243 998280
1973 8485 998313
289 8442 998714
3474 8812 998722
1973 8485 998852
392 8485 999058
392 8485 999121
1973 8485 999314
22 8812 999351
1973 8485 999378
311 8442 1000275
950 8485 1000298
950 8485 1000373
950 8485 1000424
289 8442 1002614
4169 8260 1003477
574 8552 1004287
574 8552 1004868
311 8442 1005149
289 8442 1006787
311 8442 1007085
1889 8526 1007783
3677 9003 1007855
3677 9003 1007884
3677 9003 1007929
3677 9003 1007973
1889 8526 1008059
3677 9003 1008078
3677 9003 1008132
3677 9003 1008249
1889 8526 1008429
3677 9003 1008696
3677 9003 1008907
4193 8252 1008910
3677 9003 1009175
3677 9003 1009528
3677 9003 1009545
3812 8908 1014652
3812 8908 1015047
3812 8908 1015161
3812 8908 1015541
1734 8252 1015902
3812 8908 1016049
1734 8252 1016051
574 8552 1016190
3812 8908 1016196
3812 8908 1016347
232 8398 1016742
232 8398 1017051
232 8398 1017202
3812 8908 1018399
3812 8908 1018794
3812 8908 1018938
232 8398 1018980
232 8398 1019491
3812 8908 1020032
3812 8908 1020133
732 8241 1020189
3812 8908 1020374
3812 8908 1020647
232 8398 1020738
3812 8908 1020845
232 8398 1020875
3812 8908 1020955
3812 8908 1021046
3812 8908 1021102
3812 8908 1021207
3812 8908 1021635
3 8230 1021664
3 8230 1021696
3812 8908 1021744
232 8398 1021752
232 8398 1022114
232 8398 1022403
3812 8908 1022949
3812 8908 1023044
3812 8908 1023198
232 8398 1023589
232 8398 1024225
232 8398 1024393
3812 8908 1024516
232 8398 1024518
3812 8908 1024711
232 8398 1024772
232 8398 1024860
232 8398 1025157
3812 8908 1025392
22 8812 1025495
4268 8740 1026166
232 8398 1026308
232 8398 1026506
232 8398 1026609
3812 8908 1026636
232 8398 1026739
3812 8908 1026779
3812 8908 1026880
3812 8908 1026934
4268 8740 1027198
232 8398 1027341
3812 8908 1027662
3812 8908 1027785
3812 8908 1027977
3812 8908 1028112
4268 8740 1028316
449 8423 1028563
3812 8908 1028644
4268 8740 1028715
4268 8740 1028871
449 8423 1028885
3124 8812 1029024
3124 8812 1029082
232 8398 1029241
232 8398 1029370
3124 8812 1029533
232 8398 1029588
232 8398 1029698
3474 8812 1029804
4288 8740 1029941
3124 8812 1030036
2442 8526 1030245
3474 8812 1030282
2442 8526 1030328
2442 8526 1030393
3474 8812 1030567
2442 8526 1030729
3474 8812 1031569
15 8241 1033454
3458 8552 1033544
3458 8552 1033598
3458 8552 1033781
3458 8552 1033843
3458 8552 1033896
3458 8552 1033980
3129 8526 1037327
3129 8526 1037414
1371 8814 1038121
3812 8908 1039598
3812 8908 1039691
3812 8908 1039732
3812 8908 1039846
3458 8552 1040260
3812 8908 1041507
3 8230 1041581
3812 8908 1041718
3812 8908 1041746
4339 8526 1041886
411 8740 1041969
4339 8526 1041973
4339 8526 1042058
3812 8908 1042251
3812 8908 1042274
3812 8908 1042826
1371 8814 1042836
3812 8908 1042870
3812 8908 1042909
3812 8908 1043009
3812 8908 1043048
4356 8241 1044873
3812 8908 1045060
3812 8908 1045146
1889 8526 1045360
3474 8812 1045931
421 8241 1046318
3772 8812 1047320
3772 8812 1048458
289 8442 1049851
289 8442 1049926
1036 8241 1049948
3772 8812 1050104
289 8442 1050304
1371 8814 1050341
289 8442 1050741
289 8442 1051115
289 8442 1051291
3124 8812 1051505
1371 8814 1051527
449 8814 1051931
449 8814 1052021
3124 8812 1053351
3812 8908 1053539
3124 8812 1053670
3812 8908 1053746
3124 8812 1054145
3124 8812 1054182
3812 8908 1054342
3812 8908 1054521
3812 8908 1055866
232 8398 1056144
232 8398 1056483
232 8398 1056603
3812 8908 1056748
3812 8908 1056789
3812 8908 1057063
4401 8241 1057583
4401 8241 1057643
4401 8241 1057846
3812 8908 1058074
4401 8241 1058142
4401 8241 1058188
4401 8241 1058287
51 8319 1059067
51 8319 1059306
4401 8241 1060662
51 8319 1062500
51 8319 1062564
3812 8908 1065710
3812 8908 1065960
3812 8908 1066160
4423 8241 1068377
4424 8442 1068872
4424 8442 1068902
3 8230 1069507
3 8230 1069802
574 8552 1069851
3 8230 1070836
3213 8552 1071553
3 8230 1072774
3 8230 1072986
3 8230 1073136
3 8230 1073262
574 8552 1073884
22 8683 1075060
51 8319 1075173
51 8319 1075277
4469 8442 1088994
4469 8442 1089312
488 8241 1089392
488 8241 1089474
311 8243 1090493
311 8243 1090538
311 8243 1090675
732 8241 1091750
732 8241 1091848
1889 8526 1092541
311 8243 1092801
311 8243 1092823
311 8243 1094693
311 8243 1094770
4491 8526 1097001
4505 8241 1099925
4512 8876 1102071
769 8526 1102195
769 8526 1102224
311 8876 1102376
4520 8423 1105631
4520 8423 1105785
1973 8423 1112449
2776 8876 1113702
4169 8260 1116710
2196 8260 1116744
4564 8526 1116982
579 8252 1118197
579 8252 1122585
421 8260 1124051
53 8442 1124454
4590 8607 1124909
3124 8812 1126763
1889 8526 1128045
4600 8241 1128671
4600 8241 1130433
248 8415 1131628
248 8415 1134963
248 8415 1144209
248 8415 1144444
248 8415 1144523
51 8319 1146662
51 8319 1146827
4401 8241 1146917
51 8319 1147099
51 8319 1147461
51 8319 1147680
51 8319 1147932
51 8319 1148017
51 8319 1148050
51 8319 1148763
311 8442 1156376
53 8442 1156601
51 8319 1161041
51 8319 1161417
931 8275 1168728
931 8275 1168820
421 8241 1180317
421 8241 1180821
421 8241 1181296
3772 8812 1185270
488 8241 1186169
4784 8812 1186489
3772 8812 1187996
411 8740 1188052
3772 8812 1188174
411 8740 1188177
248 8415 1188364
449 8415 1188898
3135 8526 1191281
3135 8526 1191458
248 8415 1191726
488 8241 1194629
232 8398 1199033
4849 8593 1200351
4856 8260 1201144
232 8398 1201172
4856 8260 1201223
232 8398 1201734
232 8398 1201822
232 8398 1202761
232 8398 1203625
3772 8812 1203711
232 8398 1204441
232 8398 1205784
232 8398 1206460
2442 8241 1206806
4890 8593 1207656
261 8593 1208205
261 8593 1208227
4892 8241 1208251
261 8593 1208254
22 8241 1208323
4892 8241 1208370
22 8241 1208426
421 8591 1213717
4912 8241 1213857
51 8319 1214460
51 8319 1215816
449 8415 1217709
3772 8812 1217765
449 8415 1217876
449 8415 1218040
449 8415 1218147
449 8415 1218216
449 8415 1218352
449 8415 1218441
449 8415 1218615
248 8415 1218644
449 8415 1219194
732 8241 1219229
51 8319 1219267
51 8319 1219487
449 8415 1219532
449 8415 1219650
449 8415 1219754
449 8415 1219854
449 8415 1220202
449 8415 1220287
449 8415 1220451
4925 8591 1220478
449 8415 1220752
449 8415 1220806
449 8415 1221008
449 8415 1221080
449 8415 1221161
411 8252 1221166
449 8415 1221740
449 8415 1221842
248 8415 1221870
449 8415 1222213
449 8415 1222403
449 8415 1222569
449 8415 1222673
4931 8876 1222861
449 8415 1222889
449 8415 1223026
449 8415 1223406
449 8415 1223619
449 8415 1223792
449 8415 1223919
449 8415 1224059
449 8415 1224231
449 8415 1224312
449 8415 1224506
449 8415 1224653
449 8415 1224755
449 8415 1224815
449 8415 1224913
449 8415 1225042
449 8415 1225150
449 8415 1225264
449 8415 1225346
449 8415 1225435
449 8415 1226917
2996 8241 1227497
1036 8415 1227595
1036 8415 1228963
2587 8243 1231774
4962 8415 1235356
4962 8415 1236959
4401 8241 1239485
4401 8241 1239546
289 8442 1239849
289 8442 1248432
4590 8607 1253130
3 8230 1254020
311 8876 1256376
3772 8812 1259375
5019 8241 1260997
5019 8241 1261063
5019 8241 1261969
5019 8241 1262483
5019 8241 1262721
5019 8241 1263078
5019 8241 1263501
311 8442 1263959
5019 8241 1264096
5019 8241 1264271
5032 8241 1264633
5032 8241 1264689
5019 8241 1264737
5032 8241 1264756
5032 8241 1264828
5032 8241 1264980
5019 8241 1265618
311 8243 1266478
5019 8241 1268650
289 8442 1268975
732 8241 1271203
732 8241 1271304
732 8241 1271439
5019 8241 1272406
3135 8526 1273184
5063 8241 1273628
5064 8526 1274050
5064 8526 1274354
4401 8241 1275019
4401 8241 1275030
4401 8241 1275041
4401 8241 1275170
5063 8683 1275483
488 8241 1275507
488 8241 1275611
488 8241 1275691
488 8241 1275795
488 8241 1275857
488 8241 1276114
488 8241 1276769
311 8442 1276931
732 8241 1277050
732 8241 1277150
5084 8558 1277724
248 8415 1278147
449 8415 1279597
1662 8812 1279920
311 8442 1281151
901 8275 1281802
51 8319 1282228
4962 8415 1282298
5019 8241 1282852
5019 8241 1282907
449 8415 1283400
5019 8241 1283767
488 8241 1284025
488 8241 1284273
488 8241 1284362
3 8230 1284444
488 8241 1285733
2442 8526 1285836
488 8241 1285864
5111 8260 1285893
488 8241 1285923
5111 8260 1285978
22 8260 1286005
5111 8260 1286032
22 8260 1286059
5111 8260 1286081
2442 8526 1286095
22 8260 1286105
5111 8260 1286135
2442 8526 1286240
2442 8526 1286271
2442 8526 1286334
5112 8252 1286539
232 8398 1286657
411 8252 1286678
5114 8442 1286772
232 8398 1287028
232 8398 1287308
232 8398 1287407
232 8398 1287475
232 8398 1287610
232 8398 1288077
579 8252 1288400
232 8398 1288701
449 8415 1288897
232 8398 1290571
311 8243 1291096
1662 8812 1291119
311 8243 1291237
311 8243 1291349
5063 8241 1291416
1662 8812 1291429
1662 8812 1291569
311 8243 1291609
5019 8241 1291676
732 8241 1292692
488 8241 1293270
4590 8607 1294908
51 8319 1296301
449 8241 1297900
51 8319 1298839
232 8398 1298862
51 8319 1298916
732 8241 1299189
732 8241 1299272
232 8398 1299293
232 8398 1299430
232 8398 1299536
232 8398 1299716
232 8398 1299767
232 8398 1299831
232 8398 1299946
232 8398 1300022
5154 8526 1300267
232 8398 1300467
5154 8526 1300786
232 8398 1300852
4590 8607 1301020
232 8398 1301388
232 8398 1301909
248 8415 1303270
769 8526 1303429
248 8415 1303447
769 8526 1303851
248 8415 1304881
248 8415 1304949
248 8415 1304989
449 8415 1305465
248 8415 1310148
248 8415 1310243
449 8415 1310558
449 8415 1310734
449 8415 1310961
449 8415 1311070
248 8415 1311112
3812 8908 1312236
3812 8908 1312262
3812 8908 1312659
3812 8908 1312810
3812 8908 1313000
3812 8908 1313065
3812 8908 1313732
248 8415 1314874
3812 8908 1314981
3812 8908 1315402
1662 8812 1315406
3812 8908 1315596
3812 8971 1316335
3812 8908 1320848
3812 8908 1321538
5204 8552 1322773
3812 8908 1323737
5204 8552 1323852
3124 8812 1325049
3124 8812 1325259
3124 8812 1326135
3124 8812 1326236
5204 8552 1327633
5220 8423 1333669
5204 8552 1336635
5204 8552 1336687
5204 8552 1336716
421 8591 1341902
5253 8442 1344871
4590 8607 1346630
5259 8552 1346730
5259 8552 1346843
3462 9003 1349015
5259 8552 1349450
311 8442 1349589
746 8243 1349681
311 8243 1349871
3474 8812 1350260
311 8243 1350369
3 8230 1353329
5287 8260 1354168
5063 8241 1355942
1601 8552 1356180
311 8442 1356434
311 8442 1356446
3474 8812 1356811
3474 8812 1357143
5301 8260 1358032
1371 8814 1361357
1371 8814 1361672
248 8415 1364485
1371 8814 1365065
248 8415 1373317
5362 8260 1374342
5364 8252 1374559
3474 8812 1374644
51 8319 1375890
5375 8260 1377529
5362 8260 1378872
5381 8526 1379009
579 8252 1379849
5362 8260 1380348
5063 8241 1380424
3474 8812 1380659
51 8319 1380778
51 8319 1380949
5395 8260 1381260
3514 8814 1385441
3514 8814 1385832
3514 8814 1387004
3 8230 1388207
3 8230 1388338
488 8241 1388439
5425 8241 1396320
5425 8241 1396750
2593 8252 1400582
3812 8971 1401240
3812 8971 1401369
3812 8260 1401445
3812 8260 1401507
3812 8260 1401558
3812 8260 1401572
3812 8971 1402654
3812 8971 1402703
3049 8252 1404796
3049 8252 1404837
3049 8252 1405070
3812 8971 1405802
3812 8971 1405938
5446 8812 1406715
3812 8971 1407027
3812 8971 1407965
3812 8971 1408042
3812 8971 1408915
5063 8683 1409092
3812 8971 1409498
3812 8971 1409799
3812 8971 1409905
3812 8971 1410027
3812 8971 1410229
3812 8971 1410327
3812 8971 1410563
3812 8971 1410689
3812 8971 1410748
3812 8260 1410837
3812 8971 1410919
3812 8971 1410978
3812 8971 1411158
449 8814 1413945
574 8552 1419500
574 8552 1419845
1601 8552 1420897
311 8243 1423542
5063 8241 1424979
311 8243 1426286
5495 8252 1431092
3458 8552 1432139
411 8252 1433117
488 8241 1435553
1033 8683 1435707
5509 8423 1441205
5446 8812 1443252
5521 8683 1443292
3677 9003 1443854
449 8814 1444652
449 8814 1444735
5509 8423 1444777
449 8814 1444849
449 8814 1445058
449 8814 1445170
449 8814 1445277
449 8814 1445364
449 8814 1445446
449 8814 1445533
449 8814 1445598
449 8814 1445689
449 8814 1445994
449 8814 1446095
449 8814 1446204
449 8814 1446820
449 8814 1446973
449 8814 1447209
5539 8552 1448204
5539 8552 1448331
51 8319 1449489
51 8319 1449970
51 8319 1450012
3474 8812 1450254
51 8319 1450262
51 8319 1450285
449 8814 1450350
51 8319 1450491
449 8814 1450672
488 8241 1452993
488 8241 1453112
488 8241 1453225
3812 8971 1453345
449 8814 1453351
488 8241 1453512
51 8319 1453926
488 8241 1454178
3812 8971 1454265
3812 8971 1454540
3812 8971 1454673
3812 8971 1454700
3812 8260 1455024
3812 8971 1455355
3812 8260 1455387
3812 8971 1455468
3474 8812 1455652
3474 8812 1455709
449 8814 1455948
3812 8971 1456049
488 8241 1456124
488 8241 1456185
488 8241 1456508
3812 8971 1456518
3812 8971 1456550
488 8241 1456649
5568 8241 1456779
3812 8971 1456836
3812 8971 1456913
3812 8971 1457401
3812 8971 1457450
3812 8971 1457533
3812 8971 1457623
3812 8260 1457849
3812 8260 1457980
5568 8241 1458005
3812 8971 1458272
3812 8971 1458506
3812 8971 1458538
3812 8971 1458621
3812 8971 1458830
3812 8971 1458976
3812 8971 1459142
3812 8971 1459401
3812 8971 1459500
3812 8971 1459548
3812 8971 1459841
3812 8971 1461579
3812 8971 1461880
3812 8971 1462049
3812 8260 1462328
488 8241 1462651
3812 8971 1462860
248 8415 1463162
3812 8971 1463166
3812 8971 1463424
3812 8971 1463555
248 8415 1463662
3812 8971 1464198
3812 8591 1464492
3812 8971 1465212
3812 8971 1465270
5609 8260 1465349
3812 8260 1465404
3812 8260 1465625
3812 8971 1465809
3812 8260 1465992
248 8415 1466316
248 8415 1466396
232 8398 1469373
232 8398 1469485
5568 8241 1470492
5629 8593 1472085
449 8814 1474491
449 8814 1474739
449 8814 1476007
449 8814 1476350
449 8814 1477551
449 8814 1477629
449 8814 1477831
5653 8526 1478247
449 8814 1480236
769 8526 1480811
3812 8971 1481880
3812 8971 1481942
3812 8971 1482041
3812 8971 1482110
3812 8971 1482409
3812 8260 1482530
5653 8526 1482727
5653 8526 1482756
5653 8526 1482852
3812 8260 1482894
3812 8971 1483074
3812 8260 1483135
5663 8526 1483294
3812 8260 1483691
1036 8260 1483803
3812 8971 1483828
3812 8971 1483898
449 8814 1484065
3812 8971 1484077
3812 8971 1484186
769 8526 1484220
449 8814 1484252
3812 8591 1484437
5019 8241 1484539
3812 8971 1484693
3812 8971 1484732
3812 8971 1484912
3812 8971 1484951
3812 8971 1485012
3812 8971 1485551
3812 8971 1485668
3812 8971 1485804
3812 8971 1486215
3812 8971 1486417
3812 8971 1486421
5653 8526 1486467
3812 8971 1486480
3812 8971 1486556
3812 8971 1486629
3812 8971 1486689
3812 8971 1486754
3812 8971 1487015
449 8814 1487106
449 8814 1487178
3812 8971 1487219
449 8814 1487247
3812 8971 1487392
3812 8971 1487608
3812 8971 1487704
3812 8971 1487741
3812 8971 1487791
3812 8971 1487855
3812 8971 1488146
3812 8971 1488225
3812 8971 1488282
3812 8971 1488473
3812 8260 1488645
3812 8971 1488791
3812 8971 1488819
3812 8971 1488903
3812 8971 1488963
5682 8260 1489456
5682 8683 1489721
3812 8971 1489744
3275 8827 1489773
3275 8827 1489814
3275 8827 1489844
3275 8827 1489886
3275 8827 1489923
5682 8683 1489940
3275 8827 1489978
3275 8827 1490007
3275 8827 1490084
3275 8827 1490142
248 8415 1490485
3812 8971 1490665
3812 8971 1491341
3812 8971 1491496
3812 8260 1491671
3049 8252 1491766
411 8252 1492576
3049 8252 1494774
769 8526 1495946
3666 8827 1501307
3666 8827 1501541
5204 8552 1502319
289 8442 1502632
3275 8827 1502824
3275 8827 1502848
3275 8827 1502882
3275 8827 1502903
3275 8827 1502932
3275 8827 1502969
3275 8827 1503037
3275 8827 1503067
3275 8827 1503152
3275 8827 1503193
289 8442 1504993
5712 8442 1505750
5712 8442 1505768
5714 8591 1506846
5719 8275 1508849
5719 8275 1509109
5063 8683 1512551
931 8275 1515456
488 8241 1518488
5747 8526 1521427
3474 8812 1521671
311 8442 1523215
3 8230 1523622
3 8230 1523845
1036 8260 1525251
289 8442 1526785
4401 8241 1530066
449 8814 1534987
449 8814 1535025
311 8740 1537366
411 8740 1537775
311 8442 1538280
3514 8814 1538893
311 8740 1538916
456 8672 1541063
51 8319 1542428
51 8319 1542633
5800 8827 1543284
411 8740 1544277
579 8252 1544528
579 8252 1544588
579 8252 1544611
579 8252 1544629
5814 8260 1548839
3812 8971 1549169
3812 8971 1549411
3812 8971 1549595
5825 8241 1551473
51 8319 1553821
51 8319 1553865
51 8319 1553890
51 8319 1554878
384 8827 1555071
411 8740 1558065
5019 8241 1562474
5855 8252 1565848
411 8252 1565965
289 8442 1566078
5855 8252 1566253
411 8252 1566557
248 8415 1567020
289 8442 1567290
3 8230 1568647
5855 8252 1569466
5855 8252 1569943
5855 8252 1570026
5868 8814 1570034
449 8814 1570301
5871 8252 1570398
5871 8252 1570499
3275 8827 1571027
3275 8827 1571057
3275 8827 1571106
3275 8827 1571215
3275 8827 1571255
3275 8827 1571285
3275 8827 1571382
3275 8827 1571426
3812 8971 1571990
5876 8672 1572262
3812 8971 1572601
3812 8971 1572848
3812 8971 1572919
3812 8971 1572983
3812 8971 1573147
3812 8971 1573226
3812 8971 1573332
3812 8971 1573625
3812 8971 1573729
3812 8971 1573930
3812 8971 1574010
3812 8971 1574088
3812 8971 1574112
3812 8971 1574156
3812 8971 1574174
3812 8971 1574336
3812 8971 1574384
3812 8971 1574433
3812 8971 1574527
3812 8971 1574625
3812 8971 1574778
3812 8971 1574806
3812 8971 1574899
3812 8971 1574974
3812 8971 1575073
3812 8591 1575244
3275 8827 1575267
3812 8971 1575336
3275 8827 1575375
3049 8252 1576116
3049 8252 1576243
3812 8971 1576699
5906 9151 1583777
5906 9151 1583970
5906 9151 1583994
5906 9151 1584130
3327 8252 1592968
3275 8827 1595961
3275 8827 1596091
3275 8827 1596328
3275 8827 1597419
3275 8827 1597455
3275 8827 1599079
3275 8827 1599134
931 8275 1601496
931 8275 1602361
311 8740 1603000
931 8275 1603047
931 8275 1603219
5876 8672 1603291
931 8275 1603559
5876 8672 1603758
5933 8260 1603993
5876 8672 1604157
311 8442 1604378
5933 8260 1605878
1205 8275 1606221
1205 8275 1606452
1205 8275 1608099
4401 8683 1614540
5876 8672 1614757
5933 8260 1615525
488 8241 1615660
488 8241 1615783
4769 8591 1616726
4769 8260 1616783
4769 8971 1617099
4769 8591 1619533
1033 8683 1620615
5019 8241 1621111
5933 8260 1621466
5933 8260 1621612
5933 8260 1621829
5989 9151 1624956
5933 8260 1625338
1033 8683 1625630
5933 8260 1626180
5933 8260 1626438
5933 8260 1626935
5933 8260 1627172
1205 8275 1628911
1205 8275 1629709
6003 9151 1629913
6003 9151 1629982
4504 9151 1630068
6003 9151 1630136
6003 9151 1630206
6003 9151 1630296
4504 9151 1631018
6006 8252 1631084
6012 8260 1632368
6012 8260 1632416
6003 9151 1632465
6012 8260 1632481
317 8260 1632528
4504 9151 1632545
6012 8260 1632548
6012 8260 1632583
317 8260 1632600
411 8740 1632601
411 8740 1632642
3812 8971 1633080
3812 8971 1633343
3812 8971 1633582
3812 8971 1633883
6020 8591 1633998
6020 8591 1634115
6003 9151 1634367
421 8591 1634466
931 8275 1635662
6027 8243 1636494
1526 8243 1636649
6029 8243 1636943
579 8252 1641190
1889 8526 1641542
2593 8252 1643604
6047 8526 1643687
384 8252 1644587
3812 8908 1645840
3812 8908 1646031
3812 8908 1646055
6053 8683 1646081
3812 8908 1646097
3812 8908 1646163
6053 8683 1646879
6053 8683 1646928
6059 9151 1647539
6053 8683 1647547
6059 9151 1647745
1662 8812 1647757
6053 8683 1648133
6053 8683 1648349
3812 8908 1648692
6053 8683 1649286
5876 8672 1649303
5876 8672 1649411
6061 8260 1649584
6061 8260 1649631
6063 9151 1650960
6063 9151 1650997
6065 9151 1652503
6053 8683 1652724
51 8319 1652845
51 8319 1652905
51 8319 1653083
51 8319 1653286
248 8415 1653578
449 8526 1653708
449 8526 1653753
449 8526 1653878
6053 8683 1655242
1036 8260 1659712
3275 8827 1659794
3275 8827 1659823
3275 8827 1659857
3275 8827 1659898
3275 8827 1662292
3275 8827 1662344
3275 8827 1662458
3275 8827 1662572
6078 8526 1664688
6082 9151 1668273
3275 8827 1668325
6082 9151 1669253
248 8415 1669542
3275 8827 1670281
3275 8827 1672556
6101 8241 1678072
5063 8683 1681377
5871 9151 1682900
6109 9151 1683343
1973 8607 1688333
3275 8827 1688954
5063 8683 1688982
488 8241 1694277
6139 8591 1695245
289 8442 1695424
6145 9151 1696479
6145 9151 1696554
3129 8591 1696998
53 8243 1697747
1205 8275 1697900
3124 8812 1698008
3124 8812 1698185
1205 8275 1698196
1205 8275 1698511
1205 8275 1698800
6160 9166 1701248
6165 9166 1702157
6166 9151 1702471
6165 9166 1702924
6160 9166 1703304
6160 9166 1703345
6160 9166 1703628
6165 9166 1703972
6165 8558 1704459
6173 9166 1704818
1033 8683 1704991
6173 8558 1705183
1033 8683 1705222
311 8876 1705297
311 8876 1705323
6173 9166 1705384
311 8442 1705487
311 8442 1705506
6173 9166 1705913
6173 9166 1706072
6173 9166 1706481
6182 9166 1708535
232 8398 1709704
6173 9166 1710369
232 8398 1711057
482 8558 1711625
232 8398 1711752
482 8558 1711809
482 9166 1712028
482 9166 1712080
482 9166 1712146
482 9166 1712175
482 9166 1712266
5552 9166 1712285
482 9166 1712308
1197 8558 1712382
1197 8558 1712464
5552 9166 1712467
5552 9166 1712644
1197 8558 1712665
1197 8558 1712704
1197 8558 1712757
5552 9166 1712870
5552 9166 1713000
5552 9166 1713114
5552 9166 1713465
5552 9166 1713516
1329 8669 1713601
4590 8607 1713651
232 8398 1713701
5552 9166 1713738
5552 9166 1714160
5552 9166 1714238
6196 8260 1714392
1329 8669 1714400
232 8398 1714592
482 9166 1714616
6198 8876 1714664
1329 8669 1714669
5552 9166 1714680
5552 9166 1714695
482 9166 1714717
482 8558 1715079
482 8558 1715341
311 8876 1715708
6201 9151 1715772
6203 9166 1716028
6205 8558 1716194
6201 9151 1716369
3479 8252 1716432
5552 9166 1716591
5552 9166 1716686
6203 9166 1716825
1197 8558 1717052
1197 8558 1717079
6201 9151 1717528
1197 8558 1718737
1197 8558 1718766
6201 9151 1718801
1197 8558 1718888
1197 8558 1718923
1197 8558 1718960
6209 9166 1718973
1197 8558 1719098
6201 9151 1719135
5552 9166 1719200
6173 9166 1719979
1197 9166 1720023
1197 9166 1720034
5552 9166 1720105
5552 9166 1720333
6201 9151 1720352
6173 9166 1721103
5552 9166 1721120
6173 9166 1721415
6173 9166 1721455
1197 9166 1721549
5552 9166 1721616
6173 9166 1721624
1366 8591 1721681
5552 9166 1721693
6173 9166 1721890
1366 8260 1721916
6173 9166 1721917
1197 9166 1722035
6218 9166 1722229
5552 9166 1722233
1197 9166 1722550
1197 9166 1722574
1197 9166 1722616
6222 9166 1722937
6222 9166 1722964
6223 9166 1723075
6224 9166 1723214
5552 9166 1724325
1197 9166 1724328
1197 9166 1724390
62 9166 1724486
5552 9166 1724617
6173 9166 1724671
62 9166 1725020
62 9166 1725039
5552 9166 1725220
6173 9166 1725612
62 9166 1725747
6173 9166 1725962
482 8558 1725976
6173 9166 1726113
62 9166 1728260
6234 9166 1728263
1197 9166 1728285
1197 9166 1728358
6238 9151 1728775
6053 8683 1729275
6241 8260 1729333
5552 9166 1729338
5552 9166 1729367
6238 9151 1729555
5552 9166 1730155
5552 9166 1730163
5552 9166 1730176
5552 9166 1730208
5552 9166 1730242
4590 8607 1730327
5552 9166 1730855
482 9166 1731052
482 9166 1731131
482 9166 1731442
482 9166 1731489
51 8319 1731584
482 9166 1731615
482 9166 1731641
482 9166 1731731
51 8319 1732643
6053 8683 1732649
51 8319 1732679
6252 9151 1733153
6053 8683 1733303
5552 9166 1733318
5552 9166 1733409
5552 9166 1733723
6173 9166 1734151
482 9166 1734335
6255 9166 1734431
6173 9166 1734654
6173 9166 1734739
5552 9166 1734912
6173 9166 1736112
6053 8683 1736980
6053 8683 1737440
6173 9166 1737727
1205 8275 1737779
6173 9166 1737847
3819 9166 1738187
3819 9166 1738300
3819 9166 1738566
6262 9166 1739066
482 9166 1739501
5552 9166 1739659
25 9166 1739665
1205 8275 1739687
25 9166 1739771
25 9166 1739840
482 9166 1739988
6173 9166 1740777
482 9166 1740963
6173 9166 1741091
6173 9166 1741530
6267 8558 1741680
6267 8558 1741698
289 8243 1741738
2528 8919 1743026
6274 8558 1743995
482 9166 1744082
130 8558 1744456
130 8558 1744528
130 8558 1744552
130 8558 1744571
130 8558 1744608
130 8558 1744647
130 8558 1744676
6173 8558 1744744
6277 8558 1744836
1197 8558 1745299
1197 9166 1746009
289 8442 1746107
1197 8558 1746256
6281 8442 1748288
6281 8442 1748330
6281 8442 1748453
289 8442 1748652
248 8415 1750395
248 8415 1750439
3275 8827 1751973
3275 8827 1752003
3275 8827 1752196
3275 8827 1752283
3275 8827 1752319
3275 8827 1752357
3275 8827 1752432
3275 8827 1752478
3275 8827 1752578
232 8398 1752637
3275 8827 1752706
3275 8827 1752745
311 8442 1752891
311 8876 1755461
3819 9166 1755581
6173 9166 1757350
6173 9166 1757575
3275 8827 1758522
3275 8827 1758554
6297 8593 1758778
1973 8607 1759787
1973 8607 1760353
1197 9166 1760437
1197 9166 1760467
1197 9166 1760498
3819 9166 1760883
5552 9166 1760997
2639 9166 1761011
5552 9166 1761073
5552 9166 1761163
5552 9166 1761303
2639 9166 1761959
1197 9166 1762008
2639 9166 1762086
1197 9166 1762554
5552 9166 1763624
6310 9166 1763731
6311 9166 1763831
3275 8827 1764894
6318 8558 1766185
3275 8827 1766929
3275 8827 1767080
2515 9166 1767554
2515 9166 1767573
2515 9166 1767597
2515 9166 1767645
6065 9151 1767813
4590 8607 1771432
6329 9166 1771496
6330 9166 1771659
4590 8607 1772078
6330 9166 1772976
1197 9166 1773043
6330 9166 1775072
6330 9166 1775128
6330 9166 1775307
6330 9166 1775524
6330 9166 1776029
6330 9166 1776078
6334 9166 1776264
6337 8558 1777205
6337 9166 1777236
6338 9166 1777410
6330 9166 1777951
6338 9166 1778232
6338 9166 1778293
6330 9166 1778388
6330 9166 1778554
6343 9166 1779309
1197 8558 1780505
6347 9166 1780537
1197 8558 1780662
6330 9166 1780823
6330 9166 1781264
6330 9166 1781451
6330 9166 1781587
6330 9166 1781648
6330 9166 1782053
3 8230 1782330
6330 9166 1782391
6330 9166 1782454
6330 9166 1782534
6330 9166 1782575
6355 8558 1782712
6330 9166 1782803
2528 8919 1783071
6330 9166 1783292
6330 9166 1783317
2528 8919 1783468
6330 9166 1783571
3 8230 1783626
6330 9166 1783636
6330 9166 1783821
6330 9166 1783966
6330 9166 1784050
6330 9166 1784165
6359 9166 1784258
6160 9166 1784307
6330 9166 1784323
5552 9166 1784390
6330 9166 1784410
1197 9166 1784546
5552 9166 1784785
6173 9166 1785137
6173 9166 1785331
6173 9166 1785368
6173 9166 1785575
6330 9166 1785579
6173 9166 1785721
5552 9166 1785748
6330 9166 1785890
4395 8558 1785947
4395 8558 1786043
6173 9166 1786083
5552 8558 1786454
6173 9166 1786653
289 8442 1786656
289 8442 1786776
5552 9166 1786849
6330 9166 1786961
1205 8275 1787085
5552 9166 1787101
6173 9166 1787175
6366 9166 1787197
6330 9166 1787645
384 8827 1788281
482 8558 1788468
62 9166 1788496
421 9166 1788797
6173 9166 1789215
421 9166 1789248
6173 9166 1789294
482 9166 1789328
482 9166 1789370
6173 9166 1789388
6330 9166 1789595
6173 9166 1789612
482 9166 1789784
6173 9166 1789879
5552 9166 1789982
6173 9166 1790122
6173 9166 1790150
6373 8252 1790189
5552 9166 1790309
5552 9166 1790330
5552 9166 1790456
384 8558 1790511
6173 9166 1790568
5552 9166 1790864
488 8669 1790902
384 9166 1790938
62 9166 1791035
1205 8275 1791061
421 9166 1791107
5552 9166 1791110
5552 9166 1791155
6173 9166 1791248
384 9166 1791304
1205 8275 1791308
62 9166 1791390
384 9166 1791462
384 9166 1791485
6380 8260 1791784
62 9166 1791820
6330 9166 1792291
6330 9166 1792360
6381 8683 1792367
6381 8683 1792465
6381 8683 1792524
248 8415 1793372
248 8415 1793402
6330 9166 1793509
1329 8669 1793519
6330 9166 1793589
4395 9166 1793708
6330 9166 1793989
6173 9166 1794504
6388 9166 1794866
5552 9166 1795271
6173 9166 1795837
4395 9166 1796386
6173 9166 1796724
6392 9166 1796845
6173 9166 1797171
6209 9166 1797263
4039 9166 1797639
4039 9166 1797761
25 8252 1798002
4039 9166 1798002
6338 9166 1798647
6338 9166 1798669
6338 9166 1798703
6173 9166 1798944
6173 9166 1798989
1197 8558 1799062
1197 8558 1799095
5552 9166 1799556
6173 9166 1799745
482 9166 1799943
482 9166 1800042
482 9166 1800069
482 9166 1800163
6399 9166 1800475
6399 9166 1800506
3129 8591 1801342
2527 8309 1802201
2527 8309 1802258
6403 9166 1802531
6406 9166 1803170
384 9166 1803410
25 9166 1804521
25 9166 1804609
6205 9166 1804649
2527 8309 1805282
2527 8309 1805389
579 8252 1805933
6403 9166 1806490
6403 9166 1806663
2527 8309 1807403
2527 8309 1807483
6414 9151 1808338
2515 9166 1808822
4033 8591 1809108
6173 9166 1809178
6173 9166 1809289
4590 8607 1809339
6173 9166 1809628
6418 8558 1809666
6173 8558 1809815
2219 8526 1810409
6421 9166 1811251
6422 9166 1811274
384 9166 1811917
2527 8309 1812744
62 9166 1813240
62 9166 1813346
2527 8309 1813758
5876 8672 1813912
5876 8672 1813969
2527 8309 1814102
2527 8309 1814272
6430 9166 1814640
1371 8814 1814663
2527 8309 1814735
2527 8309 1815311
384 9166 1815521
2527 8309 1815590
5876 8672 1815720
2527 8309 1815829
411 8740 1815904
2527 8309 1816033
2527 8309 1816109
6173 9166 1816148
4067 8672 1816194
411 8876 1816277
2527 8309 1816288
5876 8672 1816328
5876 8672 1816457
4067 8672 1816489
6053 8683 1816558
2527 8309 1816579
4067 8672 1816587
2527 8309 1816981
2527 8309 1817079
5876 8672 1817184
5876 8672 1817241
2527 8309 1817256
5876 8672 1817281
4590 8607 1817373
2527 8309 1817572
732 9166 1817755
732 9166 1817912
732 9166 1818030
2527 8309 1818118
2527 8309 1818168
2527 8309 1818208
2527 8309 1818534
6443 8876 1818684
2527 8309 1818980
3825 8876 1819062
449 8415 1819067
449 8415 1819154
449 8415 1819291
449 8415 1819384
5876 8672 1819460
5876 8672 1819642
449 8415 1819671
5876 8672 1819721
5876 8672 1819797
732 9166 1820102
5876 8672 1820358
5552 9166 1820509
25 9166 1820568
289 8442 1820614
25 9166 1820735
5552 9166 1820761
25 9166 1820849
25 9166 1820882
25 9166 1821033
25 9166 1821209
25 9166 1821235
25 9166 1821384
5876 8672 1821414
25 9166 1821477
5552 9166 1821574
25 9166 1821608
5552 9166 1821800
482 9166 1821902
25 9166 1822140
25 9166 1822230
1973 8309 1822391
25 9166 1822400
1973 8309 1822472
2908 9166 1822554
25 9166 1822774
25 9166 1822860
25 9166 1822960
1662 8812 1823289
1662 8812 1823378
25 9166 1823419
25 9166 1823500
6456 8243 1823692
2908 9166 1824066
2908 9166 1824140
2908 9166 1824199
2908 9166 1824230
2908 9166 1824319
25 9166 1824437
25 9166 1824464
25 9166 1824673
25 9166 1824749
25 9166 1825031
6460 9151 1825363
1662 8812 1825435
2908 9166 1825466
1662 8812 1825493
3819 9166 1825650
2908 9166 1825678
1662 8812 1825763
1036 9166 1825807
2908 9166 1825815
2527 8309 1825892
2908 9166 1825912
1036 9166 1825915
1036 9166 1825969
1036 9166 1825990
2908 9166 1826033
2908 9166 1826069
1036 9166 1826093
2527 8309 1826170
2908 9166 1826181
2527 8309 1826203
1036 9166 1826230
2908 9166 1826249
2527 8309 1826251
1501 9166 1826301
2527 8309 1826409
2527 8309 1826455
1501 9166 1826456
2527 8309 1826505
732 9166 1826561
2908 9166 1826722
732 9166 1826905
5552 9166 1827131
5552 9166 1827284
6466 9166 1827350
5552 9166 1827417
6466 9166 1827578
6467 9166 1828029
1973 8309 1829478
1973 8309 1829770
1973 8309 1829899
1973 8309 1829999
1973 8309 1830089
6475 8260 1831821
6082 9151 1832518
6082 9151 1832602
6330 9166 1832739
2527 8309 1834152
2527 8309 1834227
2527 8309 1834971
6480 9166 1835140
6330 9166 1835813
6330 9166 1835908
6330 9166 1835952
6330 9166 1836152
6330 9166 1836375
6483 9166 1836516
6330 9166 1836579
6330 9166 1836659
6483 9166 1836782
6484 9151 1837403
6484 9151 1837610
6486 8740 1837915
51 8319 1838268
6484 9151 1838438
311 8740 1838492
51 8319 1838550
311 8740 1838721
1973 8309 1838892
1973 8309 1839062
1973 8309 1839104
51 8319 1839203
6330 9166 1839625
3049 8252 1841070
1501 9166 1842021
6330 9166 1842114
1501 9166 1842169
1501 9166 1842224
1501 9166 1842374
51 8319 1844113
51 8319 1844154
51 8319 1844314
6504 9166 1845136
6504 9166 1845374
6504 9166 1845414
6330 9166 1845575
6506 9166 1846119
6507 9166 1846264
6480 9166 1847107
6392 9166 1848398
6338 9166 1848888
2870 8260 1849063
6338 9166 1849085
6252 9151 1849575
6252 9151 1850981
5552 9166 1851464
1501 9166 1852168
6252 9151 1853557
5552 9166 1853777
6252 9151 1853827
6252 9151 1854087
6252 9151 1854481
5552 9166 1854924
1889 8526 1857424
6165 9166 1857681
5552 9166 1858008
5552 9166 1858068
6518 9166 1858090
6518 9166 1858111
6165 9166 1858171
6165 9166 1858254
6165 9166 1858313
6165 9166 1858422
6165 9166 1858574
6165 9166 1858900
6519 9166 1860373
5876 8672 1860526
1662 8812 1860930
4067 8672 1861366
1197 9166 1861652
1662 8812 1864828
2908 9166 1865526
5876 8672 1865683
6330 9166 1866197
2552 9166 1866320
6330 9166 1866359
5063 8683 1867000
5552 9166 1867185
3275 8827 1867853
3275 8827 1867954
3275 8827 1868030
3275 8827 1868294
5552 9166 1868333
3275 8827 1868768
3275 8827 1868902
6533 9151 1869010
3275 8827 1869130
6533 9151 1869284
3275 8827 1869347
6535 9166 1869685
3129 8876 1869892
4067 8672 1870409
4067 8672 1870491
5552 9166 1870779
6330 9166 1870940
6535 9166 1871122
5552 9166 1871221
2908 9166 1871522
6252 9151 1871647
421 8241 1873047
5803 8558 1873062
5803 8558 1873100
62 9166 1874127
4401 8241 1874184
1197 8558 1874440
5446 8812 1875109
421 8241 1875186
421 8241 1875541
311 8876 1875967
6546 8260 1876143
482 9166 1876273
311 8442 1876405
232 8398 1880303
5446 8812 1880371
232 8398 1880477
5446 8812 1880535
5446 8812 1880626
5876 8672 1880668
232 8398 1880735
6223 9166 1880835
6223 9166 1880861
6223 9166 1880894
1329 8669 1881005
6223 9166 1881125
1329 8669 1881442
3812 8908 1881554
232 8398 1881616
3819 9166 1881849
6557 9151 1881901
311 8442 1882602
232 8398 1882810
232 8398 1883089
6173 9166 1883170
6252 9151 1883656
3812 8971 1883789
421 8241 1883946
6403 9166 1884086
6252 9151 1884183
311 8442 1884188
6403 9166 1884346
3 8230 1885308
5876 8672 1885541
1329 8669 1885575
6347 9166 1885735
25 9166 1885989
25 9166 1886196
1329 8669 1886210
6403 9166 1886766
1329 8669 1886778
6568 8812 1886814
6403 9166 1886891
2527 8309 1886974
2527 8309 1887265
6403 9166 1887344
2515 9166 1887602
2527 8309 1887811
2515 9166 1887881
25 9166 1887904
1329 8669 1887957
1197 9166 1887966
2527 8309 1888279
2527 8309 1888354
6575 8260 1888362
62 9166 1888465
1329 8669 1888481
2527 8309 1888582
2527 8309 1888616
25 9166 1888848
25 9166 1888933
25 9166 1889050
2527 8309 1889369
2527 8309 1889421
6403 9166 1889623
6403 9166 1889683
6577 9166 1889794
25 9166 1889934
2527 8309 1889969
2527 8309 1890012
311 8876 1890107
2527 8309 1890164
2527 8309 1890605
6347 9166 1890901
1329 8669 1890950
1329 8669 1891010
1329 8669 1891099
1329 8669 1891232
1329 8669 1891302
1329 8669 1891393
311 8442 1891441
488 8241 1891443
311 8442 1891506
1197 8558 1891515
1329 8669 1891704
1197 8558 1891739
311 8442 1891787
6581 8876 1891847
311 8876 1891890
6583 8442 1892080
6584 9166 1892091
1197 9166 1892252
6359 9166 1892269
421 9166 1892545
6359 9166 1892556
1329 8669 1892567
2527 8919 1892617
1197 9166 1892676
1197 9166 1892691
1197 9166 1892713
1197 9166 1892751
6588 8591 1892866
6359 9166 1892896
6589 9166 1892937
1197 8558 1893055
421 8591 1893187
1329 8669 1893243
311 8442 1893365
6223 9166 1893538
1329 8669 1893764
6223 9166 1893974
6223 9166 1894012
1329 8669 1894030
1329 8669 1894300
1329 8669 1894382
4590 8607 1895057
1197 8558 1895081
1197 8558 1895104
1197 8558 1895162
2528 8919 1895192
1329 8669 1895303
1197 8558 1895573
2528 8919 1895672
6173 9166 1895890
1329 8669 1896007
6594 9166 1896016
1197 8558 1896347
2515 9166 1896368
1197 8558 1896416
1197 8558 1896434
6173 9166 1896471
1197 8558 1896495
6173 9166 1896556
1329 8669 1896568
6173 9166 1896662
6173 9166 1896745
6173 9166 1896940
1329 8669 1896975
1197 8558 1897782
62 9166 1898821
62 9166 1898972
62 9166 1899009
6602 8827 1899436
62 9166 1899485
2219 8526 1899527
1197 8558 1899528
6223 9166 1900133
1973 8309 1900299
6223 9166 1900329
1973 8309 1900491
1973 8309 1900542
2527 8309 1900624
4590 8607 1900634
232 8398 1900783
1973 8309 1901170
1329 8669 1901193
2527 8919 1901214
2527 8919 1901310
1973 8309 1901387
1197 8558 1902100
1197 8558 1902151
1197 8558 1902335
4067 8672 1902627
1973 8607 1902887
2528 8919 1903196
384 8827 1903621
6613 9166 1903622
6613 9166 1904110
6173 9166 1904233
311 8876 1904309
1501 9166 1904365
2527 8919 1904481
311 8876 1904565
311 8876 1904797
2527 8309 1905000
2527 8309 1905036
5552 9166 1905565
2527 8309 1905735
22 9166 1905875
1973 8309 1906488
1973 8309 1906618
4067 8672 1906628
1973 8309 1906686
2527 8309 1906771
2527 8309 1906862
1973 8309 1906883
1973 8309 1906918
1973 8309 1906982
1973 8309 1907138
2527 8309 1907163
2527 8309 1907422
1973 8309 1907467
6053 8683 1907561
1973 8309 1907593
6483 9166 1908134
1937 8526 1908364
6053 8683 1908367
2527 8309 1908445
2527 8309 1908600
6330 9166 1908609
6053 8683 1908728
6330 9166 1909210
2527 8309 1909254
1937 8526 1909254
6053 8683 1909443
6633 9166 1909721
1973 8309 1909729
3275 8827 1909820
2527 8309 1910128
1973 8309 1910239
2527 8309 1910354
1973 8309 1910380
6635 9166 1910415
2527 8309 1910520
1973 8309 1910548
2515 9166 1911009
2515 9166 1911102
2527 8309 1911187
1973 8309 1911240
1973 8309 1911368
2527 8309 1911446
6637 8876 1911553
6053 8683 1911563
1973 8309 1911606
1973 8309 1911706
2527 8309 1911901
2527 8309 1911966
1973 8309 1912006
1973 8309 1912158
3474 8812 1912643
6642 8908 1912792
449 8814 1913000
1036 8260 1914496
2528 8919 1914624
2528 8919 1914739
449 8814 1914782
289 8442 1916260
6652 9166 1917258
232 8398 1917372
53 8243 1918302
1501 9166 1918905
1501 9166 1918934
6659 8526 1920297
1937 8526 1920416
53 8243 1923471
6173 9166 1925575
1197 9166 1925820
6669 8591 1925821
6173 9166 1927669
6518 9166 1931818
4067 8669 1932774
6687 9151 1938323
3636 8252 1938845
6330 9166 1938995
421 8591 1939904
6705 9166 1944758
6709 8319 1947441
6709 8319 1947480
5876 8672 1947785
2908 9166 1947858
6710 8827 1948429
5552 9166 1950221
5552 9166 1950255
5876 8672 1950804
5876 8672 1951036
4590 8607 1951112
5876 8672 1951139
5876 8672 1952849
6723 8243 1952969
311 8243 1953087
2908 9166 1953121
5876 8672 1953299
6252 9151 1953767
2908 9166 1953991
5876 8672 1954165
5876 8672 1954442
2908 9166 1954576
5876 8672 1954714
2908 9166 1955231
289 8442 1955670
311 8442 1956027
1205 8275 1956385
311 8442 1956975
289 8442 1957330
3809 8919 1957332
3809 8919 1957404
4067 8672 1957416
311 8442 1957593
51 8319 1957870
311 8876 1957993
3809 8919 1958151
311 8876 1958180
6330 9166 1958735
1197 9166 1958823
311 8876 1959002
311 8876 1959187
311 8876 1959378
3677 9166 1961076
6343 9166 1961126
4491 8526 1961611
6173 9166 1961731
3275 8827 1963223
3275 8827 1963312
3275 8827 1963741
3275 8827 1963878
6750 9166 1964008
3275 8827 1964887
311 8876 1964930
3514 8260 1965026
6669 8591 1966549
3275 8827 1966761
3275 8827 1966858
3275 8827 1967291
3275 8827 1967359
456 8669 1967485
421 8591 1967941
4401 8683 1968195
6053 8683 1969710
1329 8669 1970247
1329 8669 1970838
62 9166 1971043
1329 8669 1971143
1329 8669 1971464
3819 9166 1971501
1329 8669 1971720
1197 9166 1971774
3135 8526 1972569
3135 8526 1972765
732 9166 1972915
6780 8591 1973942
6780 8591 1974098
6780 8591 1974259
232 8398 1977084
5876 8672 1977607
5876 8672 1977777
5876 8672 1979442
6669 8591 1979538
5876 8672 1979578
5876 8672 1979680
3458 8309 1979756
5876 8672 1980003
232 8398 1980083
51 8319 1980123
51 8319 1980179
51 8319 1980216
5876 8672 1980384
232 8398 1980841
51 8319 1981178
6798 9166 1981306
51 8319 1981317
51 8319 1981364
458 8876 1981432
51 8319 1981478
311 8876 1981486
51 8319 1981748
51 8319 1981917
51 8319 1981944
232 8398 1982016
6403 9166 1982042
51 8319 1982125
51 8319 1982415
51 8319 1982442
51 8319 1982866
232 8398 1982868
51 8319 1982981
4067 8672 1983084
51 8319 1983622
51 8319 1983916
1197 8558 1984189
4590 8607 1986206
6809 9166 1988108
1197 8558 1988463
6811 9166 1988791
6811 9166 1988851
3819 9166 1989834
458 8876 1991242
51 8275 1991460
51 8319 1992164
51 8319 1992652
51 8319 1992954
51 8319 1993021
51 8319 1993290
51 8319 1993326
51 8319 1993688
51 8319 1995309
51 8319 1995505
51 8319 1995525
51 8319 1995685
51 8319 1995723
51 8319 1995952
5253 8442 1999825
6831 8260 2000993
6841 9166 2003415
1036 8260 2003477
449 8814 2003586
5629 8593 2004200
6480 9166 2004281
5629 8593 2004351
6422 9166 2004583
1501 9166 2007064
421 8260 2011946
3275 8827 2014160
3124 8812 2014525
51 8319 2016428
3458 8309 2017753
3275 8827 2018199
3275 8827 2018259
3275 8827 2018288
3275 8827 2018317
3275 8827 2018356
3275 8827 2018398
3275 8827 2018446
3275 8827 2018485
3275 8827 2018536
3275 8827 2018680
3275 8827 2018828
6858 8243 2019922
3275 8827 2019951
1197 8558 2022029
1501 9166 2027810
311 8876 2029804
6338 9166 2030855
6338 9166 2030900
6338 9166 2031004
6338 9166 2031019
6338 9166 2031053
3275 8827 2035374
3275 8827 2035407
3275 8827 2035526
3275 8827 2035591
3275 8827 2035641
3275 8827 2035698
6359 9166 2035764
3275 8827 2035831
6359 9166 2035885
3275 8827 2035917
6880 8876 2036435
289 8442 2036727
311 8442 2036771
6882 8275 2037213
6883 8243 2038424
311 8243 2038460
6884 8243 2038558
6883 8243 2038598
311 8243 2038687
5020 8243 2038778
311 8243 2038839
5020 8243 2039228
311 8243 2039311
5020 8243 2039956
53 8243 2040020
5876 8672 2041129
5876 8672 2041278
5876 8672 2041427
5876 8672 2041466
5876 8672 2041580
311 8876 2042021
6892 9166 2042804
4590 8607 2043191
6898 9166 2044214
6330 9166 2045182
6330 9166 2045220
6330 9166 2045357
579 8252 2045907
411 8252 2045972
411 8252 2045993
6173 9166 2047751
6907 8252 2048064
25 9166 2048280
6330 9166 2048415
6173 9166 2048785
25 9166 2048837
2593 8252 2049097
6330 9166 2050439
3474 8812 2050785
25 8558 2051059
25 9166 2051571
25 9166 2051629
6330 9166 2051683
25 9166 2051835
3474 8812 2051935
25 9166 2052031
5876 8672 2052730
6483 9166 2053017
6483 9166 2053048
5876 8672 2053261
6173 9166 2053367
6330 9166 2053720
6330 9166 2054601
6173 9166 2055103
6921 9166 2055113
25 8252 2055506
51 8319 2055684
5876 8672 2055685
6173 9166 2055703
6330 9166 2055978
51 8319 2056172
6330 9166 2056229
5876 8672 2056315
51 8319 2056685
3049 8252 2056785
51 8319 2057115
6933 9166 2058425
6933 9166 2058618
51 8319 2059004
51 8319 2059031
6935 8591 2059125
5876 8672 2060027
2515 9166 2060663
6330 9166 2060772
2515 9166 2060882
51 8319 2060917
51 8319 2060935
51 8319 2060983
5876 8672 2061616
5876 8672 2062216
51 8319 2062314
51 8319 2062363
6330 9166 2062738
6330 9166 2062793
6330 9166 2062833
6330 9166 2062853
51 8319 2063274
248 8415 2063691
6223 9166 2063792
51 8319 2063871
449 8415 2064064
51 8319 2064245
51 8319 2064317
51 8319 2064383
449 8415 2065685
2870 8260 2067259
2870 8260 2067307
2870 8260 2067352
449 8415 2068151
4590 8607 2069320
449 8415 2069440
1197 9166 2069979
449 8415 2070276
248 8415 2071405
248 8415 2071773
248 8415 2071987
6209 9166 2073798
6977 8260 2074743
6979 8607 2075198
5876 8672 2075247
5876 8672 2075561
5876 8672 2075651
248 8415 2075865
51 8319 2075952
51 8319 2076177
51 8319 2076471
51 8319 2077507
248 8415 2077654
248 8415 2077749
248 8415 2077778
248 8415 2077828
51 8319 2078150
248 8415 2078198
248 8415 2078397
6989 9166 2078928
51 8319 2079032
51 8319 2079149
4067 8672 2079665
51 8319 2079960
2196 8591 2081367
51 8319 2081591
51 8319 2081632
51 8319 2081779
51 8319 2081822
6173 9166 2083339
4067 8672 2084151
51 8319 2085615
51 8319 2085644
51 8319 2085742
5552 9166 2086118
2219 8526 2087404
6480 9166 2087419
6480 9166 2087702
53 8442 2087935
6082 9151 2089162
6082 9151 2089421
6082 9151 2089492
6082 9151 2089516
6330 9166 2090030
6330 9166 2090595
3275 8827 2092017
6330 9166 2092177
7044 8260 2095058
51 8319 2096696
51 8319 2096756
6330 9166 2096773
51 8319 2096903
51 8319 2096925
6330 9166 2097232
51 8319 2097466
51 8319 2097489
6330 9166 2097578
51 8319 2097982
6330 9166 2098393
6330 9166 2098457
6330 9166 2098564
51 8319 2098668
51 8319 2099025
51 8319 2099469
6330 9166 2100378
7056 8427 2100740
7058 8241 2101238
51 9166 2103092
7061 9166 2103192
51 9166 2103281
51 9166 2103781
280 8427 2103850
51 9166 2104130
51 9166 2104836
51 9166 2105285
7056 8427 2106210
2552 9166 2106686
2552 9166 2108081
7056 8427 2108091
2552 9166 2108333
315 8427 2108605
3275 8827 2109051
3275 8827 2109096
5800 8827 2109616
7075 8243 2109752
3275 8827 2109890
7075 8243 2110229
53 8243 2110265
7075 8243 2112347
53 8243 2112384
289 8442 2113427
3275 8827 2113519
3275 8827 2113610
3275 8827 2113656
3275 8827 2113693
3275 8827 2113759
3275 8827 2113808
3275 8827 2113840
3275 8827 2113968
3275 8827 2114073
51 9166 2117627
51 9166 2118069
6330 9166 2119386
3666 8827 2119839
1197 9166 2120046
6330 9166 2120630
6330 9166 2120818
6330 9166 2121786
6330 9166 2122312
1197 9166 2122314
289 8442 2122633
6330 9166 2122691
6173 9166 2123766
6173 9166 2123792
6173 9166 2123820
6173 9166 2123910
6330 9166 2124189
6330 9166 2125325
6330 9166 2125377
6330 9166 2125438
4033 8526 2125505
2908 9166 2125621
2908 9166 2125792
6343 9166 2125994
2908 9166 2126298
2908 9166 2126382
6330 9166 2126473
6330 9166 2126562
2908 9166 2126621
6330 9166 2126754
7110 9166 2127155
1197 9166 2127733
6252 9151 2127901
7112 8260 2128020
1197 9166 2128131
1197 9166 2128214
1197 9166 2128231
1197 9166 2128244
1197 9166 2128289
1197 9166 2128448
411 8740 2128719
311 8740 2129238
6173 9166 2129293
311 8740 2129304
311 8740 2129401
311 8740 2129595
411 8740 2129803
311 8740 2130164
4590 8607 2130255
311 8740 2130336
6223 9166 2130751
311 8740 2131150
311 8740 2131169
311 8740 2131399
6418 9166 2131807
6338 9166 2132012
4288 8740 2132069
311 8740 2132340
7121 8260 2132722
6338 9166 2132805
311 8740 2132911
7125 9166 2133412
411 8740 2133712
411 8740 2133730
311 8740 2133999
311 8740 2134044
411 8740 2134094
232 8398 2134173
311 8740 2134222
311 8740 2134278
232 8398 2134352
232 8398 2134451
488 8241 2134576
6330 9166 2134797
232 8398 2134820
6330 9166 2134929
311 8740 2134935
411 8740 2134979
311 8740 2135084
311 8740 2135142
311 8740 2135177
311 8740 2135228
311 8740 2135243
311 8740 2135328
311 8876 2135359
232 8398 2135487
311 8740 2135549
6338 9166 2135573
6223 9166 2135577
6338 9166 2135589
6338 9166 2135640
6223 9166 2135692
232 8398 2135786
311 8740 2135800
311 8740 2135829
311 8740 2135901
311 8740 2135938
232 8398 2135956
311 8740 2136101
232 8398 2136226
6338 9166 2136352
232 8398 2136508
7136 8260 2136610
311 8740 2136870
6330 9166 2137001
6330 9166 2137449
6330 9166 2137509
6330 9166 2138052
4590 8607 2138398
488 8241 2140027
384 9166 2140262
6330 9166 2141066
6330 9166 2141166
6330 9166 2141281
311 8243 2142600
7147 8812 2143606
7148 8740 2143714
332 8319 2143989
6330 8558 2144371
6330 9166 2144640
2527 8309 2145620
6330 9166 2145647
6330 9166 2145715
2527 8309 2145863
6330 9166 2147725
411 8740 2147887
7158 8740 2148158
6330 8558 2148450
6330 8558 2148561
311 8740 2148843
6330 8558 2148920
311 8740 2148976
4590 8607 2149227
1197 8558 2149283
7162 8558 2149359
7162 8558 2149499
411 8740 2149720
3458 8309 2150213
411 8243 2151259
411 8243 2151282
6330 9166 2152376
6330 9166 2152976
1382 9166 2153028
6330 9166 2154465
6330 9166 2154639
7181 8683 2156675
7181 8683 2157428
2527 8919 2158445
2527 8919 2158518
2349 8260 2158664
7189 8740 2158699
1382 9166 2158809
1382 9166 2158833
2349 8260 2158839
232 8398 2159356
2527 8919 2159465
232 8398 2159488
232 8398 2159586
3458 8919 2159633
7194 8558 2159644
3458 8919 2159701
3458 8919 2159858
232 8398 2160300
2527 8919 2160337
2527 8919 2160558
2527 8919 2160709
2527 8919 2160737
2527 8919 2160819
2527 8919 2160847
7181 8683 2161022
2527 8919 2161200
2527 8919 2161239
311 8740 2161276
2527 8919 2161277
7181 8683 2161302
25 9166 2161373
25 9166 2161423
25 9166 2161565
25 9166 2161613
2219 8526 2161728
2527 8919 2161755
7199 8260 2161794
2527 8919 2161808
25 9166 2161865
25 9166 2161920
2527 8919 2161982
25 9166 2161986
2527 8919 2162042
2527 8919 2162132
2552 9166 2162204
25 9166 2162255
2552 9166 2162261
25 9166 2162382
25 9166 2162430
311 8740 2162444
25 9166 2163110
25 9166 2163191
25 9166 2163212
2527 8919 2163264
2527 8919 2163532
2527 8919 2163642
25 9166 2163872
2527 8919 2163990
7208 9166 2164379
2527 8919 2164407
2527 8919 2164707
2527 8919 2164801
1197 8558 2165005
2527 8919 2165141
2527 8919 2165183
2527 8919 2165240
7217 9151 2165355
2527 8919 2165366
2527 8919 2165556
2527 8919 2165843
2527 8919 2166518
2527 8919 2166544
2527 8919 2166594
2527 8919 2166683
7181 8260 2166709
2527 8919 2166801
2527 8919 2167715
2527 8919 2167834
2527 8919 2168485
7224 8526 2168644
2515 9166 2169211
449 8814 2173317
449 8814 2173418
449 8814 2173752
7242 8876 2176352
449 8814 2176914
449 8814 2177217
7246 8260 2177869
449 8814 2177948
7246 8260 2178017
7247 8260 2178066
7249 9166 2178635
7249 9166 2178729
2528 8919 2178796
6710 8827 2179228
7252 8252 2180081
3275 8827 2181009
7256 8896 2181311
7256 8896 2181555
7256 8896 2181962
3275 8827 2182431
3275 8827 2182455
3275 8827 2182478
7258 8919 2182504
3275 8827 2182510
3275 8827 2182571
3275 8827 2182601
3275 8827 2182626
3275 8827 2182690
3275 8827 2182727
3275 8827 2182808
3275 8827 2182882
3275 8827 2182929
3275 8827 2182981
315 8427 2183017
3275 8827 2183024
3275 8827 2183114
411 8740 2183529
311 8740 2186202
3124 8812 2188621
449 8814 2188992
311 8243 2190649
289 8442 2192047
1205 8275 2192170
1205 8275 2192222
5063 8683 2194497
6338 9166 2195192
53 8243 2196381
6338 9166 2196457
6338 9166 2196844
6338 9166 2196929
3275 8827 2198153
3275 8827 2198200
6173 9166 2198227
3275 8827 2198295
6173 9166 2198563
3275 8827 2198738
3275 8827 2198773
3275 8827 2198798
3275 8827 2198866
3275 8827 2198911
3275 8827 2198945
289 8442 2199139
289 8442 2199331
6053 8683 2204383
3129 8683 2205107
3129 8971 2205371
311 8740 2207263
7298 8243 2207641
7298 8243 2207702
311 8243 2207741
5719 8275 2207968
5719 8275 2208383
6330 9166 2211687
289 8442 2212680
7312 9166 2212888
332 8319 2213093
1197 8558 2213130
7044 8260 2213187
411 8740 2214570
411 8740 2214624
732 9166 2214628
7314 8260 2214657
732 9166 2214709
2776 8876 2214775
488 8241 2215167
411 8740 2215235
482 8558 2215237
6338 9166 2215241
289 8442 2215316
482 8558 2215396
411 8740 2215456
6338 9166 2215857
6338 9166 2215943
6338 9166 2216098
5063 8683 2216719
7322 8683 2217363
456 8669 2217748
456 8669 2217881
384 8827 2217987
384 8827 2218031
384 8827 2218138
3474 8812 2219022
2196 8812 2219139
2196 8812 2219211
2196 8812 2219331
2196 8812 2219380
2196 8812 2219446
7330 8526 2219461
2196 8812 2219537
2196 8812 2219697
2196 8812 2219767
2196 8812 2219877
2196 8812 2219914
2196 8812 2219980
2196 8812 2220011
2196 8812 2220058
2196 8812 2220091
2196 8812 2220142
2196 8812 2220182
2196 8812 2220198
4491 8526 2220277
7252 8252 2221461
311 8876 2221589
311 8442 2221781
384 8252 2221866
311 8740 2222017
311 8740 2222245
411 8740 2222332
15 8241 2222761
311 8740 2222807
15 8241 2222911
411 8740 2223252
1197 9166 2223325
6338 9166 2223609
411 8740 2223765
6338 9166 2223950
7347 8243 2224065
311 8740 2224256
411 8740 2224279
411 8740 2224333
311 8243 2224386
411 8740 2224478
4521 8683 2224499
411 8740 2224645
732 9166 2226751
384 8252 2228302
6338 9166 2228624
411 8252 2229152
732 9166 2230358
311 8740 2230752
732 9166 2232503
732 9166 2232768
411 8740 2234038
411 8740 2234838
411 8740 2235135
3376 8607 2235316
2515 9166 2236693
732 9166 2236877
7395 9166 2236884
7398 8526 2237642
6173 9166 2239265
2515 9166 2240001
482 9166 2240356
482 9166 2240717
482 9166 2240894
384 8827 2241227
384 8827 2241472
3144 9166 2242575
25 9166 2242630
25 9166 2242724
25 9166 2242813
25 9166 2243352
411 8740 2243355
25 9166 2243388
411 8740 2243456
411 8740 2244519
411 8740 2244559
411 8740 2244620
6223 9166 2244983
7413 8876 2246264
3144 9166 2247073
3144 9166 2247303
3144 9166 2247340
6418 9166 2247643
2515 9166 2247693
2515 9166 2247958
7419 9166 2248423
2349 8260 2248654
25 9166 2250192
7427 8812 2250504
2552 9166 2251884
6652 9166 2252168
6652 9166 2252428
3474 8812 2253609
6173 9166 2254166
2528 8919 2256396
7427 8812 2256460
2219 8526 2257223
449 8814 2257627
449 8814 2257715
449 8814 2258262
51 8319 2259207
6418 9166 2260998
5019 8241 2261524
5019 8241 2261630
7462 8243 2264645
6546 8260 2264873
6422 9166 2265363
6082 9151 2266231
6082 9151 2266300
6082 9151 2266408
6082 9151 2266521
6082 9151 2266882
6082 9151 2266978
51 8319 2267070
6082 9151 2267159
51 8319 2268107
51 8319 2269431
1501 9166 2270858
1501 9166 2271703
1501 9166 2272697
1501 9166 2272778
7477 9166 2273158
7477 9166 2273373
3275 8827 2273567
3275 8827 2273644
3275 8827 2273666
3275 8827 2273698
1501 9166 2273723
3275 8827 2273734
3275 8827 2273773
3275 8827 2273808
3275 8827 2273839
3275 8827 2273875
3275 8827 2273903
3275 8827 2273986
3275 8827 2274083
3275 8827 2274207
3275 8827 2274266
6173 9166 2276277
289 8442 2281562
289 8442 2282286
6338 9166 2282462
6338 9166 2282564
6338 9166 2282789
6338 9166 2282839
51 8319 2283464
51 9166 2283675
51 9166 2283700
51 9166 2283798
51 9166 2283833
51 9166 2285777
51 9166 2285956
51 9166 2285969
51 9166 2285985
6338 9166 2286633
6053 8683 2287047
6053 8683 2287492
6979 8607 2288172
7515 8260 2288265
311 8740 2288470
6979 8607 2288559
6979 8607 2289853
6979 8607 2289878
6979 8607 2289940
6979 8607 2290139
6979 8607 2290947
6979 8607 2291277
6979 8607 2291308
6979 8607 2291761
1205 8275 2294145
1205 8275 2294338
488 8241 2296099
1205 8275 2297483
488 8241 2298022
289 8442 2298850
289 8442 2298867
289 8442 2298913
488 8241 2299508
488 8241 2299660
6979 8607 2299767
7536 8260 2300461
488 8241 2300585
6252 9151 2300688
289 8442 2300968
488 8241 2301290
7539 8442 2301980
411 8740 2302191
7540 9166 2302577
7536 8260 2302634
7540 9166 2302885
6338 9166 2303052
411 8740 2303071
289 8442 2303108
311 8740 2303380
311 8740 2303431
311 8740 2303957
411 8740 2304555
289 8442 2304671
411 8740 2304854
3636 8252 2305099
311 8740 2305116
3636 8252 2305248
411 8740 2305260
311 8740 2305587
411 8252 2305975
4401 8683 2306298
4401 8683 2306315
488 8241 2306443
488 8241 2306990
7536 8591 2307144
7556 8243 2307592
311 8243 2307654
7556 8243 2308514
311 8243 2308593
7536 8591 2308608
7559 8591 2308674
7561 8526 2309170
7561 8526 2309280
411 8740 2309346
7536 8591 2309381
7559 8260 2309473
6381 8683 2309855
6356 8526 2309859
7536 8260 2309939
1755 8260 2310978
3819 9166 2312191
411 8740 2314083
411 8740 2314140
7578 8876 2314234
7578 8876 2314296
311 8740 2314427
311 8876 2314522
3819 9166 2314580
3819 9166 2314661
3819 9166 2314854
3819 9166 2316048
25 9166 2316141
25 9166 2316286
6669 8591 2317534
7590 8740 2318068
311 8740 2319139
4590 8607 2319219
411 8740 2319412
6669 8591 2319508
25 8252 2319801
411 8740 2319961
411 8740 2319990
311 8740 2320356
411 8740 2320596
311 8740 2320769
311 8740 2321176
53 8442 2321322
311 8740 2321429
311 8442 2321562
7603 8740 2322805
411 8740 2322862
2527 8919 2322886
2528 8919 2323838
2527 8919 2324652
2527 8919 2324834
411 8740 2325147
7615 8876 2325377
2527 8919 2325511
3474 8812 2327467
3474 8812 2328267
6669 8591 2328298
3474 8812 2328601
2528 8919 2328637
2528 8919 2328664
3474 8812 2328726
2528 8919 2328752
2528 8919 2328771
2528 8919 2328809
2528 8919 2328920
2528 8919 2328962
2528 8919 2329031
2528 8919 2329087
2528 8919 2329157
2528 8919 2329188
2528 8919 2329221
2528 8919 2329266
2515 9166 2329318
2528 8919 2329336
2528 8919 2329397
2528 8919 2329547
2528 8919 2329592
2528 8919 2329625
2528 8919 2329668
3458 8919 2329712
3458 8919 2329741
2528 8919 2329783
2528 8919 2329809
3474 8812 2329933
2528 8919 2329965
2528 8919 2330093
2528 8919 2330127
2528 8919 2330203
2528 8919 2330228
2528 8919 2330287
2528 8919 2330335
2528 8919 2330366
2528 8919 2330433
2528 8919 2330467
2528 8919 2330530
2528 8919 2330550
2528 8919 2330568
2528 8919 2330582
2528 8919 2330607
2528 8919 2330628
2528 8919 2330649
2528 8919 2330689
2528 8919 2330706
2528 8919 2330731
2528 8919 2330760
2528 8919 2330792
2528 8919 2330814
2528 8919 2330865
2528 8919 2330966
2528 8919 2331011
1755 8260 2331040
2528 8919 2331041
2528 8919 2331073
2528 8919 2331138
2528 8919 2331190
2527 8919 2332492
411 8740 2333629
411 8740 2334031
3458 8919 2335522
3458 8919 2335555
7643 8241 2336230
7643 8241 2336275
7643 8241 2336335
1205 8275 2338483
1205 8275 2338564
1205 8275 2338638
488 8241 2339249
488 8241 2340307
488 8241 2340404
2269 8814 2341434
2269 8814 2341656
449 8814 2343132
2552 9166 2343226
6065 8275 2344279
2552 9166 2345438
232 8398 2346633
232 8398 2346693
232 8398 2346945
232 8398 2347046
232 8398 2347155
6082 9151 2347173
232 8398 2347433
22 8814 2347701
7665 8260 2347765
6330 9166 2354054
3275 8827 2354608
3275 8827 2354673
3275 8827 2354749
3124 8812 2362347
3124 8812 2362578
3124 8812 2362615
3124 8812 2362639
289 8442 2364880
6979 8607 2366015
6979 8607 2366460
6979 8607 2366512
1205 8275 2368176
1205 8275 2369512
3275 8827 2372433
2515 9166 2372886
3275 8827 2372984
3275 8827 2373187
2515 9166 2373187
3275 8827 2373245
3275 8827 2373363
2515 9166 2373395
3275 8827 2374131
7258 8919 2375463
6330 9166 2375626
488 8241 2376564
7705 8526 2377226
22 8526 2378200
7559 8260 2378318
931 8275 2378542
6252 9151 2378550
931 8275 2378629
7710 8526 2379652
931 8275 2380395
488 8241 2382828
5876 8672 2383401
1889 8526 2384182
289 8442 2385850
7725 8260 2386015
1205 8275 2386560
6338 9166 2386857
1205 8275 2386914
5876 8672 2387016
1205 8275 2387166
411 8740 2387541
488 8241 2387735
1205 8275 2387765
1205 8275 2390081
1205 8275 2390355
6173 9166 2390576
6173 9166 2390764
1205 8275 2390987
411 8740 2391657
411 8740 2392454
931 8275 2392488
931 8275 2393279
931 8275 2393583
931 8275 2394776
384 8827 2395156
449 8814 2395327
7556 8243 2395919
7665 8260 2396207
7665 8260 2396293
931 8275 2396422
311 8243 2396770
130 8814 2397584
7427 8812 2397607
931 8275 2398936
7755 8309 2398957
311 8442 2398959
931 8275 2399355
449 8814 2400019
5876 8672 2400325
384 8827 2400952
7764 8260 2402687
7772 8241 2405289
3422 8526 2406449
53 8442 2407793
2908 9166 2409145
411 8740 2409414
6669 8260 2409996
3422 8526 2410417
4590 8607 2411109
3422 8526 2411386
3422 8526 2411498
6356 8526 2411600
3422 8526 2411801
6669 8260 2411916
3422 8526 2412506
3422 8526 2412794
1973 8607 2412969
7786 8260 2413243
7786 8591 2413643
653 8260 2414191
7786 8260 2414279
7790 8672 2415692
653 8260 2416015
653 8260 2416212
653 8260 2416372
653 8260 2416692
653 8260 2417482
653 8260 2418011
653 8260 2418302
653 8260 2418540
411 8740 2419237
22 8876 2419414
653 8260 2419418
22 8876 2419449
22 8876 2419495
653 8260 2419753
411 8740 2419768
653 8260 2419939
653 8260 2420136
653 8260 2420276
653 8260 2420507
2515 9166 2420786
2515 9166 2420828
4590 8607 2420931
2552 9166 2421050
2552 9166 2421806
2947 8591 2421834
261 8593 2421913
261 8593 2421938
261 8593 2422015
1973 8607 2422025
6173 9166 2422127
4590 8607 2422406
2515 9166 2422508
4590 8607 2422901
2515 9166 2423294
2515 9166 2423470
7799 8740 2423547
6173 9166 2424421
3474 8812 2425436
3474 8812 2425781
2515 9166 2427563
2515 9166 2427761
2515 9166 2427791
2515 9166 2428005
130 8591 2428344
2515 9166 2428394
130 8591 2428560
2515 9166 2429063
449 8814 2429444
248 8415 2431909
6082 9151 2432386
482 9166 2432462
482 9166 2432567
482 9166 2432622
769 8526 2434447
769 8526 2435711
769 8526 2435737
4401 8683 2436582
6252 9151 2437053
7181 8683 2437863
6082 9151 2437944
6082 9151 2437976
6082 9151 2438020
6082 9151 2438061
6252 9151 2438975
6252 9151 2439340
5019 8241 2440173
6082 9151 2441459
6669 8591 2442534
6082 9151 2444982
280 8427 2446235
7836 9151 2448138
7839 8896 2450700
6338 9166 2461051
4067 8672 2461558
1501 9166 2462490
931 8275 2464486
931 8275 2464659
931 8275 2464715
6330 9166 2465772
6330 9166 2465939
6330 9166 2466364
5876 8672 2466374
6330 9166 2466642
7865 8827 2466686
6330 9166 2466719
1501 9166 2467238
482 9166 2467246
1501 9166 2467363
6252 9151 2467576
1501 9166 2467597
1501 9166 2467720
1501 9166 2467971
2908 9166 2468672
2908 9166 2468740
315 9151 2468816
7870 8971 2469689
289 8442 2469974
6584 9166 2470534
488 8241 2470703
6252 9151 2470744
6330 9166 2470763
6252 9151 2470783
6330 9166 2470839
6330 9166 2470995
289 8442 2471119
1033 8683 2471167
6330 9166 2471247
482 8896 2471297
6330 9166 2471490
6252 9151 2471821
4590 8607 2471839
6330 9166 2471870
6330 9166 2471942
289 8442 2472067
6252 9151 2472068
1973 8607 2472223
1973 8607 2472320
1973 8607 2472502
6330 9166 2473340
6330 9166 2473364
6330 9166 2474021
6173 9166 2474636
6330 9166 2474670
6330 9166 2474700
6330 9166 2474742
6173 9166 2475239
6330 9166 2475331
6173 9166 2476082
6359 9166 2476263
7889 8241 2476286
6359 9166 2476317
6359 9166 2476583
6330 9166 2476679
6330 9166 2476804
6330 9166 2476935
6330 9166 2477489
2528 8919 2477624
6359 9166 2478219
2528 8919 2478505
2528 8919 2478554
6173 9166 2478635
6330 9166 2479825
4401 8683 2479874
6330 9166 2479920
6330 9166 2480077
5063 8241 2480405
6330 9166 2480427
6330 9166 2480523
5063 8241 2480616
6330 9166 2480658
6330 9166 2480709
6330 9166 2480772
5063 8241 2480810
5063 8241 2480907
6330 9166 2481371
6330 9166 2481416
6330 9166 2481689
6330 9166 2481762
6330 9166 2481869
6330 9166 2482204
6330 9166 2482355
6330 9166 2482404
6330 9166 2482487
6330 9166 2482528
5876 8672 2482560
5876 8672 2482666
482 9166 2482939
6330 9166 2482962
482 9166 2483017
482 9166 2483073
6330 9166 2483077
482 9166 2483107
7258 8919 2483148
482 9166 2483161
411 8740 2483177
482 9166 2483219
6330 9166 2483249
7258 8919 2483249
6330 9166 2483348
482 9166 2483379
6330 9166 2483388
482 9166 2483423
5876 8672 2483460
311 8740 2483525
7540 9166 2483735
5876 8672 2483774
6330 9166 2483896
130 8526 2484486
5876 8672 2484602
6330 9166 2484866
311 8442 2485003
311 8442 2485018
384 8827 2485177
6223 9166 2485938
6173 9166 2486962
232 8398 2486970
232 8398 2487445
232 8398 2487704
232 8398 2487814
232 8398 2487942
232 8398 2487991
232 8398 2488499
232 8398 2488640
5800 8827 2489037
5800 8827 2489140
5800 8827 2489197
1501 9166 2489524
5019 8241 2489556
1501 9166 2489568
3 8230 2490373
6381 8683 2490944
2515 9166 2491240
2515 9166 2491385
7314 8683 2491541
7314 8683 2491639
5800 8827 2492065
6381 8683 2492157
5800 8827 2492231
6381 8683 2492287
488 8241 2493107
4401 8683 2493181
1501 9166 2493962
4067 8672 2494080
5019 8241 2494185
7314 8241 2494746
4590 8607 2494996
4590 8607 2495102
653 8260 2500177
653 8260 2500302
2515 9166 2500461
2515 9166 2500524
1033 8683 2500642
2515 9166 2501040
653 8260 2501115
2515 9166 2501158
2515 9166 2501299
2515 9166 2501643
2515 9166 2501701
2515 9166 2501820
2515 9166 2501899
2515 9166 2501982
2515 9166 2502107
2515 9166 2502396
2515 9166 2502694
2515 9166 2502722
2515 9166 2502910
2515 9166 2503002
6173 9166 2503070
7181 8683 2503100
449 8241 2503122
2515 9166 2503168
2515 9166 2503362
449 8241 2503438
2515 9166 2503485
2515 9166 2503972
7932 8241 2504014
4401 8241 2504060
7181 8683 2504305
449 8241 2504398
3474 8812 2506045
6602 8827 2506361
3479 8252 2506977
3474 8812 2507379
3474 8812 2508068
7799 8740 2509096
411 8740 2510583
449 8415 2510608
411 8740 2510626
449 8415 2510798
411 8740 2510809
449 8415 2511165
449 8415 2511349
2552 9166 2512922
6173 9166 2513116
2552 9166 2513962
2552 9166 2514507
3474 8812 2514795
2552 9166 2515033
2552 9166 2515638
2219 8526 2515884
2776 8876 2516952
3514 8814 2517193
2219 8526 2517461
2219 8526 2518296
7957 8260 2518645
2219 8526 2518950
7427 8812 2519764
7427 8812 2520395
2219 8526 2520515
6173 9166 2521533
3 8230 2522236
3 8230 2522314
7963 8814 2522713
7963 8814 2522936
449 8814 2522978
7963 8814 2523135
449 8814 2523206
7963 8814 2523441
449 8814 2523514
7963 8814 2523660
449 8814 2523890
7963 8814 2525429
449 8814 2525517
7963 8814 2525522
449 8814 2525577
7969 8260 2526644
7969 8260 2526887
1662 8812 2527365
4067 8672 2528862
4067 8672 2529271
3474 8812 2532070
6705 9166 2533721
6705 9166 2534039
7977 8260 2534685
7977 8260 2534950
7977 8971 2535170
7977 8971 2535234
7977 8971 2535281
7977 8971 2535350
1656 8827 2537382
1656 8827 2537413
3275 8827 2539720
3275 8827 2540405
3275 8827 2540602
7181 8683 2541187
6338 9166 2546321
6338 9166 2549173
6338 9166 2549238
6338 9166 2549350
6053 8683 2550398
6173 9166 2550728
6173 9166 2550792
6053 8683 2551351
6053 8683 2552922
6053 8683 2555841
6173 9166 2555999
4590 8607 2556476
6053 8683 2556692
1656 8827 2557174
6053 8683 2557199
4590 8607 2557291
6359 9166 2558638
6359 9166 2559066
6338 9166 2559070
4590 8607 2559204
4590 8607 2559472
8021 8260 2562170
5063 8241 2563279
5876 8672 2565094
8035 8552 2567081
3 8230 2567213
3 8230 2567353
5876 8672 2567988
3 8230 2568181
3 8230 2568232
3 8230 2569280
3 8230 2569359
488 8241 2569391
6223 9166 2569844
449 8241 2570170
7540 9166 2570884
8049 8243 2571647
3819 9166 2572041
8052 8593 2572050
261 8593 2572070
4093 8423 2572216
653 8260 2572614
1033 8683 2572840
1033 8683 2572928
653 8260 2573126
449 8814 2573313
6173 9166 2573829
449 8814 2573898
4067 8672 2574228
653 8260 2574820
7181 8683 2575274
2761 8552 2575312
7181 8683 2575389
3474 8812 2575465
3474 8812 2575568
1205 8275 2576709
8064 9151 2577229
8064 9151 2577624
6252 9151 2579016
1033 8683 2579975
7181 8683 2580059
1033 8683 2580407
931 8275 2580485
6252 9151 2580624
5876 8672 2580643
1865 8398 2580669
7181 8683 2580803
931 8275 2580836
7181 8683 2580933
7181 8683 2580967
931 8275 2581000
311 8442 2581012
449 8814 2582276
1865 8398 2582524
1865 8398 2582782
1865 8398 2582996
8075 8260 2583250
130 8591 2583430
7963 8814 2583641
449 8814 2583703
5876 8672 2583782
8075 8260 2583897
7963 8814 2584010
22 8485 2586141
449 8814 2586826
311 8740 2588145
2219 8526 2588491
950 8485 2588822
950 8485 2589923
8035 8552 2591725
950 8485 2596896
3 8230 2600045
3 8230 2600258
1973 8607 2601373
4067 8672 2606513
8108 8669 2606859
6480 9166 2608097
2515 9166 2610588
6082 9151 2612464
6082 9151 2612628
8120 8740 2621903
311 8243 2630131
2870 8260 2630410
2870 8260 2631014
3275 8827 2633816
3275 8827 2635466
3275 8827 2636044
6338 9166 2636076
3275 8827 2636166
3275 8827 2636411
3275 8827 2636639
3275 8827 2636832
6252 9151 2637545
411 8740 2638929
8157 8526 2640026
488 8241 2640278
8157 8591 2640384
1501 9166 2640456
1501 9166 2640483
1501 9166 2640506
8157 8591 2640722
6359 9166 2642045
7536 8591 2645840
411 8740 2647762
411 8740 2647807
311 8740 2647827
311 8740 2647865
411 8740 2648089
4590 8607 2650131
4590 8607 2650284
7536 8591 2651021
4590 8607 2652136
4590 8607 2653979
8184 8593 2654191
8184 8593 2654239
4590 8607 2655076
3 8230 2655234
311 8442 2655324
7536 8591 2655710
8189 8607 2656967
7536 8591 2657224
6252 9151 2657456
6330 9166 2657528
6330 9166 2657578
8189 8607 2657715
6330 9166 2657858
6338 9166 2658778
7536 8260 2659798
8189 8607 2660009
6330 9166 2660273
6330 9166 2660329
6330 9166 2660430
8189 8607 2660738
8189 8607 2660894
6330 9166 2661674
311 8876 2662038
25 9166 2662750
4033 8526 2662778
25 9166 2662825
8197 8526 2662977
6480 9166 2663595
8203 8260 2664982
8206 8814 2665511
8203 8260 2665746
4033 8526 2665847
8203 8260 2665974
2870 8260 2666248
2870 8260 2666362
8203 8260 2666399
2870 8260 2666492
6338 9166 2666500
2870 8260 2666784
2870 8260 2666825
8208 8526 2666970
4033 8526 2667884
8189 8607 2668035
8213 8591 2670737
1342 8591 2672548
1366 8526 2672954
653 8260 2673180
1342 8260 2673295
1342 8260 2673679
653 8260 2673698
906 8593 2674586
906 8593 2674676
653 8260 2675000
2515 9166 2675316
2515 9166 2675435
2515 9166 2675525
653 8260 2675540
653 8260 2675804
488 8241 2675963
3514 8814 2676751
653 8260 2676773
3514 8814 2676808
653 8260 2677080
1205 8275 2677506
653 8260 2677640
7772 8241 2677895
8226 8260 2677979
653 8260 2678027
8189 8607 2678148
