8249 "[(17, 11, 1451), (45, 14, 3734), (68, 5, 6344), (920, 4, 145165), (471, 5, 155351), (1140, 8, 185796), (1187, 4, 199724), (1191, 4, 200136), (1180, 1, 248982), (1912, 6, 358270), (1038, 4, 428678), (1038, 4, 484765), (1038, 4, 513573), (912, 9, 514092), (2495, 0, 514394), (761, 2, 515858), (1038, 4, 536857), (1038, 4, 536883), (1038, 4, 600191), (1038, 4, 600226), (1038, 4, 600253), (3011, 8, 637744), (1432, 8, 708086), (285, 11, 730046), (1432, 8, 757492), (285, 11, 759795), (285, 11, 759902), (285, 11, 828497), (285, 11, 828507), (285, 11, 849214), (3763, 15, 870492), (285, 11, 916307), (285, 11, 916363), (285, 11, 916389), (285, 11, 916421), (285, 11, 917729), (1485, 9, 936379), (1912, 6, 968795), (285, 11, 980074), (285, 11, 1091783), (285, 11, 1152669), (509, 2, 1173182), (4827, 14, 1196284), (4827, 14, 1196311), (1912, 6, 1270459), (285, 11, 1337030), (285, 11, 1337095), (285, 11, 1337126), (285, 11, 1420408), (1912, 6, 1650953), (5532, 11, 1651785), (1912, 6, 1661956), (3049, 7, 1667412), (40, 0, 1672011), (17, 11, 1672796), (1912, 6, 1701657), (285, 11, 1711071), (6323, 4, 1769734), (627, 8, 1896374), (1912, 6, 1914154), (285, 11, 1967902)]"
8276 "[(53, 7, 4743), (140, 14, 184565), (233, 0, 284225), (1587, 5, 289131), (233, 0, 618613), (68, 5, 796450), (4027, 12, 951804), (167, 11, 1173719)]"
89 "[(8304, 12, 9234), (8548, 15, 599611), (9069, 2, 1119981), (8290, 6, 1557078), (8290, 6, 1616995), (8290, 6, 1617060), (8290, 6, 1617201), (8290, 6, 1617354), (9069, 2, 1808715), (8462, 14, 2669929), (8577, 14, 2670394)]"
8316 "[(103, 11, 11710), (1047, 8, 164441), (1140, 8, 197622), (1066, 8, 279169), (1263, 8, 323336), (1263, 8, 323352), (1263, 8, 323515), (1921, 11, 361878), (346, 8, 408042), (1761, 11, 434486), (17, 11, 438426), (346, 8, 441770), (552, 8, 506544), (4250, 8, 1022704), (4250, 8, 1023231), (1066, 8, 1498987), (1066, 8, 1561935), (1066, 8, 1723470), (1066, 8, 1726388), (1066, 8, 1727044), (1066, 8, 1829375), (1066, 8, 1901531), (2943, 14, 2006087), (2943, 14, 2142471), (1066, 8, 2177218)]"
8325 "[(115, 4, 14097), (125, 11, 15797), (383, 10, 53563), (611, 1, 80242), (331, 3, 144067), (331, 3, 144180), (331, 3, 480218), (1647, 0, 826775), (331, 3, 849804), (331, 3, 864122), (483, 5, 940457), (331, 3, 1106380), (331, 3, 1111427), (331, 3, 1196211), (22, 7, 1362250), (2076, 4, 1407947), (2076, 4, 1408131), (1647, 0, 1521085), (1647, 0, 1521139), (331, 3, 1713334), (552, 8, 1800382), (331, 3, 1851831), (2693, 9, 1923146), (68, 5, 1924111), (331, 3, 1970282), (331, 3, 1979374), (2769, 6, 2148987), (331, 3, 2149566), (2769, 6, 2150095), (6470, 4, 2281723), (331, 3, 2314975), (331, 3, 2469980), (730, 12, 2481806), (730, 12, 2481828)]"
8321 "[(67, 0, 14999), (233, 0, 280722), (233, 0, 616842), (67, 0, 756421), (61, 8, 1011329), (233, 0, 1661009)]"
8295 "[(67, 0, 15845), (336, 9, 46237), (852, 12, 130165), (17, 11, 280653), (611, 1, 291334), (2035, 3, 396677), (365, 3, 399107), (291, 12, 399376), (22, 7, 457512), (731, 11, 491639), (437, 2, 497178), (2756, 7, 580343), (2756, 7, 598003), (426, 7, 599956), (2035, 3, 650397), (2035, 3, 651109), (2573, 11, 692355), (2146, 14, 698481), (3242, 12, 700214), (3242, 12, 700787), (898, 14, 717659), (67, 0, 756441), (17, 11, 774571), (1276, 14, 822586), (17, 11, 822677), (3613, 1, 823406), (68, 5, 839437), (912, 9, 853397), (68, 5, 854162), (1389, 12, 877355), (2146, 14, 879017), (2196, 7, 880418), (3837, 6, 892200), (291, 12, 908807), (532, 14, 934096), (1485, 9, 935840), (1485, 9, 935869), (68, 5, 944604), (68, 5, 974058), (731, 11, 1054033), (22, 7, 1065041), (3605, 11, 1101608), (68, 5, 1117964), (17, 11, 1143093), (291, 12, 1180025), (4769, 7, 1183589), (2881, 14, 1198604), (806, 1, 1204653), (1912, 6, 1227487), (1912, 6, 1232275), (2146, 14, 1282357), (601, 14, 1291560), (1726, 14, 1292885), (697, 12, 1306335), (2365, 2, 1311437), (2146, 14, 1311845), (611, 1, 1312393), (611, 1, 1312506), (2365, 2, 1312535), (611, 1, 1312574), (1912, 6, 1319983), (285, 11, 1341126), (285, 11, 1341160), (285, 11, 1341179), (285, 11, 1341208), (285, 11, 1341287), (285, 11, 1346936), (285, 11, 1346992), (285, 11, 1347009), (285, 11, 1347069), (285, 11, 1347120), (285, 11, 1347216), (2365, 2, 1352558), (2365, 2, 1352754), (497, 4, 1367455), (2365, 2, 1374425), (4390, 10, 1386335), (167, 11, 1386572), (285, 11, 1436826), (68, 5, 1442294), (1912, 6, 1447814), (285, 11, 1452056), (233, 0, 1495083), (285, 11, 1500285), (1912, 6, 1535373), (5827, 12, 1553913), (5383, 14, 1574195), (5206, 3, 1582612), (5206, 3, 1582899), (285, 11, 1587800), (17, 11, 1595274), (4085, 0, 1595378), (285, 11, 1605421), (285, 11, 1605473), (3049, 7, 1667106), (285, 11, 1675931), (2671, 8, 1691253), (6614, 12, 1923466), (6614, 12, 1925450), (3681, 10, 2054456), (1912, 6, 2077574), (17, 11, 2108938), (3896, 1, 2109232), (402, 3, 2268086), (402, 3, 2268210), (402, 3, 2268326), (402, 3, 2268437), (3293, 11, 2329286), (73, 10, 2356298), (537, 15, 2365526), (2196, 7, 2385765), (2196, 7, 2385791), (17, 11, 2395533), (17, 11, 2568572), (875, 5, 2599708), (7205, 4, 2647257)]"
143 "[(8341, 14, 17614), (9163, 1, 1718425), (8577, 14, 1720168), (9166, 7, 1903655), (8347, 6, 2074820), (8602, 11, 2165272), (9205, 5, 2423175), (9205, 5, 2423198), (8992, 11, 2482008), (8937, 6, 2483407), (9069, 2, 2568045), (8591, 7, 2670788), (8339, 4, 2672673)]"
145 "[(8283, 8, 17856), (8283, 8, 17874), (8283, 8, 18111), (8283, 8, 18148), (8283, 8, 18407), (8463, 15, 271966), (8293, 1, 273165), (8293, 1, 273185), (8577, 14, 1173429), (8577, 14, 1339786), (8577, 14, 1339860), (8577, 14, 1339951), (8577, 14, 1340021), (8577, 14, 1340297), (8577, 14, 1346022)]"
161 "[(8314, 6, 19842), (8314, 6, 19904), (8591, 7, 1644995), (8591, 7, 1645135), (8591, 7, 1646089), (8591, 7, 1648254), (8591, 7, 1650635), (8591, 7, 1650746), (8510, 4, 2205094), (8510, 4, 2205446), (8526, 7, 2206559), (8510, 4, 2210835), (8510, 4, 2211145), (8510, 4, 2303316)]"
165 "[(8261, 12, 20232), (8423, 7, 74328), (8423, 7, 74462), (8423, 7, 74502), (8423, 7, 74536), (8423, 7, 74570), (8423, 7, 74712), (8423, 7, 74764), (8423, 7, 74795), (8694, 12, 261128), (8694, 12, 261155), (8694, 12, 261180), (8694, 12, 261195), (8694, 12, 261232), (8694, 12, 261262), (8694, 12, 261299), (8694, 12, 261325), (8694, 12, 266176), (8694, 12, 272351), (8694, 12, 272385), (8623, 8, 676121), (8623, 8, 676181), (8623, 8, 676291), (8623, 8, 676402), (8623, 8, 676455), (8260, 7, 1024689), (8260, 7, 1024810), (8260, 7, 1024885), (8260, 7, 1024979), (8260, 7, 1025131), (8260, 7, 1025213), (8260, 7, 1025267), (8260, 7, 1025405), (8260, 7, 1025481), (8260, 7, 1025589), (8740, 7, 2587443), (8740, 7, 2587461)]"
190 "[(8264, 15, 24014), (8411, 3, 89763), (8682, 14, 154205), (8411, 3, 199359), (8411, 3, 250713), (8411, 3, 336446), (8577, 14, 1234713), (8577, 14, 1242878), (8577, 14, 1242921), (8577, 14, 1363133), (8577, 14, 1576254), (8577, 14, 1578855), (8577, 14, 1579009), (8577, 14, 1579072), (8577, 14, 1579254), (8577, 14, 1579496), (8282, 9, 2083221), (8577, 14, 2618869)]"
75 "[(8397, 4, 30102), (8356, 5, 1394539)]"
8414 "[(40, 0, 33281), (682, 6, 93607), (695, 5, 98001), (695, 5, 147806), (695, 5, 331358), (695, 5, 331378), (695, 5, 496961), (695, 5, 496975), (695, 5, 500861), (2639, 7, 546760), (267, 9, 621864), (532, 14, 676513), (383, 10, 830362), (3709, 2, 853810), (383, 10, 864014), (2146, 14, 867072), (233, 0, 974291), (695, 5, 1102383), (2146, 14, 1138030), (4085, 0, 1161797), (1449, 11, 1459351), (713, 4, 1687176), (695, 5, 2321265), (695, 5, 2323773), (2881, 14, 2334045), (2216, 4, 2631727)]"
8242 "[(22, 7, 34668), (552, 8, 135057), (537, 15, 385827), (804, 0, 1202033), (4085, 0, 1590806)]"
8296 "[(40, 0, 35678), (68, 5, 63410), (68, 5, 258284), (750, 3, 276605), (1189, 2, 619728), (73, 10, 1166141), (2923, 0, 1732012)]"
8450 "[(303, 11, 43022), (435, 8, 61028), (68, 5, 182552), (402, 3, 607270), (402, 3, 612275), (1547, 14, 884665), (4209, 12, 1011001), (4209, 12, 1011061), (4209, 12, 1011166), (4209, 12, 1011219), (68, 5, 1012468), (870, 3, 1013038), (870, 3, 1013320), (870, 3, 1013734), (68, 5, 1039078)]"
335 "[(8462, 14, 46746), (8463, 15, 46819), (8458, 8, 47811), (8463, 15, 110779), (8462, 14, 165484), (8463, 15, 165712), (8462, 14, 248425), (8463, 15, 761223), (8462, 14, 942956), (8462, 14, 1227028), (8462, 14, 1290316), (8463, 15, 1305068), (8462, 14, 1364812), (8463, 15, 1365455), (8462, 14, 1442325), (8463, 15, 1442787), (8462, 14, 1531969), (8463, 15, 1532266), (8521, 8, 1785032), (8893, 8, 1787222), (8893, 8, 1788306), (8893, 8, 1789325), (8893, 8, 1791337), (8893, 8, 1792494), (8893, 8, 1793353), (8462, 14, 1814740), (8462, 14, 1917538), (8462, 14, 1987871), (8463, 15, 1988372), (8462, 14, 2047779), (8463, 15, 2048018), (8463, 15, 2061483), (8264, 15, 2062358), (8390, 3, 2062676), (8462, 14, 2186691), (8462, 14, 2238844), (8462, 14, 2429694), (8462, 14, 2521723), (8462, 14, 2566725), (8463, 15, 2566917), (8462, 14, 2664095), (8463, 15, 2664308)]"
8476 "[(321, 12, 53098), (2230, 4, 1758015), (68, 5, 2355758), (477, 12, 2409462), (477, 12, 2409479), (233, 0, 2531304), (477, 12, 2551093)]"
467 "[(8429, 15, 63722), (8429, 15, 63894), (8433, 3, 438413), (8433, 3, 439349), (8779, 15, 589460), (8745, 5, 683816), (8959, 11, 787992), (8959, 11, 788555), (8619, 1, 918217), (8619, 1, 918375), (8927, 0, 966519), (8577, 14, 1216032), (8365, 8, 1817140), (9183, 0, 1972368), (8866, 15, 1981068), (9013, 0, 1984081), (9160, 5, 2416160), (8854, 10, 2588334)]"
527 "[(8536, 8, 70063), (8623, 8, 972191)]"
8551 "[(68, 5, 75644), (378, 12, 334901), (2141, 15, 419712), (2141, 15, 419774), (2141, 15, 419811), (378, 12, 429809), (1952, 15, 951705), (1952, 15, 951800), (1952, 15, 951981), (1952, 15, 952061), (697, 12, 975750), (1280, 4, 1109219), (514, 15, 1359157), (552, 8, 1806315), (559, 15, 2395445), (3025, 11, 2544669)]"
8246 "[(664, 4, 90555), (17, 11, 157360), (17, 11, 170305), (1247, 5, 214172), (1482, 3, 262189), (1482, 3, 262206), (17, 11, 314620), (1397, 8, 432923), (156, 14, 465630), (17, 11, 498413), (68, 5, 673908), (125, 11, 690287), (3222, 8, 694147), (1185, 4, 720972), (17, 11, 757576), (1835, 15, 757900), (1931, 7, 800270), (1835, 15, 838936), (3709, 2, 852487), (17, 11, 858799), (2196, 7, 858893), (17, 11, 868624), (17, 11, 969142), (3227, 9, 1012726), (1571, 2, 1315020), (3222, 8, 1448585), (5622, 11, 1624345), (730, 12, 1886678), (730, 12, 1886696), (17, 11, 1912419), (718, 2, 2091819), (383, 10, 2172199), (374, 12, 2215987)]"
476 "[(8529, 2, 90728), (8462, 14, 232972), (8462, 14, 233029), (8463, 15, 241307), (8463, 15, 241360), (8282, 9, 490799), (8370, 6, 601690), (8370, 6, 601900), (8370, 6, 601984), (9069, 2, 1181053), (9069, 2, 1181097), (8463, 15, 1455507), (8463, 15, 1455561), (9071, 3, 1548900), (8292, 12, 1655253), (8292, 12, 1699720), (8358, 12, 1742421), (8703, 12, 2173084), (8462, 14, 2672299)]"
8587 "[(61, 8, 93122), (912, 9, 514320), (61, 8, 659605), (61, 8, 1180949), (2131, 15, 1264866), (233, 0, 1316209), (1778, 0, 1684013), (6007, 2, 2061179), (4085, 0, 2417198), (26, 4, 2594052), (1547, 14, 2659732)]"
8311 "[(630, 12, 100361), (898, 14, 144202), (898, 14, 144319), (630, 12, 575575), (630, 12, 606302), (1432, 8, 762975), (3509, 15, 786949), (630, 12, 787264), (1432, 8, 789591), (3509, 15, 839150), (5091, 4, 1886841), (68, 5, 2070883), (291, 12, 2184868)]"
8583 "[(717, 9, 101785), (717, 9, 101900), (717, 9, 102388), (717, 9, 102632), (717, 9, 158186), (148, 8, 159529), (68, 5, 166563), (1479, 1, 261981), (1479, 1, 261998), (611, 1, 290429), (1277, 1, 374929), (1277, 1, 374953), (356, 12, 999954), (398, 14, 1028646)]"
8461 "[(61, 8, 106836), (61, 8, 106918), (719, 14, 237486), (719, 14, 270990), (719, 14, 271023), (532, 14, 492371), (303, 11, 595377), (61, 8, 748470), (5, 14, 781794), (233, 0, 808669), (719, 14, 853704), (61, 8, 1181160), (61, 8, 1181638), (3764, 6, 1781414), (402, 3, 2266275), (782, 0, 2394320), (782, 0, 2394687), (68, 5, 2526351)]"
8612 "[(443, 0, 108828), (3694, 4, 848752), (713, 4, 965138), (4647, 12, 1149659), (350, 11, 1159257), (68, 5, 1281570), (68, 5, 1283810), (291, 12, 1521904), (1556, 1, 1546298), (744, 1, 1945274), (4604, 12, 1997932), (6801, 9, 2067660), (611, 1, 2232545), (423, 11, 2409917), (572, 14, 2417495), (39, 12, 2459831), (4506, 15, 2480389), (68, 5, 2483394), (1921, 11, 2504933), (1921, 11, 2505580), (2042, 12, 2522313), (2042, 12, 2522712), (2042, 12, 2522782), (2138, 4, 2563570), (3218, 15, 2587828), (3218, 15, 2587886), (17, 11, 2629352), (4752, 11, 2631421), (3218, 15, 2654253)]"
808 "[(8462, 14, 135518)]"
8516 "[(654, 0, 172785), (654, 0, 258097), (654, 0, 348730), (2196, 7, 789088), (233, 0, 1410815), (5463, 11, 1798254), (17, 11, 2387964), (1277, 1, 2392849), (1277, 1, 2392867), (5622, 11, 2655731)]"
8357 "[(378, 12, 176586), (423, 11, 1035677), (17, 11, 1126298), (3453, 12, 1230386), (3453, 12, 1230455), (3453, 12, 1271881), (3453, 12, 1271928), (3453, 12, 1282535), (3453, 12, 1282566), (775, 2, 1302970), (68, 5, 1533947), (3453, 12, 1601393), (3453, 12, 1601495), (651, 12, 1749403), (651, 12, 1749482), (651, 12, 1749815), (651, 12, 1749837), (651, 12, 1749964), (651, 12, 1750080), (651, 12, 1750305), (651, 12, 1750395), (651, 12, 1768353), (17, 11, 2077717), (651, 12, 2222281), (156, 14, 2278436)]"
1118 "[(8243, 7, 178553)]"
281 "[(8282, 9, 182729), (8282, 9, 182944), (8577, 14, 794821)]"
1143 "[(8411, 3, 186110)]"
8301 "[(68, 5, 189156), (912, 9, 333286), (233, 0, 373731), (68, 5, 453590), (17, 11, 522829), (68, 5, 580792), (2522, 6, 601576), (537, 15, 660046), (68, 5, 673673), (1432, 8, 674679), (1432, 8, 674804), (1432, 8, 674847), (1432, 8, 674918), (1432, 8, 680049), (2522, 6, 686092), (1432, 8, 687426), (1432, 8, 687525), (148, 8, 740020), (17, 11, 747410), (2196, 7, 789087), (509, 2, 1165076), (17, 11, 1165148), (1970, 2, 1324328), (782, 0, 1573425), (1432, 8, 1659168), (17, 11, 1738253)]"
8421 "[(1185, 4, 198690), (2339, 14, 651390), (449, 7, 753186), (449, 7, 753246), (3476, 2, 768999), (1775, 9, 770697), (3508, 4, 780071), (17, 11, 780099), (125, 11, 880957), (532, 14, 1022437), (3716, 14, 1133376), (17, 11, 1593742), (1778, 0, 2159419), (68, 5, 2402152), (68, 5, 2503889), (68, 5, 2575403), (596, 1, 2579998)]"
1367 "[(8588, 1, 240074), (8588, 1, 243998), (8588, 1, 244999), (8588, 1, 311186), (8588, 1, 315409), (8588, 1, 316028), (8588, 1, 316073), (8588, 1, 316964), (8588, 1, 317222), (8588, 1, 467425), (8588, 1, 467487), (8888, 4, 472198), (8888, 4, 472260), (8588, 1, 1080622), (9072, 3, 1151551), (9072, 3, 1151896), (9072, 3, 1152192), (9072, 3, 1152339), (9072, 3, 1152531), (9072, 3, 1152872), (9072, 3, 1153169), (9072, 3, 1153305), (9072, 3, 1155435), (9072, 3, 1156767), (9072, 3, 1156807), (9072, 3, 1157264), (9072, 3, 1157285), (9072, 3, 1157755), (9072, 3, 1157774), (9072, 3, 1158335), (9163, 1, 1676406), (9163, 1, 1676684), (9163, 1, 1676735), (9163, 1, 1676833), (9163, 1, 1676913), (9163, 1, 1677088), (9163, 1, 1677276), (9163, 1, 1677291), (9163, 1, 1677848), (9163, 1, 1678112), (9163, 1, 1679119), (9163, 1, 1679241), (9163, 1, 1684211), (9163, 1, 1694254)]"
370 "[(8435, 2, 243269), (8803, 10, 553347), (8737, 10, 1828526), (8817, 10, 2174988), (8817, 10, 2175330), (8489, 10, 2175435), (8489, 10, 2175447), (8998, 12, 2225605), (8489, 10, 2312900)]"
1474 "[(8555, 15, 261041), (8555, 15, 348066), (8590, 5, 2043738), (8408, 5, 2169527), (8555, 15, 2604468), (8555, 15, 2604572)]"
1519 "[(8411, 3, 270950), (8411, 3, 270973), (9045, 2, 1182593), (8887, 3, 1824836), (9142, 4, 2129873)]"
1561 "[(8579, 3, 282075), (8387, 0, 291435), (8645, 0, 295237), (8262, 8, 297620), (8623, 8, 297749)]"
8573 "[(233, 0, 285372), (1778, 0, 786940), (1594, 12, 2245366), (385, 4, 2502526)]"
1721 "[(8549, 12, 323590), (8694, 12, 1476810)]"
1793 "[(8588, 1, 334288), (8423, 7, 401170), (8423, 7, 404319), (8479, 6, 408266), (8479, 6, 408331), (8411, 3, 479801), (8687, 9, 499541), (8470, 1, 731117), (8470, 1, 731375), (8470, 1, 731442), (8588, 1, 839422), (8588, 1, 839505), (8347, 6, 2136367), (8347, 6, 2136415), (9080, 5, 2232525)]"
16 "[(8703, 12, 343521), (8703, 12, 343564), (8703, 12, 343648), (8703, 12, 343901), (8703, 12, 344026), (8703, 12, 344062), (8703, 12, 344093), (8703, 12, 344212), (8703, 12, 618383), (8703, 12, 837241), (8703, 12, 837871), (8703, 12, 842936), (8703, 12, 843234), (8703, 12, 844185), (8413, 14, 854631), (8413, 14, 854698), (8227, 1, 1532168), (8227, 1, 1532313), (8227, 1, 1532412), (8227, 1, 1532459), (8227, 1, 1532866), (8227, 1, 1532940), (8227, 1, 1533148), (8227, 1, 1533309), (8227, 1, 1533325), (8227, 1, 1533481), (8227, 1, 1533528), (8227, 1, 1533613), (8227, 1, 1533655), (8801, 14, 2234765)]"
8841 "[(532, 14, 345482), (2881, 14, 611086), (1432, 8, 1056699), (532, 14, 1091466), (4825, 12, 1195844), (1013, 15, 1886245), (17, 11, 1899807), (22, 7, 1905193), (17, 11, 1913664), (4494, 9, 1941791), (68, 5, 1990211), (611, 1, 2001216), (5413, 12, 2509114), (532, 14, 2597897)]"
1883 "[(8463, 15, 353307)]"
8849 "[(1157, 4, 359289), (17, 11, 966052), (401, 14, 1092965), (782, 0, 1176056), (4027, 12, 1293542), (40, 0, 1324236), (227, 4, 1372334), (227, 4, 1372496), (227, 4, 1373039), (4752, 11, 1412050), (221, 5, 1472744), (5633, 15, 1472929), (227, 4, 1473421), (5633, 15, 1474009), (5633, 15, 1474062), (227, 4, 1488915), (227, 4, 1489719), (227, 4, 1489762), (227, 4, 1490303), (221, 5, 1494551), (5633, 15, 1495706), (5633, 15, 1495767), (5633, 15, 1496289), (5633, 15, 1496411), (5633, 15, 1496482), (227, 4, 1527512), (227, 4, 1530065), (227, 4, 1530595), (227, 4, 1565178), (227, 4, 1565339), (227, 4, 1574818), (221, 5, 1663884), (227, 4, 1712472), (227, 4, 1742110), (227, 4, 1742172), (221, 5, 1750685), (227, 4, 1836208), (6605, 9, 1901055), (2429, 6, 1928589), (17, 11, 1951655), (3649, 3, 1953177), (3649, 3, 1953222), (3649, 3, 1953783), (3649, 3, 1953970), (3649, 3, 1954024), (3649, 3, 1954242), (3649, 3, 1957136), (227, 4, 1979432), (227, 4, 1979603), (227, 4, 1979690), (227, 4, 1979788), (227, 4, 1979825), (4534, 5, 2049076), (4534, 5, 2072692), (2429, 6, 2080787), (2429, 6, 2080823), (227, 4, 2083359), (227, 4, 2083951), (227, 4, 2084466), (227, 4, 2129112), (4489, 15, 2131058), (4489, 15, 2131138), (227, 4, 2133333), (227, 4, 2133816), (227, 4, 2173132), (695, 5, 2175324), (695, 5, 2175355), (4489, 15, 2243854), (659, 14, 2261034), (17, 11, 2261258), (227, 4, 2357966), (1013, 15, 2404240), (227, 4, 2430344), (227, 4, 2434831), (552, 8, 2505858), (3649, 3, 2563245), (3649, 3, 2563352), (3649, 3, 2565651), (22, 7, 2569314), (3649, 3, 2653134), (3649, 3, 2653315), (3649, 3, 2654083)]"
1943 "[(8380, 15, 371739), (8703, 12, 1560205), (8351, 12, 1847362)]"
8823 "[(303, 11, 374062), (4085, 0, 1235175), (26, 4, 2078606), (233, 0, 2184952), (540, 3, 2214192), (1219, 11, 2217218)]"
8310 "[(68, 5, 374769), (68, 5, 691562), (68, 5, 2344181), (1713, 4, 2397754), (1713, 4, 2398315), (1713, 4, 2398482)]"
1962 "[(8390, 3, 378709)]"
8856 "[(1786, 10, 380570), (1970, 2, 380879), (233, 0, 452500), (989, 1, 665555), (2923, 0, 947092), (233, 0, 1494830)]"
1998 "[(8282, 9, 389903), (8887, 3, 601836), (8887, 3, 601876)]"
8473 "[(2052, 8, 400649), (402, 3, 1446329), (4085, 0, 2192865), (1775, 9, 2502997), (1775, 9, 2503085), (1775, 9, 2503143)]"
2063 "[(8552, 7, 404025)]"
2069 "[(8471, 3, 405119), (8346, 14, 483887), (8346, 14, 483964), (8264, 15, 540254), (8264, 15, 540343), (9019, 11, 1313484), (9019, 11, 1313505), (8645, 0, 1521540), (8645, 0, 1521894), (8390, 3, 1806521)]"
2104 "[(8243, 7, 412268), (8243, 7, 412729)]"
2153 "[(8676, 9, 423569), (8243, 7, 425784), (8650, 11, 652234), (8687, 9, 652371), (8687, 9, 653004), (8687, 9, 655088), (8687, 9, 1017017), (8812, 7, 1188702), (8593, 7, 1200529), (8593, 7, 1349148), (8812, 7, 1362202), (8687, 9, 1439202), (8243, 7, 2396292), (8687, 9, 2400587), (8866, 15, 2572917), (8866, 15, 2573038)]"
8377 "[(2157, 14, 424055), (698, 3, 445987), (698, 3, 446016), (2042, 12, 575424), (1506, 12, 1101464), (2708, 3, 1418742), (2708, 3, 1419228), (5622, 11, 2155304), (509, 2, 2174867), (730, 12, 2232445), (730, 12, 2232465), (5622, 11, 2491969), (156, 14, 2550346)]"
2178 "[(8633, 5, 428720)]"
2203 "[(8531, 12, 434216)]"
1046 "[(8462, 14, 458924), (8462, 14, 459657), (8462, 14, 459684), (8462, 14, 460024), (8462, 14, 460268), (8462, 14, 461193), (8752, 3, 630076), (8644, 12, 880189), (8245, 4, 903234), (8387, 0, 952812), (8387, 0, 952902), (8463, 15, 953724), (8463, 15, 955396), (8590, 5, 1110027), (9069, 2, 1213700), (9069, 2, 1233281), (8411, 3, 1249019), (8575, 4, 1332078), (8260, 7, 1340143), (8260, 7, 1340211), (8260, 7, 1340239), (8260, 7, 1340299), (8683, 7, 1340483), (8535, 4, 1546485), (9071, 3, 1553458), (8644, 12, 1645743), (8644, 12, 1660263), (8471, 3, 2065554), (8590, 5, 2145629), (8590, 5, 2145656), (8590, 5, 2145996), (9224, 2, 2448973), (9224, 2, 2449300)]"
1854 "[(8635, 10, 461127), (8477, 12, 688735), (8892, 8, 2333980)]"
2334 "[(8888, 4, 482462)]"
1104 "[(8283, 8, 491961)]"
2441 "[(8264, 15, 501351), (8264, 15, 501415), (8282, 9, 700024), (8577, 14, 1179393), (8778, 2, 1601414), (8577, 14, 2294977), (8390, 3, 2477389)]"
8917 "[(912, 9, 514588), (1314, 5, 1122425), (233, 0, 1150739), (1026, 5, 1228010), (1026, 5, 1228025), (22, 7, 1305852), (22, 7, 1305948), (22, 7, 1305984), (3472, 12, 1374255), (3472, 12, 1374290), (5398, 14, 1382250), (5398, 14, 1382464), (912, 9, 1396326), (80, 4, 1457798), (611, 1, 1463793), (912, 9, 1568254), (627, 8, 1632121), (3453, 12, 1643459), (471, 5, 1819771), (471, 5, 1820073), (471, 5, 1820090), (1041, 14, 1950007), (458, 7, 1992007), (233, 0, 2016084), (125, 11, 2173937), (17, 11, 2239094), (2110, 14, 2317348), (2110, 14, 2317472), (1013, 15, 2484729)]"
2526 "[(8582, 8, 520495), (8582, 8, 520738), (8582, 8, 520849), (8411, 3, 1044521), (8590, 5, 1515576), (8683, 7, 1612326), (8683, 7, 1613130), (8683, 7, 1615260), (8683, 7, 1617094), (8683, 7, 1623960), (8683, 7, 1624028), (8683, 7, 1624240), (8683, 7, 1624520), (8683, 7, 1681691), (8590, 5, 1695020), (8590, 5, 2365677)]"
2551 "[(8526, 7, 525778)]"
2568 "[(8734, 5, 528657), (8734, 5, 532425), (9166, 7, 1832078), (9166, 7, 1832107)]"
2603 "[(8593, 7, 536106)]"
2683 "[(8719, 5, 563511)]"
1332 "[(8593, 7, 581471)]"
1210 "[(8623, 8, 610259)]"
8519 "[(3011, 8, 638330), (3011, 8, 638359), (3011, 8, 645129), (1134, 9, 1217344), (2127, 6, 1321442), (2127, 6, 1321665), (2127, 6, 1321730), (22, 7, 1344888), (5383, 14, 1548005), (3663, 11, 1559711), (3049, 7, 1666862), (3099, 3, 1815851), (3099, 3, 1815918), (3011, 8, 1853567), (3011, 8, 1853688), (3011, 8, 1854031), (3011, 8, 2531654), (3011, 8, 2531686)]"
194 "[(8387, 0, 649211), (8387, 0, 835434), (8387, 0, 1957793), (8387, 0, 2047313)]"
8964 "[(441, 12, 669121), (742, 14, 1089860), (2342, 3, 1204961), (17, 11, 1371820), (2495, 0, 1597371), (2495, 0, 1597575), (291, 12, 1762960), (1814, 12, 1775832), (233, 0, 1923852), (233, 0, 2012023), (4845, 2, 2156481), (4845, 2, 2156556), (4845, 2, 2175536), (3146, 4, 2246631), (4845, 2, 2247624), (6851, 12, 2445757), (1432, 8, 2485061), (22, 7, 2589023)]"
3108 "[(8273, 1, 670274), (8273, 1, 670275), (8777, 9, 1189408), (8777, 9, 1189410), (8563, 11, 1274411), (8563, 11, 1274413), (8241, 7, 1274521), (8241, 7, 1274525), (9069, 2, 1538020), (9069, 2, 1538042), (9113, 2, 1574806), (8807, 8, 1707314), (8807, 8, 1707315), (9166, 7, 2651697)]"
3010 "[(8644, 12, 670630), (8644, 12, 670844), (8644, 12, 670873)]"
3114 "[(8444, 0, 671266), (8339, 4, 672893), (8504, 8, 745193), (8263, 5, 1191319), (8331, 12, 1269823), (9071, 3, 1589631), (9071, 3, 1595179), (9071, 3, 1595810), (9071, 3, 1596023), (9071, 3, 1596068), (9071, 3, 1619503), (9071, 3, 1622316), (8319, 7, 1963493), (9071, 3, 2027623), (9197, 8, 2634843), (9084, 2, 2638684), (9084, 2, 2639705), (9084, 2, 2667805), (9084, 2, 2671521), (9084, 2, 2671872), (9084, 2, 2672910)]"
8906 "[(1952, 15, 681175), (1952, 15, 952236), (1952, 15, 952483), (1952, 15, 952544), (1952, 15, 1026694), (1952, 15, 1027093), (17, 11, 1233299), (1952, 15, 1326994), (1952, 15, 1327010), (17, 11, 1398969), (532, 14, 1449562), (302, 10, 1516053), (1952, 15, 1901352), (537, 15, 1958624), (537, 15, 1958782), (2495, 0, 1967248), (68, 5, 1989198)]"
3264 "[(8670, 0, 708648), (8504, 8, 2489112)]"
3317 "[(8989, 8, 727391), (8805, 3, 1190057), (9177, 8, 1874516), (9177, 8, 1874771), (8721, 12, 2579476)]"
3394 "[(8837, 15, 750498)]"
3323 "[(8491, 15, 775952), (8284, 12, 808278), (8676, 9, 2238650), (9077, 6, 2238934), (9205, 5, 2239714), (8347, 6, 2246778), (8467, 15, 2258543), (8355, 8, 2322755), (8676, 9, 2337762), (9080, 5, 2428809)]"
3496 "[(8390, 3, 776761)]"
3563 "[(8490, 4, 801201)]"
3594 "[(8896, 7, 817134), (8427, 7, 920119)]"
3655 "[(8463, 15, 837889)]"
502 "[(8264, 15, 841651), (8358, 12, 1365789)]"
3717 "[(8637, 11, 854270), (9124, 5, 1451275)]"
3774 "[(8282, 9, 872230), (8582, 8, 873869), (8547, 12, 874944), (8282, 9, 1470233), (9118, 12, 1475486), (8547, 12, 1482450), (8355, 8, 1489200)]"
3782 "[(8582, 8, 874018), (8582, 8, 874080)]"
8941 "[(233, 0, 887562), (40, 0, 942531), (1720, 6, 947743), (2137, 0, 1034979)]"
944 "[(8390, 3, 903526), (8390, 3, 2425511), (8390, 3, 2425663)]"
3874 "[(8950, 9, 906906), (9034, 12, 907200), (9034, 12, 907371), (8873, 2, 1086519), (8806, 9, 1111782), (8370, 6, 1114260)]"
3905 "[(8548, 15, 920896), (8935, 15, 1019502)]"
3921 "[(8577, 14, 925130), (8292, 12, 1658813), (8292, 12, 1659005), (8703, 12, 2252220), (9197, 8, 2482743)]"
2079 "[(8390, 3, 929186), (8390, 3, 1099355), (8390, 3, 1181549), (8390, 3, 1188846), (8390, 3, 1188962), (8577, 14, 1264673), (8577, 14, 1270897), (8577, 14, 1393630), (8577, 14, 1446546), (8577, 14, 1479879), (8390, 3, 2346018), (8390, 3, 2394347), (8264, 15, 2477677)]"
2678 "[(8529, 2, 941479), (8529, 2, 941942), (8644, 12, 1155035)]"
4016 "[(8247, 6, 948596), (8247, 6, 951350), (8247, 6, 951469), (8247, 6, 951634), (8247, 6, 952120), (9069, 2, 1171573), (9069, 2, 1175440), (9069, 2, 1184727), (9069, 2, 1265115), (9069, 2, 1269545), (8247, 6, 1270067), (8318, 2, 1519458)]"
3728 "[(8358, 12, 949136)]"
9048 "[(1392, 1, 984139), (1392, 1, 984225), (1392, 1, 984335), (1392, 1, 984444), (1392, 1, 985226), (1392, 1, 985522), (285, 11, 986683), (285, 11, 986730), (1392, 1, 987263), (1392, 1, 987338), (1392, 1, 987954), (1392, 1, 988002), (1392, 1, 988202), (2134, 1, 992383), (2134, 1, 992409), (2134, 1, 992465), (675, 3, 1000858), (806, 1, 1000916), (675, 3, 1001423), (735, 14, 1003559), (1764, 11, 1007063), (2863, 11, 1008980), (2196, 7, 1009045), (492, 1, 1009133), (1804, 5, 1010522), (364, 1, 1011639), (1206, 5, 1012281), (1206, 5, 1014398), (4226, 6, 1014617), (500, 14, 1014630), (974, 1, 1014640), (935, 5, 1014739), (974, 1, 1014758), (935, 5, 1014759), (974, 1, 1014788), (2134, 1, 1015621), (1277, 1, 1019608), (1277, 1, 1019640), (4248, 5, 1022019), (4248, 5, 1022102), (4248, 5, 1022229), (4248, 5, 1022632), (4251, 6, 1022748), (2320, 4, 1025222), (3360, 6, 1026704), (588, 12, 1028970), (552, 8, 1029846), (552, 8, 1029912), (552, 8, 1029983), (68, 5, 1031226), (2119, 1, 1058123), (646, 6, 1063408), (3483, 5, 1064478), (2119, 1, 1064707), (3036, 10, 1065025), (2119, 1, 1065045), (2119, 1, 1065201), (73, 10, 1077626), (8, 1, 1082769), (1342, 7, 1096311), (1342, 7, 1096407), (2706, 3, 1108412), (8, 1, 1108590), (8, 1, 1108621), (4549, 4, 1112710), (1804, 5, 1115794), (1804, 5, 1115830), (1804, 5, 1115897), (8, 1, 1119458), (2848, 1, 1122102), (43, 5, 1125466), (43, 5, 1125497), (1680, 5, 1204132), (1680, 5, 1204944), (1680, 5, 1205043), (1680, 5, 1205101), (1616, 11, 1210473), (1616, 11, 1210570), (1680, 5, 1215031), (1680, 5, 1215329), (1680, 5, 1215618), (4766, 2, 1260266), (423, 11, 1288601), (8, 1, 1362092), (8, 1, 1362113), (611, 1, 1392472), (1392, 1, 2299527)]"
4205 "[(8521, 8, 1010185)]"
4230 "[(8263, 5, 1016517), (9155, 3, 1884307)]"
4331 "[(8243, 7, 1040374), (8644, 12, 1052244), (8260, 7, 2427035)]"
8550 "[(4329, 12, 1042465), (4329, 12, 1387161), (4329, 12, 1397123), (356, 12, 2079789), (5622, 11, 2218330)]"
434 "[(8502, 12, 1053389)]"
3833 "[(8640, 15, 1081987), (8640, 15, 1082110), (8292, 12, 1658182)]"
8819 "[(2365, 2, 1140064), (2365, 2, 1213948), (2365, 2, 1222459), (2365, 2, 1275735), (68, 5, 1388823), (423, 11, 1452038), (233, 0, 1492594), (40, 0, 1497798), (2365, 2, 1813948), (2365, 2, 1820847), (611, 1, 2336443), (6654, 12, 2375882), (6654, 12, 2375919), (6654, 12, 2375922)]"
4663 "[(8371, 12, 1158965), (8371, 12, 1159860)]"
4720 "[(8282, 9, 1174685)]"
3169 "[(8529, 2, 1187979)]"
4278 "[(9072, 3, 1196548), (9072, 3, 1196772), (9072, 3, 1199151)]"
2887 "[(9069, 2, 1217045)]"
9086 "[(697, 12, 1228677), (2414, 15, 1232541), (17, 11, 1239819), (17, 11, 1240203), (156, 14, 1240373), (17, 11, 1240486), (17, 11, 1240628), (156, 14, 1240643), (17, 11, 1240676), (17, 11, 1241046), (17, 11, 1241074), (441, 12, 1259689), (441, 12, 1259941), (441, 12, 1260007), (441, 12, 1260060), (441, 12, 1260894), (441, 12, 1260934), (441, 12, 1260968), (441, 12, 1261056), (441, 12, 1261275), (441, 12, 1261303), (68, 5, 1262570), (5028, 12, 1263640), (5028, 12, 1264055), (441, 12, 1268690), (441, 12, 1268717), (2414, 15, 1268719), (2414, 15, 1269079), (2157, 14, 1278121), (3482, 4, 1286633), (221, 5, 1304718), (2781, 12, 1304858), (221, 5, 1305701), (5175, 12, 1308039), (5175, 12, 1308102), (221, 5, 1308814), (233, 0, 1319344), (441, 12, 1375816), (221, 5, 1379973), (4329, 12, 1380637), (221, 5, 1384538), (423, 11, 1422194), (441, 12, 1445853), (1397, 8, 1544482), (221, 5, 1554734), (221, 5, 1562305), (1432, 8, 1633058), (221, 5, 1656179), (221, 5, 1663583), (4752, 11, 1672914), (221, 5, 1735170), (221, 5, 1821971), (4751, 14, 1896599), (4751, 14, 1896809), (4751, 14, 1896836), (221, 5, 2434065), (221, 5, 2490331)]"
4999 "[(9069, 2, 1251553)]"
3756 "[(9077, 6, 1260986), (9096, 1, 1330600), (9069, 2, 1501383), (9069, 2, 1501903), (9077, 6, 1957347), (9069, 2, 2652008)]"
3402 "[(8593, 7, 1269674)]"
256 "[(8402, 2, 1272133), (8402, 2, 1272199), (8402, 2, 1272270), (8292, 12, 2194970), (8292, 12, 2195194)]"
4748 "[(8779, 15, 1283141)]"
8708 "[(17, 11, 1290562), (4250, 8, 1298677), (3928, 8, 2399741)]"
3434 "[(8593, 7, 1311612)]"
5197 "[(8794, 14, 1318308)]"
4941 "[(8454, 12, 1386335), (8454, 12, 1386371), (8454, 12, 1386526), (8454, 12, 1386594), (8454, 12, 1386740), (8292, 12, 1847228), (8504, 8, 2447130), (8390, 3, 2457908)]"
5424 "[(8474, 12, 1396190), (8474, 12, 1396737), (8474, 12, 1396796), (8474, 12, 1396859), (8761, 4, 1752021), (8761, 4, 1752045), (8761, 4, 1753882), (8761, 4, 1754210), (8761, 4, 1754372), (8761, 4, 1754824), (8761, 4, 1755095)]"
52 "[(8292, 12, 1461234), (8292, 12, 1528411), (8292, 12, 1635829)]"
5677 "[(9133, 1, 1488034), (8718, 15, 2089550)]"
5665 "[(8577, 14, 1515436), (9066, 15, 2602889)]"
5830 "[(8593, 7, 1554422)]"
5880 "[(8471, 3, 1573240)]"
554 "[(9071, 3, 1573683)]"
2836 "[(8633, 5, 1575363), (8250, 5, 1730913)]"
5914 "[(8775, 0, 1592375)]"
5959 "[(8467, 15, 1615673)]"
5983 "[(8250, 5, 1624180)]"
2746 "[(8385, 11, 1645325), (8385, 11, 1645342)]"
4648 "[(9142, 4, 1673347), (9142, 4, 2183275), (9142, 4, 2187588)]"
1510 "[(8347, 6, 1706924)]"
2933 "[(8358, 12, 1713889), (8358, 12, 1714482), (8358, 12, 1714553), (8358, 12, 2675299)]"
6258 "[(8590, 5, 1738085)]"
96 "[(8348, 1, 1742555), (8348, 1, 1742604), (9163, 1, 1815192), (9163, 1, 1815203), (9163, 1, 1815348), (8529, 2, 2003611), (8348, 1, 2171364)]"
6401 "[(8554, 2, 1800763)]"
1494 "[(8243, 7, 1803962), (8243, 7, 1823831)]"
387 "[(8577, 14, 1809239), (8577, 14, 1809251), (8908, 7, 2587518)]"
5447 "[(9077, 6, 1859500), (8286, 12, 2214227)]"
4296 "[(8251, 1, 1905003)]"
725 "[(8764, 6, 1925946), (8703, 12, 2011923)]"
3646 "[(8876, 7, 1957829), (8876, 7, 1958317), (8876, 7, 1958366), (8876, 7, 1958495), (8876, 7, 1964178)]"
1003 "[(8400, 0, 1959861)]"
533 "[(8526, 7, 1961022), (8526, 7, 1961145), (8526, 7, 1962124), (8526, 7, 1962188)]"
3831 "[(8260, 7, 1980670)]"
171 "[(8521, 8, 1996210), (8463, 15, 2387220), (8475, 9, 2606066)]"
4436 "[(9168, 6, 1999046)]"
549 "[(8577, 14, 2084773), (8577, 14, 2084827), (8577, 14, 2084919), (8577, 14, 2084979), (8577, 14, 2090226)]"
2002 "[(8985, 8, 2095338)]"
7116 "[(8740, 7, 2128859)]"
1733 "[(8876, 7, 2135150)]"
7036 "[(8529, 2, 2232576)]"
5904 "[(8361, 9, 2258509)]"
5993 "[(8241, 7, 2302660)]"
4441 "[(9080, 5, 2317516), (9074, 2, 2652928)]"
3725 "[(8548, 15, 2348838)]"
2841 "[(8652, 8, 2482863)]"
971 "[(8467, 15, 2497967), (8467, 15, 2498292), (8467, 15, 2594481), (8467, 15, 2594759)]"
5480 "[(8314, 6, 2500858)]"
7782 "[(8689, 14, 2550002)]"
5168 "[(8423, 7, 2606077)]"
1625 "[(8463, 15, 2626175)]"
824 "[(8593, 7, 2668828)]"
9209 "[(890, 10, 2670173)]"
