40 "[(8244, 10, 3226), (8244, 10, 30522), (8414, 13, 33281), (8427, 7, 35299), (8296, 13, 35678), (8405, 2, 36339), (8293, 1, 85656), (8404, 15, 85908), (8330, 10, 116604), (8289, 10, 116629), (8522, 4, 117105), (8330, 10, 287184), (8342, 10, 287235), (8289, 10, 287246), (8409, 10, 287276), (8367, 3, 289953), (8510, 4, 290163), (8557, 4, 338539), (8611, 14, 340343), (8611, 14, 340862), (8510, 4, 370548), (8514, 15, 372218), (8855, 1, 437070), (8248, 1, 452952), (8330, 10, 460158), (8342, 10, 460187), (8289, 10, 460223), (8714, 10, 460290), (8409, 10, 460324), (8855, 1, 460481), (8385, 11, 461582), (8372, 3, 506058), (8427, 7, 544038), (8401, 14, 545881), (8274, 2, 550424), (8274, 2, 550464), (8274, 2, 550467), (8274, 2, 550552), (8274, 2, 550595), (8274, 2, 550672), (8892, 8, 626288), (8330, 10, 628899), (8888, 4, 631635), (8688, 14, 713526), (8643, 15, 716480), (8948, 10, 717354), (8271, 2, 718237), (8688, 14, 807392), (8812, 7, 808101), (8990, 14, 811213), (8448, 10, 884716), (8678, 7, 890352), (8613, 4, 939711), (8244, 10, 940948), (8941, 13, 942531), (8483, 15, 1029149), (8855, 1, 1060865), (8526, 7, 1062014), (8230, 7, 1067701), (9041, 15, 1149283), (9041, 15, 1150729), (8596, 2, 1153210), (8251, 1, 1153252), (9059, 9, 1233284), (8806, 9, 1236055), (9076, 10, 1239645), (9041, 15, 1290387), (9043, 11, 1291908), (8960, 10, 1292065), (8770, 10, 1292078), (8736, 5, 1321776), (8849, 13, 1324236), (8248, 1, 1492249), (8754, 11, 1492361), (8960, 10, 1495558), (9046, 10, 1495586), (9044, 10, 1495595), (8819, 13, 1497798), (8603, 4, 1501598), (9135, 9, 1504368), (8382, 11, 1543139), (8471, 3, 1545090), (8542, 4, 1548219), (8779, 15, 1555445), (8779, 15, 1558095), (8754, 11, 1562355), (8402, 2, 1579546), (8294, 10, 1579799), (8616, 12, 1583145), (8779, 15, 1637782), (9095, 11, 1661232), (8249, 13, 1672011), (8904, 3, 1716467), (8349, 10, 1717966), (8704, 10, 1718049), (9007, 4, 1720573), (8508, 10, 1748869), (8945, 10, 1748924), (8349, 10, 1748975), (8938, 10, 1749020), (8888, 4, 1749075), (8556, 11, 1749888), (9151, 7, 1752426), (8390, 3, 1754494), (9140, 2, 1817695), (8508, 10, 1819251), (8945, 10, 1819268), (8349, 10, 1819316), (8938, 10, 1819336), (8704, 10, 1819370), (8401, 14, 1819736), (8413, 14, 1824093), (8250, 5, 1840992), (8990, 14, 1843595), (8401, 14, 1908359), (9095, 11, 1908890), (8704, 10, 1924131), (8637, 11, 1925147), (8944, 15, 1925789), (8979, 11, 1925914), (8323, 12, 1930807), (8428, 5, 1931051), (8962, 2, 1932066), (8754, 11, 1932322), (8793, 11, 2014274), (8945, 10, 2015592), (8349, 10, 2015724), (9106, 3, 2019351), (8539, 14, 2025646), (8793, 11, 2100376), (9023, 2, 2147224), (9023, 2, 2147545), (9023, 2, 2147562), (9023, 2, 2147579), (9141, 15, 2184729), (8244, 10, 2185594), (9204, 14, 2186337), (9203, 1, 2188309), (8625, 11, 2188355), (9045, 2, 2241199), (8592, 15, 2241592), (8790, 9, 2250420), (9173, 10, 2251323), (8349, 10, 2251332), (8313, 14, 2253047), (8451, 8, 2269660), (8812, 7, 2335892), (8464, 15, 2356433), (8451, 8, 2359448), (8734, 5, 2360038), (8275, 7, 2449702), (8275, 7, 2450563), (9077, 6, 2501791), (9169, 1, 2502926), (8253, 4, 2511766), (9173, 10, 2512234), (8945, 10, 2512241), (9023, 2, 2529663), (8762, 3, 2531795), (8471, 3, 2533078), (9045, 2, 2533814), (8442, 7, 2533878), (8331, 12, 2534798)]"
8297 "[(73, 10, 7116), (1012, 1, 224392), (68, 5, 316704), (1072, 1, 324741), (1864, 15, 393999), (199, 11, 449885), (199, 11, 450459), (2708, 3, 729012), (3483, 5, 805220), (68, 5, 1282651), (1012, 1, 1284153), (1012, 1, 1284238), (1012, 1, 1529291), (1012, 1, 1675696), (1012, 1, 2388547), (1012, 1, 2388723)]"
67 "[(8321, 13, 14999), (8295, 13, 15845), (8509, 4, 73249), (8643, 15, 141988), (8390, 3, 230961), (8789, 10, 311281), (8390, 3, 311396), (8320, 4, 330046), (8417, 4, 396588), (8367, 3, 755850), (8805, 3, 756327), (8321, 13, 756421), (8295, 13, 756441), (8990, 14, 776806), (8990, 14, 777076), (8990, 14, 777091), (8333, 15, 1610701), (8631, 6, 1611273), (8411, 3, 1868142), (9165, 2, 1868734), (9165, 2, 1868826), (8762, 3, 2045099), (8847, 10, 2045486), (8235, 12, 2059976), (9023, 2, 2062407), (9166, 7, 2069764), (9023, 2, 2073322), (9023, 2, 2073344), (9023, 2, 2073420), (8734, 5, 2076076)]"
158 "[(8348, 1, 19122)]"
184 "[(8368, 1, 22619), (8401, 14, 886832), (8401, 14, 886923), (8401, 14, 893065), (8401, 14, 909929)]"
8387 "[(215, 1, 26987), (1012, 1, 223978), (1012, 1, 224036), (1012, 1, 224090), (1561, 13, 291435), (1012, 1, 551180), (194, 13, 649211), (194, 13, 835434), (1176, 10, 846065), (1046, 13, 952812), (1046, 13, 952902), (912, 9, 1050978), (291, 12, 1053254), (1726, 14, 1293770), (2731, 14, 1504574), (365, 3, 1517374), (5622, 11, 1621291), (1449, 11, 1778422), (194, 13, 1957793), (194, 13, 2047313)]"
233 "[(8399, 15, 30254), (8339, 4, 32675), (8235, 12, 32718), (8385, 11, 32801), (8291, 14, 33454), (8405, 2, 35444), (8428, 5, 35804), (8405, 2, 36128), (8258, 11, 114480), (8238, 14, 115074), (8334, 9, 115106), (8518, 2, 116338), (8509, 4, 116698), (8350, 6, 116757), (8229, 15, 118968), (8417, 4, 280500), (8321, 13, 280722), (8412, 2, 280742), (8253, 4, 280810), (8738, 15, 281031), (8346, 14, 281150), (8611, 14, 281729), (8620, 14, 281828), (8557, 4, 281939), (8422, 10, 282941), (8257, 12, 282951), (8385, 11, 282985), (8591, 7, 283458), (8433, 3, 283737), (8276, 13, 284225), (8453, 15, 285212), (8755, 5, 285323), (8573, 13, 285372), (8735, 14, 285651), (8251, 1, 285898), (8593, 7, 286149), (8248, 1, 286431), (8423, 7, 286442), (8654, 14, 286488), (8483, 15, 364770), (8549, 12, 364775), (8789, 10, 364787), (8762, 3, 364825), (8811, 7, 364855), (8458, 8, 365139), (8738, 15, 365377), (8374, 12, 365385), (8248, 1, 365573), (8761, 4, 366313), (8463, 15, 367592), (8569, 2, 367631), (8805, 3, 367660), (8244, 10, 368014), (8835, 1, 368197), (8596, 2, 368247), (8260, 7, 368354), (8510, 4, 368434), (8468, 3, 368651), (8822, 2, 368838), (8622, 1, 368885), (8755, 5, 369232), (8792, 10, 370047), (8491, 15, 370050), (8446, 6, 370482), (8453, 15, 370533), (8546, 6, 372712), (8301, 13, 373731), (8389, 11, 373865), (8248, 1, 374307), (8619, 1, 374583), (8483, 15, 451871), (8546, 6, 452020), (8253, 4, 452148), (8275, 7, 452161), (8500, 5, 452293), (8856, 13, 452500), (8433, 3, 452780), (8248, 1, 452884), (8430, 11, 452910), (8569, 2, 452944), (8654, 14, 453034), (8457, 12, 453076), (8323, 12, 453110), (8855, 1, 453545), (8257, 12, 453570), (8781, 5, 453807), (8643, 15, 453889), (8510, 4, 453979), (8545, 1, 454000), (8661, 5, 454450), (8848, 5, 454475), (8631, 6, 454548), (8592, 15, 454655), (8755, 5, 454927), (8798, 10, 456369), (8734, 5, 456800), (8385, 11, 460443), (8514, 15, 461037), (8875, 4, 461072), (8469, 8, 461136), (8505, 9, 461523), (8285, 8, 538301), (8761, 4, 538331), (8262, 8, 539385), (8365, 8, 540180), (8890, 14, 540189), (8828, 9, 540253), (8643, 15, 540349), (8537, 10, 540660), (8373, 11, 540724), (8875, 4, 540729), (8318, 2, 540814), (8886, 4, 540870), (8848, 5, 541027), (8243, 7, 541505), (8755, 5, 542147), (8846, 1, 542231), (8611, 14, 542268), (8401, 14, 543472), (8639, 14, 544659), (8331, 12, 545051), (8435, 2, 545192), (8315, 11, 545289), (8633, 5, 545443), (8535, 4, 545502), (8745, 5, 616569), (8321, 13, 616842), (8245, 4, 617616), (8276, 13, 618613), (8261, 12, 618702), (8651, 5, 618833), (8471, 3, 618930), (8535, 4, 623736), (8816, 11, 624275), (8546, 6, 624301), (8485, 7, 624411), (8643, 15, 624631), (8510, 4, 624779), (8787, 11, 624825), (8653, 4, 624906), (8552, 7, 625257), (8456, 1, 625282), (8237, 6, 625629), (8343, 9, 625869), (8330, 10, 626283), (8888, 4, 626293), (8635, 10, 626302), (8545, 1, 626501), (8318, 2, 626705), (8235, 12, 626753), (8302, 5, 711963), (8970, 9, 711967), (8294, 10, 713821), (8347, 6, 714087), (8936, 12, 714563), (8260, 7, 715290), (8510, 4, 715368), (8932, 4, 715519), (8267, 3, 715615), (8614, 1, 716947), (8886, 4, 717015), (8717, 8, 717101), (8887, 3, 717145), (8755, 5, 717462), (8698, 10, 717561), (8815, 3, 717756), (8644, 12, 717760), (8271, 2, 717818), (8235, 12, 717838), (8640, 15, 717959), (8464, 15, 718001), (8942, 11, 718285), (8805, 3, 718785), (8809, 2, 718980), (8948, 10, 721283), (8633, 5, 721501), (8535, 4, 721546), (8973, 14, 721633), (8871, 4, 721644), (9001, 15, 805202), (8433, 3, 805225), (8328, 4, 805298), (9003, 7, 805380), (8990, 14, 806915), (9001, 15, 807244), (8433, 3, 807270), (8536, 8, 807982), (8396, 6, 808207), (9004, 3, 808242), (8244, 10, 808532), (8447, 12, 808589), (8461, 13, 808669), (8643, 15, 808735), (8842, 3, 808784), (8267, 3, 808925), (8886, 4, 809521), (8887, 3, 809640), (8640, 15, 809843), (8978, 1, 809893), (8739, 3, 810214), (8564, 10, 810238), (8635, 10, 810244), (8905, 8, 810269), (8955, 11, 810304), (8260, 7, 810478), (8318, 2, 810582), (8237, 6, 810807), (8471, 3, 810888), (8240, 12, 811488), (9000, 11, 813989), (8989, 8, 882436), (8569, 2, 882612), (8910, 2, 882701), (8671, 11, 885928), (8812, 7, 886028), (9006, 2, 886169), (8928, 1, 886256), (8510, 4, 886280), (9012, 6, 886407), (8548, 15, 887025), (8910, 2, 887038), (8755, 5, 887094), (8805, 3, 887522), (8871, 4, 887529), (8941, 13, 887562), (8274, 2, 887619), (8521, 8, 887809), (9018, 6, 888098), (9006, 2, 970408), (9022, 14, 970428), (8989, 8, 970611), (9022, 14, 971488), (8721, 12, 971809), (8483, 15, 971880), (8602, 11, 971997), (9039, 10, 973005), (8588, 1, 973081), (8479, 6, 973136), (8447, 12, 973172), (8727, 11, 973204), (8812, 7, 973252), (8814, 7, 973279), (9033, 14, 973299), (8510, 4, 973498), (8940, 5, 973525), (8267, 3, 973708), (8414, 13, 974291), (8908, 7, 974314), (8312, 15, 974931), (8623, 8, 975034), (8315, 11, 1057136), (8687, 9, 1058027), (8908, 7, 1058047), (8734, 5, 1058196), (8540, 15, 1058753), (8855, 1, 1058755), (8510, 4, 1059034), (8873, 2, 1059182), (8887, 3, 1059369), (8640, 15, 1059554), (8619, 1, 1059650), (8970, 9, 1059678), (8870, 4, 1059982), (8440, 12, 1060084), (8278, 15, 1060973), (8305, 4, 1061083), (8771, 1, 1061313), (8338, 12, 1144228), (8990, 14, 1146388), (8339, 4, 1146415), (9068, 15, 1149275), (8962, 2, 1150358), (8241, 7, 1150600), (8798, 10, 1150611), (9049, 3, 1150719), (8917, 13, 1150739), (8812, 7, 1151675), (8510, 4, 1151898), (8456, 1, 1152173), (8752, 3, 1152347), (9053, 2, 1152471), (8806, 9, 1152508), (8343, 9, 1152511), (8696, 2, 1153126), (8985, 8, 1153424), (9045, 2, 1153427), (8866, 15, 1153476), (9082, 10, 1230939), (8812, 7, 1230950), (9059, 9, 1231009), (9059, 9, 1231847), (8401, 14, 1231871), (9043, 11, 1232009), (8335, 12, 1232455), (8855, 1, 1232818), (8585, 1, 1232834), (8727, 11, 1232925), (9033, 14, 1233024), (8510, 4, 1233230), (8607, 7, 1233492), (8771, 1, 1233517), (8661, 5, 1233655), (9053, 2, 1233958), (8571, 1, 1234208), (8792, 10, 1234225), (8268, 5, 1234347), (8870, 4, 1234362), (8579, 3, 1234391), (9045, 2, 1234706), (8453, 15, 1234718), (8347, 6, 1234774), (8517, 8, 1235099), (9083, 6, 1235186), (8272, 11, 1239619), (8411, 3, 1239809), (9079, 2, 1240036), (8255, 15, 1240378), (9045, 2, 1240416), (8429, 15, 1240447), (8331, 12, 1241864), (8875, 4, 1313737), (8736, 5, 1314716), (8963, 15, 1314995), (9069, 2, 1315180), (8940, 5, 1315504), (8470, 1, 1315867), (8668, 1, 1315871), (9018, 6, 1315899), (8370, 6, 1315903), (8887, 3, 1316004), (8734, 5, 1316028), (9095, 11, 1316143), (8847, 10, 1316162), (8587, 13, 1316209), (9086, 13, 1319344), (8564, 10, 1319352), (8483, 15, 1319361), (8314, 6, 1319656), (8374, 12, 1321157), (9031, 4, 1321454), (8983, 9, 1325912), (8358, 12, 1326471), (8798, 10, 1409932), (9102, 3, 1409962), (8516, 13, 1410815), (8257, 12, 1411274), (8993, 11, 1413420), (8591, 7, 1413868), (9049, 3, 1415157), (8555, 15, 1416278), (9092, 5, 1416418), (8812, 7, 1416438), (8973, 14, 1416444), (8510, 4, 1416680), (8690, 11, 1416695), (8267, 3, 1416839), (8992, 11, 1416902), (8607, 7, 1416962), (8771, 1, 1416990), (9106, 3, 1417053), (9103, 15, 1417188), (8736, 5, 1417221), (8241, 7, 1417568), (8471, 3, 1417696), (8470, 1, 1418730), (8515, 5, 1418828), (8515, 5, 1465605), (8603, 4, 1489350), (8855, 1, 1489480), (8401, 14, 1490748), (8685, 15, 1490761), (9049, 3, 1491312), (9120, 2, 1491329), (9072, 3, 1491604), (8812, 7, 1491789), (8545, 1, 1492055), (8334, 9, 1492122), (8267, 3, 1492233), (8819, 13, 1492594), (9068, 15, 1492714), (8454, 12, 1492831), (8971, 7, 1492965), (8517, 8, 1494716), (8367, 3, 1494723), (9089, 6, 1494732), (8385, 11, 1494739), (8695, 10, 1494785), (8856, 13, 1494830), (8683, 7, 1494855), (9103, 15, 1494964), (8292, 12, 1495072), (8295, 13, 1495083), (8606, 1, 1495116), (8347, 6, 1495120), (8688, 14, 1495236), (9126, 9, 1495443), (9079, 2, 1495482), (9088, 4, 1495507), (8406, 6, 1496104), (8611, 14, 1496216), (8648, 11, 1575061), (8314, 6, 1575655), (9141, 15, 1576106), (8385, 11, 1576281), (8724, 3, 1576304), (9129, 15, 1576490), (8852, 4, 1576859), (8632, 12, 1577430), (8479, 6, 1577469), (8290, 6, 1577485), (8365, 8, 1577575), (8695, 10, 1577684), (8778, 2, 1577806), (8986, 4, 1578012), (8235, 12, 1578140), (8754, 11, 1578282), (8887, 3, 1578298), (9053, 2, 1578531), (9058, 14, 1579431), (8806, 9, 1579450), (8616, 12, 1579486), (9059, 9, 1579547), (8969, 5, 1579624), (8812, 7, 1579675), (9107, 9, 1580724), (8292, 12, 1585778), (8321, 13, 1661009), (8374, 12, 1661205), (8452, 5, 1661949), (8904, 3, 1662022), (8662, 10, 1662172), (8951, 15, 1662212), (8988, 11, 1662221), (8801, 14, 1662708), (8479, 6, 1662769), (8878, 14, 1662794), (9142, 4, 1662851), (8944, 15, 1663063), (8510, 4, 1663225), (8619, 1, 1664177), (8688, 14, 1664518), (8672, 7, 1664571), (8828, 9, 1664604), (8252, 7, 1664810), (9155, 3, 1666010), (8331, 12, 1666025), (8470, 1, 1666036), (8386, 14, 1666201), (9004, 3, 1748129), (9038, 3, 1748191), (8800, 11, 1748476), (8944, 15, 1748557), (9165, 2, 1748570), (8755, 5, 1748600), (8998, 12, 1748605), (9165, 2, 1748686), (8894, 1, 1749220), (8962, 2, 1749466), (8384, 12, 1749641), (8298, 4, 1749647), (9167, 2, 1749773), (9151, 7, 1749962), (8347, 6, 1750145), (9111, 12, 1750379), (8720, 14, 1750449), (8470, 1, 1750456), (8837, 15, 1750485), (8687, 9, 1750535), (9165, 2, 1750668), (9072, 3, 1750747), (8688, 14, 1751582), (8812, 7, 1751642), (9148, 5, 1751688), (8433, 3, 1751755), (8329, 3, 1751866), (8898, 8, 1835158), (8707, 4, 1836113), (8290, 6, 1836165), (8644, 12, 1837020), (8754, 11, 1837222), (8852, 4, 1837552), (9049, 3, 1837648), (9092, 5, 1837895), (8510, 4, 1838120), (8962, 2, 1838383), (8875, 4, 1838386), (8607, 7, 1838403), (8887, 3, 1838617), (9077, 6, 1838870), (8755, 5, 1838995), (8244, 10, 1839174), (8990, 14, 1839179), (8672, 7, 1839212), (8628, 1, 1839294), (8522, 4, 1839421), (8995, 14, 1839442), (9136, 11, 1839656), (8857, 14, 1840860), (8605, 5, 1841179), (9004, 3, 1841214), (8331, 12, 1847493), (8402, 2, 1847633), (8258, 11, 1921351), (8350, 6, 1921564), (8428, 5, 1922254), (8990, 14, 1922418), (9176, 15, 1922464), (8671, 11, 1922798), (8382, 11, 1922804), (8479, 6, 1922849), (9092, 5, 1922930), (9133, 1, 1923115), (9099, 1, 1923158), (8510, 4, 1923185), (9151, 7, 1923830), (8603, 4, 1923844), (8964, 13, 1923852), (9177, 8, 1923856), (8970, 9, 1923889), (8651, 5, 1924382), (8405, 2, 1924485), (8292, 12, 1924508), (8812, 7, 1924656), (9168, 6, 1925388), (9166, 7, 1925640), (9031, 4, 2011868), (8964, 13, 2012023), (8319, 7, 2012748), (9045, 2, 2012865), (8386, 14, 2013236), (8801, 14, 2013889), (9184, 10, 2013893), (8890, 14, 2013988), (8818, 5, 2014084), (8291, 14, 2014165), (8522, 4, 2014344), (8968, 11, 2014671), (8367, 3, 2014870), (8672, 7, 2014913), (8488, 3, 2014937), (8285, 8, 2015103), (9106, 3, 2015143), (9190, 15, 2015163), (9091, 2, 2015283), (8526, 7, 2015356), (9001, 15, 2015432), (8917, 13, 2016084), (9194, 10, 2094201), (8258, 11, 2094310), (9077, 6, 2094349), (9023, 2, 2094933), (8369, 11, 2095796), (8650, 11, 2095928), (8562, 15, 2096572), (9085, 9, 2096772), (8672, 7, 2096914), (8762, 3, 2097036), (8962, 2, 2097114), (8434, 12, 2097119), (8988, 11, 2097178), (8343, 9, 2097298), (8433, 3, 2097499), (8306, 5, 2097679), (8458, 8, 2097701), (9092, 5, 2180823), (9204, 14, 2183672), (8592, 15, 2183788), (8852, 4, 2184345), (8284, 12, 2184944), (8823, 13, 2184952), (9202, 3, 2185550), (9068, 15, 2185734), (8402, 2, 2185999), (8389, 11, 2186343), (8451, 8, 2266764), (8480, 4, 2266933), (8998, 12, 2267275), (8447, 12, 2267409), (9202, 3, 2267858), (8267, 3, 2267882), (8247, 6, 2267935), (8986, 4, 2267991), (8590, 5, 2268621), (8625, 11, 2268883), (8879, 9, 2268923), (8919, 7, 2268996), (9118, 12, 2269414), (8937, 6, 2269801), (8435, 2, 2353460), (9092, 5, 2354200), (8701, 8, 2354316), (8591, 7, 2355487), (8510, 4, 2355546), (8956, 10, 2355767), (8607, 7, 2355830), (8631, 6, 2356083), (8617, 2, 2356106), (8807, 8, 2356217), (8545, 1, 2357024), (8853, 11, 2440150), (8940, 5, 2440220), (8993, 11, 2440249), (8275, 7, 2440985), (8611, 14, 2441705), (8491, 15, 2445052), (8365, 8, 2445205), (9194, 10, 2445369), (8510, 4, 2445418), (8545, 1, 2445453), (8940, 5, 2445457), (8875, 4, 2445734), (8306, 5, 2446250), (8347, 6, 2446502), (8483, 15, 2447470), (8758, 1, 2447669), (9222, 4, 2447750), (8590, 5, 2448334), (9164, 10, 2448340), (9133, 1, 2448421), (9079, 2, 2448709), (8771, 1, 2448765), (8496, 2, 2527966), (8497, 2, 2527976), (9049, 3, 2528006), (8504, 8, 2528158), (9004, 3, 2528431), (9049, 3, 2528755), (9045, 2, 2528889), (8471, 3, 2528895), (8372, 3, 2528957), (8890, 14, 2529370), (9061, 5, 2529436), (9166, 7, 2530052), (9054, 2, 2530110), (8264, 15, 2530507), (9090, 5, 2530631), (8267, 3, 2530695), (9197, 8, 2530829), (9164, 10, 2531006), (8476, 13, 2531304), (8881, 5, 2531311), (8816, 11, 2531528), (8923, 11, 2531718)]"
8438 "[(17, 11, 40111), (351, 15, 49009), (22, 7, 57916), (420, 11, 150741), (17, 11, 214194), (68, 5, 544972), (68, 5, 889420), (68, 5, 988154), (4186, 11, 1007299), (68, 5, 1107888), (68, 5, 1110295), (4500, 3, 1116071), (2878, 6, 1119906), (2878, 6, 1120002), (2878, 6, 1120107), (2878, 6, 1120258), (2878, 6, 1120392), (2878, 6, 1120898), (2878, 6, 1121148), (2878, 6, 1121425), (2878, 6, 1121502), (68, 5, 1122836), (870, 3, 1126041), (870, 3, 1126191), (870, 3, 1126464), (870, 3, 1126578), (2878, 6, 1137543), (2878, 6, 1137575), (2878, 6, 1142875), (2878, 6, 1145026), (2878, 6, 1145178), (68, 5, 1178392), (2878, 6, 1469111), (17, 11, 1498908), (611, 1, 1587934), (611, 1, 1589109), (68, 5, 1763212), (284, 6, 1906148), (2878, 6, 1909454), (2878, 6, 1915211), (2878, 6, 1916875), (2878, 6, 1916924), (2878, 6, 1917093), (2878, 6, 1917227), (2878, 6, 1917803), (2878, 6, 1917988), (2878, 6, 1918653), (2878, 6, 1923620), (2878, 6, 1923987), (2878, 6, 1924034), (2878, 6, 1924080), (68, 5, 1988059), (2134, 1, 2047211), (3187, 1, 2138562), (3187, 1, 2138668), (68, 5, 2145022), (1726, 14, 2146823), (68, 5, 2457173), (2134, 1, 2485507), (68, 5, 2626627)]"
288 "[(8318, 2, 53585), (9140, 2, 1933081)]"
8393 "[(402, 3, 57284), (1184, 15, 439100), (1306, 8, 568782), (68, 5, 1300462)]"
443 "[(8368, 1, 61537), (8331, 12, 61952), (8434, 12, 72482), (8401, 14, 74910), (8401, 14, 75042), (8612, 13, 108828), (8390, 3, 156613), (8368, 1, 159173), (8486, 12, 159563), (8331, 12, 201960), (8732, 14, 203821), (8434, 12, 204730), (8368, 1, 234988), (8401, 14, 319501), (8401, 14, 329051), (8425, 14, 331586), (8282, 9, 331737), (8401, 14, 402910), (8463, 15, 575131), (8486, 12, 585277), (8401, 14, 585888), (8390, 3, 592398), (8390, 3, 592691), (8498, 4, 599426), (8401, 14, 599639), (8390, 3, 602613), (8434, 12, 809576), (8401, 14, 809808), (8282, 9, 876673), (8425, 14, 879283), (8425, 14, 879298), (8401, 14, 881406), (8390, 3, 891337), (8401, 14, 895351), (8390, 3, 972569), (8498, 4, 1010985), (8401, 14, 1023260), (8368, 1, 1060258), (8368, 1, 1060421), (8354, 14, 1207542), (8401, 14, 1222052), (8498, 4, 1402429), (8425, 14, 1454783), (8425, 14, 1454866), (8434, 12, 1613079), (8368, 1, 1614085), (8401, 14, 1617193), (8368, 1, 1699252), (8368, 1, 1699274), (8264, 15, 1710772), (8401, 14, 1716495), (8401, 14, 1716581), (8368, 1, 1717948), (8368, 1, 1718859), (8368, 1, 1719089), (8741, 14, 1873791), (8282, 9, 1985424), (8741, 14, 1986421), (8264, 15, 2125899), (8741, 14, 2126206), (8264, 15, 2126887), (8498, 4, 2224560), (8498, 4, 2224724), (8354, 14, 2230544), (8354, 14, 2231012), (8354, 14, 2231042), (8354, 14, 2231137), (8354, 14, 2231167), (8354, 14, 2231304), (8354, 14, 2231368), (8834, 14, 2362634), (8401, 14, 2402049)]"
8499 "[(17, 11, 70128), (532, 14, 70467), (1359, 10, 2199108)]"
8400 "[(68, 5, 84865), (68, 5, 1282691), (1003, 13, 1959861), (68, 5, 1976420)]"
8444 "[(671, 15, 91888), (3114, 13, 671266), (2999, 3, 712998), (1537, 1, 1439399), (1537, 1, 1439592), (1537, 1, 1439763), (1537, 1, 1439803), (1537, 1, 1440289), (1537, 1, 1440361), (1537, 1, 1440398), (1537, 1, 1440476), (1537, 1, 1440515), (1537, 1, 1440798), (3129, 7, 2163318)]"
691 "[(8591, 7, 95579), (8466, 2, 465218), (8676, 9, 1281909), (8466, 2, 1508048), (8466, 2, 1853494), (8466, 2, 2018104), (8466, 2, 2028476), (8466, 2, 2364630), (8466, 2, 2364846), (8676, 9, 2416495), (8355, 8, 2442263), (8355, 8, 2442338), (8355, 8, 2442385), (8355, 8, 2529877), (8298, 4, 2677574)]"
745 "[(8589, 14, 106781), (8589, 14, 106859), (8589, 14, 106933), (8589, 14, 107005), (8589, 14, 107055), (8719, 5, 444779), (8719, 5, 444948), (8719, 5, 445096), (8273, 1, 531852), (8273, 1, 531880), (8274, 2, 531941), (8466, 2, 531941), (8466, 2, 532000), (8593, 7, 537565), (8593, 7, 537719), (8278, 15, 973060), (8278, 15, 973150), (8278, 15, 973216), (8278, 15, 973262), (9135, 9, 1804668), (9062, 5, 2344082), (9077, 6, 2652999)]"
355 "[(8368, 1, 107345), (8368, 1, 191151), (8354, 14, 195944), (8354, 14, 276216), (8368, 1, 277901), (8368, 1, 277984), (8354, 14, 278873), (8471, 3, 282248), (8368, 1, 305259), (8368, 1, 450901), (8368, 1, 535115), (8368, 1, 733294), (8368, 1, 733609)]"
8534 "[(207, 10, 109567), (73, 10, 117372), (1317, 6, 228689), (659, 14, 268963), (1277, 1, 727508), (1277, 1, 727578), (3681, 10, 844766), (890, 10, 1026432)]"
8441 "[(68, 5, 115037), (1176, 10, 196426), (1364, 11, 239428), (2578, 2, 530985), (2578, 2, 531036), (2578, 2, 580302), (2578, 2, 580566), (2578, 2, 583441), (2578, 2, 617031), (402, 3, 689641), (402, 3, 689716), (402, 3, 690188), (402, 3, 690433), (3819, 7, 2077040), (1382, 7, 2079792), (1382, 7, 2079820), (1382, 7, 2079840), (1382, 7, 2080184), (1382, 7, 2080381), (1382, 7, 2080403), (1382, 7, 2080459), (1382, 7, 2080653), (6646, 6, 2083006), (6646, 6, 2083026), (2055, 1, 2093220), (7095, 15, 2116971)]"
826 "[(8629, 15, 124070), (8846, 1, 386798), (8471, 3, 444404), (8346, 14, 700090), (8619, 1, 782746), (8596, 2, 869269), (8596, 2, 953759), (8565, 15, 1032927), (8596, 2, 1063662), (8596, 2, 1063678), (8596, 2, 1063695), (8596, 2, 1063712), (8846, 1, 1130165), (9072, 3, 1344310), (8970, 9, 1385864), (8637, 11, 1470675), (8603, 4, 1472135), (8637, 11, 1562295), (8526, 7, 1735034), (8637, 11, 1821989), (8623, 8, 2078905), (9133, 1, 2429742), (9164, 10, 2600893), (8343, 9, 2602552), (8983, 9, 2602584)]"
8663 "[(900, 11, 141350), (1594, 12, 1697261), (4001, 14, 2150590)]"
8670 "[(365, 3, 147833), (365, 3, 370229), (365, 3, 370362), (156, 14, 541788), (3264, 13, 708648), (68, 5, 709868), (506, 8, 817496), (365, 3, 834836), (506, 8, 857024), (506, 8, 937972), (4056, 6, 963205), (4056, 6, 963347), (4056, 6, 966155), (4056, 6, 967741), (365, 3, 972524), (506, 8, 990955), (506, 8, 993675), (2365, 2, 1054796), (365, 3, 1063979), (4432, 4, 1072715), (365, 3, 1075335), (506, 8, 1077141), (506, 8, 1077193), (920, 4, 1089386), (365, 3, 1339503), (506, 8, 1697182), (365, 3, 1756042), (1726, 14, 1880765), (367, 1, 2454599)]"
8426 "[(17, 11, 149743), (3249, 2, 703403), (125, 11, 1276465), (125, 11, 1276569), (367, 1, 2300180), (109, 1, 2565117), (109, 1, 2565159), (3861, 2, 2585961), (7205, 4, 2654421), (7205, 4, 2656495)]"
782 "[(8650, 11, 155227), (8650, 11, 196155), (8650, 11, 323871), (8401, 14, 327507), (8873, 2, 412462), (8650, 11, 627454), (8825, 9, 846329), (8471, 3, 891387), (8873, 2, 893784), (8849, 13, 1176056), (8563, 11, 1190805), (8650, 11, 1353895), (8650, 11, 1358400), (8346, 14, 1436937), (8405, 2, 1537064), (8471, 3, 1573377), (8301, 13, 1573425), (8962, 2, 1577037), (8962, 2, 1577104), (8282, 9, 1619331), (8650, 11, 1663295), (8650, 11, 1701585), (8650, 11, 1795972), (8650, 11, 1871342), (8650, 11, 1872991), (8650, 11, 1873160), (8650, 11, 1878310), (8650, 11, 1883537), (8650, 11, 1884071), (8650, 11, 1884929), (8650, 11, 1885077), (8650, 11, 1885260), (8650, 11, 1947042), (8650, 11, 1955401), (8650, 11, 1957855), (8650, 11, 2054011), (8650, 11, 2210686), (9168, 6, 2302754), (8461, 13, 2394320), (8461, 13, 2394687), (8627, 14, 2455334), (8555, 15, 2532013), (8462, 14, 2553277), (8390, 3, 2553890)]"
799 "[(8577, 14, 160794), (8417, 4, 203846), (8385, 11, 290469), (8738, 15, 333612), (8385, 11, 333616), (8854, 10, 376618), (8738, 15, 376677), (8854, 10, 420348), (8854, 10, 506516), (8805, 3, 679449), (8990, 14, 765437), (8485, 7, 765447), (8990, 14, 1067855), (8990, 14, 1111096), (9136, 11, 1629814), (8800, 11, 1716368), (9165, 2, 1716372), (9165, 2, 1802494), (9136, 11, 1968331), (9023, 2, 2061840), (9023, 2, 2278492), (9047, 15, 2582297)]"
1058 "[(8611, 14, 165779), (8653, 4, 1007589), (8399, 15, 1028343), (8738, 15, 1717611), (8548, 15, 1717981), (8294, 10, 1815614), (8986, 4, 1816073), (8257, 12, 2125769), (8942, 11, 2143061), (8851, 3, 2158358)]"
654 "[(8516, 13, 172785), (8516, 13, 258097), (8516, 13, 348730)]"
8566 "[(1103, 2, 174539)]"
8645 "[(1155, 11, 188354), (1561, 13, 295237), (2230, 4, 500775), (2687, 11, 564975), (1347, 6, 585535), (1347, 6, 585637), (365, 3, 1062641), (2230, 4, 1139236), (5360, 2, 1373161), (17, 11, 1517697), (2069, 13, 1521540), (2069, 13, 1521894), (3592, 14, 1701630), (611, 1, 1836572), (611, 1, 1836640), (611, 1, 1836641), (5622, 11, 1837892), (1012, 1, 1870553), (365, 3, 2120300), (365, 3, 2120327), (365, 3, 2120384), (68, 5, 2141605), (1012, 1, 2188627), (1012, 1, 2188677), (6513, 3, 2214843), (6513, 3, 2214987), (6513, 3, 2215049), (3861, 2, 2365754), (3861, 2, 2365886), (2390, 14, 2374681)]"
8254 "[(1176, 10, 196686), (983, 5, 963100), (367, 1, 1530226)]"
8236 "[(1184, 15, 198551), (1698, 9, 318409), (628, 15, 434380), (659, 14, 696381), (1397, 8, 709904)]"
8731 "[(659, 14, 200658), (73, 10, 2335968)]"
8484 "[(21, 6, 220462), (920, 4, 222541), (1284, 11, 228495), (1359, 10, 239705), (537, 15, 408146), (608, 15, 2066026)]"
8693 "[(604, 10, 226830)]"
1102 "[(8448, 10, 230589), (8643, 15, 234394)]"
8363 "[(940, 11, 233801), (402, 3, 875699), (3757, 4, 1264490), (3757, 4, 1264721), (484, 3, 1503227)]"
1471 "[(8417, 4, 260673), (8431, 2, 260882), (8559, 1, 447590), (8882, 1, 447710), (8887, 3, 707607), (8688, 14, 965347), (8894, 1, 1654643), (9116, 8, 1655342), (8607, 7, 1915393), (8606, 1, 1916389), (9177, 8, 1916563), (8741, 14, 2449817), (9090, 5, 2609357)]"
1505 "[(8315, 11, 268003), (8306, 5, 777935), (8418, 8, 881971), (8453, 15, 1215284), (8676, 9, 1356102), (8333, 15, 1643984)]"
1610 "[(8588, 1, 294898), (8588, 1, 295792), (8588, 1, 295834), (8588, 1, 295941), (8588, 1, 296017), (8588, 1, 302059), (8588, 1, 371973), (8411, 3, 381190), (8588, 1, 558084), (8588, 1, 617861), (8588, 1, 618173), (8887, 3, 618758), (8887, 3, 618850)]"
1499 "[(8430, 11, 297162), (8846, 1, 717269), (8846, 1, 718916)]"
913 "[(8643, 15, 297703), (8738, 15, 681685), (8957, 11, 1810125)]"
1630 "[(8368, 1, 303263), (8368, 1, 303335)]"
1678 "[(8814, 7, 314470), (8814, 7, 927708), (8814, 7, 1431369)]"
1583 "[(8433, 3, 315381)]"
8824 "[(887, 10, 332000), (2230, 4, 500969), (742, 14, 686715), (2196, 7, 1213962), (611, 1, 1229353), (611, 1, 1315793), (611, 1, 2257502)]"
1778 "[(8687, 9, 332670), (8835, 1, 426212), (8643, 15, 426503), (8453, 15, 434929), (8380, 15, 435060), (8423, 7, 472495), (8423, 7, 499936), (8257, 12, 550758), (8341, 14, 551970), (8754, 11, 567141), (8873, 2, 591920), (8507, 2, 669600), (8492, 11, 684223), (8963, 15, 729835), (8565, 15, 738745), (8573, 13, 786940), (9010, 2, 800296), (8835, 1, 900927), (8772, 12, 959392), (8234, 1, 978997), (8971, 7, 1013612), (8343, 9, 1053278), (8781, 5, 1066411), (8490, 4, 1140559), (8260, 7, 1266731), (8643, 15, 1290619), (8343, 9, 1313240), (8699, 10, 1335561), (8587, 13, 1684013), (8350, 6, 1719408), (9135, 9, 1756309), (8827, 7, 1781063), (8784, 12, 1857264), (8308, 5, 2062639), (8421, 13, 2159419), (8526, 7, 2245809)]"
660 "[(8622, 1, 334138), (8905, 8, 632686), (8559, 1, 873317), (9089, 6, 1595887), (9089, 6, 1597907), (8609, 2, 1912182), (9166, 7, 2068703), (8347, 6, 2070727), (8347, 6, 2231376), (9166, 7, 2376016), (8937, 6, 2384100)]"
164 "[(8588, 1, 349437), (8888, 4, 518705), (8626, 11, 1243115)]"
993 "[(8503, 4, 354214), (9015, 6, 1040772), (8507, 2, 1145495), (9129, 15, 1550548), (9129, 15, 1550629), (8968, 11, 1990178), (8488, 3, 2171614), (8932, 4, 2254063), (9190, 15, 2258307), (9129, 15, 2507816)]"
8843 "[(45, 14, 357128)]"
8530 "[(1137, 11, 358525), (68, 5, 359728), (1137, 11, 389833), (1184, 15, 590251), (1137, 11, 702583), (68, 5, 703819)]"
1992 "[(8588, 1, 387645), (8588, 1, 462006), (8588, 1, 462116), (8588, 1, 535971), (8588, 1, 538593), (8588, 1, 558615), (8588, 1, 558830), (8588, 1, 1115743), (9072, 3, 1297489), (9151, 7, 2058210), (9151, 7, 2058421), (9151, 7, 2059595), (9151, 7, 2059926)]"
8868 "[(547, 1, 399217), (547, 1, 399378), (547, 1, 399430), (547, 1, 400439), (547, 1, 400534), (547, 1, 400557), (68, 5, 401761), (547, 1, 402469), (547, 1, 402711), (547, 1, 403043), (547, 1, 468831), (547, 1, 468982), (547, 1, 469139), (547, 1, 469247), (547, 1, 582669), (547, 1, 684912), (547, 1, 699329), (547, 1, 709471), (547, 1, 709567), (1490, 10, 954038), (547, 1, 1104094), (547, 1, 1105447), (547, 1, 1106492), (547, 1, 1108920), (547, 1, 1120974), (547, 1, 1138043), (547, 1, 1192051), (547, 1, 1192163), (547, 1, 1193811), (547, 1, 1194209), (547, 1, 1196762), (547, 1, 1197568), (547, 1, 1198095), (547, 1, 1203914), (547, 1, 1203971), (547, 1, 1213126), (547, 1, 1213366), (547, 1, 1213571), (547, 1, 1215024), (547, 1, 1215453), (547, 1, 1216541), (547, 1, 1217263), (547, 1, 1274345), (547, 1, 1276209), (547, 1, 1276800), (547, 1, 1277604), (547, 1, 1279017), (547, 1, 1280154), (547, 1, 1282475), (547, 1, 1376460), (547, 1, 1440439), (547, 1, 1442016), (547, 1, 1511070), (547, 1, 1570308)]"
2051 "[(8846, 1, 400386), (8930, 3, 2232447)]"
8863 "[(68, 5, 402767)]"
1348 "[(8368, 1, 403198), (8368, 1, 1270320), (8368, 1, 1270751), (8368, 1, 1794439), (8471, 3, 2622638)]"
2137 "[(8588, 1, 418140), (8905, 8, 739946), (8721, 12, 756806), (8485, 7, 788564), (8274, 2, 791412), (8442, 7, 872070), (8341, 14, 948033), (8341, 14, 948079), (8941, 13, 1034979), (8343, 9, 1044663)]"
2200 "[(8468, 3, 433639), (8593, 7, 438747), (8318, 2, 439873)]"
1828 "[(8848, 5, 436341), (8848, 5, 437225), (8848, 5, 437443), (8848, 5, 437481), (8848, 5, 437540), (8848, 5, 438212), (8887, 3, 507624), (8848, 5, 530578), (8447, 12, 547090), (8887, 3, 608443), (8447, 12, 634462), (8887, 3, 657845), (8887, 3, 661498), (8887, 3, 671095), (8447, 12, 772554), (8887, 3, 923881), (8887, 3, 924311), (8887, 3, 924404), (8447, 12, 932437), (8267, 3, 963039), (8267, 3, 968893), (8447, 12, 1110429), (8267, 3, 1242056), (8267, 3, 1295447), (8267, 3, 1307778), (8267, 3, 1385317), (8267, 3, 1385436), (8267, 3, 1385482), (8267, 3, 1385531), (8267, 3, 1385644), (8267, 3, 1385764), (8447, 12, 1838293), (8447, 12, 1838371), (8447, 12, 1838501), (8447, 12, 1963204), (8447, 12, 2050377), (8447, 12, 2406307), (8447, 12, 2571109), (8447, 12, 2578808)]"
8686 "[(2230, 4, 445412), (3668, 14, 841527), (2595, 6, 1149520), (4464, 11, 1178642), (2708, 3, 1328279), (22, 7, 1367881), (17, 11, 1605856), (3592, 14, 1701479), (1684, 3, 1703008), (17, 11, 1774007), (292, 3, 1883755), (1684, 3, 1891024), (17, 11, 1907631), (5071, 6, 2313222), (1397, 8, 2313372), (887, 10, 2313541), (17, 11, 2387683), (5622, 11, 2443283), (17, 11, 2489937), (1549, 1, 2673220)]"
8231 "[(1586, 10, 451490), (2508, 9, 516596), (2054, 14, 930111), (2054, 14, 930116), (890, 10, 939993)]"
8753 "[(68, 5, 476006), (728, 11, 1487195)]"
1740 "[(8887, 3, 510077), (8887, 3, 834776), (8887, 3, 834810)]"
8780 "[(2483, 4, 512062)]"
2495 "[(8249, 13, 514394), (8855, 1, 1193499), (8361, 9, 1360171), (8544, 11, 1464939), (8250, 5, 1597352), (8964, 13, 1597371), (8964, 13, 1597575), (8919, 7, 1892792), (8990, 14, 1941695), (8906, 13, 1967248), (8574, 15, 1972497), (9045, 2, 1978873)]"
8424 "[(608, 15, 521008), (4446, 2, 1078647), (1173, 11, 1126257), (3483, 5, 1674394), (4446, 2, 1675285), (4446, 2, 1675292), (3483, 5, 1675669), (4446, 2, 1675681), (3483, 5, 1675828)]"
1268 "[(8928, 1, 553131), (8771, 1, 591209), (8578, 1, 591829), (8268, 5, 651643), (8928, 1, 653789), (8268, 5, 654846), (8613, 4, 756144), (8559, 1, 900615), (8848, 5, 900688), (8848, 5, 1184663), (8651, 5, 1284168), (8848, 5, 1624971), (8559, 1, 1756769), (8559, 1, 1761163)]"
2730 "[(8855, 1, 574683), (8855, 1, 574816)]"
8680 "[(1639, 8, 585129), (1308, 15, 596597), (1308, 15, 1289932), (1308, 15, 1289947)]"
8813 "[(17, 11, 586709), (983, 5, 1192763), (68, 5, 1633060)]"
8610 "[(479, 3, 590161), (479, 3, 590310), (479, 3, 590501), (1173, 11, 679143)]"
2162 "[(8887, 3, 591680), (8887, 3, 591736), (8887, 3, 597282), (8887, 3, 683236), (8887, 3, 683343), (8887, 3, 738335), (8887, 3, 755503), (8887, 3, 755857), (8887, 3, 756425), (8887, 3, 756490), (8887, 3, 764754), (8887, 3, 764851)]"
8748 "[(230, 6, 594813), (68, 5, 1670411)]"
1933 "[(8334, 9, 596920), (8601, 3, 766651), (8408, 5, 1997330), (8453, 15, 2046530), (8345, 9, 2492440)]"
8667 "[(45, 14, 602717), (2881, 14, 610805), (45, 14, 647936)]"
8750 "[(2892, 11, 605176), (760, 6, 978304), (383, 10, 2209278)]"
1853 "[(8374, 12, 609175), (8339, 4, 910841), (8613, 4, 914699), (8448, 10, 953296), (8448, 10, 953371), (8559, 1, 1075273), (8558, 7, 1359672), (8251, 1, 1424892), (8428, 5, 1427812)]"
2923 "[(8487, 11, 612398), (8812, 7, 658608), (8569, 2, 779396), (8812, 7, 935202), (8382, 11, 942261), (8856, 13, 947092), (8487, 11, 948925), (8990, 14, 951866), (8653, 4, 954397), (8368, 1, 996103), (9054, 2, 1016921), (9054, 2, 1017071), (8855, 1, 1017879), (9054, 2, 1035247), (9054, 2, 1035382), (8687, 9, 1123078), (9054, 2, 1132017), (8812, 7, 1202565), (9088, 4, 1296152), (9072, 3, 1370331), (8350, 6, 1387795), (9054, 2, 1535562), (8410, 2, 1560763), (8296, 13, 1732012), (8273, 1, 1894008), (9181, 3, 1986923), (9213, 14, 2595303), (9213, 14, 2595454), (9213, 14, 2595524), (9213, 14, 2595862)]"
8723 "[(234, 14, 633934), (234, 14, 634474), (234, 14, 634591), (336, 9, 1128542), (870, 3, 1263787)]"
3015 "[(8269, 3, 637417), (8269, 3, 637697), (8269, 3, 637721), (8269, 3, 637782), (8504, 8, 2339731), (8355, 8, 2464400), (8900, 9, 2623804), (8900, 9, 2623842)]"
3016 "[(8887, 3, 637646), (8267, 3, 900015), (8267, 3, 901319), (8267, 3, 901578), (8267, 3, 901713), (8267, 3, 925732), (8267, 3, 1072771), (8267, 3, 1072896), (8267, 3, 1083808), (8267, 3, 1184992)]"
3018 "[(8368, 1, 638106), (8368, 1, 726988)]"
3039 "[(8741, 14, 645414), (8350, 6, 1328826), (8358, 12, 1488859), (8591, 7, 1689611), (9163, 1, 1720821), (9168, 6, 2042432)]"
3046 "[(8962, 2, 668216), (8962, 2, 668249), (8962, 2, 668378), (8962, 2, 669651), (8962, 2, 669803)]"
8965 "[(1434, 1, 671109), (608, 15, 772541), (1359, 10, 814266), (1780, 14, 1401373), (1137, 11, 1445863), (68, 5, 1447084), (1865, 7, 2249347)]"
8939 "[(1173, 11, 678921), (2708, 3, 684580), (5917, 11, 2107603), (5917, 11, 2126610), (5917, 11, 2127046), (5917, 11, 2127092), (5917, 11, 2265737), (5917, 11, 2265738)]"
8943 "[(17, 11, 685350), (537, 15, 743458), (1036, 7, 1829895), (1036, 7, 1829951), (1036, 7, 1829983), (68, 5, 2243377), (73, 10, 2356270)]"
8966 "[(1173, 11, 689208)]"
954 "[(8637, 11, 695761), (8923, 11, 783157), (8889, 14, 785121), (8970, 9, 1129204), (8433, 3, 1309157), (9059, 9, 1309383), (8962, 2, 1309836), (8552, 7, 1310574), (8557, 4, 1310878), (8602, 11, 1311382), (8908, 7, 1311926), (8431, 2, 1312615), (8889, 14, 1433584), (8314, 6, 1742886), (8887, 3, 1962412), (9014, 8, 1972729), (8435, 2, 1972787), (8466, 2, 1972872), (9063, 3, 1978494), (8545, 1, 1989592), (8591, 7, 2007524), (8837, 15, 2075188), (8333, 15, 2076268), (8291, 14, 2095795), (9053, 2, 2428630), (8793, 11, 2429262)]"
3285 "[(8888, 4, 716956), (9049, 3, 1043869)]"
8921 "[(890, 10, 734020)]"
8804 "[(749, 10, 765112)]"
3503 "[(8588, 1, 778431), (8887, 3, 1228185), (9045, 2, 1228377), (9045, 2, 1301568)]"
3506 "[(8990, 14, 779487)]"
3517 "[(8814, 7, 783680), (8787, 11, 1004492), (9111, 12, 2469735)]"
1647 "[(8325, 13, 826775), (8936, 12, 828853), (8717, 8, 838545), (9023, 2, 1007321), (8717, 8, 1103598), (8717, 8, 1377141), (8521, 8, 1440227), (8325, 13, 1521085), (8325, 13, 1521139), (8717, 8, 1542584), (8801, 14, 1598178), (8801, 14, 1598419), (9167, 2, 1705283), (9167, 2, 1705388), (9167, 2, 1914022), (9167, 2, 1914050), (9167, 2, 1914098), (9167, 2, 1914636), (9167, 2, 1914678), (9167, 2, 1938862), (9167, 2, 1938935), (9167, 2, 1938969), (9167, 2, 1939780), (8734, 5, 1969891), (9201, 3, 2114223), (9060, 14, 2567636), (8262, 8, 2575945)]"
8524 "[(68, 5, 834917), (68, 5, 929940)]"
8439 "[(3682, 6, 845149), (3682, 6, 845261), (3682, 6, 845279)]"
8972 "[(1218, 14, 853904), (1218, 14, 1245743), (608, 15, 2597282)]"
3720 "[(8968, 11, 855000), (8968, 11, 855274), (8598, 5, 2069116), (8598, 5, 2097040), (8598, 5, 2097077), (8598, 5, 2097157), (8598, 5, 2097204), (8598, 5, 2097229), (8598, 5, 2097295), (8598, 5, 2097337), (8598, 5, 2159905)]"
2925 "[(8888, 4, 871991), (9096, 1, 1391878), (9113, 2, 1596926), (9113, 2, 1597619), (9113, 2, 1789355), (9113, 2, 1809357)]"
8445 "[(1670, 14, 896050)]"
8395 "[(3886, 15, 912833), (367, 1, 1582090), (385, 4, 2502053)]"
3977 "[(8250, 5, 938324), (8250, 5, 1360095)]"
8624 "[(4001, 14, 944408), (73, 10, 2356044), (897, 3, 2535032)]"
4020 "[(8601, 3, 949408)]"
8927 "[(467, 13, 966519), (608, 15, 1647574), (608, 15, 1647648), (608, 15, 1989141), (4100, 1, 2221641), (4100, 1, 2222349)]"
8999 "[(73, 10, 979335), (608, 15, 1527196), (68, 5, 2046743)]"
4085 "[(8805, 3, 996069), (8668, 1, 1038335), (8260, 7, 1042896), (8846, 1, 1045664), (8570, 15, 1049225), (8570, 15, 1049296), (8287, 10, 1049710), (8889, 14, 1076879), (8717, 8, 1077137), (9038, 3, 1078316), (8647, 11, 1139015), (8414, 13, 1161797), (8887, 3, 1217756), (8970, 9, 1220665), (8440, 12, 1221992), (8423, 7, 1222842), (9069, 2, 1225486), (8772, 12, 1226017), (8734, 5, 1235032), (8823, 13, 1235175), (8905, 8, 1235299), (8805, 3, 1236666), (8611, 14, 1239186), (9085, 9, 1301038), (8815, 3, 1306267), (8631, 6, 1313329), (8910, 2, 1317954), (8847, 10, 1319398), (9099, 1, 1320150), (8367, 3, 1320959), (8458, 8, 1320989), (8369, 11, 1325654), (8632, 12, 1331442), (9051, 12, 1331472), (8349, 10, 1331792), (8285, 8, 1333248), (9041, 15, 1385012), (8399, 15, 1390338), (9040, 14, 1390965), (8812, 7, 1398662), (9104, 4, 1451911), (8299, 2, 1468910), (8285, 8, 1470349), (9132, 1, 1558542), (9008, 10, 1559225), (9126, 9, 1563066), (8894, 1, 1564217), (9071, 3, 1566998), (8260, 7, 1567487), (9068, 15, 1570546), (8741, 14, 1573254), (8589, 14, 1585291), (8242, 13, 1590806), (8367, 3, 1594754), (8644, 12, 1595362), (8295, 13, 1595378), (9083, 6, 1597319), (9019, 11, 1598683), (8772, 12, 1599277), (9045, 2, 1652200), (9023, 2, 1653595), (9018, 6, 1659453), (8401, 14, 1661395), (9129, 15, 1662923), (8575, 4, 1665266), (8721, 12, 1667068), (9110, 11, 1668254), (8676, 9, 1671160), (9095, 11, 1671766), (9140, 2, 1672612), (8608, 12, 1738339), (8800, 11, 1739553), (8648, 11, 1741088), (8413, 14, 1741096), (8290, 6, 1744968), (8250, 5, 1751163), (8606, 1, 1752501), (8492, 11, 1754911), (8364, 14, 1755165), (8631, 6, 1755578), (8985, 8, 1799290), (8367, 3, 1825682), (8732, 14, 1826748), (8978, 1, 1840051), (8625, 11, 1841765), (9136, 11, 1843797), (8857, 14, 1903561), (8907, 9, 1908055), (8668, 1, 1910040), (8608, 12, 1939064), (9185, 5, 1939704), (9177, 8, 1942045), (9069, 2, 1942950), (8309, 7, 1997767), (8814, 7, 2002803), (8847, 10, 2004544), (9068, 15, 2010711), (8877, 10, 2033504), (9184, 10, 2033817), (8968, 11, 2034466), (8235, 12, 2086167), (9176, 15, 2088097), (8628, 1, 2100276), (8985, 8, 2109921), (8235, 12, 2166250), (8608, 12, 2169554), (8470, 1, 2170819), (8859, 11, 2171419), (8238, 14, 2171657), (8991, 2, 2172613), (8411, 3, 2173181), (8996, 14, 2175715), (9150, 1, 2181557), (8372, 3, 2186331), (8473, 13, 2192865), (9023, 2, 2197456), (9165, 2, 2198012), (8498, 4, 2256451), (8350, 6, 2257880), (8631, 6, 2257891), (8594, 6, 2266112), (8699, 10, 2271658), (8847, 10, 2273931), (8734, 5, 2274712), (8390, 3, 2285500), (8324, 10, 2285731), (8264, 15, 2286341), (8720, 14, 2289944), (9023, 2, 2292071), (9122, 1, 2292588), (8625, 11, 2293516), (9203, 1, 2356438), (8801, 14, 2362270), (8285, 8, 2363236), (8436, 11, 2372747), (9213, 14, 2374741), (8618, 9, 2401122), (8587, 13, 2417198), (8847, 10, 2417601), (8702, 6, 2429438), (8411, 3, 2429943), (9196, 5, 2434159), (8741, 14, 2436282), (8606, 1, 2439151), (8423, 7, 2546431), (8367, 3, 2583950), (9047, 15, 2629862), (8734, 5, 2632919), (8985, 8, 2643044), (8552, 7, 2644290), (8919, 7, 2672925), (9061, 5, 2673581)]"
3070 "[(8959, 11, 1013953), (8959, 11, 1013979), (8988, 11, 1950366), (8988, 11, 1950519), (8988, 11, 1969436), (8988, 11, 1969633), (8988, 11, 1969688), (8988, 11, 1969879), (8988, 11, 1970452), (8988, 11, 1970604), (8988, 11, 1970637), (8988, 11, 1971115), (8988, 11, 1971194), (8988, 11, 2219103), (8988, 11, 2235803), (8988, 11, 2484577), (8988, 11, 2484626), (8988, 11, 2484694), (8988, 11, 2484792)]"
8459 "[(4001, 14, 1015233)]"
2940 "[(8887, 3, 1018669)]"
8952 "[(68, 5, 1040469), (17, 11, 1271867), (2093, 4, 1274397), (17, 11, 1274581), (2708, 3, 1362274), (2708, 3, 1363152), (2708, 3, 1363279), (1314, 5, 1363492), (17, 11, 1363706), (1036, 7, 1370656), (1036, 7, 1370715), (483, 5, 1444795), (483, 5, 1444861), (483, 5, 1444914), (68, 5, 1558692), (68, 5, 1590914), (68, 5, 1633787), (68, 5, 2050457), (367, 1, 2121027), (1663, 11, 2140075), (156, 14, 2147567), (68, 5, 2163225), (1184, 15, 2165110), (486, 2, 2187191)]"
8832 "[(1586, 10, 1066890), (73, 10, 1166013), (367, 1, 1594691)]"
3349 "[(8503, 4, 1069295)]"
4524 "[(8755, 5, 1106703)]"
8705 "[(537, 15, 1112425), (497, 4, 2495893)]"
8997 "[(3613, 1, 1129845)]"
804 "[(8727, 11, 1135843), (8242, 13, 1202033)]"
179 "[(9068, 15, 1142550), (9129, 15, 1500809)]"
9067 "[(537, 15, 1160222)]"
615 "[(8812, 7, 1165849)]"
2015 "[(8284, 12, 1185668)]"
4780 "[(8410, 2, 1185798)]"
3152 "[(9069, 2, 1186960), (9069, 2, 1187240)]"
4801 "[(8368, 1, 1190746)]"
4844 "[(9045, 2, 1199856)]"
2637 "[(9072, 3, 1213457), (8916, 11, 2089326), (8355, 8, 2442120)]"
9087 "[(68, 5, 1260537), (1726, 14, 2070382)]"
9064 "[(68, 5, 1268543), (303, 11, 1337851), (2174, 2, 2426103)]"
5182 "[(8250, 5, 1310605)]"
969 "[(8368, 1, 1335932)]"
9100 "[(5215, 14, 1357033), (2892, 11, 1642418), (375, 9, 2037236)]"
4517 "[(9010, 2, 1358716), (9010, 2, 1358835), (9010, 2, 1942761)]"
8725 "[(890, 10, 1370899), (890, 10, 1650138)]"
2928 "[(8651, 5, 1372861), (8651, 5, 1373096), (8651, 5, 1375690), (8651, 5, 1428969), (8651, 5, 1430457)]"
8420 "[(608, 15, 1384584)]"
1059 "[(9096, 1, 1387685), (9096, 1, 1387712), (8955, 11, 2520538), (8955, 11, 2520643)]"
8636 "[(713, 4, 1419689), (713, 4, 1419858), (4325, 2, 1921005), (17, 11, 1928055), (744, 1, 1946140), (744, 1, 1946175), (4494, 9, 1954365), (6881, 14, 2036726), (6881, 14, 2036793), (17, 11, 2084782), (17, 11, 2088543), (167, 11, 2088694), (167, 11, 2088719), (167, 11, 2088720), (5622, 11, 2289097)]"
9125 "[(887, 10, 1453610), (887, 10, 1453630), (887, 10, 1453794), (303, 11, 2293572)]"
9144 "[(2128, 4, 1535527), (3591, 11, 1548614), (4411, 3, 1581811), (68, 5, 2313101), (68, 5, 2319468), (68, 5, 2326083), (7540, 7, 2373789), (4137, 9, 2374771), (4137, 9, 2375650), (4137, 9, 2376291), (4137, 9, 2406982), (4137, 9, 2425917)]"
9145 "[(912, 9, 1567716), (68, 5, 1640434), (890, 10, 2142732)]"
8775 "[(5914, 13, 1592375)]"
8980 "[(5262, 3, 1612034)]"
3734 "[(8514, 15, 1628356)]"
9159 "[(45, 14, 1664736), (537, 15, 1674012), (890, 10, 1703825), (772, 5, 1829551)]"
8840 "[(252, 4, 1671575)]"
6011 "[(8617, 2, 1679763)]"
5289 "[(9155, 3, 1719421), (9155, 3, 1719708), (9155, 3, 1719924), (9155, 3, 1720328)]"
1593 "[(8401, 14, 1758236), (8401, 14, 1758343)]"
3026 "[(9166, 7, 1763103)]"
6316 "[(8944, 15, 1765482)]"
5356 "[(9135, 9, 1809699)]"
8783 "[(6523, 11, 1863742)]"
9180 "[(497, 4, 1885453)]"
6556 "[(9166, 7, 1894084), (9166, 7, 1894193), (9166, 7, 1894276), (9166, 7, 1894398), (9166, 7, 1894503), (9166, 7, 1894686)]"
9027 "[(935, 5, 1916905)]"
9183 "[(3320, 5, 1939824), (467, 13, 1972368), (68, 5, 2010571)]"
8987 "[(1359, 10, 1946811)]"
8757 "[(383, 10, 1959840), (2353, 5, 1975527), (2480, 4, 2393603), (2480, 4, 2411954), (2480, 4, 2412027), (635, 4, 2418558), (635, 4, 2463472)]"
8270 "[(68, 5, 1960141), (73, 10, 2356306), (68, 5, 2377326), (68, 5, 2489931)]"
6743 "[(9007, 4, 1961134)]"
9013 "[(467, 13, 1984081)]"
5155 "[(8318, 2, 2002309)]"
8862 "[(728, 11, 2016504), (728, 11, 2016588), (728, 11, 2016651)]"
8763 "[(1789, 11, 2018910), (1270, 11, 2196592)]"
6852 "[(8368, 1, 2051397), (8368, 1, 2051521)]"
656 "[(8885, 4, 2056919), (8885, 4, 2056977), (8885, 4, 2057012)]"
9137 "[(139, 9, 2060319), (890, 10, 2142605), (890, 10, 2142915)]"
3670 "[(8885, 4, 2080167), (8885, 4, 2080577)]"
9189 "[(1726, 14, 2138978), (68, 5, 2559421)]"
8895 "[(73, 10, 2186002), (7295, 5, 2206120), (7295, 5, 2210506), (7295, 5, 2210800), (7295, 5, 2211077), (68, 5, 2212293)]"
9157 "[(73, 10, 2186404), (73, 10, 2356352)]"
8378 "[(3909, 8, 2221312)]"
9131 "[(489, 1, 2242038), (489, 1, 2242060), (489, 1, 2242504)]"
8340 "[(68, 5, 2257021), (703, 1, 2327401)]"
9210 "[(1586, 10, 2276152), (1103, 2, 2279380)]"
8994 "[(484, 3, 2276969), (68, 5, 2558342), (484, 3, 2558865), (484, 3, 2559185), (484, 3, 2559275), (484, 3, 2559770), (484, 3, 2559811), (250, 4, 2612541), (250, 4, 2612899), (250, 4, 2612965), (250, 4, 2613282), (250, 4, 2613339), (250, 4, 2613554), (250, 4, 2614718), (250, 4, 2614864), (250, 4, 2614996), (250, 4, 2615414), (250, 4, 2615668), (250, 4, 2615748), (250, 4, 2616177), (250, 4, 2616423), (250, 4, 2616503), (250, 4, 2616583), (250, 4, 2616837), (484, 3, 2625639)]"
7523 "[(9102, 3, 2292833)]"
7531 "[(8401, 14, 2307033), (8401, 14, 2538935)]"
2786 "[(9168, 6, 2312654)]"
2461 "[(8456, 1, 2315260), (8456, 1, 2315648)]"
3180 "[(8348, 1, 2321179)]"
9121 "[(73, 10, 2336089)]"
8280 "[(68, 5, 2395863)]"
6753 "[(8347, 6, 2429112)]"
1225 "[(9084, 2, 2630149)]"
7416 "[(8683, 7, 2651880), (8683, 7, 2653316)]"
9220 "[(537, 15, 2668126)]"
