36 "[(8263, 5, 2382), (8588, 1, 209832), (8588, 1, 351658), (8588, 1, 359642), (8588, 1, 388711), (8263, 5, 692834), (8633, 5, 901786), (8402, 2, 1208462), (8778, 2, 1554724), (8778, 2, 1561245), (8778, 2, 1586792), (8778, 2, 1632529), (8778, 2, 1632704), (8778, 2, 1650491), (8778, 2, 1650714), (8778, 2, 1659530), (8778, 2, 1659606), (8778, 2, 1669611), (8778, 2, 1731483), (8778, 2, 1804949), (8778, 2, 1809018), (8778, 2, 1812081), (8778, 2, 1824996), (8778, 2, 1840232), (8778, 2, 1998984), (8778, 2, 2070274), (8778, 2, 2158636), (8778, 2, 2263735), (8778, 2, 2265523), (8665, 6, 2528707), (8665, 6, 2546850), (8665, 6, 2547015), (8665, 6, 2547045), (8778, 2, 2597603)]"
235 "[(8235, 12, 30675), (8282, 9, 286661), (8549, 12, 1109916), (8290, 6, 1620287), (8314, 6, 2434516)]"
8433 "[(73, 10, 37800), (385, 4, 55360), (68, 5, 55555), (68, 5, 117370), (233, 0, 283737), (68, 5, 295531), (1583, 0, 315381), (467, 13, 438413), (467, 13, 439349), (233, 0, 452780), (628, 15, 501202), (68, 5, 533119), (1929, 10, 547516), (1929, 10, 614964), (1176, 10, 658044), (233, 0, 805225), (233, 0, 807270), (954, 0, 1309157), (68, 5, 1355710), (2087, 14, 1625773), (233, 0, 1751755), (233, 0, 2097499), (2087, 14, 2285112), (749, 10, 2515658)]"
8267 "[(68, 5, 51259), (68, 5, 674550), (233, 0, 715615), (17, 11, 755056), (68, 5, 770751), (233, 0, 808925), (3764, 6, 870614), (3016, 0, 900015), (3016, 0, 901319), (3016, 0, 901578), (3016, 0, 901713), (3016, 0, 925732), (68, 5, 926989), (1828, 0, 963039), (68, 5, 964281), (1828, 0, 968893), (233, 0, 973708), (68, 5, 1003139), (3016, 0, 1072771), (3016, 0, 1072896), (3016, 0, 1083808), (3016, 0, 1184992), (1828, 0, 1242056), (1958, 12, 1292594), (1828, 0, 1295447), (1828, 0, 1307778), (68, 5, 1350984), (1828, 0, 1385317), (1828, 0, 1385436), (1828, 0, 1385482), (1828, 0, 1385531), (1828, 0, 1385644), (1828, 0, 1385764), (233, 0, 1416839), (233, 0, 1492233), (68, 5, 2232698), (233, 0, 2267882), (2087, 14, 2287613), (68, 5, 2511939), (233, 0, 2530695)]"
8256 "[(386, 6, 54878), (142, 6, 57759), (142, 6, 58014), (142, 6, 58086), (142, 6, 58135), (142, 6, 58162), (142, 6, 67401), (142, 6, 67987), (142, 6, 73070), (142, 6, 73123), (142, 6, 73297), (142, 6, 73319), (588, 12, 76877), (588, 12, 77254), (142, 6, 82237), (734, 5, 105130), (68, 5, 107459), (1188, 4, 199955), (1726, 14, 325298), (1795, 6, 334561), (142, 6, 337123), (1795, 6, 338496), (1795, 6, 339125), (1795, 6, 340370), (2769, 6, 582335), (1795, 6, 592535), (142, 6, 785786), (142, 6, 785862), (2769, 6, 1712947), (2769, 6, 1713021), (2769, 6, 1713787), (142, 6, 1713906), (2769, 6, 1879258), (2769, 6, 1879277), (2930, 9, 2318796), (608, 15, 2596705)]"
8468 "[(401, 14, 57016), (1057, 2, 165770), (401, 14, 196804), (233, 0, 368651), (2200, 0, 433639), (68, 5, 578617)]"
402 "[(8393, 0, 57284), (8417, 4, 229832), (8247, 6, 232293), (8232, 14, 233070), (8450, 13, 607270), (8264, 15, 608647), (8450, 13, 612275), (8441, 0, 689641), (8441, 0, 689716), (8441, 0, 690188), (8441, 0, 690433), (8470, 1, 742787), (8549, 12, 750662), (8518, 2, 754140), (8388, 8, 780514), (8749, 12, 785920), (9023, 2, 867196), (9023, 2, 871550), (9023, 2, 871580), (8363, 0, 875699), (8260, 7, 957177), (8473, 13, 1446329), (8586, 9, 1604055), (8586, 9, 1604428), (8586, 9, 1604508), (8586, 9, 1604589), (8778, 2, 1660313), (8778, 2, 1660375), (8778, 2, 1660641), (8609, 2, 1708164), (8609, 2, 1708272), (8778, 2, 1741078), (8778, 2, 1741306), (8778, 2, 1816657), (8609, 2, 1911708), (8609, 2, 1911745), (8609, 2, 1912040), (8778, 2, 2165696), (9023, 2, 2226972), (8461, 13, 2266275), (8295, 13, 2268086), (8295, 13, 2268210), (8295, 13, 2268326), (8295, 13, 2268437), (8592, 15, 2332950), (8510, 4, 2485563), (8510, 4, 2486329), (8778, 2, 2659045)]"
8411 "[(426, 7, 60270), (487, 2, 65417), (489, 1, 65693), (489, 1, 65719), (496, 12, 78878), (190, 13, 89763), (800, 12, 118419), (285, 11, 132632), (912, 9, 148365), (17, 11, 148451), (17, 11, 150750), (563, 6, 157316), (384, 7, 162157), (1070, 12, 167811), (1143, 13, 186110), (17, 11, 186170), (1007, 10, 186302), (190, 13, 199359), (1294, 15, 223645), (1007, 10, 234415), (1007, 10, 236425), (1379, 12, 241188), (17, 11, 250645), (190, 13, 250713), (1466, 14, 259672), (68, 5, 263314), (635, 4, 266375), (1519, 13, 270950), (1519, 13, 270973), (17, 11, 302573), (1674, 12, 313953), (17, 11, 316136), (1702, 12, 319504), (190, 13, 336446), (17, 11, 347927), (1610, 0, 381190), (17, 11, 386921), (1277, 1, 388982), (1277, 1, 389005), (635, 4, 448131), (496, 12, 450974), (1793, 13, 479801), (2654, 6, 553989), (1897, 6, 586231), (768, 12, 594355), (768, 12, 594371), (768, 12, 594672), (768, 12, 594794), (86, 12, 601267), (220, 12, 617136), (220, 12, 617208), (3004, 15, 633244), (3004, 15, 633318), (487, 2, 640966), (1294, 15, 694969), (2098, 8, 713107), (2098, 8, 713126), (635, 4, 782689), (635, 4, 782858), (2098, 8, 852921), (1897, 6, 857971), (1897, 6, 879575), (2055, 1, 895025), (2654, 6, 900556), (2654, 6, 932717), (635, 4, 962154), (1140, 8, 976254), (2198, 6, 1019404), (541, 11, 1023381), (1140, 8, 1023397), (541, 11, 1023578), (4269, 9, 1026261), (2526, 13, 1044521), (4499, 2, 1098402), (4541, 15, 1110544), (3004, 15, 1132406), (1897, 6, 1139237), (1897, 6, 1139289), (1493, 4, 1170439), (509, 2, 1173223), (2098, 8, 1178772), (4248, 5, 1181865), (3004, 15, 1233186), (63, 12, 1238824), (233, 0, 1239809), (63, 12, 1240414), (1702, 12, 1244071), (1046, 13, 1249019), (5039, 9, 1265724), (974, 1, 1275503), (285, 11, 1344124), (3532, 15, 1368002), (996, 1, 1381155), (1723, 7, 1422610), (1723, 7, 1422748), (1723, 7, 1423110), (867, 2, 1424047), (867, 2, 1424099), (912, 9, 1440611), (912, 9, 1440735), (1294, 15, 1444659), (635, 4, 1449431), (635, 4, 1449487), (2577, 9, 1462318), (912, 9, 1485956), (996, 1, 1491983), (996, 1, 1492033), (996, 1, 1492489), (1702, 12, 1517371), (635, 4, 1527508), (635, 4, 1539844), (867, 2, 1543769), (867, 2, 1543792), (4952, 12, 1548612), (1338, 7, 1555197), (43, 5, 1578630), (1811, 6, 1612146), (1811, 6, 1616845), (2146, 14, 1638145), (2146, 14, 1638322), (68, 5, 1666469), (487, 2, 1705721), (699, 12, 1751628), (4862, 2, 1803512), (3305, 12, 1841663), (1862, 2, 1855970), (67, 0, 1868142), (285, 11, 1885318), (285, 11, 1936600), (2839, 12, 2018888), (2839, 12, 2018914), (2839, 12, 2019129), (6920, 12, 2054894), (1404, 4, 2065260), (699, 12, 2093670), (699, 12, 2093709), (699, 12, 2093747), (6088, 15, 2116762), (1702, 12, 2128802), (487, 2, 2129048), (487, 2, 2129157), (1702, 12, 2130316), (1702, 12, 2130395), (601, 14, 2146849), (601, 14, 2146890), (601, 14, 2152594), (7127, 5, 2159906), (4085, 0, 2173181), (7283, 14, 2198909), (7127, 5, 2227101), (2577, 9, 2263044), (2577, 9, 2264052), (3968, 8, 2273758), (1404, 4, 2293221), (1404, 4, 2293259), (1404, 4, 2293286), (1280, 4, 2371566), (2098, 8, 2389402), (3497, 9, 2390089), (1404, 4, 2413539), (7796, 2, 2422072), (4085, 0, 2429943), (68, 5, 2434542), (3839, 8, 2449818), (5273, 2, 2461839), (2098, 8, 2477804), (1404, 4, 2512653), (4825, 12, 2529492), (2654, 6, 2564856), (1404, 4, 2570368), (2133, 12, 2625298), (2133, 12, 2625449), (835, 11, 2634545), (867, 2, 2635274), (1338, 7, 2642828), (1042, 2, 2661695), (55, 10, 2672808)]"
432 "[(8423, 7, 60619), (8423, 7, 60934)]"
331 "[(8423, 7, 60959), (8423, 7, 61356), (8423, 7, 61406), (8325, 13, 144067), (8325, 13, 144180), (8896, 7, 478900), (8325, 13, 480218), (8633, 5, 587006), (8325, 13, 849804), (8325, 13, 864122), (8936, 12, 928420), (8343, 9, 1017658), (8325, 13, 1106380), (8325, 13, 1111427), (9069, 2, 1177816), (9069, 2, 1177843), (8325, 13, 1196211), (8325, 13, 1713334), (8325, 13, 1851831), (8325, 13, 1970282), (8325, 13, 1979374), (8733, 2, 1984263), (8325, 13, 2149566), (8325, 13, 2314975), (8325, 13, 2469980)]"
8372 "[(426, 7, 61108), (835, 11, 126515), (487, 2, 127948), (487, 2, 127979), (487, 2, 128080), (318, 11, 152603), (384, 7, 163344), (1218, 14, 207504), (1218, 14, 235842), (1218, 14, 253069), (1646, 14, 307211), (285, 11, 330148), (823, 10, 357190), (40, 0, 506058), (26, 4, 775674), (4085, 0, 2186331), (1404, 4, 2293668), (1404, 4, 2293711), (233, 0, 2528957)]"
399 "[(8320, 4, 61327), (8320, 4, 62182), (8320, 4, 62336), (8320, 4, 62476), (8320, 4, 62534), (8320, 4, 62707), (8320, 4, 63494), (8320, 4, 63583), (8320, 4, 63610), (8320, 4, 63662)]"
448 "[(8477, 12, 62112), (8477, 12, 65623), (8477, 12, 146197), (8477, 12, 148499), (8477, 12, 234110), (8477, 12, 242879), (8477, 12, 407407), (8477, 12, 656365), (8477, 12, 757673), (8477, 12, 838906), (8477, 12, 1358375), (8477, 12, 1441573), (8477, 12, 2047271), (8477, 12, 2057155), (8477, 12, 2650377), (8477, 12, 2650757)]"
511 "[(8423, 7, 67917), (9168, 6, 2041199)]"
539 "[(8423, 7, 71389), (8896, 7, 482325), (8936, 12, 595682), (8936, 12, 598588), (8936, 12, 618485), (8936, 12, 703094), (8936, 12, 703110), (9054, 2, 1029241), (9069, 2, 1179056), (8402, 2, 1207100), (8402, 2, 1207115), (9069, 2, 1207446), (9069, 2, 1207508), (8402, 2, 1442561), (9117, 9, 1820224), (8402, 2, 1834876), (8402, 2, 2073854), (9080, 5, 2241804), (9080, 5, 2256555), (9080, 5, 2267036), (9080, 5, 2267225), (9080, 5, 2267299), (9080, 5, 2296745), (9224, 2, 2423796), (9080, 5, 2445224), (9224, 2, 2467650), (9224, 2, 2467681), (9080, 5, 2579609)]"
558 "[(8423, 7, 73198)]"
561 "[(8264, 15, 73401), (8264, 15, 201712), (8264, 15, 287087)]"
595 "[(8423, 7, 78125), (8423, 7, 78205), (8423, 7, 78266), (8423, 7, 78356), (8423, 7, 78379), (9069, 2, 1184432), (9069, 2, 1184667), (9069, 2, 1184736), (9069, 2, 1184813)]"
119 "[(8423, 7, 84921), (8936, 12, 593957), (8936, 12, 594008), (8936, 12, 594053), (8936, 12, 594093), (8936, 12, 594125), (8936, 12, 594152), (8936, 12, 594686), (8936, 12, 594712), (8936, 12, 594823), (8936, 12, 594880), (8936, 12, 594893), (8936, 12, 594912), (8936, 12, 594977), (8936, 12, 595008), (8936, 12, 623499), (8633, 5, 967064), (9069, 2, 1180739), (9069, 2, 1181306), (9069, 2, 1181776), (9069, 2, 1181975), (9069, 2, 1182387), (9069, 2, 1182488), (9069, 2, 1201980), (9069, 2, 1203305), (9069, 2, 1205565), (9069, 2, 1214743), (9069, 2, 1214828), (9069, 2, 1215166), (9069, 2, 1215228), (9054, 2, 1267209), (9054, 2, 1267319), (9054, 2, 1267348), (9054, 2, 1267380), (9054, 2, 1267820), (9054, 2, 1267878), (9054, 2, 1268209), (9054, 2, 1268375), (9054, 2, 1477868), (9054, 2, 1477949), (9096, 1, 1478663), (9096, 1, 1478735), (9096, 1, 1478759), (9096, 1, 1478866), (9096, 1, 1479481), (9096, 1, 1535856), (9096, 1, 1540467), (9167, 2, 1704738), (9167, 2, 1704755), (9054, 2, 1984382), (9054, 2, 1985853), (9080, 5, 2249366), (8668, 1, 2270109), (8668, 1, 2270206), (8668, 1, 2270233), (8668, 1, 2270526), (8668, 1, 2270554), (8668, 1, 2270614), (8668, 1, 2270782), (8668, 1, 2270876), (8668, 1, 2271158), (8668, 1, 2271420), (8668, 1, 2271638), (8668, 1, 2271749), (8668, 1, 2271799), (8668, 1, 2271848), (8668, 1, 2271931), (8668, 1, 2272101), (8668, 1, 2272150), (8668, 1, 2272267), (8668, 1, 2272312), (8668, 1, 2272374), (8668, 1, 2272421), (8668, 1, 2272485), (9080, 5, 2315249), (9080, 5, 2319192), (9080, 5, 2517442), (9080, 5, 2565105), (9080, 5, 2565368), (9080, 5, 2565457), (8668, 1, 2572448), (8668, 1, 2572608), (9080, 5, 2597413), (8668, 1, 2640960), (8668, 1, 2641006), (8668, 1, 2641065)]"
644 "[(8423, 7, 85730), (8896, 7, 481908), (8896, 7, 482787), (9054, 2, 1021005), (9054, 2, 1021027), (8402, 2, 1222571), (8402, 2, 1222657), (8402, 2, 1259116), (9069, 2, 1690210), (9069, 2, 1690636), (9069, 2, 1872901), (9080, 5, 2474647), (9080, 5, 2475242), (9080, 5, 2475339), (9080, 5, 2475376), (9080, 5, 2475573), (9224, 2, 2484167), (9224, 2, 2484953)]"
710 "[(8423, 7, 100159)]"
750 "[(8598, 5, 107343), (8477, 12, 271077), (8296, 13, 276605), (8605, 5, 520236), (9045, 2, 1054641), (9045, 2, 1699351), (9045, 2, 1699416), (8299, 2, 1826666), (9085, 9, 2348443), (9213, 14, 2425053)]"
831 "[(8622, 1, 125370), (8936, 12, 596517), (8402, 2, 1203059)]"
8543 "[(848, 6, 129237), (1173, 11, 677181), (73, 10, 887975)]"
319 "[(8261, 12, 130647), (8261, 12, 315730), (8261, 12, 388752), (8261, 12, 565209), (8261, 12, 667397), (8261, 12, 667414), (8261, 12, 669728), (8261, 12, 752566), (8261, 12, 752727), (8261, 12, 1014086), (8318, 2, 1315999), (8261, 12, 1548972), (8261, 12, 1707312), (8794, 14, 2305386), (8318, 2, 2308264), (8794, 14, 2395155), (8794, 14, 2397142), (9080, 5, 2517414), (8298, 4, 2563121)]"
853 "[(8588, 1, 130883), (9096, 1, 1487961), (9163, 1, 1692580), (9163, 1, 1694698), (9163, 1, 1694966), (9166, 7, 1835399), (8347, 6, 2037047), (9205, 5, 2175166), (8937, 6, 2543232)]"
897 "[(8247, 6, 141007), (8734, 5, 254662), (8734, 5, 293344), (8734, 5, 293938), (8734, 5, 294944), (8719, 5, 295343), (8791, 5, 296986), (8734, 5, 297167), (8791, 5, 322093), (8604, 14, 439459), (8734, 5, 568542), (8719, 5, 569259), (8624, 0, 2535032)]"
462 "[(8261, 12, 145212), (9166, 7, 1724019), (8937, 6, 2434284)]"
8579 "[(935, 5, 147016), (935, 5, 147038), (935, 5, 166077), (935, 5, 166083), (935, 5, 166093), (935, 5, 166631), (935, 5, 166664), (935, 5, 171644), (935, 5, 171669), (935, 5, 171727), (935, 5, 171777), (935, 5, 171797), (935, 5, 171812), (68, 5, 173024), (935, 5, 175505), (935, 5, 175519), (935, 5, 175533), (935, 5, 175548), (935, 5, 175563), (935, 5, 192720), (935, 5, 193261), (935, 5, 193295), (935, 5, 193525), (935, 5, 193565), (935, 5, 193595), (961, 8, 207620), (1359, 10, 238823), (1561, 13, 282075), (935, 5, 333674), (935, 5, 333712), (935, 5, 333722), (935, 5, 333843), (935, 5, 333858), (935, 5, 333925), (935, 5, 334013), (935, 5, 334025), (935, 5, 334158), (935, 5, 334184), (935, 5, 334196), (935, 5, 334210), (935, 5, 334352), (935, 5, 334491), (935, 5, 334566), (935, 5, 334577), (935, 5, 334592), (935, 5, 334625), (935, 5, 334681), (935, 5, 334700), (935, 5, 334726), (935, 5, 334825), (935, 5, 334851), (935, 5, 334924), (935, 5, 335073), (304, 2, 337141), (935, 5, 337377), (935, 5, 337413), (935, 5, 446799), (935, 5, 446910), (935, 5, 1128227), (68, 5, 1209997), (935, 5, 1213879), (935, 5, 1213918), (935, 5, 1213957), (935, 5, 1214357), (935, 5, 1214380), (935, 5, 1214408), (935, 5, 1214434), (935, 5, 1214620), (935, 5, 1214645), (935, 5, 1214670), (935, 5, 1214704), (233, 0, 1234391), (935, 5, 1386084), (935, 5, 1455665), (935, 5, 2155033)]"
365 "[(8670, 0, 147833), (8670, 0, 370229), (8670, 0, 370362), (8295, 13, 399107), (8670, 0, 834836), (8670, 0, 972524), (8645, 0, 1062641), (8670, 0, 1063979), (8670, 0, 1075335), (8670, 0, 1339503), (8387, 0, 1517374), (8670, 0, 1756042), (8962, 2, 1866875), (8962, 2, 1954828), (8962, 2, 2045735), (8962, 2, 2045836), (8962, 2, 2045940), (8962, 2, 2046077), (8962, 2, 2093648), (8962, 2, 2093734), (8645, 0, 2120300), (8645, 0, 2120327), (8645, 0, 2120384), (8962, 2, 2138470), (8962, 2, 2139172), (8962, 2, 2548031), (8962, 2, 2548146), (8962, 2, 2548234), (8962, 2, 2548366), (8962, 2, 2548412), (8962, 2, 2548593)]"
972 "[(8368, 1, 153383)]"
8390 "[(443, 0, 156613), (67, 0, 230961), (1405, 14, 245672), (1635, 12, 304124), (67, 0, 311396), (1890, 12, 354285), (1962, 13, 378709), (156, 14, 379692), (156, 14, 380532), (156, 14, 381511), (1890, 12, 382775), (1890, 12, 382883), (2454, 12, 504113), (443, 0, 592398), (443, 0, 592691), (443, 0, 602613), (17, 11, 624975), (3027, 14, 641143), (683, 15, 739919), (3496, 13, 776761), (2454, 12, 776938), (336, 9, 829694), (443, 0, 891337), (944, 13, 903526), (683, 15, 916829), (683, 15, 917079), (2079, 13, 929186), (443, 0, 972569), (4145, 2, 995267), (2079, 13, 1099355), (2079, 13, 1181549), (2079, 13, 1188846), (2079, 13, 1188962), (1635, 12, 1298438), (1635, 12, 1298470), (6049, 8, 1673576), (5017, 8, 1685699), (6214, 15, 1720943), (40, 0, 1754494), (2069, 13, 1806521), (335, 13, 2062676), (659, 14, 2092980), (4085, 0, 2285500), (2079, 13, 2346018), (2079, 13, 2394347), (1890, 12, 2416953), (944, 13, 2425511), (944, 13, 2425663), (156, 14, 2443276), (4941, 13, 2457908), (2441, 13, 2477389), (1094, 12, 2515573), (782, 0, 2553890)]"
83 "[(8596, 2, 166109), (8596, 2, 166232), (9140, 2, 1528351), (9093, 11, 1840544)]"
1216 "[(8733, 2, 207196)]"
8269 "[(608, 15, 210111), (1549, 1, 277839), (1549, 1, 466161), (3015, 0, 637417), (3015, 0, 637697), (3015, 0, 637721), (3015, 0, 637782), (611, 1, 860649), (1277, 1, 1065979), (1277, 1, 1066002), (5209, 4, 1333637), (5209, 4, 1613364), (45, 14, 2244165), (3471, 15, 2419816)]"
484 "[(8397, 4, 215570), (8397, 4, 219341), (8633, 5, 598019), (8633, 5, 598130), (8633, 5, 598169), (8633, 5, 598262), (8633, 5, 598472), (8727, 11, 947839), (8727, 11, 947860), (8733, 2, 948781), (8893, 8, 1001626), (8893, 8, 1112737), (9069, 2, 1173657), (9069, 2, 1262694), (8717, 8, 1286226), (8363, 0, 1503227), (9163, 1, 1689960), (8994, 0, 2276969), (9224, 2, 2450437), (9224, 2, 2450514), (9224, 2, 2450589), (9224, 2, 2451280), (9224, 2, 2451297), (9224, 2, 2451896), (9224, 2, 2451932), (9224, 2, 2452007), (9224, 2, 2452173), (9224, 2, 2452258), (9224, 2, 2452317), (9224, 2, 2466938), (9224, 2, 2467097), (9224, 2, 2467717), (9224, 2, 2467987), (9224, 2, 2472915), (9224, 2, 2475219), (8994, 0, 2558865), (8994, 0, 2559185), (8994, 0, 2559275), (8994, 0, 2559770), (8994, 0, 2559811), (8994, 0, 2625639)]"
8601 "[(1277, 1, 220598), (1277, 1, 220627), (1933, 0, 766651), (4020, 0, 949408), (532, 14, 1128565), (17, 11, 1235203), (3863, 4, 1330030)]"
8488 "[(1347, 6, 236071), (1036, 7, 1484232), (233, 0, 2014937), (993, 0, 2171614), (7344, 15, 2223218)]"
8367 "[(1344, 8, 237408), (40, 0, 289953), (1184, 15, 348512), (67, 0, 755850), (611, 1, 943466), (532, 14, 1018684), (1663, 11, 1181382), (22, 7, 1182221), (4085, 0, 1320959), (233, 0, 1494723), (1344, 8, 1563766), (4085, 0, 1594754), (4085, 0, 1825682), (233, 0, 2014870), (73, 10, 2163192), (7458, 10, 2307897), (4085, 0, 2583950)]"
8762 "[(1404, 4, 245632), (537, 15, 319296), (537, 15, 319358), (68, 5, 327024), (233, 0, 364825), (537, 15, 984506), (68, 5, 1992078), (68, 5, 2020585), (238, 11, 2025362), (238, 11, 2025761), (238, 11, 2025908), (68, 5, 2030521), (67, 0, 2045099), (233, 0, 2097036), (445, 2, 2224585), (40, 0, 2531795)]"
1417 "[(8260, 7, 247693), (8526, 7, 1046796)]"
8300 "[(1449, 11, 255741), (1173, 11, 285132), (608, 15, 1079757), (608, 15, 1079813), (2196, 7, 1224923), (608, 15, 1457586), (73, 10, 2335504)]"
1482 "[(8246, 13, 262189), (8246, 13, 262206)]"
1527 "[(8622, 1, 272870), (8622, 1, 273015), (9096, 1, 1411609)]"
8471 "[(355, 0, 282248), (2069, 13, 405119), (826, 0, 444404), (233, 0, 618930), (1274, 14, 622138), (1274, 14, 622192), (509, 2, 650277), (1347, 6, 709482), (898, 14, 718105), (291, 12, 734000), (497, 4, 758080), (17, 11, 760066), (2395, 14, 764475), (2395, 14, 764542), (156, 14, 789009), (233, 0, 810888), (782, 0, 891387), (3967, 8, 936114), (537, 15, 1090670), (3861, 2, 1365748), (3861, 2, 1366129), (233, 0, 1417696), (291, 12, 1504201), (40, 0, 1545090), (5880, 13, 1573240), (782, 0, 1573377), (291, 12, 1683981), (2114, 11, 1715507), (291, 12, 1784810), (291, 12, 1935717), (1046, 13, 2065554), (5397, 11, 2220031), (17, 11, 2220054), (2196, 7, 2220213), (2196, 7, 2220294), (2196, 7, 2220367), (233, 0, 2528895), (40, 0, 2533078), (1348, 0, 2622638)]"
1570 "[(8791, 5, 284084), (8791, 5, 284729), (8544, 11, 1532310), (9163, 1, 1705257), (9205, 5, 2154584)]"
429 "[(8318, 2, 297206), (8286, 12, 904484), (8286, 12, 904521), (8286, 12, 1244643), (8286, 12, 1246707), (8286, 12, 1262296), (8286, 12, 1673145), (8286, 12, 1871953), (8286, 12, 2279617), (8286, 12, 2545907), (8261, 12, 2637103)]"
8805 "[(537, 15, 317096), (537, 15, 317154), (537, 15, 321374), (233, 0, 367660), (537, 15, 379291), (799, 0, 679449), (1397, 8, 710091), (1397, 8, 710199), (233, 0, 718785), (67, 0, 756327), (233, 0, 887522), (4085, 0, 996069), (3317, 13, 1190057), (4085, 0, 1236666), (2128, 4, 1517471), (2128, 4, 2211782), (2128, 4, 2211817), (2128, 4, 2211872)]"
8838 "[(1844, 2, 342578), (5685, 8, 1490344), (2087, 14, 1701477), (187, 15, 2238302)]"
2035 "[(8295, 13, 396677), (8295, 13, 650397), (8295, 13, 651109), (8418, 8, 2287603), (8418, 8, 2287645)]"
870 "[(8755, 5, 401853), (8755, 5, 402848), (8789, 10, 408311), (8896, 7, 480456), (8896, 7, 480569), (8896, 7, 480677), (8526, 7, 679389), (8985, 8, 752510), (8985, 8, 866160), (9026, 10, 927420), (8450, 13, 1013038), (8450, 13, 1013320), (8450, 13, 1013734), (8343, 9, 1033103), (8343, 9, 1033261), (8438, 0, 1126041), (8438, 0, 1126191), (8438, 0, 1126464), (8438, 0, 1126578), (8985, 8, 1186135), (9053, 2, 1187732), (8314, 6, 1205299), (8314, 6, 1205440), (8314, 6, 1205611), (8314, 6, 1205799), (8723, 0, 1263787), (8526, 7, 1276608), (8990, 14, 1355280), (8990, 14, 1355496), (9092, 5, 1458108), (9092, 5, 1458586), (9092, 5, 1458940), (8474, 12, 1628219), (8474, 12, 1628367), (9092, 5, 1634008), (9092, 5, 1634282), (8985, 8, 1709475), (9177, 8, 1858028), (8535, 4, 1952144), (8535, 4, 1952439), (8790, 9, 2246670), (8790, 9, 2246743), (8989, 8, 2376451), (8989, 8, 2376616), (8989, 8, 2376702), (8312, 15, 2377003), (8312, 15, 2377270), (8734, 5, 2384286), (9224, 2, 2472473), (8985, 8, 2482965), (8985, 8, 2483049)]"
8842 "[(1267, 4, 434727), (1267, 4, 507701), (1267, 4, 508053), (1267, 4, 598917), (233, 0, 808784)]"
570 "[(8480, 4, 441958), (8260, 7, 803817), (8304, 12, 864060), (8526, 7, 873479), (8356, 5, 874547), (8526, 7, 1029958), (8526, 7, 1029994), (8526, 7, 1040977), (8526, 7, 1040996), (8261, 12, 1318044), (8480, 4, 1408866), (8480, 4, 1408972), (8526, 7, 1481630), (8480, 4, 1486453), (8480, 4, 1486482), (8526, 7, 1539212), (8526, 7, 1547053), (8480, 4, 1721888), (8253, 4, 1722079), (9117, 9, 1823127), (9117, 9, 1823142), (8292, 12, 1915696), (8480, 4, 1916321), (8480, 4, 1916347), (8526, 7, 1975595), (8526, 7, 2242719), (9224, 2, 2430112), (9224, 2, 2430600), (9224, 2, 2430745), (8261, 12, 2432724), (9224, 2, 2433063), (9224, 2, 2433081), (9224, 2, 2433119), (8526, 7, 2505163), (8261, 12, 2597351)]"
698 "[(8377, 13, 445987), (8377, 13, 446016)]"
8887 "[(384, 7, 447521), (68, 5, 460122), (68, 5, 475889), (318, 11, 492943), (867, 2, 493825), (68, 5, 502149), (1828, 0, 507624), (1740, 0, 510077), (985, 1, 523883), (600, 6, 524872), (695, 5, 525417), (68, 5, 526621), (2353, 5, 528278), (2353, 5, 528342), (492, 1, 529128), (142, 6, 530058), (142, 6, 530396), (142, 6, 530424), (142, 6, 530680), (142, 6, 530748), (142, 6, 530902), (142, 6, 531317), (142, 6, 531403), (142, 6, 531508), (142, 6, 531919), (142, 6, 532204), (142, 6, 532416), (985, 1, 532693), (985, 1, 532773), (985, 1, 532894), (985, 1, 533091), (142, 6, 533115), (142, 6, 533205), (985, 1, 533222), (142, 6, 533257), (142, 6, 533557), (142, 6, 533582), (142, 6, 533881), (142, 6, 533969), (142, 6, 534032), (142, 6, 534325), (142, 6, 534464), (142, 6, 534729), (142, 6, 534977), (142, 6, 542009), (142, 6, 546050), (318, 11, 553447), (2797, 1, 589011), (2797, 1, 590802), (2162, 0, 591680), (2162, 0, 591736), (142, 6, 593848), (318, 11, 596332), (2162, 0, 597282), (2855, 11, 597784), (2855, 11, 597922), (2855, 11, 598023), (384, 7, 599423), (68, 5, 600855), (142, 6, 601028), (1998, 13, 601836), (1998, 13, 601876), (2577, 9, 602339), (142, 6, 603326), (142, 6, 603352), (318, 11, 604412), (1828, 0, 608443), (2908, 7, 609507), (1610, 0, 618758), (1610, 0, 618850), (2965, 11, 621678), (2965, 11, 621896), (2965, 11, 621982), (3016, 0, 637646), (17, 11, 657375), (17, 11, 657593), (103, 11, 657729), (1828, 0, 657845), (103, 11, 658021), (2246, 8, 658398), (2246, 8, 658400), (350, 11, 658881), (1804, 5, 658912), (1804, 5, 659123), (1804, 5, 659226), (1804, 5, 659326), (1804, 5, 659452), (1804, 5, 659533), (2908, 7, 660386), (1828, 0, 661498), (68, 5, 662708), (68, 5, 663360), (2369, 9, 670249), (1026, 5, 671064), (1828, 0, 671095), (1270, 11, 675528), (1270, 11, 675637), (1549, 1, 678555), (68, 5, 679764), (2654, 6, 681742), (2162, 0, 683236), (2162, 0, 683343), (246, 11, 683658), (1036, 7, 685511), (1036, 7, 685601), (1036, 7, 688052), (68, 5, 692739), (2908, 7, 696894), (2908, 7, 696929), (142, 6, 698674), (3255, 15, 705610), (3259, 6, 706647), (1471, 0, 707607), (3265, 1, 709244), (3265, 1, 709408), (3273, 10, 711610), (3273, 10, 711717), (3273, 10, 712288), (3273, 10, 712319), (3273, 10, 712507), (233, 0, 717145), (68, 5, 729389), (2162, 0, 738335), (2855, 11, 745698), (1829, 1, 746062), (2162, 0, 755503), (2162, 0, 755857), (2162, 0, 756425), (2162, 0, 756490), (2162, 0, 764754), (2162, 0, 764851), (1036, 7, 775447), (2797, 1, 777416), (1026, 5, 798994), (233, 0, 809640), (1740, 0, 834776), (1740, 0, 834810), (1804, 5, 839105), (1804, 5, 840035), (284, 6, 840184), (1224, 1, 840616), (68, 5, 841459), (68, 5, 848974), (423, 11, 851053), (3708, 14, 852069), (318, 11, 852816), (318, 11, 852876), (318, 11, 852929), (318, 11, 852981), (318, 11, 853545), (318, 11, 870869), (318, 11, 871113), (68, 5, 907751), (318, 11, 907921), (318, 11, 908018), (142, 6, 909722), (2848, 1, 920097), (2848, 1, 920657), (2848, 1, 920804), (2848, 1, 921288), (2848, 1, 921387), (2848, 1, 921562), (2908, 7, 923156), (1828, 0, 923881), (1828, 0, 924311), (1828, 0, 924404), (17, 11, 945200), (4039, 7, 954744), (4074, 2, 969321), (552, 8, 986782), (2908, 7, 994769), (990, 1, 996681), (990, 1, 996791), (990, 1, 996951), (2940, 0, 1018669), (2908, 7, 1026301), (2908, 7, 1026338), (2908, 7, 1026440), (2908, 7, 1026649), (318, 11, 1043591), (318, 11, 1043611), (318, 11, 1043714), (4377, 2, 1052072), (4377, 2, 1052094), (4377, 2, 1052124), (233, 0, 1059369), (1804, 5, 1096424), (3495, 4, 1137490), (2878, 6, 1141712), (2878, 6, 1141819), (318, 11, 1200926), (318, 11, 1201059), (4085, 0, 1217756), (3503, 0, 1228185), (996, 1, 1313265), (996, 1, 1313315), (996, 1, 1313375), (996, 1, 1313423), (996, 1, 1313480), (68, 5, 1314687), (1036, 7, 1314968), (233, 0, 1316004), (5020, 7, 1421045), (142, 6, 1421511), (68, 5, 1430851), (318, 11, 1431983), (318, 11, 1432040), (318, 11, 1435189), (318, 11, 1435313), (285, 11, 1511690), (68, 5, 1540169), (233, 0, 1578298), (5869, 2, 1623220), (4252, 4, 1627789), (4252, 4, 1628000), (1519, 13, 1824836), (233, 0, 1838617), (954, 0, 1962412), (4599, 2, 1991011), (68, 5, 2089586), (4528, 2, 2171744), (318, 11, 2579156), (318, 11, 2579388), (318, 11, 2579484), (318, 11, 2579573), (68, 5, 2644316)]"
2335 "[(8896, 7, 483192), (8896, 7, 483297), (8734, 5, 2276255)]"
2357 "[(8896, 7, 486848)]"
8329 "[(2373, 6, 489281), (233, 0, 1751866)]"
2428 "[(8908, 7, 499111)]"
8909 "[(22, 7, 499625), (5279, 14, 1354399), (385, 4, 2155419), (68, 5, 2581557)]"
2436 "[(8896, 7, 500897), (8896, 7, 500946), (9069, 2, 1198241), (9084, 2, 2668160)]"
2447 "[(8896, 7, 502266), (8896, 7, 597945), (8633, 5, 910704), (8306, 5, 913976), (9054, 2, 1028679), (9069, 2, 1181161), (9069, 2, 1182197)]"
2564 "[(8562, 15, 527757), (8562, 15, 527779), (8562, 15, 1926422), (8562, 15, 2018480), (8562, 15, 2018916), (8562, 15, 2031656), (8562, 15, 2032995), (8562, 15, 2034738), (8562, 15, 2034851), (8562, 15, 2035603), (8562, 15, 2035675), (8562, 15, 2096447), (8562, 15, 2097857), (8562, 15, 2098170), (8562, 15, 2098362), (8574, 15, 2118167), (8574, 15, 2118465), (8574, 15, 2118980), (8574, 15, 2211427), (8574, 15, 2211482), (8574, 15, 2265867), (8574, 15, 2266367), (8574, 15, 2267853)]"
645 "[(8292, 12, 529619), (8264, 15, 1723316), (8264, 15, 1901416), (8304, 12, 2498014)]"
2468 "[(8435, 2, 559407), (8435, 2, 559428), (9163, 1, 1712016), (9163, 1, 1712071), (8347, 6, 2371292), (9084, 2, 2671980)]"
2708 "[(8373, 11, 572614), (8373, 11, 576575), (8351, 12, 595117), (8939, 0, 684580), (8297, 0, 729012), (8355, 8, 735957), (8401, 14, 743313), (8413, 14, 743853), (8243, 7, 771582), (8257, 12, 974504), (8719, 5, 1008291), (8252, 7, 1008966), (8339, 4, 1010580), (8602, 11, 1181185), (8350, 6, 1272535), (8397, 4, 1273978), (8350, 6, 1278853), (8466, 2, 1289606), (8676, 9, 1289623), (8350, 6, 1293709), (8686, 0, 1328279), (8952, 0, 1362274), (8952, 0, 1363152), (8952, 0, 1363279), (8801, 14, 1363307), (8377, 13, 1418742), (8377, 13, 1419228), (8265, 12, 1420010), (8257, 12, 1871515), (8588, 1, 1872657), (8741, 14, 2137706), (8718, 15, 2139370), (8506, 6, 2140282), (8491, 15, 2390768), (8491, 15, 2390843), (8993, 11, 2477217)]"
8930 "[(2242, 11, 576530), (1173, 11, 677505), (2051, 0, 2232447)]"
2774 "[(8936, 12, 583564)]"
479 "[(8610, 0, 590161), (8610, 0, 590310), (8610, 0, 590501)]"
2875 "[(8419, 8, 602681), (8777, 9, 960359)]"
2877 "[(8872, 5, 603032), (8872, 5, 603060)]"
1595 "[(8408, 5, 608935)]"
8851 "[(2893, 12, 611966), (2893, 12, 612111), (4001, 14, 1015767), (1058, 0, 2158358), (68, 5, 2653283)]"
2946 "[(8260, 7, 616069), (8260, 7, 616298), (8260, 7, 777843), (8260, 7, 778220), (8260, 7, 778293), (8260, 7, 778393), (8260, 7, 778479), (8260, 7, 779514), (8260, 7, 782033), (8590, 5, 1039539)]"
2968 "[(8241, 7, 621964)]"
8752 "[(1046, 13, 630076), (386, 6, 672943), (421, 7, 680996), (421, 7, 681033), (2654, 6, 735363), (482, 7, 768042), (482, 7, 768277), (482, 7, 768386), (482, 7, 768484), (482, 7, 768533), (482, 7, 768662), (482, 7, 768714), (482, 7, 768738), (482, 7, 768766), (482, 7, 768959), (482, 7, 769123), (482, 7, 769233), (2654, 6, 773232), (1754, 4, 917334), (806, 1, 1001072), (806, 1, 1001157), (806, 1, 1001191), (806, 1, 1001528), (233, 0, 1152347), (4697, 4, 1169786), (4697, 4, 1169823), (487, 2, 1809122), (487, 2, 1809388), (487, 2, 1809694)]"
3014 "[(8320, 4, 639477), (8320, 4, 639768), (8320, 4, 639786), (8320, 4, 639819), (9045, 2, 1348523)]"
675 "[(8633, 5, 647133), (9048, 13, 1000858), (9048, 13, 1001423)]"
2999 "[(8444, 0, 712998)]"
8904 "[(68, 5, 717445), (749, 10, 849069), (233, 0, 1662022), (40, 0, 1716467), (367, 1, 1756193)]"
8815 "[(233, 0, 717756), (2953, 4, 1189897), (4085, 0, 1306267), (367, 1, 1582677), (4861, 9, 1894217)]"
242 "[(8576, 8, 759999), (8576, 8, 854295), (8576, 8, 854425), (8576, 8, 904957), (8576, 8, 904986), (8576, 8, 1444898), (8576, 8, 1451957), (8576, 8, 1453922), (8576, 8, 1455012), (8576, 8, 1456786), (8576, 8, 1458211), (8576, 8, 1458260), (8576, 8, 1459025), (8576, 8, 1545887), (8576, 8, 1545921), (8576, 8, 1546016), (8576, 8, 1924305), (8349, 10, 2035094), (8576, 8, 2039215), (8576, 8, 2051587), (8349, 10, 2109114), (8349, 10, 2109350), (8576, 8, 2184333)]"
3518 "[(8722, 5, 783719), (8722, 5, 783759), (8293, 1, 1614342), (8293, 1, 1614384), (8415, 7, 2081467), (8415, 7, 2081511)]"
9004 "[(233, 0, 808242), (233, 0, 1748129), (233, 0, 1841214), (233, 0, 2528431), (1835, 15, 2546787)]"
8739 "[(233, 0, 810214)]"
2806 "[(8545, 1, 838765)]"
1856 "[(8950, 9, 906643), (8950, 9, 906807), (8339, 4, 923283), (8343, 9, 924717), (8785, 15, 1284449), (8260, 7, 1286162), (8591, 7, 1954860), (8260, 7, 1955235), (8791, 5, 2326930), (9084, 2, 2645626), (8676, 9, 2675882), (8676, 9, 2676915), (8676, 9, 2677022)]"
8513 "[(238, 11, 915711), (445, 2, 1008906)]"
3931 "[(8432, 2, 927658)]"
9038 "[(497, 4, 941269), (4085, 0, 1078316), (233, 0, 1748191)]"
4025 "[(8633, 5, 951228)]"
1339 "[(8253, 4, 965265)]"
3676 "[(8721, 12, 989404), (9021, 11, 2645437)]"
4109 "[(8589, 14, 994863), (8812, 7, 1007592), (8257, 12, 1079801), (8883, 5, 1251891), (8634, 5, 1252500)]"
9049 "[(3269, 14, 998853), (497, 4, 1035815), (3285, 0, 1043869), (1586, 10, 1067032), (233, 0, 1150719), (233, 0, 1415157), (233, 0, 1491312), (233, 0, 1837648), (233, 0, 2528006), (233, 0, 2528755)]"
4162 "[(8873, 2, 1000601), (8873, 2, 1000631)]"
347 "[(9045, 2, 1005288), (9045, 2, 1005325), (9045, 2, 1344062)]"
4225 "[(9054, 2, 1014151), (8402, 2, 1216356), (8402, 2, 1216604), (8733, 2, 1558433)]"
658 "[(9054, 2, 1016941), (9080, 5, 2253247)]"
3978 "[(8247, 6, 1028430)]"
1686 "[(8264, 15, 1084369), (8264, 15, 1084549), (8264, 15, 1084691), (8264, 15, 1105279), (8264, 15, 1105530), (8264, 15, 1164869), (8264, 15, 1381623), (8264, 15, 1381757), (8264, 15, 1695183)]"
3209 "[(8594, 6, 1098913)]"
2706 "[(9048, 13, 1108412)]"
4500 "[(8438, 0, 1116071), (8447, 12, 1116371)]"
3121 "[(8940, 5, 1132562), (8940, 5, 1132696)]"
9072 "[(2234, 4, 1139251), (2234, 4, 1139347), (2234, 4, 1139463), (2234, 4, 1139495), (492, 1, 1139982), (492, 1, 1140205), (492, 1, 1140294), (492, 1, 1140910), (2234, 4, 1141319), (2234, 4, 1141342), (492, 1, 1141477), (492, 1, 1141682), (2863, 11, 1141969), (492, 1, 1142124), (492, 1, 1142162), (492, 1, 1142344), (492, 1, 1142528), (480, 2, 1144480), (492, 1, 1145405), (450, 1, 1146981), (181, 12, 1148904), (181, 12, 1149048), (1343, 5, 1149849), (1367, 13, 1151551), (1367, 13, 1151896), (1367, 13, 1152192), (1367, 13, 1152339), (1367, 13, 1152531), (1367, 13, 1152872), (1367, 13, 1153169), (1367, 13, 1153305), (1367, 13, 1155435), (1367, 13, 1156767), (1367, 13, 1156807), (1367, 13, 1157264), (1367, 13, 1157285), (1367, 13, 1157755), (1367, 13, 1157774), (3855, 1, 1157878), (3855, 1, 1157896), (3899, 10, 1157936), (1367, 13, 1158335), (1235, 6, 1158978), (1284, 11, 1159400), (1284, 11, 1159424), (4665, 4, 1160413), (104, 12, 1160991), (104, 12, 1161008), (181, 12, 1161667), (4672, 6, 1162590), (859, 14, 1164089), (1284, 11, 1171608), (1284, 11, 1174881), (2012, 1, 1175262), (588, 12, 1175612), (181, 12, 1176770), (285, 11, 1178197), (4756, 1, 1179701), (754, 5, 1180774), (4334, 12, 1183464), (181, 12, 1184509), (181, 12, 1184556), (181, 12, 1184620), (935, 5, 1186860), (935, 5, 1186869), (935, 5, 1186912), (2134, 1, 1187747), (2134, 1, 1187797), (4278, 13, 1196548), (3360, 6, 1196632), (4278, 13, 1196772), (2559, 6, 1198090), (4278, 13, 1199151), (3694, 4, 1202219), (4859, 6, 1203573), (1680, 5, 1205269), (1680, 5, 1205632), (1680, 5, 1205741), (1680, 5, 1205913), (1680, 5, 1206306), (1680, 5, 1206792), (996, 1, 1209987), (996, 1, 1210132), (996, 1, 1210159), (996, 1, 1210189), (996, 1, 1210217), (996, 1, 1210360), (68, 5, 1212313), (2637, 0, 1213457), (4506, 15, 1213866), (2270, 4, 1237429), (2270, 4, 1237448), (4665, 4, 1238800), (2012, 1, 1261825), (2012, 1, 1262067), (4334, 12, 1270417), (4334, 12, 1271069), (4334, 12, 1285923), (1992, 0, 1297489), (1284, 11, 1337978), (826, 0, 1344310), (1276, 14, 1348615), (2012, 1, 1350396), (68, 5, 1363998), (2923, 0, 1370331), (68, 5, 1418682), (2134, 1, 1430170), (2797, 1, 1454963), (1069, 2, 1464399), (3495, 4, 1466620), (233, 0, 1491604), (2012, 1, 1522455), (768, 12, 1527167), (233, 0, 1750747), (51, 7, 1838344), (744, 1, 2664779)]"
1385 "[(8806, 9, 1140645)]"
3992 "[(9069, 2, 1183637), (9069, 2, 1183772), (9080, 5, 2230169)]"
4866 "[(8402, 2, 1203271), (8586, 9, 1566232)]"
493 "[(8402, 2, 1203850)]"
2342 "[(8964, 13, 1204961)]"
4879 "[(8370, 6, 1206195), (8370, 6, 1211811), (8370, 6, 1212386)]"
3849 "[(8402, 2, 1212330), (9185, 5, 1920787)]"
4946 "[(8237, 6, 1228888), (8237, 6, 1229483), (8237, 6, 1229539), (8237, 6, 1229617), (8237, 6, 1230190), (8237, 6, 1230954)]"
2990 "[(8402, 2, 1230840)]"
3210 "[(8314, 6, 1256194), (8314, 6, 1257216), (8314, 6, 1260724), (8260, 7, 1367020)]"
8715 "[(68, 5, 1290538), (3407, 6, 1967758), (3407, 6, 1992437), (3407, 6, 2117658), (3407, 6, 2136253), (3407, 6, 2147127), (3407, 6, 2150704)]"
534 "[(9096, 1, 1292437), (9096, 1, 1293434), (9096, 1, 1295700), (9096, 1, 1296421), (9096, 1, 1371600)]"
4635 "[(8556, 11, 1308479), (9096, 1, 1321202), (8245, 4, 1928677), (8245, 4, 1928938), (8245, 4, 1929902), (8245, 4, 2022005), (8245, 4, 2168736), (8245, 4, 2206716), (8245, 4, 2245428), (8245, 4, 2330661), (8245, 4, 2331181), (8245, 4, 2419253), (8245, 4, 2508060), (8245, 4, 2593944)]"
5184 "[(8674, 2, 1312396)]"
5206 "[(9096, 1, 1323021), (9096, 1, 1323065), (9096, 1, 1323115), (9096, 1, 1323163), (8295, 13, 1582612), (8295, 13, 1582899), (8644, 12, 1584124)]"
9102 "[(5209, 4, 1325574), (5045, 1, 1331667), (5209, 4, 1332786), (2138, 4, 1342297), (2138, 4, 1342333), (233, 0, 1409962), (885, 1, 1420090), (912, 9, 1486656), (2606, 9, 1835368), (2606, 9, 1835474), (4665, 4, 1872501), (7523, 0, 2292833)]"
2907 "[(8989, 8, 1390282)]"
9106 "[(233, 0, 1417053), (116, 8, 1561394), (116, 8, 1568240), (116, 8, 1568916), (116, 8, 1569422), (116, 8, 1569962), (233, 0, 2015143), (40, 0, 2019351)]"
1966 "[(8264, 15, 1477213)]"
3109 "[(8368, 1, 1497909)]"
3067 "[(8588, 1, 1517241), (8588, 1, 1517266)]"
1124 "[(9140, 2, 1535951), (8826, 2, 2154908), (8826, 2, 2155393)]"
9071 "[(4952, 12, 1548202), (1511, 15, 1548315), (1835, 15, 1548372), (1835, 15, 1548453), (1835, 15, 1548497), (1835, 15, 1548621), (476, 13, 1548900), (437, 2, 1549082), (17, 11, 1549220), (4752, 11, 1549296), (17, 11, 1549349), (437, 2, 1549830), (437, 2, 1549954), (1511, 15, 1550904), (4964, 9, 1550953), (867, 2, 1551050), (1729, 4, 1551164), (1314, 5, 1551444), (1046, 13, 1553458), (248, 7, 1554255), (3183, 15, 1554915), (1511, 15, 1556049), (2365, 2, 1556078), (17, 11, 1556188), (5836, 9, 1556475), (1511, 15, 1556633), (2246, 8, 1556851), (2246, 8, 1556943), (2246, 8, 1556945), (3752, 6, 1559053), (68, 5, 1560256), (2143, 2, 1561290), (4845, 2, 1562012), (4845, 2, 1562238), (4845, 2, 1562422), (1224, 1, 1562892), (4845, 2, 1563205), (5854, 6, 1565524), (5864, 2, 1566913), (4085, 0, 1566998), (761, 2, 1570163), (554, 13, 1573683), (4845, 2, 1575690), (4845, 2, 1575954), (4845, 2, 1576386), (4845, 2, 1578240), (4845, 2, 1578348), (2958, 12, 1579139), (3114, 13, 1589631), (1951, 15, 1594736), (3114, 13, 1595179), (3114, 13, 1595810), (3114, 13, 1596023), (3114, 13, 1596068), (5926, 2, 1600057), (482, 7, 1610818), (482, 7, 1611062), (437, 2, 1613003), (437, 2, 1617589), (3114, 13, 1619503), (3114, 13, 1622316), (163, 15, 1632451), (4845, 2, 1635703), (2365, 2, 1650829), (5772, 4, 1667439), (4845, 2, 1670049), (4697, 4, 1686749), (4697, 4, 1687018), (4697, 4, 1687065), (3748, 4, 1703893), (163, 15, 1744503), (477, 12, 1829949), (2257, 4, 2001701), (2257, 4, 2002289), (2257, 4, 2002634), (3114, 13, 2027623), (5622, 11, 2162495), (437, 2, 2178887), (4266, 11, 2228702), (5846, 9, 2250568), (1137, 11, 2288723), (68, 5, 2289978), (1277, 1, 2395192), (1277, 1, 2395211), (437, 2, 2395676), (437, 2, 2395708), (437, 2, 2395892), (437, 2, 2397473), (437, 2, 2397557), (437, 2, 2397727), (875, 5, 2599633)]"
8724 "[(233, 0, 1576304), (1270, 11, 1822392)]"
4411 "[(9144, 0, 1581811)]"
5262 "[(8980, 0, 1612034), (8603, 4, 1832603), (8603, 4, 1832688)]"
3029 "[(9096, 1, 1627005)]"
5620 "[(8264, 15, 1629030)]"
9155 "[(3591, 11, 1631166), (1404, 4, 1641356), (635, 4, 1648657), (233, 0, 1666010), (3591, 11, 1704964), (5289, 0, 1719421), (5289, 0, 1719708), (5289, 0, 1719924), (5289, 0, 1720328), (4230, 13, 1884307), (3591, 11, 1903774), (1586, 10, 1920127), (749, 10, 1921966)]"
9063 "[(6007, 2, 1631562), (1586, 10, 1845345), (1586, 10, 1845365), (1586, 10, 1930917), (1586, 10, 1930927), (954, 0, 1978494), (4578, 14, 2222713), (2242, 11, 2321805)]"
5321 "[(8988, 11, 1633611), (8277, 8, 1714804)]"
3037 "[(9151, 7, 1639073)]"
2231 "[(9163, 1, 1662214), (9163, 1, 1662237), (9166, 7, 1733577), (8558, 7, 1733628)]"
1684 "[(8686, 0, 1703008), (8686, 0, 1891024)]"
3440 "[(9055, 11, 1790635)]"
1114 "[(8290, 6, 1799299)]"
5935 "[(8402, 2, 1801926)]"
3099 "[(8519, 13, 1815851), (8519, 13, 1815918)]"
5188 "[(8603, 4, 1821867), (8603, 4, 1821912)]"
2621 "[(9045, 2, 1879798)]"
292 "[(8686, 0, 1883755)]"
1220 "[(9185, 5, 1905802), (9185, 5, 1905974), (9185, 5, 1906042), (9185, 5, 1908136), (9185, 5, 1908341), (9185, 5, 1908378), (9185, 5, 1908468), (9185, 5, 1908485), (9185, 5, 1908570), (9185, 5, 1969568), (9185, 5, 1971431), (9185, 5, 1971619), (9185, 5, 1971822), (9185, 5, 1971943), (9185, 5, 1973529), (9185, 5, 2004925), (9185, 5, 2005156), (9185, 5, 2069437), (9185, 5, 2069524), (9185, 5, 2071869), (9185, 5, 2075473), (9185, 5, 2090192), (9185, 5, 2090218), (9185, 5, 2233093), (9185, 5, 2233190), (9185, 5, 2249020), (9185, 5, 2251501), (8734, 5, 2262959), (9185, 5, 2329486), (9185, 5, 2329524), (9185, 5, 2343977), (9185, 5, 2344529), (9185, 5, 2345118), (9185, 5, 2356171), (9185, 5, 2356324), (9185, 5, 2356407), (9185, 5, 2432577), (9185, 5, 2448145), (9185, 5, 2448374), (9185, 5, 2448514), (9054, 2, 2630016), (9054, 2, 2630063)]"
6696 "[(8545, 1, 1940570), (8545, 1, 1940763), (8545, 1, 1941005), (8545, 1, 1941449)]"
3649 "[(8849, 13, 1953177), (8849, 13, 1953222), (8849, 13, 1953783), (8849, 13, 1953970), (8849, 13, 1954024), (8849, 13, 1954242), (8849, 13, 1957136), (8849, 13, 2563245), (8849, 13, 2563352), (8849, 13, 2565651), (8849, 13, 2653134), (8849, 13, 2653315), (8849, 13, 2654083)]"
6758 "[(8896, 7, 1966609)]"
81 "[(9168, 6, 1976233), (9168, 6, 1980657), (9168, 6, 2002105), (9168, 6, 2002301), (9168, 6, 2061641)]"
9181 "[(2923, 0, 1986923), (68, 5, 1989364), (4112, 11, 2008264), (537, 15, 2065951)]"
4579 "[(8260, 7, 2004343)]"
3173 "[(8250, 5, 2059955)]"
4910 "[(8937, 6, 2092473), (9205, 5, 2161165), (9205, 5, 2161287), (9205, 5, 2161452), (9205, 5, 2161678)]"
2091 "[(9166, 7, 2105808)]"
9202 "[(3591, 11, 2113772), (2038, 5, 2119236), (1404, 4, 2121051), (2738, 10, 2123188), (2738, 10, 2123199), (2738, 10, 2123210), (2738, 10, 2123311), (2738, 10, 2123494), (4793, 2, 2125579), (4248, 5, 2126335), (268, 2, 2131501), (268, 2, 2131802), (268, 2, 2132434), (268, 2, 2132478), (268, 2, 2132570), (268, 2, 2132754), (68, 5, 2133509), (268, 2, 2137260), (5552, 7, 2144016), (5552, 7, 2144093), (43, 5, 2153760), (43, 5, 2153848), (5735, 1, 2171724), (5735, 1, 2172023), (233, 0, 2185550), (268, 2, 2213730), (233, 0, 2267858), (761, 2, 2474272), (1862, 2, 2490573), (1862, 2, 2490851), (1862, 2, 2490967)]"
9201 "[(1647, 0, 2114223)]"
3065 "[(8452, 5, 2130354)]"
5879 "[(8423, 7, 2155998)]"
7176 "[(8706, 11, 2166413), (8706, 11, 2655633)]"
7251 "[(8937, 6, 2179588)]"
4921 "[(8644, 12, 2206778)]"
540 "[(8823, 13, 2214192)]"
6513 "[(8645, 0, 2214843), (8645, 0, 2214987), (8645, 0, 2215049)]"
1961 "[(9080, 5, 2229411)]"
2115 "[(9080, 5, 2229706), (9080, 5, 2229784), (9080, 5, 2229933), (9080, 5, 2229957), (9080, 5, 2229978), (8261, 12, 2230269)]"
584 "[(9080, 5, 2230040), (9080, 5, 2230076), (9080, 5, 2394083)]"
817 "[(9080, 5, 2236033)]"
3841 "[(8264, 15, 2270014)]"
1089 "[(8347, 6, 2332776), (8937, 6, 2332891)]"
6369 "[(8618, 9, 2333573)]"
9218 "[(1786, 10, 2334451), (68, 5, 2515340)]"
7239 "[(9205, 5, 2368647)]"
2981 "[(8734, 5, 2395957)]"
1341 "[(8463, 15, 2398925)]"
3974 "[(8766, 2, 2413850), (8766, 2, 2495158), (8766, 2, 2498476)]"
6376 "[(8740, 7, 2424372), (8740, 7, 2424488)]"
965 "[(8771, 1, 2565923)]"
4410 "[(8347, 6, 2601867)]"
2541 "[(9084, 2, 2624951)]"
5578 "[(8936, 12, 2626122)]"
8709 "[(480, 2, 2644373)]"
4361 "[(9084, 2, 2657152), (9084, 2, 2657209)]"
4380 "[(8593, 7, 2666494)]"
