1 7058 7319
1 7058 7846
1685 7058 534585
1685 7058 534616
1287 7058 676151
817 7058 677502
4003 7058 677814
798 7058 679615
798 7058 679998
1536 7058 680287
3989 7058 680532
76 7058 681713
76 7058 682020
1574 7058 682505
1574 7058 682581
4010 7058 682659
215 7058 682666
1690 7058 682726
3595 7058 682934
3624 7058 683008
198 7058 683293
2780 7058 683316
1712 7058 684041
2676 7058 684169
4045 7058 684569
26 7058 684866
3802 7058 685142
162 7058 685616
3984 7058 685817
23 7058 686007
2728 7058 686363
2728 7058 686372
1056 7058 686618
3349 7058 687286
693 7058 687483
769 7058 687543
198 7058 687907
198 7058 688290
1623 7058 688895
1623 7058 688898
4068 7058 689210
2689 7058 689304
3999 7058 690482
2676 7058 691003
444 7058 691119
2041 7058 691837
1717 7058 691982
3731 7058 692068
2041 7058 692212
2313 7058 692408
488 7058 693459
3333 7058 693469
75 7058 693523
4076 7058 693974
3999 7058 693975
1517 7058 694715
3896 7058 694914
3258 7058 695148
2862 7058 695447
540 7058 695513
2862 7058 695546
190 7058 695548
2862 7058 695838
190 7058 695995
2210 7058 696006
1273 7058 696082
1273 7058 696112
4089 7058 696673
2364 7058 697414
243 7058 697624
3322 7058 697902
639 7058 698209
250 7058 698790
1911 7058 699120
1717 7058 699377
1251 7058 699976
4101 7058 700002
4107 7058 700392
2260 7058 700576
3871 7058 700718
250 7058 700974
800 7058 701621
2902 7058 702442
4074 7058 702575
956 7058 703042
1685 7058 703766
1685 7058 703787
1188 7058 703896
1685 7058 704233
0 7058 953688
1623 7058 1113228
5904 7115 1398508
5904 7117 1398984
5904 7118 1398984
5904 7117 1399764
5904 7119 1399769
5904 7120 1399770
5904 7121 1401746
5904 7122 1556670
1028 7122 1560601
5904 7122 1572857
5904 7117 1572863
5904 7117 1573139
5904 7120 1573139
5904 7119 1573319
5904 7120 1573320
5904 7123 1574058
5904 7121 1574059
5904 7124 1574826
6258 7058 1970630
6258 7058 1970633
3043 7058 1971535
5498 7058 1972177
129 7058 1978337
129 7058 1978388
3370 7058 1979004
2393 7058 1979262
2393 7058 1979263
3370 7058 1979544
4474 7058 1979894
4474 7058 1979984
4474 7058 1980217
6513 7058 1981096
5915 7058 1981533
2815 7058 1983265
6555 7058 1983670
6555 7058 1984014
3162 7058 1984502
2822 7058 1985133
2708 7058 1986020
2472 7058 1986075
5314 7058 1986367
880 7058 1986464
4148 7058 1986621
880 7058 1986893
487 7058 1990219
2416 7058 1992023
6166 7058 1992651
6166 7058 1992679
6166 7058 1992717
6441 7058 1993312
473 7058 1993638
532 7058 1993785
224 7058 1994294
639 7058 1994500
6501 7058 1995566
532 7058 1995624
532 7058 1995953
6501 7058 1995983
6539 7058 1996234
2471 7058 1997722
1376 7058 1997857
6533 7058 1999226
2481 7058 1999920
1917 7058 2000927
1917 7058 2000956
3187 7058 2001080
3198 7058 2002963
2048 7058 2003623
4695 7058 2003741
277 7058 2008286
1719 7058 2008596
5378 7058 2009202
5703 7058 2010166
5703 7058 2010317
6272 7058 2010417
6600 7058 2010828
6610 7058 2010881
2495 7058 2012089
1839 7058 2012167
4020 7058 2012229
2205 7058 2012245
5068 7058 2012355
4568 7058 2012782
3428 7058 2012911
1907 7058 2013611
1907 7058 2013618
1048 7058 2013859
6245 7058 2013939
1744 7058 2014366
6166 7058 2014561
5378 7058 2014662
1644 7058 2015536
635 7058 2015674
3628 7058 2015961
992 7058 2017016
1214 7058 2018299
2315 7058 2018647
2315 7058 2019322
1870 7058 2019948
6601 7058 2020052
5939 7058 2021243
3723 7058 2021327
5939 7058 2021339
6385 7058 2021354
3723 7058 2021460
1795 7058 2021695
1795 7058 2021749
1070 7058 2023069
3904 7058 2023564
3734 7058 2026916
4620 7058 2029393
5804 7058 2034086
6196 7058 2057258
3253 7058 2059768
4204 7058 2061001
2928 7058 2061628
1719 7058 2061964
2155 7058 2062326
5770 7058 2062978
6019 7058 2064515
6605 7058 2064645
6606 7058 2064740
6019 7058 2065179
678 7058 2065539
6649 7058 2066895
4541 7058 2070126
2449 7058 2070345
1719 7058 2070635
6387 7058 2070732
5712 7058 2073427
5896 7058 2073538
211 7058 2074535
4692 7058 2077475
6653 7058 2077662
6644 7058 2077853
4692 7058 2077919
3099 7058 2078147
5954 7058 2078395
2573 7058 2078782
2693 7058 2078928
1202 7058 2079614
6445 7058 2079704
1202 7058 2079719
3302 7058 2080107
5217 7058 2080913
5217 7058 2081017
1603 7058 2081834
2531 7058 2083389
2531 7058 2083416
6034 7058 2083643
1070 7058 2084616
902 7058 2087656
5403 7058 2087813
6669 7058 2087954
4764 7058 2089481
4944 7058 2091047
4944 7058 2091212
6506 7058 2092335
5902 7058 2094748
5902 7058 2095020
6487 7058 2096669
3032 7058 2096907
5504 7058 2097021
3075 7058 2099145
3075 7058 2099150
5103 7058 2099585
3128 7058 2100201
5707 7058 2100568
5707 7058 2100830
6581 7058 2101904
5512 7058 2102192
971 7058 2102250
2498 7058 2102752
6615 7058 2102800
6615 7058 2102834
2839 7058 2102889
811 7058 2104805
811 7058 2105115
2207 7058 2105524
1714 7058 2105592
1714 7058 2105625
1644 7058 2106276
2839 7058 2106408
2024 7058 2106458
1644 7058 2107124
5804 7058 2108414
