0 7047 0
0 7047 1000
1 7047 7299
1685 7047 703929
449 7047 1335127
2693 7047 1340121
449 7047 1346536
2226 7047 1359006
1728 7047 1361993
1728 7047 1362005
2279 7047 1365700
2279 7047 1366823
5846 7047 1369944
1334 7047 1370720
5855 7047 1371623
2708 7047 1371852
1514 7047 1371972
5849 7047 1372205
5799 7047 1372664
4573 7047 1372991
5852 7047 1373130
5860 7047 1373154
4573 7047 1373369
4588 7047 1373826
5795 7047 1373909
5869 7047 1375556
5860 7047 1382135
5819 7047 1382864
3795 7047 1384661
5068 7047 1384818
5068 7047 1384841
4743 7047 1387986
4743 7047 1388012
714 7047 1389230
714 7047 1389248
5881 7047 1389746
5796 7047 1390523
4238 7047 1392168
2579 7047 1392234
1640 7047 1392500
2760 7047 1393600
2760 7047 1393682
1269 7047 1393966
2760 7047 1394003
5459 7047 1394393
1100 7047 1397540
1100 7047 1397878
5878 7047 1398002
5830 7047 1398421
4921 7047 1400232
1387 7047 1400971
5811 7047 1400987
5811 7047 1401008
5882 7047 1402589
4743 7047 1402832
3564 7047 1403430
5154 7047 1405538
4481 7047 1406248
4225 7047 1406256
1365 7047 1407070
5919 7047 1407388
5919 7047 1407462
5919 7047 1407625
5919 7047 1407638
5807 7047 1407813
4585 7047 1408072
657 7047 1408236
5819 7047 1408347
3115 7047 1408432
4789 7047 1409544
4667 7047 1409703
3890 7047 1409930
3942 7047 1410185
4133 7047 1410557
4833 7047 1411419
5913 7047 1411449
5916 7047 1411553
5916 7047 1411573
3942 7047 1411690
3942 7047 1412340
5418 7047 1414082
5826 7047 1415128
5893 7047 1415789
3653 7047 1416071
2625 7047 1416570
2625 7047 1416625
5525 7047 1416750
2625 7047 1416881
2625 7047 1416944
2625 7047 1417142
2625 7047 1417317
2625 7047 1417448
5698 7047 1417973
4302 7047 1420483
3764 7047 1421360
2635 7047 1425592
3957 7047 1438649
5952 7047 1440302
5144 7047 1449345
5955 7047 1453479
5786 7047 1454191
5912 7047 1455473
472 7047 1457440
4744 7047 1458583
1818 7047 1459808
5971 7047 1460269
3617 7047 1461377
5776 7047 1464289
5911 7047 1470185
5197 7047 1471401
3361 7047 1474006
5815 7047 1474276
5197 7047 1474661
5981 7047 1475223
5993 7047 1475841
2249 7047 1476517
4686 7047 1477842
5999 7047 1479485
5571 7047 1479773
4844 7047 1480206
6001 7047 1480366
6001 7047 1480616
1311 7047 1480982
6004 7047 1482086
1414 7047 1482801
3563 7047 1483643
3563 7047 1484464
2600 7047 1486145
3117 7047 1486383
6028 7047 1491186
6018 7047 1491225
6018 7047 1491241
6027 7047 1491939
6018 7047 1491942
831 7047 1493048
4250 7047 1493822
122 7047 1494592
1963 7047 1495461
1963 7047 1495737
3540 7047 1496099
5966 7047 1496105
5966 7047 1496704
5965 7047 1498307
6044 7047 1498585
6044 7047 1498819
6052 7047 1498868
691 7047 1498909
1032 7047 1499315
1871 7047 1499605
1032 7047 1500593
1032 7047 1500626
3284 7047 1501357
6064 7047 1501656
2663 7047 1501659
5988 7047 1501862
3964 7047 1502131
5394 7047 1503073
6037 7047 1503402
6050 7047 1504269
6050 7047 1504877
6050 7047 1505558
5594 7047 1505890
6050 7047 1506299
53 7047 1506431
5295 7047 1524240
256 7047 1539438
1655 7047 1540555
4979 7047 1540893
2765 7047 1542495
4944 7047 1542687
6044 7047 1547462
4025 7047 1549340
6103 7047 1551882
3226 7047 1551895
541 7047 1552154
5577 7047 1553920
5997 7047 1556440
5997 7047 1556576
5978 7047 1558029
6115 7047 1558179
6120 7047 1559478
5758 7047 1559625
1698 7047 1562808
1626 7047 1564607
373 7047 1565129
3807 7047 1565563
6115 7047 1565962
6115 7047 1565997
6115 7047 1566162
6114 7047 1567437
5944 7047 1570718
1081 7047 1570902
5459 7047 1572553
6027 7047 1575059
4415 7047 1578459
3289 7047 1581312
4907 7047 1584623
5591 7047 1584912
5638 7047 1585002
1834 7047 1585331
2408 7047 1585917
6155 7047 1585917
2638 7047 1585948
6155 7047 1586011
6046 7047 1586544
6046 7047 1586638
2638 7047 1586717
6149 7047 1586834
1834 7047 1589787
5939 7047 1590287
5559 7047 1591131
4881 7047 1596806
3990 7047 1622599
5595 7047 1624882
6174 7047 1626639
5954 7047 1626773
4118 7047 1628922
6180 7047 1634332
6180 7047 1634547
931 7047 1636594
3280 7047 1637489
6012 7047 1639423
6103 7047 1639741
4881 7047 1641612
6199 7047 1641630
5249 7047 1641801
430 7047 1643083
4755 7047 1643304
4599 7047 1643529
2263 7047 1644530
6203 7047 1645047
6103 7047 1646706
738 7047 1647627
738 7047 1647651
6230 7047 1651618
6219 7047 1652913
6236 7047 1653677
4941 7047 1654298
6230 7047 1655868
5943 7047 1658100
3242 7047 1660096
6245 7047 1661316
6247 7047 1662040
6247 7047 1662228
6254 7047 1663354
1808 7047 1663514
3660 7047 1663680
5565 7047 1665003
5193 7047 1665053
1808 7047 1666106
6147 7047 1668197
6147 7047 1668330
6249 7047 1668533
1903 7047 1668900
6089 7047 1668942
5543 7047 1669638
3660 7047 1669844
6269 7047 1669887
1164 7047 1670186
5602 7047 1672172
6244 7047 1672953
6278 7047 1673531
6286 7047 1674783
2935 7047 1675060
1227 7047 1675095
6222 7047 1675452
6065 7047 1675883
1685 7047 1679317
6301 7047 1685545
6301 7047 1685652
6301 7047 1685700
6301 7047 1686263
6301 7047 1686265
6301 7047 1686269
3556 7047 1697692
4099 7047 1713679
3662 7047 1713812
6306 7047 1714535
6306 7047 1714560
6220 7047 1717290
422 7047 1720122
6113 7047 1721496
3395 7047 1723614
6329 7047 1724680
6331 7047 1725406
6221 7047 1725800
6332 7047 1727164
1596 7047 1727853
6313 7047 1728135
271 7047 1732218
271 7047 1732239
6343 7047 1733460
6335 7047 1736617
6046 7047 1738757
6314 7047 1740740
3648 7047 1740945
3408 7047 1743771
5031 7047 1746663
6140 7047 1752566
6140 7047 1752642
4226 7047 1753841
4226 7047 1753858
6375 7047 1756786
5955 7047 1756817
3612 7047 1759098
5569 7047 1759460
6365 7047 1761944
6384 7047 1762808
2332 7047 1762855
6200 7047 1763765
3547 7047 1763843
2098 7047 1764453
6391 7047 1777712
4317 7047 1780533
3140 7047 1793598
6395 7047 1793760
6235 7047 1798439
4300 7047 1800697
4015 7047 1801114
5632 7047 1801908
6316 7047 1801947
6223 7047 1803392
6207 7047 1805307
6207 7047 1805322
6223 7047 1806085
4383 7047 1807652
4938 7047 1807887
6332 7047 1811042
3753 7047 1812619
3753 7047 1812674
5410 7047 1813002
6425 7047 1819883
3926 7047 1820337
6424 7047 1820511
6418 7047 1820714
6296 7047 1822074
2042 7047 1822553
3035 7047 1823603
3035 7047 1823610
5482 7047 1823980
3035 7047 1824155
5482 7047 1824177
2801 7047 1827239
337 7047 1827543
3840 7047 1827741
6411 7047 1828422
4669 7047 1828484
4669 7047 1828502
337 7047 1828994
4895 7047 1830893
895 7047 1837216
895 7047 1837552
6198 7047 1839681
1548 7047 1840246
6403 7047 1840280
6004 7047 1842245
4750 7047 1842623
6384 7047 1845741
6468 7047 1847218
146 7047 1847750
5417 7047 1848005
5311 7047 1848126
5311 7047 1848194
2394 7047 1848230
2394 7047 1848290
5141 7047 1848603
6441 7047 1849744
6392 7047 1849903
2695 7047 1853978
6457 7047 1854316
6396 7047 1878481
2178 7047 1883852
4961 7047 1884452
6223 7047 1885231
4961 7047 1886682
121 7047 1888977
6492 7047 1889211
4450 7047 1889418
3395 7047 1891501
4938 7047 1893289
3891 7047 1893717
6342 7047 1896775
6431 7047 1898135
6522 7047 1902324
6163 7047 1902432
4410 7047 1904065
6513 7047 1904132
6529 7047 1905617
100 7047 1906199
6397 7047 1907783
6505 7047 1908291
6529 7047 1908708
6418 7047 1909173
6320 7047 1910031
6531 7047 1910738
5559 7047 1911538
6498 7047 1911911
5393 7047 1915907
6536 7047 1917434
6493 7047 1920660
6408 7047 1926160
1169 7047 1926232
864 7047 1927971
6510 7047 1928579
2557 7047 1929303
3105 7047 1929339
2557 7047 1929350
864 7047 1929597
4921 7047 1929831
6388 7047 1931348
5339 7047 1932365
6548 7047 1932964
6384 7047 1935592
6208 7047 1935606
6555 7047 1937464
6557 7047 1942640
2393 7047 1974188
5409 7047 1975719
6396 7047 1979355
3462 7047 1980116
1943 7047 1984656
1943 7047 1984904
3953 7047 1985568
6396 7047 1985656
6272 7047 1987319
6272 7047 1987427
6396 7047 1989016
6244 7047 1991937
1376 7047 1997397
4917 7047 2001527
4234 7047 2001591
5990 7047 2005740
6607 7047 2009522
3723 7047 2010701
6196 7047 2011022
3200 7047 2012681
6599 7047 2014794
1640 7047 2015660
2935 7047 2016588
2935 7047 2016713
6208 7047 2016984
5512 7047 2017066
6619 7047 2017180
6615 7047 2017623
5056 7047 2018271
6588 7047 2021605
6040 7047 2023976
3734 7047 2026904
4588 7047 2057742
6441 7047 2062233
6638 7047 2063905
576 7047 2066089
576 7047 2066264
6131 7047 2066526
6644 7047 2067016
6620 7047 2069326
5712 7047 2073371
6424 7047 2075985
6424 7047 2076047
6424 7047 2076156
6196 7047 2076250
6196 7047 2077175
6652 7047 2078308
6652 7047 2078387
1365 7047 2079030
6629 7047 2079270
6103 7047 2079334
5217 7047 2080925
3356 7047 2085699
6667 7047 2087131
4428 7047 2087209
6440 7047 2092008
6131 7047 2092116
6681 7047 2099149
6472 7047 2099820
6024 7047 2100386
6683 7047 2100424
6674 7047 2100645
4132 7047 2102328
6680 7047 2102498
2289 7047 2104415
6625 7047 2105136
6705 7047 2106885
6208 7047 2108473
6706 7047 2111189
6708 7047 2112538
6670 7047 2112766
6715 7047 2135093
6717 7047 2140282
6717 7047 2140341
4325 7047 2146463
4841 7047 2151330
6659 7047 2152152
666 7047 2152298
6728 7047 2155279
2357 7047 2158596
2625 7047 2159357
6430 7047 2160624
6740 7047 2162190
5124 7047 2163270
595 7047 2163515
4881 7047 2163551
6613 7047 2165545
6103 7047 2167380
6646 7047 2168465
6741 7047 2168709
4841 7047 2170093
6430 7047 2170559
6429 7047 2171114
6659 7047 2173775
6751 7047 2174558
6720 7047 2176946
1317 7047 2182138
6756 7047 2182556
6765 7047 2185283
6742 7047 2187213
6772 7047 2187449
6769 7047 2188133
5808 7047 2191279
6770 7047 2191713
6770 7047 2191823
6770 7047 2191831
5248 7047 2192374
6763 7047 2193834
6763 7047 2193873
2695 7047 2194366
6774 7047 2194422
6779 7047 2195916
6779 7047 2195941
6779 7047 2195988
33 7047 2196096
5584 7047 2196755
6783 7047 2196961
6773 7047 2201950
2138 7047 2202795
2968 7047 2226252
6798 7047 2227518
6807 7047 2232619
6631 7047 2243610
6820 7047 2245568
2219 7047 2247509
6810 7047 2248089
6782 7047 2248335
2705 7047 2250118
6830 7047 2252115
6805 7047 2252456
6803 7047 2256484
6833 7047 2258601
6434 7047 2259363
6434 7047 2260372
6841 7047 2260647
4410 7047 2261332
6849 7047 2267355
6365 7047 2270808
6847 7047 2271767
3799 7047 2272850
5397 7047 2274707
2174 7047 2275403
6865 7047 2276606
4666 7047 2276803
6855 7047 2277054
6872 7047 2277416
6858 7047 2277674
6794 7047 2278467
3313 7047 2278860
6860 7047 2278905
3313 7047 2279006
437 7047 2285835
6801 7047 2297575
3769 7047 2318052
6889 7047 2323542
4257 7047 2323768
3257 7047 2324626
6412 7047 2325355
6891 7047 2329138
6887 7047 2330648
1634 7047 2331996
6893 7047 2333602
4881 7047 2334264
5410 7047 2337124
6874 7047 2338996
3732 7047 2344583
6898 7047 2344844
6898 7047 2344851
6913 7047 2348788
6351 7047 2348928
4170 7047 2349662
6854 7047 2352922
6648 7047 2353234
5688 7047 2353631
6572 7047 2354787
1779 7047 2356063
5814 7047 2357525
1516 7047 2362373
6564 7047 2363655
6926 7047 2364750
6927 7047 2365826
4658 7047 2365906
6883 7047 2369603
6072 7047 2370848
6842 7047 2402596
6944 7047 2411369
3793 7047 2412646
6344 7047 2414405
6344 7047 2414476
6507 7047 2414844
5315 7047 2417095
1576 7047 2418475
6888 7047 2420222
4946 7047 2420592
6752 7047 2426202
6914 7047 2429893
6943 7047 2430437
6798 7047 2431317
5731 7047 2432029
6956 7047 2433168
4844 7047 2439824
5193 7047 2444185
5989 7047 2447099
6934 7047 2450077
6934 7047 2450208
5417 7047 2451027
2706 7047 2455246
2706 7047 2455422
6950 7047 2456057
7004 7047 2500611
6803 7047 2504328
6982 7047 2504544
6982 7047 2504678
6949 7047 2504991
6949 7047 2505069
6844 7047 2517931
6844 7047 2521332
7014 7047 2522042
7029 7047 2535284
5511 7047 2537228
3411 7047 2540570
5171 7047 2541530
6685 7047 2542320
