5904 7115 1398508
5904 7117 1398984
5904 7118 1398984
5904 7117 1399764
5904 7119 1399769
5904 7120 1399770
5904 7121 1401746
5904 7122 1556670
1028 7122 1560601
5904 7122 1572857
5904 7117 1572863
5904 7117 1573139
5904 7120 1573139
5904 7119 1573319
5904 7120 1573320
5904 7123 1574058
5904 7121 1574059
5904 7124 1574826
5904 7122 2153162
5904 7117 2153173
5904 7115 2153177
5904 7120 2153178
5904 7117 2153186
5904 7118 2153186
5904 7119 2153608
5904 7120 2153609
5904 7121 2158663
5904 7122 2235914
5904 7119 2235922
5904 7122 2236049
5904 7121 2236049
5904 7119 2236055
5904 7121 2256151
137 7134 2486371
6175 7115 2486633
5384 7115 2486756
3813 7115 2487820
192 7115 2488118
192 7118 2488140
1361 7115 2488309
1361 7117 2488352
1361 7118 2488353
1361 7119 2488389
1361 7120 2488389
3813 7117 2488411
3813 7118 2488411
1361 7123 2488430
1361 7121 2488431
1361 7135 2488454
1361 7124 2488454
1361 7136 2488479
79 7115 2488942
79 7115 2489007
79 7118 2489008
201 7117 2489323
201 7117 2489353
5384 7117 2489416
201 7137 2489466
201 7119 2489497
6175 7117 2489534
6175 7118 2489535
201 7120 2489539
1425 7115 2489569
79 7117 2489643
79 7118 2489644
3813 7119 2489665
3813 7120 2489666
201 7119 2489717
3295 7138 2489719
79 7117 2489756
79 7120 2489757
293 7115 2489803
293 7118 2489880
201 7139 2490000
201 7123 2490066
201 7121 2490067
201 7123 2490070
6175 7119 2490178
6175 7120 2490179
201 7140 2490303
201 7135 2490308
201 7124 2490308
201 7140 2490309
1425 7117 2490364
1425 7118 2490377
79 7117 2490397
79 7137 2490402
79 7119 2490405
79 7120 2490406
3813 7123 2490617
3813 7121 2490617
201 7135 2490619
2396 7115 2490665
223 7138 2490736
79 7119 2490748
79 7121 2490749
201 7141 2490814
201 7138 2490833
201 7136 2490833
293 7122 2490876
3298 7115 2490896
293 7122 2490968
293 7117 2490973
293 7120 2491041
2396 7117 2491144
328 7115 2491202
3223 7115 2491214
79 7119 2491251
79 7139 2491275
79 7123 2491278
79 7121 2491278
1425 7117 2491379
3813 7135 2491379
3813 7124 2491380
1425 7137 2491478
4427 7138 2491494
4427 7134 2491520
3298 7118 2491550
1425 7137 2491578
3041 7142 2491703
2396 7119 2491704
76 7115 2491714
328 7117 2491796
328 7117 2491837
328 7137 2491842
328 7119 2491845
1425 7122 2491925
3223 7134 2491926
572 7115 2491930
1425 7122 2491947
1425 7119 2491953
3813 7138 2491997
3813 7136 2491998
1425 7119 2492078
1425 7121 2492079
6326 7134 2492083
6175 7119 2492088
6175 7119 2492108
3852 7115 2492129
6811 7138 2492142
6175 7139 2492149
6175 7123 2492151
6175 7121 2492152
6175 7115 2492154
3852 7118 2492158
6175 7117 2492159
6811 7115 2492161
6175 7117 2492162
6175 7137 2492203
6175 7123 2492205
92 7115 2492257
79 7123 2492258
79 7140 2492262
79 7140 2492263
79 7135 2492266
79 7124 2492266
79 7135 2492352
79 7136 2492353
79 7135 2492405
79 7136 2492406
2951 7142 2492423
2951 7142 2492450
64 7115 2492480
2396 7123 2492528
6551 7115 2492568
328 7119 2492609
328 7139 2492614
328 7123 2492616
64 7122 2492651
64 7134 2492654
64 7134 2492671
572 7115 2492734
572 7117 2492735
79 7135 2492779
79 7136 2492780
92 7117 2492858
92 7118 2492858
1425 7119 2492966
6175 7123 2493085
1425 7139 2493097
1425 7123 2493101
1425 7121 2493102
79 7135 2493143
6972 7134 2493154
6972 7138 2493164
6972 7115 2493181
79 7141 2493181
79 7138 2493184
79 7136 2493185
6811 7117 2493215
6811 7118 2493216
6175 7140 2493224
6175 7135 2493243
6175 7124 2493244
2396 7135 2493368
5454 7115 2493382
3813 7143 2493409
328 7123 2493452
328 7140 2493456
572 7119 2493457
328 7135 2493458
572 7119 2493459
92 7117 2493503
1690 7115 2493531
75 7115 2493531
92 7142 2493642
92 7120 2493642
92 7117 2493680
92 7137 2493686
92 7137 2493687
92 7119 2493690
2951 7142 2493721
2951 7115 2493727
3813 7143 2493729
3813 7143 2493751
3862 7115 2493765
201 7143 2493846
201 7143 2493859
6811 7117 2493861
1425 7120 2493862
3813 7122 2493945
6811 7137 2493959
6811 7119 2493963
6811 7120 2493963
5454 7117 2494113
5454 7118 2494114
6175 7135 2494221
64 7117 2494254
328 7135 2494281
6175 7141 2494285
6175 7138 2494287
328 7141 2494288
6175 7136 2494288
328 7138 2494290
3862 7117 2494359
1690 7117 2494374
1690 7118 2494374
79 7143 2494380
572 7123 2494391
572 7123 2494394
328 7143 2494397
328 7143 2494403
328 7134 2494408
328 7142 2494412
92 7119 2494461
79 7143 2494564
92 7139 2494569
79 7143 2494572
92 7123 2494573
92 7121 2494574
79 7143 2494576
79 7143 2494581
79 7142 2494590
890 7142 2494592
79 7138 2494608
79 7134 2494611
1142 7115 2494658
4663 7115 2494704
4663 7134 2494791
4663 7134 2494929
3862 7119 2495010
4332 7115 2495043
1690 7119 2495137
1690 7120 2495138
3521 7115 2495149
3521 7118 2495167
4663 7122 2495168
4663 7115 2495173
2608 7138 2495173
3521 7138 2495173
2608 7135 2495174
2608 7135 2495175
2608 7115 2495187
4204 7115 2495228
4204 7134 2495266
4204 7118 2495267
3584 7134 2495316
3584 7134 2495319
4204 7142 2495354
92 7123 2495370
6669 7115 2495374
6669 7115 2495380
1425 7123 2495440
6669 7134 2495472
6669 7118 2495473
6811 7119 2495535
572 7135 2495552
572 7135 2495556
6811 7139 2495577
6811 7123 2495580
6811 7121 2495580
6175 7143 2495592
5013 7115 2495641
92 7142 2495695
92 7124 2495695
3862 7123 2495722
5285 7115 2495737
5285 7117 2495742
5285 7119 2495747
5285 7123 2495750
5285 7135 2495754
5285 7115 2495761
1425 7140 2495783
1425 7135 2495787
1425 7124 2495788
4663 7117 2495853
92 7123 2495912
1690 7123 2495919
1690 7121 2495920
64 7122 2496016
6669 7122 2496020
6669 7115 2496025
64 7117 2496062
1248 7138 2496083
92 7142 2496090
92 7123 2496156
92 7140 2496184
92 7142 2496193
317 7115 2496218
92 7135 2496229
2923 7138 2496232
64 7119 2496237
64 7119 2496241
2923 7115 2496257
317 7134 2496298
5285 7134 2496298
317 7118 2496299
2608 7118 2496321
140 7115 2496361
572 7138 2496402
6175 7143 2496467
3862 7135 2496477
1142 7134 2496481
5285 7115 2496496
317 7115 2496500
1142 7117 2496596
6175 7143 2496597
6669 7117 2496607
6669 7118 2496608
6669 7117 2496614
1690 7135 2496720
1690 7124 2496721
6811 7123 2496756
2923 7117 2496845
2923 7118 2496846
4986 7115 2496901
317 7117 2496921
317 7118 2496922
5285 7134 2496941
6811 7140 2496950
6811 7135 2496955
6811 7124 2496956
317 7117 2496965
317 7120 2496966
1425 7122 2497025
1425 7138 2497036
140 7118 2497076
92 7135 2497096
1142 7117 2497119
3862 7138 2497186
3862 7134 2497205
1425 7136 2497206
2780 7115 2497208
92 7141 2497213
1142 7137 2497229
92 7141 2497237
1142 7137 2497251
1142 7117 2497253
1142 7120 2497254
6669 7119 2497263
6669 7120 2497264
6669 7119 2497269
92 7138 2497277
92 7136 2497278
2780 7134 2497315
2780 7118 2497316
1142 7117 2497326
4663 7120 2497340
1142 7119 2497377
2780 7115 2497414
2780 7134 2497424
1690 7138 2497460
1690 7136 2497461
2923 7119 2497488
2923 7120 2497489
317 7119 2497519
317 7120 2497520
317 7117 2497523
317 7117 2497526
64 7121 2497642
6811 7135 2497677
317 7137 2497748
6811 7141 2497749
6811 7141 2497750
317 7119 2497751
317 7120 2497751
317 7117 2497754
317 7121 2497755
317 7137 2497757
317 7137 2497760
317 7119 2497761
6811 7141 2497768
6811 7138 2497772
6811 7136 2497773
64 7123 2497805
92 7122 2497805
92 7138 2497812
64 7122 2497825
64 7123 2497828
1690 7119 2497843
1690 7117 2497843
1690 7115 2497843
5013 7117 2497856
5013 7118 2497857
1690 7122 2497862
1690 7138 2497865
75 7118 2497883
92 7143 2497924
92 7143 2497926
92 7143 2497949
1142 7119 2497951
317 7119 2497966
317 7121 2497966
1142 7139 2498003
1142 7123 2498006
2951 7134 2498015
157 7142 2498075
620 7142 2498224
620 7138 2498245
317 7119 2498306
2041 7115 2498306
317 7121 2498307
2655 7115 2498355
572 7143 2498378
572 7143 2498386
317 7119 2498397
317 7121 2498398
5692 7138 2498460
2396 7122 2498472
2396 7134 2498477
2396 7122 2498480
2396 7138 2498495
5013 7117 2498507
5013 7120 2498507
1690 7143 2498537
1690 7143 2498548
1690 7134 2498556
1690 7142 2498574
64 7123 2498589
1690 7138 2498591
1690 7122 2498633
1690 7115 2498637
1690 7115 2498643
1690 7117 2498651
1690 7118 2498652
1690 7117 2498655
317 7119 2498709
1690 7137 2498722
1690 7119 2498728
1690 7139 2498762
1690 7123 2498764
1690 7140 2498852
1690 7135 2498854
1690 7135 2498857
1690 7141 2498901
1425 7143 2498969
1425 7143 2498971
1518 7115 2498976
64 7135 2498985
317 7139 2499014
317 7123 2499015
317 7121 2499016
6669 7123 2499025
6669 7121 2499026
6669 7123 2499031
6831 7115 2499099
6811 7143 2499499
6811 7143 2499610
6811 7134 2499622
317 7123 2499627
6669 7124 2499701
64 7138 2499716
64 7138 2499727
1198 7115 2499741
1518 7134 2499749
1198 7118 2499778
317 7140 2499792
317 7135 2499795
317 7124 2499796
317 7138 2499803
317 7136 2499804
6105 7134 2499816
317 7135 2499837
64 7143 2499981
5759 7115 2500165
282 7115 2500200
5759 7115 2500244
5759 7118 2500245
5759 7134 2500326
2041 7117 2500581
2781 7138 2500642
282 7117 2500795
6811 7142 2500870
5957 7115 2500910
5759 7117 2500979
5759 7118 2500980
6811 7122 2501047
5957 7115 2501052
5957 7118 2501052
2041 7117 2501216
2041 7142 2501242
2041 7117 2501313
2041 7137 2501317
2041 7119 2501320
5013 7119 2501415
5013 7120 2501415
282 7119 2501434
5759 7119 2501508
5759 7120 2501508
4992 7115 2501652
2951 7118 2501684
575 7138 2501707
2041 7119 2501793
2041 7142 2501819
2041 7119 2501834
5957 7117 2501838
5957 7118 2501838
2041 7139 2501838
2041 7123 2501840
570 7115 2501869
5957 7117 2501950
5957 7120 2501950
2923 7123 2501960
2923 7121 2501961
4992 7118 2501985
165 7115 2502007
1142 7123 2502007
5759 7123 2502124
5759 7121 2502124
5759 7119 2502146
5759 7124 2502147
5759 7119 2502150
282 7123 2502150
5957 7117 2502168
5957 7120 2502169
5759 7139 2502169
5759 7123 2502173
5759 7121 2502173
5957 7117 2502222
5957 7120 2502223
1142 7140 2502238
1142 7135 2502243
165 7115 2502288
165 7118 2502288
2041 7123 2502350
2041 7142 2502365
5957 7115 2502380
5957 7120 2502381
5957 7117 2502384
5957 7117 2502414
5957 7120 2502415
570 7115 2502452
570 7117 2502517
2041 7123 2502531
2041 7140 2502536
2041 7135 2502538
570 7117 2502638
2396 7143 2502660
728 7115 2502679
2923 7135 2502724
2923 7124 2502725
5759 7123 2502767
1142 7135 2502971
1142 7135 2502979
1142 7136 2502980
165 7117 2502994
165 7118 2502995
1142 7135 2502996
2041 7135 2503020
282 7134 2503030
5759 7140 2503043
5759 7135 2503045
5759 7124 2503046
2041 7142 2503065
2041 7135 2503085
2041 7141 2503104
2041 7138 2503106
1142 7141 2503114
1142 7142 2503161
570 7119 2503206
570 7115 2503210
570 7117 2503214
570 7117 2503218
2041 7138 2503226
570 7137 2503249
570 7119 2503258
1142 7138 2503321
2041 7143 2503418
7005 7135 2503419
7005 7134 2503420
2041 7143 2503426
7005 7142 2503427
7005 7138 2503432
2041 7134 2503438
1183 7142 2503597
1183 7138 2503610
570 7119 2503677
165 7117 2503714
165 7137 2503720
728 7117 2503731
728 7118 2503732
5759 7135 2503741
165 7119 2503784
165 7120 2503785
5759 7141 2503797
5759 7141 2503814
5759 7138 2503816
5759 7136 2503817
5759 7134 2503829
5759 7142 2503834
5759 7138 2503852
165 7119 2503856
165 7121 2503858
165 7119 2503926
165 7121 2503927
5687 7115 2503932
570 7123 2504019
570 7115 2504023
570 7119 2504030
570 7139 2504091
570 7123 2504094
165 7119 2504182
165 7121 2504183
2850 7117 2504248
205 7115 2504271
5059 7115 2504320
570 7123 2504487
2850 7137 2504490
2850 7119 2504495
2850 7120 2504495
2850 7119 2504498
2768 7138 2504528
2768 7135 2504545
2768 7115 2504549
5687 7117 2504560
1142 7143 2504630
570 7123 2504674
205 7117 2504721
205 7118 2504722
165 7119 2504748
570 7123 2504933
570 7140 2505076
570 7140 2505086
5759 7143 2505086
570 7140 2505089
570 7135 2505093
5759 7143 2505093
5759 7142 2505117
5013 7123 2505147
5013 7121 2505148
2148 7115 2505179
205 7115 2505216
205 7120 2505216
5759 7122 2505236
2148 7134 2505253
2148 7118 2505254
2148 7115 2505276
1420 7115 2505342
2850 7121 2505352
570 7135 2505456
4986 7118 2505473
5687 7119 2505527
5013 7123 2505535
5013 7124 2505536
6105 7115 2505591
1142 7143 2505618
1142 7143 2505624
5759 7122 2505639
4427 7122 2505708
4427 7115 2505711
4427 7118 2505726
2148 7117 2505795
575 7117 2505796
2148 7118 2505796
575 7117 2505801
575 7117 2505809
570 7135 2505830
575 7137 2505837
575 7119 2505842
575 7119 2505845
5013 7123 2505848
5013 7124 2505848
575 7119 2505849
570 7141 2505872
575 7139 2505877
575 7123 2505880
684 7115 2505885
575 7123 2505890
575 7123 2505894
205 7117 2505903
205 7118 2505903
205 7134 2505911
570 7141 2505915
570 7138 2505931
1142 7134 2505937
575 7140 2505951
575 7135 2505955
575 7135 2505959
575 7135 2505963
575 7141 2506032
575 7138 2506036
4976 7138 2506046
4976 7115 2506069
6951 7138 2506086
6951 7122 2506131
2396 7143 2506195
1142 7138 2506204
165 7139 2506209
1142 7134 2506229
728 7119 2506237
728 7120 2506238
5013 7135 2506239
5013 7124 2506240
728 7119 2506311
728 7121 2506312
5687 7123 2506336
1142 7138 2506357
6832 7115 2506365
1183 7143 2506390
2396 7143 2506441
684 7117 2506495
5059 7117 2506499
5059 7118 2506500
165 7139 2506504
165 7134 2506526
165 7121 2506527
904 7142 2506570
904 7115 2506579
1183 7143 2506638
904 7122 2506657
904 7115 2506661
904 7118 2506664
1183 7142 2506679
6006 7135 2506685
2148 7119 2506692
2148 7120 2506693
2148 7117 2506699
2148 7121 2506700
1183 7115 2506704
2148 7117 2506704
1183 7117 2506710
4105 7115 2506710
1183 7117 2506714
1420 7117 2506715
1420 7118 2506716
4976 7118 2506716
1183 7137 2506717
1183 7119 2506720
904 7115 2506721
1183 7119 2506723
4105 7117 2506723
1183 7139 2506726
1183 7123 2506728
4105 7117 2506728
1183 7123 2506731
2780 7115 2506733
1183 7140 2506734
1183 7135 2506736
4105 7119 2506740
4105 7119 2506745
1183 7135 2506746
1183 7141 2506752
4105 7123 2506754
1183 7136 2506762
4105 7135 2506769
4105 7135 2506773
2780 7122 2506777
2780 7115 2506783
2148 7142 2506803
2148 7120 2506804
205 7117 2506854
205 7137 2506861
205 7119 2506864
205 7120 2506865
3999 7115 2506892
2148 7117 2506909
2148 7137 2506915
3999 7138 2506928
904 7122 2506941
904 7115 2506944
904 7118 2506950
6832 7117 2506959
6832 7118 2506960
5013 7135 2507062
1559 7115 2507071
5013 7135 2507084
5013 7136 2507085
1559 7117 2507125
1559 7119 2507142
904 7117 2507150
904 7115 2507159
904 7117 2507168
4976 7115 2507222
5059 7117 2507224
4976 7118 2507229
2148 7122 2507277
2148 7119 2507281
2781 7115 2507287
570 7143 2507288
5059 7137 2507295
2781 7117 2507301
5013 7135 2507304
2781 7117 2507304
2781 7115 2507307
2781 7117 2507310
5013 7135 2507311
5059 7117 2507328
5059 7119 2507330
5059 7120 2507330
5687 7135 2507379
2780 7117 2507416
2780 7118 2507417
644 7115 2507417
904 7117 2507446
1559 7123 2507449
2781 7137 2507449
2781 7119 2507452
5013 7141 2507475
3999 7117 2507477
3999 7118 2507478
5013 7141 2507484
5013 7135 2507489
5013 7136 2507489
1142 7122 2507497
165 7142 2507499
5013 7135 2507501
5013 7135 2507507
5013 7136 2507507
165 7123 2507510
1559 7135 2507524
684 7119 2507536
1559 7138 2507540
684 7122 2507541
3992 7138 2507545
684 7119 2507546
2781 7139 2507565
2781 7123 2507567
1559 7134 2507592
205 7119 2507596
1559 7142 2507597
904 7117 2507598
6832 7119 2507604
570 7143 2507605
6832 7120 2507605
6832 7117 2507610
6832 7121 2507611
6832 7117 2507614
205 7139 2507624
205 7123 2507629
205 7121 2507630
570 7134 2507648
904 7119 2507675
6832 7117 2507676
6832 7120 2507676
904 7117 2507683
2781 7140 2507699
2781 7135 2507701
1518 7115 2507717
904 7137 2507724
904 7119 2507727
2781 7141 2507748
2781 7141 2507768
2781 7138 2507774
2148 7119 2507779
570 7122 2507815
2148 7139 2507816
2148 7123 2507820
570 7142 2507821
2148 7121 2507821
165 7123 2507828
165 7124 2507828
5013 7142 2507834
5013 7136 2507835
5013 7135 2507839
5013 7123 2507841
5013 7138 2507846
5013 7124 2507847
2781 7117 2507877
2781 7117 2507895
6832 7117 2507926
6832 7137 2507944
3669 7142 2507945
6832 7137 2507945
6832 7119 2507952
6832 7120 2507952
904 7119 2507953
3669 7122 2508013
5059 7119 2508034
5059 7139 2508060
2780 7119 2508063
2780 7120 2508064
5059 7123 2508066
5059 7121 2508066
5198 7115 2508072
2781 7134 2508089
575 7122 2508099
575 7138 2508106
5285 7117 2508167
904 7123 2508205
904 7117 2508211
904 7117 2508215
904 7119 2508218
644 7117 2508225
904 7139 2508246
904 7139 2508247
904 7123 2508249
3999 7119 2508270
3999 7120 2508271
165 7123 2508281
3999 7119 2508284
165 7140 2508298
165 7140 2508302
165 7135 2508304
165 7124 2508305
5059 7135 2508322
317 7135 2508332
317 7136 2508333
904 7122 2508360
904 7123 2508363
1700 7115 2508373
5687 7122 2508423
1420 7120 2508434
64 7143 2508476
684 7123 2508493
6947 7115 2508497
684 7122 2508498
6947 7115 2508498
684 7123 2508508
6947 7115 2508517
659 7115 2508606
659 7115 2508650
575 7143 2508658
659 7115 2508671
575 7142 2508691
2781 7119 2508715
2781 7119 2508724
205 7123 2508735
904 7135 2508743
904 7124 2508744
1945 7138 2508754
4986 7122 2508766
2780 7123 2508768
2780 7121 2508769
5198 7117 2508770
5198 7118 2508771
4986 7115 2508783
205 7134 2508783
659 7117 2508786
659 7115 2508802
64 7143 2508866
1945 7122 2508879
1945 7138 2508885
5285 7117 2508932
5285 7137 2508957
5285 7137 2508965
5285 7137 2508969
317 7135 2508989
5285 7122 2508992
5285 7117 2508997
5285 7119 2509005
64 7143 2509006
205 7134 2509014
659 7115 2509051
1945 7134 2509053
659 7118 2509058
659 7119 2509062
64 7143 2509070
64 7143 2509072
205 7140 2509132
317 7141 2509133
205 7140 2509133
317 7141 2509134
205 7135 2509134
205 7124 2509135
317 7142 2509139
317 7136 2509139
904 7135 2509150
904 7123 2509165
904 7136 2509165
317 7134 2509168
904 7123 2509168
317 7138 2509172
659 7119 2509178
5059 7124 2509182
5059 7136 2509183
3384 7138 2509205
904 7140 2509222
904 7119 2509224
904 7135 2509229
2148 7135 2509254
2148 7124 2509256
659 7117 2509261
2148 7123 2509261
2148 7136 2509262
2148 7123 2509265
904 7141 2509269
904 7141 2509270
904 7138 2509272
904 7138 2509296
2148 7140 2509354
2148 7135 2509357
4128 7115 2509358
2148 7124 2509358
64 7143 2509389
64 7143 2509421
5198 7119 2509423
5198 7120 2509424
2781 7123 2509427
2781 7123 2509429
64 7143 2509432
64 7143 2509433
2781 7123 2509439
2781 7124 2509439
64 7115 2509494
64 7115 2509498
64 7115 2509502
64 7115 2509507
5335 7115 2509507
64 7115 2509508
64 7117 2509529
64 7117 2509534
64 7117 2509535
5335 7117 2509536
5335 7118 2509537
205 7135 2509555
205 7136 2509555
5335 7119 2509560
5335 7120 2509561
205 7138 2509570
5335 7123 2509574
5335 7121 2509576
5335 7135 2509592
5335 7124 2509593
5335 7138 2509610
5335 7136 2509611
64 7137 2509612
64 7137 2509613
64 7117 2509616
64 7120 2509616
64 7117 2509618
64 7119 2509621
64 7119 2509623
644 7119 2509654
684 7135 2509675
64 7139 2509680
64 7139 2509682
5335 7134 2509683
64 7123 2509684
64 7123 2509687
3999 7121 2509723
6105 7117 2509725
317 7117 2509776
317 7117 2509781
4988 7134 2509820
4579 7115 2509852
317 7138 2509865
317 7120 2509865
4579 7115 2509889
205 7135 2509921
4988 7134 2509942
2780 7123 2509949
2780 7123 2509955
2780 7124 2509956
2780 7123 2509961
5325 7117 2509961
4128 7117 2509964
5325 7115 2509968
5325 7120 2509970
4579 7115 2509971
4579 7117 2509984
904 7143 2509984
205 7141 2509985
904 7143 2509985
205 7142 2509989
205 7136 2509989
4579 7122 2510029
205 7138 2510030
4579 7115 2510033
904 7143 2510043
64 7140 2510048
904 7134 2510052
64 7123 2510054
64 7135 2510056
5325 7115 2510064
5325 7118 2510064
2780 7140 2510109
2780 7140 2510112
2780 7123 2510120
2780 7124 2510122
2780 7135 2510125
2780 7124 2510126
64 7141 2510160
5198 7123 2510160
64 7141 2510161
5198 7121 2510161
64 7135 2510170
659 7122 2510175
659 7119 2510179
6809 7134 2510204
659 7123 2510247
659 7124 2510254
4986 7115 2510269
64 7122 2510295
5285 7119 2510297
2781 7135 2510315
2781 7135 2510323
2781 7134 2510352
1518 7117 2510355
5285 7139 2510370
5285 7123 2510372
3862 7122 2510381
3862 7142 2510395
2148 7138 2510415
2148 7136 2510416
3862 7138 2510422
64 7122 2510429
2148 7135 2510429
2148 7135 2510433
64 7134 2510434
64 7142 2510446
3661 7115 2510450
2148 7142 2510452
2148 7136 2510453
6105 7119 2510475
659 7122 2510490
659 7119 2510493
2148 7135 2510499
6947 7117 2510500
6947 7115 2510505
6947 7117 2510508
659 7123 2510521
2148 7141 2510525
3661 7118 2510528
2148 7138 2510529
659 7135 2510541
684 7138 2510565
4579 7122 2510568
4579 7115 2510571
659 7135 2510598
4128 7119 2510615
2781 7138 2510656
659 7135 2510689
4986 7118 2510715
64 7122 2510736
64 7142 2510788
572 7143 2510816
5325 7115 2510822
5325 7118 2510822
572 7143 2510844
5285 7123 2510912
659 7123 2510928
659 7134 2510932
659 7142 2510935
659 7134 2510941
572 7134 2510968
5285 7135 2510974
1700 7118 2511017
5198 7135 2511029
5198 7124 2511030
2780 7135 2511051
3862 7143 2511170
2781 7138 2511173
2780 7141 2511175
2780 7141 2511177
2780 7115 2511183
2780 7136 2511184
6947 7120 2511186
659 7142 2511189
2780 7117 2511195
2780 7118 2511196
2780 7117 2511206
659 7138 2511237
1559 7115 2511270
5325 7115 2511302
5325 7118 2511303
659 7138 2511351
659 7142 2511354
3862 7143 2511356
3862 7143 2511357
659 7138 2511361
2780 7137 2511379
2780 7119 2511384
2780 7120 2511385
4986 7122 2511393
2780 7119 2511394
4986 7115 2511401
1735 7115 2511408
2780 7123 2511414
2780 7121 2511415
2780 7123 2511422
2780 7119 2511428
2780 7124 2511429
4128 7123 2511434
684 7143 2511436
5384 7117 2511475
5325 7115 2511522
5325 7118 2511523
317 7143 2511537
2780 7139 2511553
2780 7138 2511558
4986 7122 2511581
4333 7115 2511583
4986 7134 2511585
4333 7138 2511592
4333 7115 2511619
75 7122 2511681
1722 7115 2511702
644 7123 2511705
1722 7115 2511705
5319 7134 2511706
644 7123 2511713
644 7135 2511718
644 7123 2511722
5325 7115 2511747
5325 7118 2511748
75 7117 2511759
317 7122 2511777
317 7138 2511783
5319 7134 2511784
5198 7138 2511813
5198 7136 2511814
1559 7117 2511854
1722 7134 2511855
1722 7118 2511855
2781 7134 2511860
1722 7115 2511887
2148 7143 2511935
2781 7143 2511976
1559 7117 2511996
441 7115 2512042
441 7117 2512046
441 7117 2512048
5319 7122 2512077
5319 7134 2512083
2148 7122 2512085
2148 7138 2512090
3999 7143 2512100
5384 7119 2512120
5325 7117 2512122
5384 7119 2512123
5325 7118 2512123
6326 7134 2512134
5325 7117 2512148
5325 7120 2512148
5319 7134 2512162
1518 7119 2512165
2148 7143 2512169
2148 7117 2512176
2148 7117 2512181
4128 7135 2512278
441 7137 2512301
441 7119 2512304
441 7120 2512305
441 7119 2512307
5013 7143 2512309
441 7139 2512338
441 7123 2512340
441 7121 2512340
441 7123 2512342
2148 7119 2512358
2148 7120 2512358
2148 7119 2512361
3999 7142 2512385
441 7140 2512387
441 7135 2512389
441 7124 2512390
441 7135 2512392
2148 7138 2512422
2148 7121 2512423
3999 7138 2512434
75 7119 2512438
441 7141 2512438
441 7142 2512443
441 7136 2512443
1207 7115 2512467
441 7138 2512476
2781 7143 2512514
5198 7143 2512519
2781 7142 2512526
5198 7143 2512541
5198 7143 2512543
5198 7142 2512570
3852 7122 2512629
3852 7115 2512664
2148 7122 2512666
3852 7117 2512668
3852 7118 2512669
3852 7117 2512671
2148 7138 2512673
3852 7137 2512710
3852 7119 2512713
3852 7120 2512713
3852 7119 2512715
2148 7143 2512757
3852 7139 2512765
3852 7123 2512767
3852 7121 2512767
2148 7143 2512769
3852 7123 2512770
2148 7143 2512774
2148 7138 2512806
4332 7123 2512832
4332 7115 2512833
5384 7123 2512834
4332 7115 2512834
3852 7140 2512924
3852 7135 2512926
3852 7124 2512927
3999 7143 2512929
3852 7135 2512929
3999 7143 2512941
5325 7119 2513001
5325 7120 2513002
3468 7115 2513029
5847 7134 2513032
3852 7141 2513066
3852 7141 2513083
3852 7138 2513097
3852 7136 2513098
6105 7123 2513120
3391 7115 2513134
317 7134 2513228
441 7143 2513280
441 7143 2513364
4986 7117 2513366
441 7143 2513369
4986 7115 2513373
1735 7117 2513375
1735 7118 2513376
441 7134 2513376
4986 7117 2513378
441 7142 2513379
4128 7138 2513392
1207 7117 2513406
1207 7118 2513407
5325 7119 2513516
5325 7121 2513517
1518 7123 2513521
5285 7135 2513536
4332 7119 2513566
4332 7134 2513567
4332 7142 2513567
7012 7138 2513584
5384 7135 2513589
5384 7135 2513593
4332 7115 2513595
317 7142 2513600
5704 7115 2513616
5285 7138 2513620
317 7138 2513624
4332 7122 2513634
5285 7134 2513640
5013 7143 2513647
5285 7138 2513666
5285 7135 2513670
4333 7118 2513680
644 7124 2513751
1783 7115 2513781
317 7143 2513803
5285 7141 2513859
1207 7119 2513862
1207 7120 2513863
5285 7141 2513908
5285 7135 2513917
5285 7135 2513923
5285 7138 2513927
2521 7115 2513957
5013 7143 2514067
6105 7135 2514088
5325 7123 2514155
5325 7121 2514156
250 7115 2514184
4332 7119 2514204
4332 7117 2514205
1735 7119 2514239
1735 7120 2514240
1519 7115 2514264
4579 7115 2514397
4579 7117 2514397
4579 7122 2514404
4579 7115 2514407
4579 7115 2514409
75 7123 2514419
488 7115 2514423
5325 7123 2514438
5325 7124 2514439
5325 7123 2514455
5325 7124 2514456
5325 7135 2514472
5325 7124 2514473
5325 7123 2514477
5325 7135 2514484
5325 7124 2514485
5325 7123 2514502
5325 7136 2514503
1402 7115 2514531
142 7115 2514573
142 7117 2514580
142 7117 2514587
4128 7143 2514618
1518 7121 2514624
142 7137 2514632
142 7137 2514634
142 7142 2514641
3999 7143 2514666
3999 7138 2514672
3999 7143 2514682
3852 7143 2514684
142 7122 2514687
142 7134 2514703
142 7138 2514726
142 7134 2514744
5212 7117 2514757
1207 7123 2514759
1207 7121 2514760
6105 7134 2514766
6447 7134 2514770
6105 7135 2514771
5212 7115 2514774
3852 7143 2514784
75 7123 2514812
3999 7122 2514815
1519 7117 2514853
1519 7115 2514857
1519 7117 2514860
5212 7134 2514889
250 7117 2514951
4128 7143 2514973
4128 7143 2515011
1735 7123 2515032
1735 7121 2515034
6105 7134 2515042
5325 7135 2515043
5325 7124 2515044
2521 7117 2515111
4128 7142 2515112
4496 7142 2515160
4579 7117 2515202
4579 7118 2515203
5325 7135 2515203
5325 7136 2515204
4986 7117 2515215
4986 7117 2515219
5325 7135 2515250
5325 7136 2515250
5384 7138 2515275
5325 7135 2515276
5325 7136 2515277
3391 7117 2515287
5325 7135 2515290
5325 7136 2515291
2521 7117 2515292
4986 7134 2515357
165 7135 2515468
3699 7115 2515479
165 7141 2515488
165 7141 2515490
165 7138 2515497
165 7136 2515498
6832 7119 2515501
165 7134 2515509
1519 7119 2515510
165 7142 2515512
6999 7115 2515521
5285 7143 2515534
6832 7139 2515546
6832 7123 2515550
6832 7121 2515551
6105 7138 2515595
250 7119 2515621
2598 7115 2515714
5325 7138 2515752
5325 7136 2515753
6999 7134 2515804
6999 7118 2515805
2598 7115 2515838
1735 7135 2515865
1735 7124 2515866
6999 7122 2515881
6999 7117 2515889
2521 7120 2515956
4496 7122 2515971
622 7115 2515985
2598 7117 2516017
6832 7123 2516018
488 7117 2516019
488 7118 2516020
622 7115 2516024
622 7115 2516042
5302 7115 2516042
622 7118 2516043
3391 7119 2516118
5302 7117 2516124
6105 7143 2516129
6832 7140 2516138
622 7134 2516145
5285 7143 2516148
6832 7138 2516148
6832 7124 2516149
1519 7121 2516219
1207 7135 2516283
1207 7124 2516284
4986 7117 2516328
250 7123 2516347
4986 7142 2516350
5302 7119 2516398
4986 7137 2516424
4986 7119 2516427
5704 7117 2516489
5704 7118 2516490
2598 7119 2516503
1743 7115 2516573
5302 7123 2516601
5302 7135 2516654
1735 7138 2516730
1735 7136 2516730
75 7135 2516884
1207 7138 2516947
1207 7136 2516948
2598 7123 2516963
3391 7119 2516969
3391 7139 2517017
3391 7139 2517018
3391 7123 2517022
1743 7117 2517036
2598 7135 2517069
1743 7117 2517098
488 7119 2517124
488 7120 2517125
1743 7137 2517128
250 7135 2517128
488 7117 2517131
1743 7137 2517135
488 7117 2517136
1743 7119 2517142
1743 7120 2517147
2521 7119 2517156
2521 7119 2517159
488 7137 2517247
622 7117 2517263
622 7118 2517264
1735 7143 2517274
1735 7143 2517305
488 7119 2517323
488 7120 2517324
5704 7119 2517372
5704 7120 2517373
1735 7138 2517467
6479 7115 2517471
6479 7117 2517480
6479 7118 2517480
6479 7119 2517491
6479 7120 2517491
4986 7119 2517492
6479 7123 2517499
6479 7121 2517500
6479 7135 2517508
6479 7124 2517509
1783 7134 2517512
4986 7139 2517530
2598 7138 2517532
4986 7123 2517533
3521 7122 2517565
6832 7143 2517636
6832 7123 2517661
6832 7123 2517675
4986 7138 2517746
75 7136 2517758
622 7120 2517776
2598 7143 2517795
488 7123 2517836
488 7121 2517836
4239 7115 2517885
488 7135 2517906
488 7124 2517907
2598 7143 2517930
2598 7143 2517935
2598 7134 2517944
2598 7142 2517949
1743 7119 2517974
6479 7115 2517999
6479 7136 2517999
622 7117 2518025
1743 7139 2518029
1743 7139 2518039
3699 7117 2518040
1743 7139 2518041
1743 7123 2518045
1743 7121 2518048
1743 7139 2518086
622 7137 2518096
622 7119 2518106
250 7138 2518145
5704 7121 2518260
6968 7142 2518300
1207 7143 2518410
1518 7135 2518419
1006 7115 2518437
1006 7134 2518548
1006 7142 2518564
2521 7121 2518581
250 7143 2518621
4239 7117 2518675
4239 7118 2518676
250 7143 2518696
250 7134 2518701
622 7119 2518708
622 7139 2518760
622 7123 2518762
622 7121 2518764
3699 7117 2518790
250 7138 2518802
3699 7117 2518828
3699 7120 2518828
250 7119 2518838
1743 7123 2518875
250 7138 2518939
1743 7140 2518965
1743 7140 2518966
1743 7135 2518977
1743 7124 2518980
3178 7138 2519017
3178 7115 2519044
3178 7118 2519051
3178 7122 2519066
3178 7117 2519070
3178 7117 2519084
1515 7115 2519086
3178 7137 2519103
3178 7119 2519109
3178 7120 2519110
3178 7119 2519112
3178 7139 2519133
3178 7123 2519138
3178 7121 2519139
3178 7123 2519147
250 7143 2519154
1743 7135 2519165
3178 7140 2519170
3178 7135 2519177
3178 7124 2519178
3178 7135 2519180
3130 7115 2519182
3178 7141 2519209
3178 7138 2519210
3178 7136 2519211
1743 7141 2519227
1743 7141 2519237
1743 7141 2519239
1743 7141 2519240
1743 7141 2519245
2104 7115 2519248
1743 7135 2519255
1743 7136 2519259
3178 7143 2519324
3719 7142 2519373
250 7143 2519380
3178 7134 2519385
3178 7142 2519394
3719 7138 2519401
3719 7138 2519407
1207 7143 2519472
1207 7143 2519481
3719 7115 2519483
1207 7142 2519530
3699 7117 2519559
5325 7143 2519569
2521 7123 2519571
2521 7123 2519575
4239 7119 2519584
4239 7120 2519584
1743 7135 2519613
1743 7138 2519618
1743 7136 2519623
250 7143 2519672
3699 7137 2519768
3699 7119 2519772
3599 7138 2519792
3599 7138 2519808
3599 7138 2519809
3130 7117 2519831
250 7143 2519846
1518 7136 2519937
5325 7143 2519983
5742 7119 2519994
728 7121 2519995
2521 7124 2520008
5742 7119 2520028
250 7143 2520035
1743 7143 2520048
5325 7143 2520051
5742 7139 2520079
3719 7115 2520083
3719 7117 2520088
3719 7118 2520095
1006 7117 2520118
1006 7118 2520119
1515 7117 2520233
1515 7118 2520234
250 7143 2520260
6600 7115 2520315
250 7143 2520398
6947 7117 2520419
5661 7138 2520423
250 7143 2520498
6947 7119 2520569
6947 7119 2520592
6947 7119 2520603
6947 7119 2520606
6947 7119 2520608
3719 7117 2520613
3719 7120 2520621
668 7142 2520671
2780 7143 2520863
250 7143 2520874
3719 7115 2520912
3719 7120 2520912
3719 7117 2520920
250 7143 2521011
250 7143 2521013
6600 7117 2521023
250 7142 2521083
3699 7119 2521158
2780 7143 2521174
2780 7143 2521181
3719 7117 2521185
3699 7139 2521238
3699 7123 2521252
3719 7142 2521268
3719 7120 2521269
3699 7134 2521304
488 7119 2521327
488 7136 2521328
3719 7117 2521329
3719 7137 2521336
3719 7119 2521343
488 7119 2521357
6947 7123 2521422
743 7115 2521786
4579 7119 2521788
4579 7120 2521789
4579 7119 2521839
4579 7121 2521841
2810 7115 2521866
3391 7123 2521936
5041 7115 2521957
3130 7119 2522026
3391 7140 2522110
3391 7135 2522114
3719 7119 2522133
6600 7119 2522196
3719 7142 2522240
3719 7121 2522241
3719 7119 2522254
3719 7139 2522260
3719 7139 2522261
3719 7123 2522265
1425 7122 2522328
743 7117 2522404
743 7118 2522405
743 7122 2522429
743 7117 2522435
1038 7142 2522471
1038 7138 2522479
3130 7138 2522487
1038 7138 2522496
3719 7138 2522499
3719 7124 2522500
5041 7117 2522574
1038 7138 2522574
5041 7118 2522575
1038 7138 2522575
6947 7135 2522582
6600 7123 2522906
5041 7119 2523169
5041 7120 2523170
3391 7142 2523237
3391 7135 2523240
3391 7135 2523243
1115 7115 2523298
3391 7141 2523324
3391 7142 2523328
3391 7117 2523339
743 7119 2523346
743 7120 2523347
743 7117 2523352
743 7119 2523358
743 7120 2523359
3225 7115 2523361
3391 7137 2523400
3391 7142 2523402
3225 7115 2523411
3225 7118 2523411
3391 7119 2523440
3391 7119 2523443
2104 7117 2523461
2104 7118 2523462
3391 7134 2523464
3391 7138 2523545
5041 7123 2523752
5041 7121 2523753
3225 7117 2523813
3225 7118 2523813
3719 7123 2523890
1115 7117 2524026
1115 7122 2524030
1115 7117 2524034
3225 7122 2524091
3225 7117 2524103
4579 7117 2524125
4579 7121 2524126
4579 7119 2524138
4579 7123 2524160
3719 7124 2524291
1115 7119 2524345
5041 7135 2524355
5041 7124 2524356
3225 7119 2524511
3225 7120 2524512
3104 7115 2524548
488 7139 2524583
488 7123 2524586
488 7121 2524587
488 7123 2524594
3728 7115 2524644
3728 7117 2524661
1115 7123 2524712
3728 7117 2524739
3728 7119 2524784
3728 7123 2524810
3728 7123 2524860
3728 7123 2524888
743 7123 2524897
743 7121 2524898
622 7123 2524935
622 7124 2524936
5041 7138 2524951
5041 7136 2524952
1115 7135 2524985
488 7140 2525014
6371 7115 2525018
3728 7135 2525018
3728 7135 2525062
3728 7135 2525094
6371 7134 2525144
6371 7118 2525145
3728 7138 2525164
3728 7138 2525196
1115 7138 2525208
6371 7122 2525228
743 7123 2525231
743 7124 2525231
6371 7115 2525233
3104 7117 2525281
3104 7118 2525282
3225 7119 2525554
3225 7139 2525574
3225 7117 2525577
3225 7121 2525578
3225 7117 2525582
6359 7115 2525603
3225 7137 2525629
3225 7123 2525640
3225 7120 2525641
488 7135 2525702
488 7124 2525703
488 7135 2525711
743 7135 2525765
743 7124 2525765
488 7141 2525800
488 7138 2525807
488 7136 2525807
6371 7117 2525845
6371 7118 2525846
3225 7117 2525884
3225 7124 2525885
622 7123 2525889
3225 7117 2525891
1038 7138 2525918
1038 7138 2525948
3225 7123 2526026
3225 7120 2526026
3225 7119 2526035
3225 7124 2526036
3225 7119 2526040
3104 7115 2526108
3104 7120 2526109
3104 7117 2526113
3104 7118 2526113
6359 7115 2526114
3104 7117 2526116
5041 7143 2526138
6359 7118 2526139
3104 7137 2526151
3104 7119 2526153
622 7140 2526174
622 7135 2526177
622 7124 2526178
3225 7117 2526185
3225 7121 2526186
3225 7123 2526238
3225 7120 2526239
5041 7135 2526522
5041 7134 2526529
5041 7138 2526534
6371 7117 2526578
6371 7117 2526581
6371 7120 2526581
6479 7118 2526638
743 7138 2526639
743 7136 2526640
1038 7122 2526714
3225 7135 2526763
3225 7124 2526764
3225 7123 2526768
3225 7136 2526769
3225 7123 2526772
622 7135 2526781
5041 7143 2526895
5041 7143 2526912
5041 7122 2526974
5041 7134 2526980
5041 7142 2526993
5041 7115 2527009
5041 7117 2527018
5041 7117 2527021
622 7141 2527023
622 7138 2527027
622 7136 2527027
3225 7140 2527031
3225 7135 2527033
3225 7124 2527034
5041 7137 2527064
5041 7119 2527072
3104 7119 2527187
6371 7117 2527202
6447 7117 2527240
6447 7117 2527243
3104 7139 2527245
3104 7123 2527258
3104 7121 2527259
6371 7142 2527267
6371 7120 2527267
6371 7117 2527352
3391 7143 2527356
6371 7137 2527358
6371 7119 2527359
1402 7118 2527390
1402 7122 2527396
1402 7115 2527400
1115 7143 2527401
3391 7143 2527453
3391 7143 2527458
956 7115 2527504
1425 7122 2527584
1722 7115 2527833
1722 7118 2527834
1722 7115 2527837
348 7142 2527978
348 7138 2527987
3225 7138 2527989
3225 7136 2527990
3225 7135 2527995
3225 7141 2528030
3225 7141 2528031
3225 7138 2528033
3225 7136 2528034
6371 7119 2528060
1402 7117 2528080
6371 7139 2528098
6371 7123 2528100
6371 7121 2528101
488 7143 2528316
4715 7138 2528331
1115 7143 2528344
3505 7115 2528351
4715 7122 2528357
3505 7122 2528367
3505 7115 2528381
488 7143 2528388
622 7143 2528393
488 7143 2528396
488 7134 2528401
3104 7123 2528409
956 7134 2528469
622 7143 2528488
622 7143 2528504
622 7142 2528518
6444 7115 2528576
6444 7115 2528580
3104 7140 2528583
3104 7135 2528586
3104 7124 2528587
743 7143 2528610
743 7143 2528617
743 7134 2528628
1402 7117 2528676
2156 7115 2528753
2156 7115 2528789
2156 7118 2528789
2550 7142 2528819
3225 7143 2528845
3225 7143 2528903
6371 7135 2528955
6371 7124 2528956
6371 7123 2528959
6371 7136 2528960
6371 7123 2528962
956 7117 2528971
956 7118 2528972
2193 7115 2529025
2193 7118 2529051
2193 7115 2529056
6371 7142 2529059
6371 7124 2529060
6371 7123 2529070
6371 7123 2529073
6371 7140 2529075
6371 7135 2529076
6444 7117 2529173
6444 7118 2529175
6444 7117 2529178
2550 7142 2529202
3104 7135 2529305
2550 7115 2529395
3104 7141 2529410
3104 7138 2529413
3104 7136 2529414
2156 7117 2529458
2156 7118 2529459
3505 7118 2529552
3505 7117 2529553
743 7142 2529558
1722 7117 2529620
1722 7118 2529621
1722 7117 2529623
1722 7115 2529625
1402 7119 2529626
1402 7119 2529627
1722 7115 2529627
1722 7117 2529631
1722 7118 2529632
1722 7117 2529634
6978 7134 2529709
6978 7138 2529711
2193 7118 2529715
2535 7135 2529724
2193 7117 2529732
348 7115 2529746
2193 7120 2529753
348 7117 2529758
348 7118 2529759
348 7119 2529765
348 7120 2529766
1249 7115 2529766
348 7123 2529780
348 7121 2529781
2193 7117 2529781
6371 7135 2529786
348 7135 2529796
348 7124 2529796
348 7136 2529805
6444 7119 2529829
6444 7120 2529831
6444 7119 2529836
4579 7119 2529868
4579 7124 2529869
4579 7123 2529873
6371 7142 2529892
6371 7136 2529892
2156 7117 2529904
1637 7115 2529907
6371 7135 2529924
6371 7141 2529929
6371 7138 2529931
2156 7137 2529937
2104 7120 2529966
2156 7119 2529980
2156 7120 2529983
2368 7115 2530051
2156 7119 2530097
2156 7121 2530097
2368 7134 2530120
2368 7118 2530120
2368 7115 2530133
1402 7123 2530330
1637 7115 2530353
1637 7118 2530354
2550 7117 2530368
6600 7135 2530381
3104 7143 2530397
2193 7120 2530438
2193 7117 2530443
2193 7117 2530447
2193 7137 2530569
6444 7123 2530604
6444 7121 2530605
6444 7123 2530607
2193 7119 2530625
2368 7117 2530668
2368 7118 2530668
1722 7119 2530683
1722 7120 2530683
1722 7119 2530686
1722 7117 2530693
1722 7121 2530694
1722 7117 2530696
1722 7137 2530724
1722 7119 2530726
1722 7120 2530727
1722 7119 2530729
2156 7119 2530744
1637 7117 2530756
1637 7118 2530756
6551 7118 2530768
1249 7117 2530790
2156 7139 2530811
2156 7123 2530812
2156 7139 2530813
2156 7121 2530813
3505 7117 2530826
3505 7117 2530832
3505 7120 2530832
3505 7117 2530833
1947 7138 2530930
2104 7119 2530993
2104 7117 2530999
2104 7115 2531004
2104 7120 2531005
2104 7117 2531010
2104 7118 2531011
2104 7117 2531016
2104 7137 2531034
2104 7119 2531042
1402 7135 2531108
1637 7120 2531176
2550 7142 2531207
2550 7134 2531235
2368 7119 2531278
2368 7120 2531279
2156 7123 2531316
4224 7134 2531317
4224 7115 2531346
4224 7134 2531351
4224 7115 2531358
6444 7135 2531361
6444 7124 2531365
6444 7135 2531373
2550 7117 2531435
6600 7138 2531445
348 7122 2531467
348 7134 2531473
2550 7117 2531483
6600 7138 2531522
2550 7137 2531527
6371 7143 2531535
1515 7117 2531544
1515 7120 2531545
2156 7140 2531548
2156 7135 2531550
2156 7124 2531551
2550 7119 2531557
3505 7117 2531557
6974 7115 2531609
3505 7137 2531627
6974 7115 2531641
3505 7137 2531662
3505 7137 2531665
1515 7117 2531670
1515 7120 2531671
3505 7117 2531678
3505 7120 2531678
4305 7115 2531690
3505 7120 2531691
3505 7134 2531692
2005 7115 2531692
2005 7115 2531696
1722 7119 2531700
6371 7143 2531717
2005 7117 2531726
2005 7115 2531731
2005 7115 2531735
2005 7117 2531739
2005 7117 2531742
2005 7119 2531748
2005 7119 2531752
2005 7123 2531756
1722 7139 2531767
1722 7123 2531769
6371 7135 2531770
1722 7121 2531770
1722 7123 2531772
2005 7135 2531774
2005 7135 2531777
2005 7142 2531786
6371 7117 2531822
3505 7117 2531823
1402 7138 2531889
1249 7119 2531901
1249 7122 2531923
1128 7115 2531942
6974 7117 2531944
1128 7122 2531947
4224 7117 2531952
1128 7115 2531954
1249 7119 2532000
1249 7115 2532006
1249 7117 2532012
1249 7117 2532027
1882 7115 2532050
1249 7137 2532055
1249 7137 2532057
1249 7137 2532062
1249 7137 2532063
1249 7119 2532067
1947 7115 2532081
6974 7120 2532239
6974 7117 2532240
937 7142 2532268
1515 7119 2532270
1515 7120 2532271
6974 7120 2532286
1911 7142 2532432
1911 7138 2532436
6371 7122 2532458
937 7117 2532473
2550 7121 2532474
937 7117 2532491
937 7137 2532506
2100 7115 2532507
937 7137 2532507
937 7119 2532512
937 7120 2532513
937 7119 2532528
937 7139 2532531
937 7123 2532534
937 7121 2532535
2473 7115 2532536
937 7123 2532550
2368 7119 2532551
2368 7121 2532552
937 7140 2532553
937 7135 2532556
937 7124 2532557
6371 7122 2532562
2104 7121 2532567
3505 7117 2532569
3505 7137 2532573
3505 7119 2532577
2473 7115 2532581
2473 7118 2532582
937 7135 2532588
4305 7117 2532595
4305 7118 2532596
937 7141 2532608
937 7141 2532609
937 7141 2532610
937 7138 2532614
937 7136 2532614
4224 7117 2532622
4224 7137 2532674
4224 7119 2532677
4224 7117 2532683
6600 7143 2532707
2368 7119 2532751
2368 7121 2532752
2550 7119 2532773
1249 7119 2532829
2193 7121 2532830
4305 7117 2532896
4305 7115 2532897
4305 7120 2532897
4305 7117 2532901
4305 7118 2532902
6600 7143 2532902
1249 7139 2532905
1249 7123 2532915
6600 7143 2532917
6600 7119 2532938
2550 7142 2532983
6775 7115 2533023
3738 7115 2533044
2550 7119 2533068
2550 7139 2533083
2550 7139 2533084
2550 7123 2533087
2156 7135 2533146
2156 7136 2533147
6600 7121 2533148
6600 7138 2533202
2156 7135 2533204
2156 7136 2533205
6600 7143 2533256
6600 7143 2533268
2473 7117 2533268
6775 7118 2533280
3505 7119 2533297
2668 7115 2533301
5236 7115 2533307
2156 7135 2533330
2156 7136 2533331
3505 7139 2533354
3505 7139 2533356
2156 7135 2533359
2156 7136 2533361
1517 7115 2533378
1517 7115 2533380
3505 7121 2533381
3505 7123 2533382
1402 7143 2533397
1402 7143 2533400
2254 7115 2533409
2156 7135 2533413
2156 7136 2533414
2024 7115 2533448
1031 7138 2533461
2024 7138 2533471
1402 7143 2533498
1402 7143 2533501
2368 7123 2533544
2368 7121 2533545
6029 7115 2533604
6775 7122 2533644
6775 7115 2533653
1249 7135 2533673
1249 7123 2533679
6029 7115 2533685
1249 7123 2533685
3430 7115 2533719
3430 7115 2533729
6600 7138 2533734
1249 7140 2533755
1249 7140 2533756
1249 7135 2533758
1515 7123 2533781
1515 7121 2533782
1515 7123 2533789
1515 7115 2533795
1515 7124 2533796
1515 7117 2533799
1515 7117 2533802
1515 7137 2533826
2156 7135 2533828
1515 7119 2533828
1515 7120 2533829
1515 7119 2533832
1515 7139 2533867
1036 7115 2533871
2156 7141 2533878
1515 7121 2533880
2156 7141 2533884
4305 7119 2533887
4305 7120 2533887
2156 7135 2533888
2156 7136 2533890
4862 7115 2533899
5236 7117 2533905
5236 7118 2533906
3738 7117 2533907
2156 7138 2533915
2473 7119 2533928
2473 7117 2533937
2473 7117 2533945
7036 7138 2533962
3738 7117 2533968
1517 7117 2533978
2473 7137 2533978
1517 7118 2533979
1517 7117 2533981
2473 7137 2533981
2473 7119 2533985
2024 7143 2534000
2550 7123 2534029
4862 7115 2534054
2024 7143 2534124
2024 7143 2534138
2368 7135 2534171
2368 7124 2534172
2024 7134 2534179
2254 7117 2534181
2254 7118 2534182
2254 7117 2534184
2550 7140 2534190
2550 7135 2534193
1700 7122 2534197
1700 7122 2534219
1700 7122 2534223
1515 7123 2534226
1700 7117 2534229
1515 7123 2534232
2024 7142 2534257
493 7115 2534257
2550 7142 2534268
1031 7115 2534293
4574 7115 2534325
1031 7138 2534440
4579 7135 2534465
4579 7124 2534468
1378 7115 2534470
2550 7135 2534470
1249 7135 2534477
6029 7118 2534488
1031 7134 2534519
3505 7123 2534524
1036 7117 2534559
1036 7117 2534563
1036 7118 2534565
1249 7141 2534572
1911 7134 2534581
1128 7122 2534582
1249 7141 2534584
1249 7138 2534587
1249 7134 2534603
1517 7119 2534611
1517 7120 2534612
1517 7119 2534624
4574 7117 2534633
4574 7118 2534633
1517 7117 2534639
2254 7117 2534644
1517 7117 2534644
1517 7117 2534646
2254 7120 2534648
2254 7117 2534649
5236 7119 2534667
5236 7120 2534668
3738 7119 2534703
1517 7137 2534709
1517 7137 2534713
1517 7119 2534716
1517 7119 2534719
2104 7119 2534720
1911 7138 2534740
4862 7122 2534744
2473 7119 2534747
2368 7138 2534747
2368 7136 2534748
4862 7115 2534752
2104 7139 2534758
2104 7123 2534760
2473 7139 2534782
2473 7123 2534790
1911 7134 2534814
1911 7142 2534821
5976 7142 2534836
5976 7138 2534845
5976 7134 2534864
4579 7135 2534865
1031 7117 2534865
4579 7135 2534866
1031 7118 2534866
2805 7142 2534867
4579 7136 2534867
5976 7142 2534874
5976 7115 2534881
5976 7117 2534892
5976 7118 2534893
5976 7117 2534898
5976 7137 2534905
1911 7122 2534915
4574 7120 2534923
493 7118 2534925
1911 7115 2534926
2368 7143 2534935
2368 7134 2534942
2368 7142 2534954
1036 7120 2534958
3505 7140 2534965
3505 7140 2534969
2368 7138 2534973
3505 7140 2534980
2368 7122 2534993
2368 7138 2534999
1031 7117 2535013
1031 7120 2535014
1031 7117 2535018
1031 7117 2535027
1031 7120 2535028
6006 7122 2535032
4574 7119 2535060
2919 7115 2535088
6568 7138 2535101
1036 7117 2535104
1378 7134 2535110
6568 7142 2535125
3505 7124 2535128
2518 7115 2535138
3505 7135 2535139
2156 7122 2535158
2156 7135 2535164
1911 7138 2535170
4862 7117 2535170
1911 7118 2535171
2156 7135 2535176
1911 7134 2535177
4862 7134 2535179
1911 7142 2535181
1947 7118 2535192
2518 7115 2535235
6363 7115 2535244
4579 7138 2535244
4579 7136 2535245
4305 7123 2535245
4305 7121 2535246
1911 7134 2535251
2518 7117 2535253
2518 7119 2535273
4579 7134 2535277
1036 7120 2535279
1378 7117 2535305
4579 7142 2535307
2518 7119 2535308
1031 7119 2535318
1031 7120 2535319
6363 7134 2535334
2156 7143 2535345
4862 7117 2535346
1036 7117 2535349
2156 7136 2535386
2518 7119 2535401
2550 7135 2535414
6447 7120 2535419
2518 7119 2535430
2518 7123 2535442
2919 7118 2535509
3738 7123 2535524
2518 7123 2535531
2550 7141 2535551
2550 7141 2535553
2550 7138 2535555
2518 7135 2535599
2518 7142 2535613
1249 7138 2535619
1249 7135 2535625
1249 7138 2535632
1515 7123 2535660
1036 7117 2535842
1036 7137 2535864
1036 7137 2535866
1036 7137 2535869
1036 7119 2535897
1036 7120 2535899
2254 7120 2535918
2104 7123 2535926
1515 7140 2535933
1515 7135 2535936
1515 7124 2535937
4862 7117 2535999
1031 7123 2536024
1031 7121 2536024
2104 7140 2536026
2104 7135 2536028
2104 7124 2536028
2104 7117 2536033
6006 7115 2536036
2104 7135 2536039
6006 7115 2536042
6006 7117 2536098
1031 7142 2536147
6006 7120 2536152
4305 7135 2536173
4305 7124 2536174
4862 7134 2536181
2668 7118 2536210
2668 7117 2536271
1249 7143 2536310
1645 7115 2536314
1378 7117 2536316
1249 7143 2536320
7 7115 2536341
5506 7115 2536351
5506 7115 2536354
693 7115 2536359
6999 7119 2536359
6999 7120 2536360
6999 7119 2536361
6653 7115 2536364
1378 7137 2536369
7 7117 2536397
1378 7117 2536410
1378 7120 2536410
3505 7135 2536416
7 7119 2536441
1645 7115 2536448
1645 7118 2536451
7 7119 2536494
3505 7141 2536495
3505 7141 2536497
3505 7141 2536510
7 7119 2536511
7 7119 2536545
1378 7119 2536554
7 7123 2536585
3505 7141 2536591
3505 7136 2536599
3738 7135 2536600
3505 7138 2536600
7 7135 2536610
5545 7115 2536613
5545 7115 2536616
3505 7134 2536616
3505 7142 2536626
3505 7134 2536638
1036 7119 2536647
4862 7119 2536661
7 7134 2536669
4862 7117 2536670
1031 7135 2536673
1031 7124 2536674
4862 7117 2536675
558 7138 2536690
4862 7137 2536718
4862 7137 2536719
4862 7137 2536722
4862 7142 2536740
2104 7135 2536744
4553 7142 2536747
1036 7139 2536764
1036 7123 2536768
1036 7121 2536769
4862 7119 2536821
2104 7134 2536832
2104 7136 2536833
4862 7123 2536833
4862 7115 2536833
2104 7142 2536839
6006 7122 2536912
6006 7119 2536918
5443 7138 2536925
6006 7123 2536934
6006 7119 2536944
1031 7143 2536968
1031 7143 2536977
1517 7123 2536996
1517 7121 2536998
1517 7123 2537001
2104 7135 2537003
2104 7141 2537011
2104 7134 2537018
693 7117 2537026
5506 7115 2537029
693 7115 2537031
693 7117 2537034
5506 7115 2537043
1128 7115 2537051
5506 7117 2537058
5506 7117 2537065
5506 7115 2537069
1645 7138 2537076
1645 7117 2537187
1645 7118 2537188
1515 7135 2537199
3113 7138 2537227
6899 7115 2537245
1722 7123 2537302
1515 7141 2537315
5545 7117 2537317
1515 7138 2537318
1515 7136 2537319
5545 7117 2537320
6256 7134 2537358
1031 7136 2537367
3738 7138 2537412
3430 7115 2537449
3430 7118 2537450
1036 7123 2537498
3430 7134 2537532
5506 7115 2537593
6017 7138 2537594
6899 7117 2537596
6899 7118 2537597
3430 7115 2537601
3430 7134 2537606
6999 7123 2537631
6999 7121 2537631
6999 7123 2537633
1722 7140 2537656
1722 7135 2537658
1722 7124 2537659
1722 7135 2537661
2668 7120 2537687
1036 7140 2537697
1036 7140 2537700
1006 7122 2537703
1036 7140 2537708
1006 7119 2537710
1036 7135 2537721
1036 7124 2537723
1517 7123 2537742
410 7115 2537796
1645 7119 2537898
1645 7120 2537899
1282 7138 2537926
5545 7117 2537933
5545 7120 2537934
5545 7117 2537936
5545 7118 2537942
6899 7119 2537971
6899 7120 2537972
4305 7138 2537998
4305 7136 2537999
6899 7119 2538006
6899 7121 2538008
1517 7123 2538017
1517 7124 2538023
1517 7123 2538060
6999 7135 2538078
1515 7143 2538078
6999 7124 2538079
6999 7135 2538080
1517 7140 2538088
1517 7140 2538090
1515 7134 2538090
1517 7135 2538093
1517 7135 2538096
2668 7119 2538103
693 7117 2538104
693 7117 2538132
693 7120 2538132
1036 7136 2538132
693 7117 2538137
693 7137 2538145
693 7119 2538147
5506 7117 2538148
5506 7118 2538150
1036 7135 2538150
5506 7117 2538157
5236 7123 2538200
5236 7121 2538201
6250 7138 2538203
6256 7115 2538253
1036 7141 2538255
6250 7115 2538256
1036 7141 2538256
1036 7138 2538258
6250 7118 2538266
1515 7142 2538285
6261 7115 2538307
6256 7115 2538310
3430 7117 2538348
3430 7118 2538349
6899 7123 2538417
6899 7121 2538418
4305 7138 2538473
1036 7143 2538542
1036 7138 2538556
6999 7135 2538557
6999 7134 2538567
6999 7136 2538568
5325 7122 2538586
5545 7134 2538609
851 7134 2538611
5545 7120 2538613
1645 7123 2538647
1645 7121 2538648
4982 7115 2538775
1282 7143 2538854
693 7119 2538854
6899 7135 2538863
6899 7124 2538864
3738 7143 2538868
3738 7143 2538877
693 7115 2538887
693 7117 2538893
851 7134 2538893
1517 7135 2538894
693 7117 2538908
410 7117 2538916
410 7118 2538918
6261 7134 2538940
6261 7118 2538941
851 7138 2538948
851 7134 2538949
1517 7141 2538971
5506 7120 2538975
1517 7141 2538976
3738 7143 2538980
3738 7143 2538989
1517 7135 2538993
1517 7136 2538995
1517 7138 2539007
1645 7123 2539084
1645 7124 2539086
3430 7119 2539114
3430 7120 2539115
2668 7121 2539132
5600 7115 2539135
3430 7119 2539136
5600 7117 2539144
5600 7137 2539163
5600 7119 2539165
5600 7120 2539166
5600 7119 2539174
6256 7117 2539178
6256 7117 2539185
5600 7139 2539205
5600 7123 2539206
5600 7121 2539209
5600 7139 2539210
5600 7123 2539227
5600 7123 2539230
6832 7122 2539233
5600 7123 2539235
5600 7123 2539236
6832 7123 2539240
6832 7123 2539248
6832 7124 2539251
6899 7138 2539280
6899 7136 2539281
6899 7135 2539285
6899 7134 2539290
693 7119 2539310
693 7119 2539314
6899 7142 2539315
4982 7117 2539393
4982 7118 2539394
4982 7115 2539404
4982 7120 2539405
5600 7140 2539409
4982 7117 2539410
5600 7140 2539414
5600 7140 2539417
5600 7135 2539424
5600 7124 2539425
4305 7143 2539429
5600 7135 2539433
4305 7143 2539442
5600 7141 2539464
1645 7135 2539471
1645 7124 2539472
5600 7141 2539474
5236 7135 2539474
5600 7141 2539475
5236 7124 2539475
5600 7138 2539478
5600 7136 2539479
6261 7115 2539479
5236 7136 2539483
6148 7138 2539491
4305 7143 2539503
4305 7143 2539505
4305 7143 2539512
693 7119 2539514
4305 7143 2539525
693 7139 2539566
693 7123 2539569
6148 7143 2539640
6148 7143 2539659
2104 7138 2539706
4305 7117 2539796
4305 7117 2539799
4305 7137 2539815
4305 7119 2539817
4305 7120 2539817
4305 7119 2539820
4305 7139 2539831
4305 7123 2539833
4305 7121 2539834
4305 7123 2539837
6256 7120 2539855
1282 7143 2539883
5600 7143 2539894
5600 7143 2539896
4305 7140 2539905
4305 7135 2539908
4305 7124 2539908
4305 7135 2539911
5100 7117 2539917
5100 7117 2539922
4305 7141 2539952
4305 7141 2539953
4305 7141 2539963
4305 7136 2539968
4982 7117 2540056
4982 7137 2540068
4982 7119 2540071
4982 7120 2540071
2550 7143 2540134
6832 7135 2540154
6832 7124 2540154
1285 7138 2540200
1285 7138 2540222
6261 7117 2540244
6261 7118 2540245
1645 7136 2540253
956 7134 2540291
956 7120 2540292
956 7138 2540296
1285 7122 2540373
693 7123 2540382
2550 7143 2540390
1285 7122 2540424
1285 7115 2540448
2550 7143 2540488
1285 7117 2540489
693 7140 2540522
693 7135 2540524
1006 7121 2540541
1285 7115 2540544
2104 7134 2540617
1006 7119 2540621
2100 7118 2540630
1006 7119 2540669
1285 7115 2540682
3468 7122 2540693
2104 7134 2540696
3468 7117 2540699
1285 7117 2540699
2104 7138 2540701
4224 7122 2540709
1285 7119 2540778
4982 7119 2540786
1006 7119 2540813
4982 7139 2540816
4224 7117 2540817
4982 7123 2540819
4982 7121 2540819
1285 7119 2540823
4224 7119 2540838
6832 7135 2540910
4574 7121 2540916
1783 7117 2540949
2679 7115 2540965
1285 7123 2540973
1285 7121 2540976
6832 7141 2540984
6832 7138 2540988
6832 7136 2540989
1285 7123 2541046
1722 7138 2541050
1722 7136 2541051
1722 7135 2541055
6261 7119 2541133
6261 7120 2541134
1722 7141 2541145
1722 7138 2541147
1722 7136 2541147
6832 7143 2541196
6832 7143 2541206
6832 7134 2541216
6261 7119 2541230
6261 7121 2541231
1285 7123 2541234
1285 7135 2541261
1285 7122 2541316
2679 7115 2541317
693 7135 2541340
956 7143 2541402
693 7141 2541427
693 7138 2541458
3468 7117 2541481
3523 7115 2541500
1006 7134 2541512
6261 7119 2541528
6261 7121 2541529
4224 7119 2541555
4224 7119 2541559
410 7119 2541577
410 7120 2541578
4982 7123 2541582
410 7115 2541582
410 7121 2541582
410 7117 2541586
410 7118 2541587
410 7117 2541589
410 7137 2541610
3468 7142 2541614
3468 7120 2541616
410 7137 2541617
4224 7139 2541627
4224 7139 2541631
4224 7123 2541635
410 7119 2541635
410 7120 2541636
4224 7119 2541639
1517 7138 2541642
4224 7123 2541643
1006 7142 2541714
4982 7140 2541744
3468 7117 2541745
4982 7140 2541746
4982 7140 2541748
3468 7137 2541752
3468 7137 2541754
4982 7135 2541754
4982 7124 2541755
1378 7119 2541840
1378 7119 2541847
1378 7121 2541847
1378 7119 2541849
1378 7119 2541852
2679 7117 2541902
1378 7139 2541908
1378 7123 2541922
693 7143 2541926
693 7119 2541933
693 7119 2541938
3468 7117 2541940
693 7121 2541954
3468 7122 2541992
3468 7119 2542003
4224 7119 2542103
4224 7123 2542107
4224 7123 2542113
4224 7123 2542123
4224 7124 2542123
1554 7117 2542219
1554 7119 2542257
1554 7120 2542258
1554 7119 2542260
1554 7123 2542267
1554 7121 2542267
1554 7123 2542271
1554 7135 2542276
1554 7124 2542276
1554 7135 2542278
1554 7138 2542286
1554 7136 2542287
410 7119 2542287
6261 7123 2542287
6261 7121 2542288
1517 7143 2542297
1517 7134 2542304
1517 7134 2542329
410 7139 2542335
410 7123 2542337
410 7121 2542338
1517 7138 2542417
1783 7119 2542448
1378 7123 2542491
4982 7135 2542532
4982 7141 2542576
4224 7123 2542626
4982 7141 2542626
4982 7138 2542633
4982 7136 2542634
693 7143 2542660
1380 7115 2542662
1380 7117 2542671
1378 7140 2542684
1378 7123 2542686
1378 7135 2542695
1517 7143 2542740
1517 7134 2542765
693 7143 2542779
1517 7138 2542790
4224 7140 2542792
4224 7140 2542793
4224 7135 2542796
4224 7123 2542801
4224 7135 2542805
826 7138 2542943
1517 7143 2542957
693 7143 2542961
1517 7134 2542963
3468 7119 2542970
2679 7119 2542971
693 7143 2542972
826 7138 2542974
826 7115 2542985
693 7122 2542996
1517 7138 2543016
3468 7139 2543061
3468 7121 2543071
1517 7143 2543124
1517 7143 2543126
1517 7134 2543168
1517 7138 2543211
6261 7135 2543290
6261 7124 2543291
1783 7121 2543330
1783 7119 2543332
1783 7117 2543332
1783 7119 2543333
1783 7117 2543334
410 7123 2543377
2104 7143 2543386
2104 7143 2543397
2104 7143 2543406
1783 7119 2543422
1517 7143 2543434
1517 7143 2543441
1517 7142 2543452
1378 7135 2543481
826 7117 2543539
826 7118 2543540
1378 7141 2543587
1378 7138 2543641
410 7140 2543643
410 7135 2543646
410 7124 2543646
4705 7115 2543650
2679 7123 2543676
4224 7135 2543804
4224 7141 2543863
4224 7141 2543876
4224 7138 2543885
4224 7135 2543889
826 7115 2543892
826 7120 2543893
4224 7142 2543894
826 7117 2543898
826 7118 2543899
826 7119 2543910
826 7120 2543911
826 7138 2543918
826 7121 2543919
826 7134 2543926
4224 7138 2543927
4982 7143 2544007
6261 7138 2544069
6261 7136 2544070
4982 7143 2544128
4982 7134 2544144
4982 7142 2544158
1380 7119 2544311
1380 7118 2544313
1783 7119 2544349
410 7138 2544364
410 7136 2544366
4224 7143 2544388
2679 7124 2544482
1380 7117 2544842
1380 7137 2544856
1380 7123 2544861
1380 7120 2544862
410 7138 2544901
1722 7143 2545134
1722 7143 2545215
4031 7115 2545430
4031 7118 2545466
1378 7143 2545467
1378 7143 2545482
1378 7143 2545491
1378 7143 2545492
1380 7119 2545782
1380 7139 2545825
1380 7135 2545830
1380 7121 2545831
410 7143 2546245
410 7143 2546380
410 7143 2546407
1380 7123 2546448
1380 7140 2546645
1380 7142 2546660
1380 7124 2546661
1380 7134 2546824
15 7115 2546886
5094 7115 2547117
5094 7117 2547120
5094 7137 2547162
5094 7115 2547167
1380 7135 2547370
1380 7141 2547495
1380 7134 2547584
1380 7138 2547684
1380 7136 2547686
6799 7115 2547949
6799 7115 2547998
15 7118 2548694
6799 7115 2548840
1380 7143 2549186
1380 7143 2549343
1380 7122 2549388
1783 7119 2551871
3791 7115 2553559
3791 7118 2554230
3791 7115 2554254
1783 7119 2554273
3791 7122 2554683
3791 7117 2554690
1783 7138 2555496
1783 7123 2555498
1783 7123 2556696
1783 7119 2556769
1783 7123 2556771
1783 7124 2556777
1783 7115 2556794
1783 7117 2556796
1783 7119 2556816
1783 7115 2557651
1783 7142 2557675
1783 7117 2557676
1783 7137 2557780
1783 7119 2557866
1783 7139 2557951
1783 7123 2557956
1783 7140 2558316
1783 7135 2558321
1783 7141 2558457
1783 7135 2558480
1783 7136 2558485
1783 7135 2558488
31 7138 2560575
4329 7138 2561416
31 7143 2562833
31 7122 2562982
31 7138 2562994
31 7143 2563023
5506 7122 2566240
5506 7117 2566250
5506 7119 2566297
5506 7135 2566298
5506 7119 2566308
1425 7122 2570657
5545 7134 2570982
