8244 "[(40, 0, 3226), (68, 3, 20820), (40, 0, 30522), (233, 0, 368014), (1176, 3, 658198), (68, 3, 659408), (983, 3, 687499), (233, 0, 808532), (40, 0, 940948), (233, 0, 1839174), (40, 0, 2185594)]"
47 "[(8271, 3, 4399), (8271, 3, 4508), (8271, 3, 5037), (8271, 3, 49369), (8271, 3, 49654), (8271, 3, 50068), (8271, 3, 50322), (8271, 3, 50352), (8271, 3, 50527), (8271, 3, 50785), (8271, 3, 50946), (8271, 3, 50988), (8271, 3, 51023), (8271, 3, 51067), (8271, 3, 51361), (8271, 3, 52007), (8271, 3, 57916), (8271, 3, 58108), (8271, 3, 59361), (8271, 3, 59384), (8271, 3, 59429), (8271, 3, 59610), (8271, 3, 59934), (8271, 3, 59980), (8271, 3, 60652), (8271, 3, 60693), (8271, 3, 68554), (8271, 3, 81087), (8271, 3, 81975), (8271, 3, 82184), (8271, 3, 82382), (8271, 3, 82414), (8271, 3, 82622), (8271, 3, 83156), (8271, 3, 85701), (8271, 3, 145935), (8271, 3, 146164), (8271, 3, 146399), (8271, 3, 203756), (8271, 3, 203976), (8271, 3, 204232), (8271, 3, 204572), (8271, 3, 204642), (8271, 3, 204872), (8271, 3, 205273), (8271, 3, 205823), (8271, 3, 206028), (8271, 3, 206320), (8271, 3, 399633), (8271, 3, 399965), (8271, 3, 400409), (8271, 3, 400778), (8271, 3, 401059), (8271, 3, 401098), (8271, 3, 401413), (8271, 3, 401626), (8271, 3, 401843), (8271, 3, 402019), (8271, 3, 578920), (8271, 3, 580352), (8271, 3, 580399), (8271, 3, 580953), (8271, 3, 581008), (8271, 3, 751193), (8271, 3, 751421), (8271, 3, 751605), (8271, 3, 752048), (8271, 3, 752282), (8271, 3, 754050), (8271, 3, 754104), (8271, 3, 754366), (8271, 3, 761427), (8271, 3, 761615), (8271, 3, 761971), (8271, 3, 762320), (8271, 3, 762551), (8271, 3, 762784), (8271, 3, 763233), (8271, 3, 763515), (8271, 3, 824723), (8271, 3, 824945), (8271, 3, 825325), (8271, 3, 825575), (8271, 3, 825623), (8271, 3, 826004), (8271, 3, 826305), (8271, 3, 1248037), (8271, 3, 1248705), (8271, 3, 1249025), (8271, 3, 1249785), (8271, 3, 1250308), (8271, 3, 1251865), (8271, 3, 1258654), (8271, 3, 2371110), (8271, 3, 2371452)]"
8278 "[(55, 2, 4780), (146, 2, 17922), (146, 2, 17972), (198, 2, 25113), (198, 2, 90599), (198, 2, 90613), (537, 0, 230884), (71, 3, 253000), (146, 2, 275810), (1013, 0, 335141), (1376, 2, 678787), (1376, 2, 678804), (1376, 2, 679777), (1376, 2, 679842), (71, 3, 936335), (559, 2, 964766), (4075, 0, 969372), (4075, 0, 969416), (4075, 0, 969472), (4076, 0, 969641), (4076, 0, 969710), (4076, 0, 970057), (140, 2, 970208), (1779, 2, 979631), (4075, 0, 1007776), (4075, 0, 1012278), (1376, 2, 1039893), (1376, 2, 1040889), (1376, 2, 1040904), (233, 0, 1060973), (1552, 3, 1063541), (1376, 2, 1097724), (1376, 2, 1097798), (17, 0, 1118203), (1376, 2, 1999174)]"
8285 "[(22, 0, 5721), (433, 2, 60942), (233, 0, 538301), (17, 0, 580995), (3262, 0, 707413), (3262, 0, 707505), (4085, 3, 1333248), (509, 0, 1349324), (4085, 3, 1470349), (742, 0, 1493964), (611, 0, 1636311), (6225, 0, 1723782), (1305, 3, 1778607), (695, 3, 1802765), (695, 3, 1802787), (695, 3, 1802812), (695, 3, 1806492), (233, 0, 2015103), (4085, 3, 2363236)]"
73 "[(8294, 0, 6937), (8297, 0, 7116), (8234, 3, 7128), (8433, 2, 37800), (8434, 2, 37961), (8404, 2, 37980), (8534, 0, 117372), (8407, 2, 117998), (8354, 0, 118022), (8283, 0, 118041), (8888, 3, 823795), (8462, 0, 823861), (8339, 3, 823982), (8678, 3, 823989), (8413, 2, 824051), (8603, 3, 824163), (9012, 3, 887811), (8678, 3, 887857), (8543, 2, 887975), (8429, 2, 888111), (8755, 3, 888158), (8846, 3, 888495), (8999, 0, 979335), (8380, 2, 979366), (8429, 2, 979535), (9048, 3, 1077626), (8294, 0, 1077676), (9045, 3, 1079401), (8828, 0, 1165759), (8832, 0, 1166013), (8429, 2, 1166122), (8296, 3, 1166141), (8367, 2, 2163192), (8895, 3, 2186002), (8790, 0, 2186242), (9157, 0, 2186404), (8250, 3, 2186485), (9068, 2, 2186487), (8298, 2, 2186670), (9203, 0, 2186672), (8617, 2, 2186699), (9166, 3, 2186705), (9054, 3, 2279890), (9164, 2, 2335486), (8319, 3, 2335753), (8731, 0, 2335968), (9092, 3, 2336054), (8590, 3, 2336081), (9160, 3, 2336192), (9133, 3, 2336271), (8624, 0, 2356044), (9164, 2, 2356141), (8545, 3, 2356190), (8943, 0, 2356270), (8295, 0, 2356298), (9054, 3, 2356336), (9157, 0, 2356352), (8734, 3, 2356418), (8331, 2, 2356952)]"
8300 "[(83, 0, 8243), (83, 0, 8283), (479, 0, 102737), (1173, 0, 285132), (608, 2, 1079757), (608, 2, 1079813), (608, 2, 1457586)]"
8316 "[(103, 2, 11710), (1263, 3, 323336), (1263, 3, 323352), (1263, 3, 323515), (17, 0, 438426), (527, 0, 559791), (143, 3, 1722410), (2943, 2, 2006087), (2943, 2, 2142471)]"
8318 "[(105, 3, 11862), (228, 3, 29220), (228, 3, 29338), (228, 3, 29425), (228, 3, 29775), (228, 3, 29795), (228, 3, 29913), (228, 3, 29970), (17, 0, 37052), (288, 3, 53585), (423, 3, 59854), (728, 0, 103952), (728, 0, 104017), (482, 3, 143901), (437, 2, 151633), (537, 0, 155163), (537, 0, 212085), (695, 3, 245484), (429, 2, 297206), (1866, 2, 367928), (2200, 0, 439873), (437, 2, 499307), (437, 2, 519627), (17, 0, 519929), (2545, 0, 523920), (233, 0, 540814), (695, 3, 580909), (233, 0, 626705), (482, 3, 682481), (1970, 0, 757695), (17, 0, 766357), (437, 2, 766813), (437, 2, 775588), (68, 3, 777361), (437, 2, 786529), (233, 0, 810582), (537, 0, 824981), (537, 0, 834833), (437, 2, 877022), (105, 3, 900229), (350, 0, 908010), (1635, 0, 910858), (437, 2, 929958), (3994, 3, 942519), (3715, 3, 1001348), (537, 0, 1010961), (537, 0, 1067866), (2833, 3, 1088569), (3871, 0, 1105810), (537, 0, 1113556), (437, 2, 1113783), (497, 0, 1188173), (17, 0, 1262916), (319, 2, 1315999), (437, 2, 1384278), (437, 2, 1384338), (437, 2, 1390026), (4752, 0, 1436321), (4016, 3, 1519458), (1866, 2, 1651479), (537, 0, 1792445), (17, 0, 2268685), (319, 2, 2308264), (1999, 2, 2367889), (1820, 2, 2396372), (1820, 2, 2399944), (537, 0, 2415819), (17, 0, 2449659), (537, 0, 2450435), (3871, 0, 2546632), (1820, 2, 2676693)]"
115 "[(8325, 0, 14097), (8575, 3, 1346953)]"
116 "[(8283, 0, 14115), (8283, 0, 14841), (8283, 0, 16298), (8283, 0, 86809), (8283, 0, 429124), (8257, 2, 1046989), (8257, 2, 1172027), (8257, 2, 1182893), (8257, 2, 1183054)]"
148 "[(8341, 2, 17988), (8583, 2, 159529), (8343, 0, 415910), (8282, 0, 485162), (8314, 0, 485950), (8883, 3, 493258), (8343, 0, 578211), (8301, 0, 740020), (8777, 2, 1184973), (8801, 2, 1190802), (8283, 0, 1261641), (8463, 0, 2143963), (9223, 3, 2481304), (9124, 3, 2487158), (8312, 2, 2655934)]"
150 "[(8315, 0, 18349), (8619, 0, 145712), (8619, 0, 183053), (8315, 0, 439799)]"
163 "[(8283, 0, 20156), (8548, 0, 342620), (8283, 0, 424867), (8283, 0, 424929), (8548, 0, 519201), (8548, 0, 655243), (8548, 0, 655286), (8548, 0, 1144218), (8290, 2, 1518109), (9071, 2, 1632451), (9071, 2, 1744503), (8548, 0, 2336643)]"
8355 "[(167, 0, 20569), (437, 2, 61091), (437, 2, 61266), (437, 2, 156423), (611, 0, 201029), (611, 0, 346964), (611, 0, 350499), (437, 2, 517748), (437, 2, 682592), (156, 0, 961100), (248, 3, 961187), (2230, 2, 1035919), (1432, 0, 1276069), (3774, 0, 1489200), (125, 2, 2107072), (3323, 2, 2322755), (2230, 2, 2344415), (691, 2, 2442263), (691, 2, 2442338), (691, 2, 2442385), (691, 2, 2529877)]"
8366 "[(213, 2, 26914), (731, 3, 307276), (39, 2, 1070964), (39, 2, 1258091), (213, 2, 1337251), (4473, 3, 2395105), (1013, 0, 2409635)]"
220 "[(8261, 2, 29756), (8261, 2, 29795), (8261, 2, 33411), (8261, 2, 40149), (8936, 2, 605896), (8936, 2, 606235), (8411, 2, 617136), (8411, 2, 617208), (8936, 2, 634984), (8794, 2, 637958), (8402, 2, 1219383), (8794, 2, 1913313), (8794, 2, 1979611)]"
8291 "[(233, 0, 33454), (608, 2, 79670), (608, 2, 79687), (940, 2, 147929), (1041, 3, 163228), (1726, 3, 751615), (233, 0, 2014165), (954, 0, 2095795)]"
8405 "[(233, 0, 35444), (233, 0, 36128), (40, 0, 36339), (385, 0, 55271), (3249, 2, 1364835), (782, 0, 1537064), (233, 0, 1924485)]"
8448 "[(302, 0, 42618), (40, 0, 884716), (1853, 0, 953296), (1853, 0, 953371), (4752, 0, 1755737), (4752, 0, 1755763)]"
303 "[(8385, 0, 42627), (8450, 0, 43022), (8546, 3, 207147), (8823, 2, 374062), (8461, 0, 595377), (8969, 3, 808898), (8540, 2, 830594), (8540, 2, 917097), (8312, 2, 917154), (8540, 2, 939914), (8540, 2, 1025467), (8702, 3, 1330488), (9064, 0, 1337851), (8581, 2, 1415688), (8401, 0, 1415773), (8971, 2, 1415933), (8816, 0, 1577662), (8344, 2, 1585575), (8514, 2, 1971049), (9194, 0, 2048575), (8286, 2, 2150176), (9168, 2, 2275572), (8526, 0, 2293545), (9125, 0, 2293572), (8555, 2, 2451026)]"
317 "[(8374, 0, 44194), (8883, 3, 513154), (8883, 3, 513155), (8260, 3, 1632528), (8260, 3, 1632600), (8665, 3, 2275413)]"
318 "[(8302, 3, 44232), (8302, 3, 44306), (8302, 3, 50565), (8302, 3, 50612), (8302, 3, 51086), (8302, 3, 51206), (8302, 3, 51260), (8302, 3, 51287), (8372, 2, 152603), (8622, 2, 153166), (8622, 2, 164278), (8622, 2, 164404), (8887, 3, 492943), (8887, 3, 553447), (8887, 3, 596332), (8887, 3, 604412), (8261, 2, 617452), (8339, 3, 738459), (8887, 3, 852816), (8887, 3, 852876), (8887, 3, 852929), (8887, 3, 852981), (8887, 3, 853545), (8887, 3, 870869), (8887, 3, 871113), (8617, 2, 900927), (8887, 3, 907921), (8887, 3, 908018), (8887, 3, 1043591), (8887, 3, 1043611), (8887, 3, 1043714), (9045, 3, 1064236), (9045, 3, 1064253), (8806, 2, 1066040), (8806, 2, 1066587), (8806, 2, 1066954), (8887, 3, 1200926), (8887, 3, 1201059), (9069, 3, 1211388), (9069, 3, 1211613), (9069, 3, 1304295), (9096, 3, 1304998), (8887, 3, 1431983), (8887, 3, 1432040), (8887, 3, 1435189), (8887, 3, 1435313), (9080, 2, 2232895), (9080, 2, 2232956), (8887, 3, 2579156), (8887, 3, 2579388), (8887, 3, 2579484), (8887, 3, 2579573)]"
8458 "[(335, 0, 47811), (233, 0, 365139), (1306, 2, 393127), (5000, 3, 1273180), (4085, 3, 1320989), (2881, 0, 1816586), (233, 0, 2097701), (5037, 2, 2224411)]"
351 "[(8438, 3, 49009), (8339, 3, 722589), (8726, 2, 879591), (8463, 0, 1984185)]"
8467 "[(353, 0, 49064), (371, 0, 133790), (63, 0, 290559), (353, 0, 567133), (353, 0, 567313), (353, 0, 567440), (353, 0, 657429), (557, 2, 848489), (17, 0, 1080478), (353, 0, 1166647), (353, 0, 1256118), (353, 0, 1256316), (353, 0, 1257776), (353, 0, 1368234), (17, 0, 1400037), (353, 0, 1430506), (353, 0, 1430586), (353, 0, 1430662), (353, 0, 1518436), (353, 0, 1529287), (762, 0, 1577090), (477, 3, 1590777), (353, 0, 1636791), (353, 0, 1636996), (353, 0, 1705584), (353, 0, 1778266), (353, 0, 1863293), (353, 0, 1945672), (17, 0, 1966071), (353, 0, 1972823), (353, 0, 1972856), (17, 0, 2044507), (353, 0, 2062430), (1912, 0, 2095433), (353, 0, 2122733), (353, 0, 2122785), (353, 0, 2122932), (353, 0, 2123053), (353, 0, 2123080), (353, 0, 2156346), (63, 0, 2176461), (63, 0, 2180526), (4481, 0, 2184770), (353, 0, 2203881), (353, 0, 2204118), (353, 0, 2204169), (353, 0, 2218875), (353, 0, 2219074), (353, 0, 2219123), (353, 0, 2219396), (1912, 0, 2226750), (371, 0, 2228892), (371, 0, 2228988), (353, 0, 2235796), (63, 0, 2245938), (1912, 0, 2257698), (3323, 2, 2258543), (1277, 3, 2277166), (1277, 3, 2277188), (353, 0, 2291168), (2528, 2, 2316724), (353, 0, 2325000), (353, 0, 2490164), (353, 0, 2490269), (353, 0, 2490301), (353, 0, 2670308)]"
369 "[(8252, 0, 51976)]"
384 "[(8252, 0, 54422), (8252, 0, 54619), (8252, 0, 54900), (8261, 2, 56581), (8411, 2, 162157), (8372, 2, 163344), (8252, 0, 253972), (8252, 0, 416947), (8887, 3, 447521), (8466, 2, 596693), (8887, 3, 599423), (8466, 2, 629133), (8341, 2, 663389), (8252, 0, 1644587), (8558, 3, 1790511), (9166, 3, 1790938), (9166, 3, 1791304), (9166, 3, 1791462), (9166, 3, 1791485), (9166, 3, 1803410), (9166, 3, 1811917), (9166, 3, 1815521), (9166, 3, 2140262), (8252, 0, 2221866), (8252, 0, 2228302)]"
398 "[(8427, 3, 56761), (8427, 3, 56803), (8427, 3, 56873), (8583, 2, 1028646), (8346, 0, 1292778), (8346, 0, 1292820), (9041, 0, 1468180), (9041, 0, 1468221)]"
407 "[(8341, 2, 57901)]"
426 "[(8411, 2, 60270), (8372, 2, 61108), (8295, 0, 599956)]"
8500 "[(428, 2, 60280), (428, 2, 319165), (428, 2, 412974), (233, 0, 452293), (428, 2, 516570), (68, 3, 517836), (68, 3, 523996), (428, 2, 668365), (428, 2, 668456), (428, 2, 1453369), (428, 2, 1527190)]"
8423 "[(432, 2, 60619), (432, 2, 60934), (331, 2, 60959), (331, 2, 61356), (331, 2, 61406), (449, 3, 62363), (449, 3, 62414), (449, 3, 62717), (449, 3, 62744), (456, 2, 62993), (466, 3, 63593), (470, 3, 64053), (471, 3, 64218), (471, 3, 64277), (480, 2, 64918), (482, 3, 65069), (482, 3, 65128), (449, 3, 65229), (449, 3, 65323), (482, 3, 65416), (499, 3, 66727), (499, 3, 66765), (511, 3, 67917), (517, 2, 68660), (517, 2, 68662), (539, 2, 71389), (543, 2, 71534), (404, 0, 72634), (404, 0, 72665), (449, 3, 73195), (558, 2, 73198), (449, 3, 73244), (374, 0, 73476), (563, 3, 73675), (449, 3, 73916), (165, 0, 74328), (165, 0, 74462), (165, 0, 74502), (165, 0, 74536), (165, 0, 74570), (165, 0, 74712), (165, 0, 74764), (165, 0, 74795), (68, 3, 76041), (595, 2, 78125), (595, 2, 78205), (595, 2, 78266), (595, 2, 78356), (595, 2, 78379), (68, 3, 79594), (119, 3, 84921), (644, 2, 85730), (68, 3, 87042), (421, 3, 90449), (760, 2, 109227), (761, 2, 109583), (761, 2, 109622), (480, 2, 135960), (68, 3, 137210), (892, 3, 140252), (449, 3, 142869), (449, 3, 143193), (449, 3, 143301), (449, 3, 143354), (449, 3, 143440), (437, 2, 146795), (233, 0, 286442), (1793, 3, 401170), (1793, 3, 404319), (1778, 2, 472495), (1778, 2, 499936), (423, 3, 681330), (449, 3, 964071), (449, 3, 1028563), (449, 3, 1028885), (3871, 0, 1093167), (3871, 0, 1094525), (4492, 2, 1097400), (437, 2, 1113107), (437, 2, 1113210), (437, 2, 1132522), (437, 2, 1132668), (437, 2, 1132727), (1970, 0, 1176439), (437, 2, 1206926), (4085, 3, 1222842), (437, 2, 1446014), (1754, 2, 1615650), (437, 2, 1644586), (383, 2, 2062771), (4085, 3, 2546431), (45, 3, 2616618), (2943, 2, 2653180)]"
435 "[(8450, 0, 61028), (8463, 0, 316272), (8643, 3, 319832)]"
445 "[(8279, 2, 61599), (8315, 0, 61814), (8828, 0, 403289), (8828, 0, 403482), (8828, 0, 410010), (8828, 0, 410187), (8828, 0, 466189), (8828, 0, 507832), (8828, 0, 508062), (8828, 0, 666138), (8828, 0, 690039), (8513, 0, 1008906), (8678, 3, 1016420), (8678, 3, 1016473), (8315, 0, 1294691), (8315, 0, 1294850), (9140, 3, 1801131), (9140, 3, 1802846), (9140, 3, 1805755), (9140, 3, 1805828), (9140, 3, 1805954), (9140, 3, 1806047), (9140, 3, 1806176), (9140, 3, 1806309), (9140, 3, 1806500), (9140, 3, 1806561), (9140, 3, 1806761), (9140, 3, 1806804), (9140, 3, 1807172), (9140, 3, 1807268), (9140, 3, 1807346), (9140, 3, 1807591), (9140, 3, 1810426), (9140, 3, 1810585), (9140, 3, 1810807), (9140, 3, 1810968), (9140, 3, 1868927), (9140, 3, 1868963), (9140, 3, 1868987), (9140, 3, 1869049), (9140, 3, 1889578), (9140, 3, 1891369), (8762, 0, 2224585)]"
506 "[(8283, 0, 67609), (8283, 0, 67886), (8531, 0, 69478), (8283, 0, 71817), (8283, 0, 253522), (8283, 0, 253808), (8283, 0, 253836), (8283, 0, 286728), (8283, 0, 381760), (8283, 0, 568853), (8283, 0, 572889), (8283, 0, 598116), (8531, 0, 646744), (8283, 0, 648099), (8283, 0, 762095), (8283, 0, 762110), (8670, 0, 817496), (8531, 0, 854864), (8670, 0, 857024), (8283, 0, 908346), (8531, 0, 937125), (8670, 0, 937972), (8670, 0, 990955), (8670, 0, 993675), (8283, 0, 1076967), (8670, 0, 1077141), (8670, 0, 1077193), (8283, 0, 1104345), (8531, 0, 1172771), (8531, 0, 1172807), (8531, 0, 1172894), (8283, 0, 1247146), (8531, 0, 1247408), (8531, 0, 1419267), (8283, 0, 1419718), (8283, 0, 1523126), (8670, 0, 1697182), (8283, 0, 1702166), (8283, 0, 1702225), (8283, 0, 1872261), (8283, 0, 1981805), (8283, 0, 2234169)]"
532 "[(8499, 2, 70467), (8554, 3, 75957), (8528, 2, 79475), (8602, 3, 251499), (8841, 0, 345482), (8627, 0, 370113), (8435, 2, 373784), (8341, 2, 400448), (8346, 0, 409023), (8461, 0, 492371), (8273, 2, 544487), (8627, 0, 571942), (8548, 0, 577374), (8414, 3, 676513), (8401, 0, 714336), (8602, 3, 714510), (8237, 2, 755107), (8331, 2, 854924), (8346, 0, 892561), (8295, 0, 934096), (8284, 0, 940218), (8726, 2, 1015022), (8367, 2, 1018684), (8421, 3, 1022437), (8719, 3, 1022852), (8841, 0, 1091466), (8447, 2, 1111465), (8601, 2, 1128565), (8402, 2, 1213271), (8644, 0, 1279910), (8401, 0, 1320384), (8644, 0, 1359842), (8906, 0, 1449562), (8683, 3, 1491465), (8682, 0, 1522372), (8440, 2, 1664671), (8591, 3, 2008038), (8535, 3, 2047472), (8950, 0, 2350119), (8528, 2, 2392278), (8365, 0, 2397481), (8869, 2, 2471147), (8639, 0, 2479041), (8894, 3, 2485122), (8606, 3, 2525086), (8632, 2, 2594147), (8554, 3, 2596492), (8841, 0, 2597897)]"
8539 "[(447, 0, 71039), (221, 3, 109059), (45, 3, 451841), (221, 3, 526412), (68, 3, 854201), (762, 0, 1203715), (762, 0, 1203778), (40, 0, 2025646), (762, 0, 2435841), (221, 3, 2527424), (221, 3, 2590383)]"
285 "[(8546, 3, 72489), (8546, 3, 72499), (8411, 2, 132632), (8372, 2, 330148), (8959, 3, 671380), (8249, 0, 730046), (8959, 3, 731911), (8959, 3, 749535), (8249, 0, 759795), (8249, 0, 759902), (8249, 0, 828497), (8249, 0, 828507), (8249, 0, 849214), (8249, 0, 916307), (8249, 0, 916363), (8249, 0, 916389), (8249, 0, 916421), (8249, 0, 917729), (8249, 0, 980074), (9048, 3, 986683), (9048, 3, 986730), (8249, 0, 1091783), (8249, 0, 1152669), (8577, 0, 1165764), (8577, 0, 1174659), (8577, 0, 1174790), (8577, 0, 1177719), (9072, 2, 1178197), (8577, 0, 1194457), (8249, 0, 1337030), (8249, 0, 1337095), (8249, 0, 1337126), (8295, 0, 1341126), (8295, 0, 1341160), (8295, 0, 1341179), (8295, 0, 1341208), (8295, 0, 1341287), (8411, 2, 1344124), (8295, 0, 1346936), (8295, 0, 1346992), (8295, 0, 1347009), (8295, 0, 1347069), (8295, 0, 1347120), (8295, 0, 1347216), (8249, 0, 1420408), (8295, 0, 1436826), (8295, 0, 1452056), (8295, 0, 1500285), (8887, 3, 1511690), (8295, 0, 1587800), (8295, 0, 1605421), (8295, 0, 1605473), (8295, 0, 1675931), (8249, 0, 1711071), (8577, 0, 1776551), (8411, 2, 1885318), (8411, 2, 1936600), (8249, 0, 1967902)]"
8277 "[(579, 0, 75673), (1432, 0, 250184), (579, 0, 425657), (579, 0, 425680), (2403, 2, 494104), (579, 0, 680056), (579, 0, 680112), (579, 0, 863056), (4354, 0, 1044496), (579, 0, 1211144), (579, 0, 1284119), (5855, 0, 1566419), (5321, 2, 1714804), (68, 3, 1716009), (579, 0, 1806227), (579, 0, 1806259), (579, 0, 2066305), (356, 2, 2425411), (579, 0, 2471299)]"
35 "[(8529, 2, 77886), (8529, 2, 77952), (8529, 2, 77988)]"
8559 "[(596, 3, 78366), (2158, 3, 424381), (2158, 3, 441302), (2232, 0, 445502), (2232, 0, 445825), (1471, 3, 447590), (17, 0, 480020), (2408, 3, 494840), (2615, 2, 540264), (17, 0, 649672), (2408, 3, 658826), (2232, 0, 695565), (660, 3, 873317), (1268, 3, 900615), (68, 3, 1002003), (45, 3, 1030277), (2232, 0, 1037654), (1853, 0, 1075273), (2232, 0, 1444168), (4056, 3, 1566174), (1726, 3, 1638114), (1268, 3, 1756769), (1268, 3, 1761163), (68, 3, 1824097), (628, 2, 2260092)]"
496 "[(8411, 2, 78878), (8411, 2, 450974)]"
8239 "[(230, 3, 81084), (230, 3, 414595)]"
8572 "[(627, 3, 83039), (573, 0, 328733), (912, 3, 328826), (887, 0, 328978), (1755, 3, 329219), (573, 0, 329671), (887, 0, 331055), (887, 0, 333215), (1831, 3, 340193), (17, 0, 343123), (1277, 3, 376310), (1277, 3, 376337), (356, 2, 1000033), (17, 0, 1690349), (1831, 3, 1697358), (611, 0, 2603720), (17, 0, 2664314)]"
630 "[(8454, 0, 83396), (8299, 2, 88044), (8311, 0, 100361), (8299, 2, 111793), (8299, 2, 133198), (8299, 2, 133286), (8299, 2, 152535), (8299, 2, 152819), (8299, 2, 154481), (8311, 0, 575575), (8311, 0, 606302), (8311, 0, 787264)]"
12 "[(8581, 2, 85477), (8581, 2, 87159), (8581, 2, 87723), (8581, 2, 88746), (8581, 2, 99793), (8581, 2, 100072), (8581, 2, 100494), (8581, 2, 100873), (8581, 2, 101128), (8581, 2, 131956), (8581, 2, 132282), (8581, 2, 132633), (8581, 2, 133138), (8581, 2, 133341), (8581, 2, 133676), (8581, 2, 133968), (8581, 2, 134297), (8581, 2, 134500), (8581, 2, 134988), (8581, 2, 677716)]"
8585 "[(657, 2, 89666), (1200, 0, 204536), (596, 3, 279598), (104, 2, 1070408), (233, 0, 1232834)]"
659 "[(8240, 3, 89746), (8264, 0, 111317), (8618, 2, 114640), (8731, 0, 200658), (8534, 0, 268963), (8525, 0, 269846), (8631, 3, 270194), (8338, 2, 353872), (8854, 0, 453925), (8514, 2, 525354), (8901, 3, 610522), (8846, 3, 623523), (8236, 0, 696381), (8290, 2, 879432), (8548, 0, 1052310), (9033, 0, 1252805), (8264, 0, 1826637), (8385, 0, 1908364), (8390, 0, 2092980), (8250, 3, 2120096), (9054, 3, 2169676), (8622, 2, 2184658), (8849, 0, 2261034)]"
664 "[(8246, 2, 90555), (8682, 0, 153682), (8682, 0, 153793), (8682, 0, 153870), (8682, 0, 154018), (8682, 0, 154134), (8588, 3, 572038), (8556, 3, 936180), (8447, 2, 1095314), (8268, 3, 1204566), (8575, 3, 1366857), (8268, 3, 1533213)]"
8419 "[(401, 0, 93506), (2875, 2, 602681), (17, 0, 871402), (401, 0, 1012807), (2881, 0, 1030723), (573, 0, 1179252), (17, 0, 1229217), (4019, 3, 1322668), (4019, 3, 1322670), (611, 0, 1588048), (6654, 3, 2633580)]"
8361 "[(17, 0, 95431), (125, 2, 95854), (618, 3, 117936), (17, 0, 675391), (2881, 0, 1294303), (17, 0, 1338845), (17, 0, 1340223), (2138, 0, 1342417), (22, 0, 1348349), (17, 0, 1353110), (2495, 0, 1360171), (730, 0, 1360368), (730, 0, 1360387), (17, 0, 2071333), (17, 0, 2235673), (17, 0, 2249684), (17, 0, 2250936), (17, 0, 2251075), (17, 0, 2251370), (17, 0, 2251959), (17, 0, 2252579), (2881, 0, 2252740), (17, 0, 2257817), (611, 0, 2286855)]"
670 "[(8536, 3, 95860), (8536, 3, 95994), (8536, 3, 96099)]"
696 "[(8388, 0, 98062)]"
8593 "[(697, 0, 98226), (1338, 2, 233856), (233, 0, 286149), (2200, 0, 438747), (2105, 3, 463832), (1338, 2, 477075), (1338, 2, 477633), (1338, 2, 478544), (22, 0, 481602), (22, 0, 482064), (2339, 0, 483145), (1338, 2, 523664), (125, 2, 531536), (125, 2, 531915), (53, 0, 534616), (1157, 2, 534949), (2603, 3, 536106), (1332, 0, 581471), (1338, 2, 599514), (1338, 2, 676529), (1338, 2, 684218), (1314, 3, 684399), (912, 3, 684482), (2510, 0, 695318), (1338, 2, 752285), (1397, 3, 1202314), (423, 3, 1203009), (1397, 3, 1207460), (1397, 3, 1208033), (5830, 0, 1554422)]"
8589 "[(17, 0, 106658), (627, 3, 342092), (68, 3, 387912), (2943, 2, 615464), (4109, 3, 994863), (2943, 2, 1229523), (4085, 3, 1585291), (1263, 3, 1621661), (1263, 3, 1622080), (1148, 2, 1624762)]"
749 "[(8606, 3, 107006), (8447, 2, 254218), (8498, 3, 712832), (9155, 2, 1921966), (9167, 2, 1973291), (8347, 3, 2003971), (8433, 2, 2515658), (8611, 0, 2517291)]"
757 "[(8588, 3, 108677)]"
780 "[(8616, 2, 114150), (8616, 2, 114340), (8616, 2, 1693806), (8616, 2, 1694356), (8616, 2, 1694459)]"
8238 "[(233, 0, 115074), (1004, 0, 162038), (2314, 2, 477326), (1726, 3, 754715), (1840, 3, 1387599), (1294, 2, 1439969), (4085, 3, 2171657)]"
8330 "[(40, 0, 116604), (40, 0, 287184), (40, 0, 460158), (233, 0, 626283), (40, 0, 628899)]"
8289 "[(40, 0, 116629), (40, 0, 287246), (40, 0, 460223)]"
823 "[(8261, 2, 123585), (8261, 2, 202697), (8261, 2, 261726), (8372, 2, 357190), (8261, 2, 484721), (8261, 2, 701586), (8261, 2, 986161), (8261, 2, 1685211), (8261, 2, 1685305), (8261, 2, 2557989)]"
824 "[(8414, 3, 123622), (8414, 3, 326931)]"
8637 "[(17, 0, 127721), (1013, 0, 265592), (954, 0, 695761), (3717, 0, 854270), (5327, 2, 1364824), (826, 2, 1470675), (826, 2, 1562295), (826, 2, 1821989), (40, 0, 1925147), (2687, 0, 1942515), (835, 0, 2054343), (2769, 2, 2095687), (611, 0, 2109350), (509, 0, 2117032), (17, 0, 2365577), (6213, 3, 2367344)]"
859 "[(8446, 0, 131866), (8639, 0, 943818), (9072, 2, 1164089), (8319, 3, 1164122), (8319, 3, 1164178), (8506, 0, 2228281), (9045, 3, 2477226)]"
552 "[(8242, 0, 135057), (8639, 0, 269144), (8622, 2, 303999), (8247, 3, 324234), (8247, 3, 324290), (8588, 3, 346614), (8639, 0, 423859), (8639, 0, 471418), (8682, 0, 608301), (8370, 0, 664263), (8320, 0, 665477), (8639, 0, 701858), (8339, 3, 744065), (8639, 0, 772887), (8887, 3, 986782), (9048, 3, 1029846), (9048, 3, 1029912), (9048, 3, 1029983), (8639, 0, 1208520), (8639, 0, 1246255), (8639, 0, 1246269), (8639, 0, 1431083), (8639, 0, 1624186), (8252, 0, 1682770), (8252, 0, 1682825), (8252, 0, 1683007), (8325, 0, 1800382), (8551, 0, 1806315), (8260, 3, 1908310), (8260, 3, 1908351), (8545, 3, 2032607), (8252, 0, 2210188), (8252, 0, 2223531), (8252, 0, 2223656), (8252, 0, 2223735), (8252, 0, 2223846), (8252, 0, 2224012), (8584, 2, 2475060), (8849, 0, 2505858)]"
870 "[(8411, 2, 135193), (8256, 2, 139659), (8755, 3, 401853), (8755, 3, 402848), (8411, 2, 493387), (8526, 0, 679389), (8411, 2, 753123), (8411, 2, 848292), (8450, 0, 1013038), (8450, 0, 1013320), (8450, 0, 1013734), (8343, 0, 1033103), (8343, 0, 1033261), (8438, 3, 1126041), (8438, 3, 1126191), (8438, 3, 1126464), (8438, 3, 1126578), (8314, 0, 1205299), (8314, 0, 1205440), (8314, 0, 1205611), (8314, 0, 1205799), (8723, 0, 1263787), (8411, 2, 1273006), (8526, 0, 1276608), (9092, 3, 1458108), (9092, 3, 1458586), (9092, 3, 1458940), (8411, 2, 1464154), (9071, 2, 1558795), (8474, 0, 1628219), (8474, 0, 1628367), (9092, 3, 1634008), (9092, 3, 1634282), (9177, 0, 1858028), (8535, 3, 1952144), (8535, 3, 1952439), (8790, 0, 2246670), (8790, 0, 2246743), (8411, 2, 2325229), (8312, 2, 2377003), (8312, 2, 2377270), (8734, 3, 2384286), (9224, 2, 2472473), (8411, 2, 2473436)]"
8652 "[(433, 2, 136552), (433, 2, 137339), (433, 2, 149777), (17, 0, 409723), (248, 3, 446600), (248, 3, 451642), (248, 3, 1458686), (248, 3, 1543417), (248, 3, 1543475), (248, 3, 1543513), (248, 3, 1544476), (248, 3, 1544641), (248, 3, 1733252), (248, 3, 1793952), (248, 3, 1794549), (248, 3, 1794689), (248, 3, 2172776), (248, 3, 2173234), (2943, 2, 2174723), (17, 0, 2234795), (2841, 2, 2482863), (3049, 0, 2535475)]"
790 "[(8412, 2, 140954), (8412, 2, 154571), (8412, 2, 154609)]"
900 "[(8663, 0, 141350), (8398, 3, 2325941)]"
8666 "[(912, 3, 143668)]"
924 "[(8412, 2, 145994), (8412, 2, 153805)]"
8422 "[(68, 3, 147073), (233, 0, 282941), (1601, 3, 397396)]"
420 "[(8438, 3, 150741), (8243, 0, 1527099), (9168, 2, 2391587)]"
8658 "[(957, 3, 150998), (957, 3, 151024), (752, 2, 1962618)]"
971 "[(8551, 0, 152212), (8551, 0, 152423), (8551, 0, 152962), (8551, 0, 153182), (8551, 0, 153392), (8551, 0, 153583), (8551, 0, 153709), (8551, 0, 153927), (8551, 0, 153945), (8551, 0, 154237), (8551, 0, 154637), (8551, 0, 154681), (8551, 0, 154810), (8551, 0, 155230), (8551, 0, 155394), (8551, 0, 155522), (8551, 0, 155726), (8551, 0, 155915), (8551, 0, 156122), (8551, 0, 156174), (8551, 0, 156336), (8551, 0, 156399), (8551, 0, 156595), (8551, 0, 156783), (8551, 0, 157127), (8551, 0, 157504), (8551, 0, 157817), (8551, 0, 157921), (8551, 0, 1985914), (8551, 0, 1985980), (8551, 0, 1986202), (8551, 0, 1986321), (8551, 0, 2158271)]"
8676 "[(912, 3, 153267), (983, 3, 153874), (17, 0, 165616), (1171, 2, 194842), (1171, 2, 195587), (125, 2, 273368), (3061, 0, 654679), (17, 0, 783903), (17, 0, 881064), (691, 2, 1281909), (1376, 2, 1294675), (1376, 2, 1294823), (22, 0, 1304522), (598, 0, 1309436), (1171, 2, 1310136), (1171, 2, 1310790), (1171, 2, 1310844), (912, 3, 1314012), (1505, 0, 1356102), (1376, 2, 1377171), (887, 0, 1434117), (1376, 2, 1458522), (1663, 3, 1519843), (17, 0, 1546887), (5300, 0, 1636905), (2078, 3, 1641575), (4085, 3, 1671160), (245, 2, 1683804), (5077, 2, 1885507), (7048, 3, 2097910), (3323, 2, 2238650), (6801, 0, 2309315), (3323, 2, 2337762), (1131, 2, 2412773), (691, 2, 2416495), (1929, 0, 2520925), (125, 2, 2606015), (2230, 2, 2655498), (17, 0, 2678000)]"
8389 "[(68, 3, 153938), (233, 0, 373865), (233, 0, 2186343)]"
8686 "[(691, 2, 157096), (2230, 2, 445412), (3668, 2, 841527), (4020, 2, 950020), (2595, 0, 1149520), (4464, 0, 1178642), (22, 0, 1367881), (17, 0, 1605856), (1684, 2, 1703008), (17, 0, 1774007), (292, 2, 1883755), (1684, 2, 1891024), (17, 0, 1907631), (4085, 3, 1997255), (4085, 3, 2187009), (5071, 2, 2313222), (1397, 3, 2313372), (887, 0, 2313541), (4085, 3, 2360908), (17, 0, 2387683), (17, 0, 2489937), (233, 0, 2529824), (1549, 2, 2673220)]"
1022 "[(8412, 2, 160380), (8412, 2, 161181), (8412, 2, 161220), (8412, 2, 161415)]"
1039 "[(8694, 0, 162453), (8528, 2, 167563), (8694, 0, 1263050)]"
1066 "[(8283, 0, 167210), (8283, 0, 409878), (8283, 0, 426901), (8536, 3, 630140), (8536, 3, 773590), (8536, 3, 1057752), (8577, 0, 1217811), (8577, 0, 1230839), (8577, 0, 1234136), (8536, 3, 1576700), (8536, 3, 2253216), (8536, 3, 2317397), (8536, 3, 2317692), (8536, 3, 2317841), (8536, 3, 2331731), (8536, 3, 2428481), (8536, 3, 2428854), (8536, 3, 2428883), (8536, 3, 2429036)]"
8579 "[(68, 3, 173024), (402, 2, 1126260), (402, 2, 1133943), (402, 2, 1134267), (68, 3, 1209997), (233, 0, 1234391)]"
1102 "[(8530, 2, 174372), (8484, 2, 232278), (8643, 3, 234394)]"
1103 "[(8566, 0, 174539), (8466, 2, 391376), (8549, 0, 1255943), (8466, 2, 1604698), (8466, 2, 1604765), (9210, 3, 2279380)]"
1134 "[(8260, 3, 183174), (8519, 0, 1217344), (8661, 3, 2247672), (8661, 3, 2257257), (8661, 3, 2297859), (9168, 2, 2579789)]"
8701 "[(68, 3, 185644), (1542, 0, 275723), (1542, 0, 275903), (1542, 0, 276107), (1542, 0, 276292), (1542, 0, 276433), (1542, 0, 276586), (233, 0, 2354316)]"
1140 "[(8249, 0, 185796), (8411, 2, 976254), (8411, 2, 1023397)]"
8483 "[(1145, 2, 186642), (233, 0, 364770), (233, 0, 451871), (233, 0, 971880), (40, 0, 1029149), (248, 3, 1043613), (248, 3, 1061256), (233, 0, 1319361), (233, 0, 2447470)]"
8720 "[(17, 0, 186869), (233, 0, 1750449), (4085, 3, 2289944)]"
1155 "[(8645, 0, 188354), (8290, 2, 1708685)]"
346 "[(8721, 3, 189281), (8721, 3, 207219), (8620, 0, 385190), (8620, 0, 448303), (8620, 0, 666860), (8620, 0, 720188), (8620, 0, 740613), (8620, 0, 784745), (8283, 0, 1324373), (8703, 0, 1880741), (8283, 0, 2228122)]"
8722 "[(1159, 3, 190061), (744, 3, 190471), (1136, 3, 205762), (1254, 3, 216252), (1314, 3, 228472), (1314, 3, 237224), (1159, 3, 244811), (1159, 3, 244866), (471, 3, 255600), (167, 0, 257299), (1013, 0, 262118), (156, 0, 267609), (17, 0, 270554), (68, 3, 273144), (1136, 3, 274152), (1136, 3, 286467), (499, 3, 329101), (1254, 3, 387225), (1254, 3, 387275), (2093, 2, 496826), (1254, 3, 620922), (130, 3, 750033), (130, 3, 764439), (3495, 3, 777172), (3518, 3, 783719), (3518, 3, 783759), (499, 3, 874096), (221, 3, 874343), (221, 3, 884056), (221, 3, 1033089), (221, 3, 1036911), (221, 3, 1043280), (221, 3, 1043842), (221, 3, 1044609), (221, 3, 1045406), (221, 3, 1046006), (221, 3, 1056947), (4240, 3, 1087879), (4240, 3, 1088011), (221, 3, 1099453), (221, 3, 1311291), (221, 3, 1399171), (221, 3, 1399276), (6041, 3, 1640722), (6041, 3, 1640839), (1136, 3, 1663971), (2755, 3, 1952239), (734, 3, 1961360), (3360, 3, 2163243), (221, 3, 2590850)]"
1164 "[(8474, 0, 190792), (8548, 0, 635410), (8548, 0, 637838), (8549, 0, 1208194)]"
935 "[(8622, 2, 194790), (8734, 3, 238939), (8734, 3, 238950), (8734, 3, 238970), (8734, 3, 239012), (8734, 3, 239022), (8734, 3, 239038), (8734, 3, 239064), (8734, 3, 239145), (8734, 3, 239217), (8734, 3, 239362), (8734, 3, 239382), (8734, 3, 239395), (8734, 3, 239594), (8734, 3, 239608), (8734, 3, 240745), (8734, 3, 240773), (8734, 3, 241448), (8734, 3, 241532), (8734, 3, 248829), (8734, 3, 248850), (8734, 3, 248921), (8734, 3, 248931), (8734, 3, 248959), (8734, 3, 270971), (8734, 3, 271095), (8734, 3, 271115), (8734, 3, 271136), (8734, 3, 271166), (8719, 3, 273053), (8734, 3, 273438), (8734, 3, 274078), (8734, 3, 333467), (8734, 3, 333497), (8734, 3, 333534), (8734, 3, 338128), (8734, 3, 338182), (8734, 3, 351244), (8734, 3, 352464), (8734, 3, 409593), (8734, 3, 421142), (8734, 3, 424718), (8719, 3, 425604), (8719, 3, 425629), (8883, 3, 436064), (8883, 3, 436075), (8883, 3, 436091), (8883, 3, 446128), (8734, 3, 496795), (8734, 3, 496808), (8734, 3, 496840), (8734, 3, 496855), (8734, 3, 496866), (8734, 3, 496883), (8734, 3, 496893), (8734, 3, 496922), (8734, 3, 496946), (8734, 3, 496981), (8734, 3, 497056), (8734, 3, 497085), (8588, 3, 497569), (8883, 3, 502158), (8883, 3, 511226), (8883, 3, 511271), (8883, 3, 511852), (8883, 3, 512810), (8734, 3, 522358), (8734, 3, 522378), (8734, 3, 572787), (8734, 3, 572817), (8734, 3, 574576), (8734, 3, 574595), (8734, 3, 574632), (8734, 3, 574658), (8734, 3, 574709), (8734, 3, 574819), (8734, 3, 574836), (8734, 3, 574871), (8888, 3, 577004), (8734, 3, 578144), (8734, 3, 586967), (8734, 3, 670239), (8734, 3, 675089), (8888, 3, 675169), (8883, 3, 692796), (8719, 3, 698511), (8536, 3, 752000), (8536, 3, 752069), (8883, 3, 865029), (8734, 3, 882851), (8734, 3, 882868), (8734, 3, 942571), (8734, 3, 942609), (8734, 3, 942636), (8734, 3, 942647), (8719, 3, 1011550), (8791, 3, 1011638), (8883, 3, 1011678), (8883, 3, 1011687), (8734, 3, 1014121), (9048, 3, 1014739), (9048, 3, 1014759), (8734, 3, 1030446), (8734, 3, 1100493), (9072, 2, 1186860), (9072, 2, 1186869), (9072, 2, 1186912), (8734, 3, 1214095), (8734, 3, 1214123), (8734, 3, 1214167), (9069, 3, 1215522), (8734, 3, 1282630), (8734, 3, 1282645), (8734, 3, 1323060), (8734, 3, 1323070), (8975, 3, 1358904), (8975, 3, 1358917), (9096, 3, 1384260), (9096, 3, 1386969), (9089, 0, 1450993), (8734, 3, 1458087), (8734, 3, 1458127), (8734, 3, 1458136), (8734, 3, 1458597), (9096, 3, 1555521), (8250, 3, 1625738), (8250, 3, 1625797), (9163, 3, 1717489), (9163, 3, 1717505), (8734, 3, 1784053), (8734, 3, 1784126), (8734, 3, 1784154), (9149, 3, 1785683), (9149, 3, 1785693), (9163, 3, 1814631), (8283, 0, 1878752), (8734, 3, 1880894), (9027, 3, 1916905), (9166, 3, 1917490), (9166, 3, 1917508), (9166, 3, 1917527), (9166, 3, 1917565), (8883, 3, 1976748), (8883, 3, 1976791), (8734, 3, 1976869), (8734, 3, 1976896), (9166, 3, 1978655), (9168, 2, 1986780), (9140, 3, 2064234), (9140, 3, 2064244), (8734, 3, 2300984), (8734, 3, 2322080), (8734, 3, 2390264), (8883, 3, 2485231), (8734, 3, 2485375), (9223, 3, 2520731), (9223, 3, 2520755)]"
8732 "[(443, 0, 203821), (2110, 0, 413481), (2110, 0, 596398), (2110, 0, 598471), (2110, 0, 671630), (4085, 3, 1826748), (628, 2, 2251383)]"
8615 "[(248, 3, 205677), (248, 3, 339119), (68, 3, 1792352)]"
1225 "[(8441, 3, 209443)]"
1237 "[(8282, 0, 212684)]"
8687 "[(71, 3, 214532), (1754, 2, 329149), (1778, 2, 332670), (71, 3, 345515), (71, 3, 496774), (1376, 2, 498110), (1376, 2, 498487), (1793, 3, 499541), (1840, 3, 501349), (1840, 3, 501456), (1376, 2, 515930), (1376, 2, 516020), (1376, 2, 516088), (68, 3, 516862), (1376, 2, 581374), (1376, 2, 581418), (1376, 2, 581592), (1376, 2, 581740), (2976, 3, 624285), (1314, 3, 684403), (1314, 3, 684669), (71, 3, 722912), (1376, 2, 757531), (1376, 2, 758443), (3636, 0, 832374), (156, 0, 874602), (233, 0, 1058027), (1376, 2, 1187330), (71, 3, 1206345), (1376, 2, 1213048), (1376, 2, 1372351), (1376, 2, 1372579), (1376, 2, 1372627), (1376, 2, 1372678), (4752, 0, 1376092), (4304, 3, 1424886), (1376, 2, 1438402), (1376, 2, 1439772), (912, 3, 1566872), (611, 0, 1597456), (68, 3, 1642200), (233, 0, 1750535), (17, 0, 1790433), (6549, 3, 1876574), (1813, 3, 2313130), (1376, 2, 2316536), (1376, 2, 2390105), (2065, 0, 2481702)]"
307 "[(8721, 3, 214780), (8586, 2, 1606317), (8586, 2, 1606333)]"
8541 "[(68, 3, 219158), (248, 3, 451079), (248, 3, 451179), (1397, 3, 498236), (1397, 3, 498437), (2388, 2, 587179), (3856, 3, 900033), (68, 3, 1229371), (17, 0, 1730306), (17, 0, 2068785), (1663, 3, 2071506), (17, 0, 2223062), (248, 3, 2467766), (7899, 0, 2485008)]"
1290 "[(8622, 2, 223414)]"
8469 "[(1306, 2, 227348), (1432, 0, 250482), (233, 0, 461136), (1306, 2, 666275), (423, 3, 1023480), (1432, 0, 1279492), (2246, 2, 1789927), (2246, 2, 1789929), (68, 3, 2012472), (68, 3, 2436184)]"
1311 "[(8283, 0, 227892), (8283, 0, 228253), (8283, 0, 253343), (8283, 0, 253623), (8283, 0, 253782)]"
8638 "[(1042, 2, 228702), (1042, 2, 229048), (1042, 2, 229117), (1042, 2, 232390), (1042, 2, 592842), (1042, 2, 593030), (1042, 2, 593330), (1042, 2, 593484), (1042, 2, 593518), (1042, 2, 597131), (1042, 2, 597654), (1042, 2, 597723), (1042, 2, 597770), (17, 0, 984715), (1042, 2, 1606692), (1042, 2, 1606743), (1042, 2, 1606830), (3385, 2, 2562164)]"
1320 "[(8514, 2, 230569), (8514, 2, 309497), (8514, 2, 309689), (8514, 2, 310326)]"
1344 "[(8367, 2, 237408), (8367, 2, 1563766)]"
8625 "[(156, 0, 238989), (337, 0, 601846), (1663, 3, 1094596), (4085, 3, 1841765), (40, 0, 2188355), (233, 0, 2268883), (4085, 3, 2293516)]"
1363 "[(8577, 0, 239096), (8577, 0, 294465), (8577, 0, 1254910), (8577, 0, 1296522), (8577, 0, 1517323), (8577, 0, 1685143), (8577, 0, 1690346), (8577, 0, 1725367), (8577, 0, 1796418), (8577, 0, 1799695), (8577, 0, 1803569), (8507, 2, 1804331), (8577, 0, 1809213), (8577, 0, 1812633), (8577, 0, 1816191), (8577, 0, 1849967), (8577, 0, 1898571), (8577, 0, 1970979), (8577, 0, 1975914), (8577, 0, 2085251), (8577, 0, 2096004), (8577, 0, 2113329), (8577, 0, 2319899)]"
1359 "[(8484, 2, 239705), (8290, 2, 325328), (8294, 0, 727342), (8905, 0, 813247), (8965, 2, 814266), (9089, 0, 1416670), (9167, 2, 1796247), (8987, 0, 1946811), (8499, 2, 2199108)]"
8262 "[(1389, 0, 243276), (1389, 0, 243298), (68, 3, 337326), (233, 0, 539385), (367, 0, 1705569), (3459, 0, 2214231), (3459, 0, 2214267), (1647, 3, 2575945)]"
8640 "[(1429, 2, 249355), (2087, 2, 409013), (537, 0, 660785), (590, 3, 680559), (233, 0, 717959), (233, 0, 809843), (537, 0, 918941), (233, 0, 1059554), (3833, 0, 1081987), (3833, 0, 1082110), (1726, 3, 1293642), (671, 2, 1299658), (596, 3, 1353859), (6170, 3, 1703898), (6170, 3, 1703956), (6170, 3, 1704033), (537, 0, 1704589), (1429, 2, 1738989), (1429, 2, 1739381), (1429, 2, 1739802), (608, 2, 2181448), (608, 2, 2181471)]"
1446 "[(8526, 0, 254312), (8347, 3, 2545919)]"
8375 "[(1458, 2, 257789), (537, 0, 743746), (1726, 3, 751706), (537, 0, 1502564), (537, 0, 1609334), (4523, 2, 1912486), (4523, 2, 1913044), (537, 0, 2280235)]"
1466 "[(8411, 2, 259672), (8556, 3, 509351)]"
8761 "[(1493, 3, 265641), (1493, 3, 265844), (68, 3, 273267), (233, 0, 366313), (1004, 0, 368655), (233, 0, 538331), (103, 2, 1343595), (3091, 3, 1433775), (5424, 0, 1752021), (5424, 0, 1752045), (5424, 0, 1753882), (5424, 0, 1754210), (5424, 0, 1754372), (5424, 0, 1754824), (5424, 0, 1755095), (920, 0, 1865949)]"
8342 "[(425, 3, 271217), (425, 3, 271764), (425, 3, 272044), (425, 3, 272206), (425, 3, 272377), (40, 0, 287235), (40, 0, 460187)]"
261 "[(8777, 2, 275125), (8777, 2, 275173), (8618, 2, 416925), (8618, 2, 417125), (8618, 2, 531329), (8682, 0, 1643914), (8343, 0, 1835071), (8343, 0, 1835399), (8343, 0, 1835545), (8343, 0, 1835585)]"
8662 "[(1547, 0, 277506), (425, 3, 684860), (1547, 0, 969811), (68, 3, 1249575), (233, 0, 1662172)]"
475 "[(8555, 2, 278081), (8555, 2, 853441), (8555, 2, 853474), (8555, 2, 853505), (8555, 2, 853551), (8710, 2, 1210320), (8555, 2, 1458987), (8540, 2, 1471708), (8555, 2, 2084362)]"
400 "[(8785, 2, 283071), (8785, 2, 316596), (8785, 2, 316621), (8785, 2, 317224), (8785, 2, 317453), (8785, 2, 317604), (8785, 2, 317719), (8785, 2, 317768), (8785, 2, 317875), (8785, 2, 323199), (8785, 2, 323238), (8785, 2, 323254), (8785, 2, 334992), (8785, 2, 366562), (8785, 2, 453562), (8785, 2, 536046), (8785, 2, 854319), (8785, 2, 856564), (8785, 2, 857331), (8785, 2, 858726), (8785, 2, 859400), (8785, 2, 860549), (8785, 2, 883103), (8785, 2, 920809), (8785, 2, 921203), (8785, 2, 924651), (8785, 2, 1426013), (8785, 2, 1426038), (8785, 2, 1426053), (8785, 2, 1426603), (8785, 2, 1426755), (8785, 2, 1426799), (8785, 2, 1444351), (8785, 2, 1451583), (8785, 2, 1526706)]"
8735 "[(233, 0, 285651), (717, 2, 1792488), (717, 2, 1792620), (512, 2, 1792809)]"
8251 "[(233, 0, 285898), (68, 3, 351039), (2936, 0, 861088), (68, 3, 952341), (983, 3, 1124172), (40, 0, 1153252), (1036, 3, 1386965), (1853, 0, 1424892), (4019, 3, 1638905), (4019, 3, 1638906), (423, 3, 1812398), (68, 3, 1814490), (68, 3, 1894797), (4019, 3, 1908748), (4019, 3, 1909368), (4019, 3, 1923174), (4019, 3, 1923197), (1255, 3, 1985269), (68, 3, 1986006), (4019, 3, 2008050), (68, 3, 2194558), (1726, 3, 2662951)]"
8409 "[(40, 0, 287276), (40, 0, 460324), (1726, 3, 754678)]"
1561 "[(8387, 0, 291435), (8645, 0, 295237)]"
1594 "[(8331, 2, 291806), (8603, 3, 403251), (8925, 2, 543846), (8306, 0, 550487), (8663, 0, 1697261), (8323, 2, 1931473), (8573, 0, 2245366)]"
8564 "[(1601, 3, 293402), (1601, 3, 381052), (1601, 3, 381110), (233, 0, 810238), (233, 0, 1319352), (1601, 3, 1513500), (1601, 3, 1513706), (1601, 3, 1514051)]"
1574 "[(8734, 3, 296401), (8734, 3, 296548), (8734, 3, 296712)]"
8430 "[(1499, 0, 297162), (233, 0, 452910), (1376, 2, 748774), (456, 2, 1617793), (68, 3, 2076256)]"
1631 "[(8425, 2, 303373)]"
8737 "[(1641, 0, 307639), (1641, 0, 307696), (921, 3, 869477), (5985, 0, 1624357), (5985, 0, 1624407), (5985, 0, 1629738), (5985, 0, 1629975), (370, 0, 1828526)]"
8716 "[(68, 3, 309807), (4464, 0, 2629143)]"
8789 "[(67, 0, 311281), (233, 0, 364787)]"
1583 "[(8433, 2, 315381)]"
54 "[(8252, 0, 332676), (8252, 0, 332802), (8252, 0, 1132225), (8252, 0, 1300367), (8252, 0, 1891095), (8252, 0, 2235384)]"
1799 "[(8479, 3, 335108)]"
1270 "[(8584, 2, 341798), (8887, 3, 675528), (8887, 3, 675637), (8577, 0, 1278985), (8724, 2, 1822392), (8510, 2, 1822781), (8683, 3, 1885953), (8763, 0, 2196592)]"
8838 "[(1844, 2, 342578), (2087, 2, 1701477), (187, 2, 2238302)]"
8839 "[(1218, 2, 343008)]"
277 "[(8591, 3, 344702), (8591, 3, 463974), (8591, 3, 513869), (8872, 3, 598883), (8872, 3, 776204), (8717, 2, 1108429), (8717, 2, 1108500), (8872, 3, 1202551), (8872, 3, 1202604), (8717, 2, 1364084), (8717, 2, 1364172), (8591, 3, 1604039), (8260, 3, 1625456), (8260, 3, 1625995), (8591, 3, 1626094), (8591, 3, 1626314), (8591, 3, 1626696), (8260, 3, 1626771), (8260, 3, 1626915), (8260, 3, 1626985), (8260, 3, 1627624), (8260, 3, 1627664), (8260, 3, 1720397), (8591, 3, 1720596), (8591, 3, 1969837), (8872, 3, 2233053), (8872, 3, 2233188)]"
1860 "[(8622, 2, 346308), (9041, 0, 1294515), (9041, 0, 1294560), (9041, 0, 1294731), (9041, 0, 1373828)]"
8582 "[(713, 0, 351151), (1013, 0, 510816), (2526, 0, 520495), (2526, 0, 520738), (2526, 0, 520849), (2867, 2, 600822), (2571, 0, 678034), (2571, 0, 678521), (2571, 0, 679772), (983, 3, 686674), (3774, 0, 873869), (2571, 0, 874820), (437, 2, 1362433), (2867, 2, 1626602), (6945, 2, 2406721)]"
8391 "[(1884, 2, 353310), (1894, 0, 355882), (1884, 2, 355997), (1894, 0, 356049), (1884, 2, 356063), (1884, 2, 356117), (1884, 2, 356214), (762, 0, 366052), (162, 0, 422543), (762, 0, 495638), (762, 0, 1040068), (68, 3, 1262664), (762, 0, 1738037), (162, 0, 1902261), (925, 0, 2168523), (925, 0, 2169301), (762, 0, 2238866)]"
1903 "[(8710, 2, 357226), (8710, 2, 751738)]"
1857 "[(8755, 3, 358269), (8470, 3, 866765), (8588, 3, 966877), (8702, 3, 1028998), (8702, 3, 1029187), (9166, 3, 1705737)]"
8811 "[(233, 0, 364855)]"
8804 "[(233, 0, 365407), (40, 0, 454937), (233, 0, 617645), (233, 0, 713130)]"
8569 "[(233, 0, 367631), (1970, 0, 400679), (233, 0, 452944), (1970, 0, 486515), (3404, 0, 752322), (3404, 0, 752347), (3404, 0, 752878), (3404, 0, 753447), (3404, 0, 753527), (3404, 0, 753612), (3641, 2, 833616), (233, 0, 882612)]"
8792 "[(233, 0, 370047), (233, 0, 1234225)]"
1210 "[(8242, 0, 376811)]"
1786 "[(8856, 2, 380570), (9206, 0, 2154074), (9218, 2, 2334451)]"
1973 "[(8607, 0, 382232), (9069, 3, 1195880), (9069, 3, 1195957), (8607, 0, 1688333), (8607, 0, 1759787), (8607, 0, 1760353), (8309, 2, 1822391), (8309, 2, 1822472), (8309, 2, 1829478), (8309, 2, 1829770), (8309, 2, 1829899), (8309, 2, 1829999), (8309, 2, 1830089), (8309, 2, 1838892), (8309, 2, 1839062), (8309, 2, 1839104), (8309, 2, 1900299), (8309, 2, 1900491), (8309, 2, 1900542), (8309, 2, 1901170), (8309, 2, 1901387), (8607, 0, 1902887), (8309, 2, 1906488), (8309, 2, 1906618), (8309, 2, 1906686), (8309, 2, 1906883), (8309, 2, 1906918), (8309, 2, 1906982), (8309, 2, 1907138), (8309, 2, 1907467), (8309, 2, 1907593), (8309, 2, 1909729), (8309, 2, 1910239), (8309, 2, 1910380), (8309, 2, 1910548), (8309, 2, 1911240), (8309, 2, 1911368), (8309, 2, 1911606), (8309, 2, 1911706), (8309, 2, 1912006), (8309, 2, 1912158), (9069, 3, 1921298), (9069, 3, 1921434), (8607, 0, 2412969), (8607, 0, 2422025), (8607, 0, 2472223), (8607, 0, 2472320), (8607, 0, 2472502), (8607, 0, 2601373)]"
2002 "[(8849, 0, 390477)]"
8671 "[(17, 0, 394341), (233, 0, 885928), (233, 0, 1922798)]"
2025 "[(8370, 0, 394812)]"
8729 "[(887, 0, 399305)]"
1449 "[(8869, 2, 400189), (8286, 2, 745284), (8343, 0, 857474), (8545, 3, 923899), (8618, 2, 1367853), (8414, 3, 1459351), (9051, 2, 1476927), (8556, 3, 1522412), (8785, 2, 1658146), (8387, 0, 1778422), (8876, 0, 2325570), (9088, 0, 2382298)]"
2051 "[(8846, 3, 400386), (8484, 2, 1902010)]"
2039 "[(8855, 0, 403151)]"
8505 "[(734, 3, 406992), (233, 0, 461523), (734, 3, 1187601), (983, 3, 1305092), (1970, 0, 1367541), (734, 3, 1878449), (734, 3, 2429787)]"
8873 "[(782, 0, 412462), (835, 0, 565485), (17, 0, 574217), (1778, 2, 591920), (68, 3, 641857), (782, 0, 893784), (3612, 2, 1001803), (3612, 2, 1001821), (68, 3, 1016863), (68, 3, 1028879), (233, 0, 1059182), (3874, 0, 1086519), (68, 3, 1129370), (68, 3, 1160265), (627, 3, 1235392), (8188, 3, 2656126)]"
2114 "[(8644, 0, 414565), (9031, 0, 1170607), (8471, 0, 1715507), (8365, 0, 2042772), (8778, 2, 2045699), (8602, 3, 2299698)]"
8765 "[(2054, 2, 418687)]"
271 "[(8588, 3, 420947), (8588, 3, 421002), (8733, 3, 976503), (9054, 3, 1018539), (9054, 3, 1018688), (8347, 3, 2241341), (8937, 3, 2241424), (8937, 3, 2241538)]"
2153 "[(8243, 0, 425784), (8414, 3, 486570), (8246, 2, 487364), (8414, 3, 495519), (8414, 3, 575779), (8246, 2, 597143), (8650, 0, 652234), (8414, 3, 738838), (8414, 3, 760158), (8414, 3, 1277050), (8414, 3, 1693884), (8414, 3, 1695986), (8414, 3, 2295942), (8243, 0, 2396292), (8866, 2, 2572917), (8866, 2, 2573038)]"
2174 "[(8274, 2, 427620), (8274, 2, 427648), (8869, 2, 1038705), (9014, 2, 1038737), (8869, 2, 1039104), (8274, 2, 2250267), (8274, 2, 2250301), (9064, 0, 2426103)]"
2196 "[(8282, 0, 432811), (8282, 0, 433037), (8591, 3, 434348), (8614, 0, 655072), (8301, 0, 789087), (8516, 0, 789088), (8246, 2, 858893), (8540, 2, 870667), (8282, 0, 873526), (8295, 0, 880418), (9048, 3, 1009045), (8339, 3, 1010081), (8791, 3, 1116683), (8791, 3, 1116724), (8260, 3, 1116744), (8791, 3, 1116791), (8806, 2, 1117435), (8721, 3, 1178062), (8824, 0, 1213962), (8261, 2, 1554290), (9129, 3, 1651288), (8446, 0, 1989748), (8506, 0, 1990807), (8506, 0, 1990925), (8777, 2, 1992415), (8506, 0, 1993007), (8540, 2, 2079545), (8718, 2, 2079825), (8618, 2, 2080880), (8591, 3, 2081367), (8540, 2, 2082347), (8974, 2, 2083435), (8718, 2, 2088697), (8718, 2, 2089309), (8718, 2, 2089441), (8718, 2, 2089659), (8718, 2, 2089904), (8718, 2, 2090071), (8718, 2, 2091781), (8570, 2, 2153359), (8570, 2, 2153467), (8577, 0, 2153628), (8471, 0, 2220213), (8351, 0, 2220250), (8471, 0, 2220294), (8471, 0, 2220367), (9205, 3, 2220370), (8351, 0, 2220388), (8250, 3, 2221106), (8295, 0, 2385765), (8295, 0, 2385791), (8618, 2, 2387279)]"
2202 "[(8282, 0, 434079), (8343, 0, 1037627), (8644, 0, 1125164), (8777, 2, 1391492)]"
8842 "[(1267, 3, 434727), (1267, 3, 507701), (1267, 3, 508053), (1267, 3, 598917), (233, 0, 808784)]"
1921 "[(8602, 3, 435748), (9078, 2, 1282242), (8883, 3, 2326040), (8806, 2, 2327400), (8734, 3, 2495591), (8734, 3, 2495662), (8665, 3, 2498617), (8612, 0, 2504933), (8612, 0, 2505580)]"
2216 "[(8535, 3, 438700), (8639, 0, 905729), (8694, 0, 1135046), (8328, 3, 1476832), (8639, 0, 1665925), (8535, 3, 1818268), (8535, 3, 1818308), (8694, 0, 2308587), (8328, 3, 2527256), (8414, 3, 2631727)]"
745 "[(8719, 3, 444779), (8719, 3, 444948), (8719, 3, 445096), (8273, 2, 531852), (8273, 2, 531880), (8274, 2, 531941), (8466, 2, 531941), (8466, 2, 532000), (8939, 0, 697933), (8939, 0, 698019), (9159, 3, 1738560), (9159, 3, 1738763), (9159, 3, 1738908), (9159, 3, 1739404), (9062, 3, 2344082), (9077, 0, 2652999)]"
199 "[(8297, 0, 449885), (8297, 0, 450459)]"
1586 "[(8846, 3, 451179), (8231, 0, 451490), (8967, 2, 721158), (8784, 2, 969559), (9039, 0, 980120), (8832, 0, 1066890), (9049, 2, 1067032), (9155, 2, 1920127), (9210, 3, 2276152)]"
175 "[(8622, 2, 452150), (8733, 3, 813918), (8733, 3, 814035), (8408, 2, 816453), (8260, 3, 1870142), (8590, 3, 2636807)]"
8798 "[(233, 0, 456369), (233, 0, 1150611), (233, 0, 1409932)]"
8714 "[(40, 0, 460290)]"
8635 "[(1854, 0, 461127), (233, 0, 626302), (233, 0, 810244)]"
2305 "[(8284, 0, 474741)]"
8896 "[(466, 3, 476672), (331, 2, 478900), (644, 2, 481908), (539, 2, 482325), (644, 2, 482787), (2335, 2, 483192), (2335, 2, 483297), (17, 0, 483671), (2344, 3, 484149), (2357, 2, 486848), (421, 3, 488687), (421, 3, 488754), (421, 3, 489472), (421, 3, 489903), (84, 2, 492179), (421, 3, 493885), (421, 3, 494852), (421, 3, 495388), (421, 3, 495456), (421, 3, 498422), (2436, 2, 500897), (2436, 2, 500946), (411, 0, 501469), (411, 0, 501597), (2447, 2, 502266), (68, 3, 504721), (482, 3, 511360), (482, 3, 511624), (482, 3, 511658), (482, 3, 511709), (482, 3, 511768), (482, 3, 511853), (482, 3, 511883), (482, 3, 511957), (482, 3, 512088), (482, 3, 512287), (482, 3, 512524), (2488, 3, 512642), (482, 3, 512774), (482, 3, 513047), (482, 3, 513172), (482, 3, 513329), (482, 3, 513373), (482, 3, 513431), (482, 3, 514422), (1185, 3, 556238), (1185, 3, 556577), (1185, 3, 556671), (1185, 3, 556742), (1185, 3, 556954), (421, 3, 573161), (2447, 2, 597945), (482, 3, 600636), (482, 3, 600813), (482, 3, 600933), (482, 3, 601105), (1185, 3, 647553), (1185, 3, 647838), (1185, 3, 648003), (1185, 3, 650424), (1382, 3, 698433), (482, 3, 702141), (1185, 3, 726926), (1185, 3, 735752), (3594, 3, 817134), (1185, 3, 982270), (482, 3, 2471297)]"
1078 "[(8888, 3, 477507)]"
2374 "[(8848, 3, 489295), (8854, 0, 498613), (8339, 3, 955814), (8535, 3, 1021580), (9001, 2, 1489248), (8639, 0, 2238270), (8618, 2, 2413479), (8446, 0, 2413911)]"
8881 "[(17, 0, 495688), (68, 3, 685679), (68, 3, 2311128), (68, 3, 2405481), (68, 3, 2425951), (68, 3, 2528815), (233, 0, 2531311)]"
8677 "[(17, 0, 500223), (627, 3, 1980412), (17, 0, 2315568)]"
8747 "[(2438, 3, 501231), (3385, 2, 746433), (2242, 3, 2305818)]"
8481 "[(537, 0, 510385)]"
8912 "[(2485, 2, 512397)]"
8759 "[(17, 0, 513522), (2503, 0, 1005366)]"
8827 "[(68, 3, 514290), (1778, 2, 1781063), (17, 0, 2240662)]"
8485 "[(703, 3, 523038), (233, 0, 624411), (799, 0, 765447), (2137, 0, 788564), (22, 0, 2586141)]"
8647 "[(1069, 2, 524336), (1448, 2, 883833), (1448, 2, 884231), (4085, 3, 1139015), (337, 0, 1603006)]"
405 "[(8370, 0, 528547)]"
2567 "[(8283, 0, 528594), (8283, 0, 1742072)]"
2573 "[(8462, 0, 529669), (8295, 0, 692355), (8462, 0, 692442), (8462, 0, 692474)]"
2577 "[(8710, 2, 530883), (8710, 2, 531906), (8887, 3, 602339), (8806, 2, 1042745), (8343, 0, 1044134), (8343, 0, 1044144), (8411, 2, 1462318), (8411, 2, 2263044), (8411, 2, 2264052)]"
2365 "[(8654, 0, 531391), (8283, 0, 706887), (8683, 3, 930498), (8590, 3, 930755), (8283, 0, 1043729), (8670, 0, 1054796), (9054, 3, 1095572), (8283, 0, 1096054), (8819, 3, 1140064), (8819, 3, 1213948), (8819, 3, 1222459), (8819, 3, 1275735), (8590, 3, 1286571), (8590, 3, 1286620), (8295, 0, 1311437), (8295, 0, 1312535), (8295, 0, 1352558), (8295, 0, 1352754), (8283, 0, 1357561), (8295, 0, 1374425), (8695, 2, 1546825), (9071, 2, 1556078), (9071, 2, 1650829), (8577, 0, 1724976), (8819, 3, 1813948), (8819, 3, 1820847), (8260, 3, 2161589), (8260, 3, 2238240), (8962, 0, 2327795)]"
8879 "[(68, 3, 537791), (233, 0, 2268923)]"
8623 "[(1397, 3, 541185), (1263, 3, 597802), (68, 3, 598812), (1263, 3, 658151), (1263, 3, 665632), (1263, 3, 665651), (1263, 3, 665859), (68, 3, 666478), (165, 0, 676121), (165, 0, 676181), (165, 0, 676291), (165, 0, 676402), (165, 0, 676455), (2133, 2, 892226), (761, 2, 892704), (761, 2, 892718), (761, 2, 892741), (761, 2, 892756), (761, 2, 892770), (761, 2, 892787), (761, 2, 892816), (761, 2, 892837), (761, 2, 892852), (3262, 0, 912253), (3262, 0, 912493), (482, 3, 920727), (482, 3, 920756), (1263, 3, 923015), (1263, 3, 923139), (1263, 3, 923444), (1263, 3, 923508), (1263, 3, 925387), (1263, 3, 935913), (4029, 3, 951902), (527, 0, 972191), (233, 0, 975034), (718, 2, 1039337), (156, 0, 1055436), (1176, 3, 1105340), (482, 3, 1369635), (482, 3, 1369768), (482, 3, 1369917), (4887, 2, 1478887), (5802, 3, 1545747), (482, 3, 1549867), (482, 3, 1549923), (3262, 0, 1993536), (826, 2, 2078905), (1263, 3, 2590604)]"
2637 "[(8426, 0, 546490), (8426, 0, 556067), (9072, 2, 1213457), (8916, 2, 2089326)]"
8928 "[(1268, 3, 553131), (1268, 3, 653789), (233, 0, 886256), (1185, 3, 913972), (2864, 3, 1189201), (68, 3, 1190442), (2864, 3, 1191251), (2864, 3, 1448210), (703, 3, 1455872), (703, 3, 1456038), (68, 3, 1506524), (2864, 3, 1538936), (2864, 3, 1538977), (2864, 3, 1539102), (2864, 3, 1539414), (2864, 3, 1620232), (2864, 3, 1620267), (2864, 3, 1718713), (912, 3, 1919771), (68, 3, 1920649)]"
8803 "[(370, 0, 553347)]"
1238 "[(8429, 2, 555549), (8629, 2, 848001)]"
2660 "[(8888, 3, 555656), (8888, 3, 558398), (8888, 3, 591224), (8888, 3, 591950), (8888, 3, 676836)]"
2468 "[(8435, 2, 559407), (8435, 2, 559428), (9102, 2, 1640722), (9163, 3, 1712016), (9163, 3, 1712071), (8347, 3, 2371292)]"
2708 "[(8373, 0, 572614), (8373, 0, 576575), (8351, 0, 595117), (8939, 0, 684580), (8297, 0, 729012), (8471, 0, 743126), (8401, 0, 743313), (8413, 2, 743853), (8243, 0, 771582), (8257, 2, 974504), (8719, 3, 1008291), (8252, 0, 1008966), (8339, 3, 1010580), (8602, 3, 1181185), (8350, 3, 1272535), (8397, 3, 1273978), (8350, 3, 1278853), (8466, 2, 1289606), (8350, 3, 1293709), (8801, 2, 1363307), (8377, 0, 1418742), (8377, 0, 1419228), (8265, 2, 1420010), (8513, 0, 1526426), (8257, 2, 1871515), (8588, 3, 1872657), (8741, 0, 2137706), (8718, 2, 2139370), (8506, 0, 2140282), (8491, 2, 2390768), (8491, 2, 2390843)]"
8504 "[(103, 2, 573198), (1314, 3, 685042), (17, 0, 760194), (68, 3, 873885), (611, 0, 1074040), (497, 0, 1630661), (2138, 0, 1631758), (4063, 2, 1632134), (912, 3, 1809660), (61, 0, 2333280), (22, 0, 2420966), (4941, 0, 2447130), (2134, 3, 2480150), (3264, 0, 2489112), (233, 0, 2528158)]"
2728 "[(8491, 2, 574063)]"
8648 "[(940, 2, 575219), (3352, 2, 735738), (104, 2, 1093296), (104, 2, 1093360), (167, 0, 1266764), (167, 0, 1266808), (167, 0, 1266809), (423, 3, 1451994), (233, 0, 1575061), (611, 0, 1596720), (4178, 3, 1629356), (4085, 3, 1741088), (104, 2, 1755005), (104, 2, 1755082), (104, 2, 2045261), (104, 2, 2045365), (104, 2, 2045471), (4178, 3, 2217789), (4178, 3, 2217822)]"
8930 "[(2242, 3, 576530), (1173, 0, 677505)]"
1639 "[(8680, 0, 585129)]"
8578 "[(608, 2, 585279), (1268, 3, 591829), (608, 2, 656739), (1670, 3, 1364670), (1069, 2, 1384590), (4001, 0, 2151751)]"
8684 "[(1276, 0, 587852), (1276, 0, 587946), (4178, 3, 1005799), (4178, 3, 1006343), (4178, 3, 1006436), (2319, 0, 1450249), (4178, 3, 1539421), (6155, 2, 1700182), (337, 0, 1709969), (337, 0, 1709987)]"
2863 "[(8771, 3, 599507), (9048, 3, 1008980), (8771, 3, 1025118), (9072, 2, 1141969)]"
2894 "[(8531, 0, 605514), (8536, 3, 707420), (8536, 3, 707488)]"
2899 "[(8351, 0, 606737), (8888, 3, 606940), (8575, 3, 1760183)]"
1468 "[(8656, 3, 613334), (8656, 3, 666069)]"
8688 "[(1549, 2, 615256), (1549, 2, 615756), (1549, 2, 616767), (1549, 2, 617812), (40, 0, 713526), (40, 0, 807392), (68, 3, 809335), (1471, 3, 965347), (68, 3, 974832), (1549, 2, 975058), (1549, 2, 975540), (233, 0, 1495236), (233, 0, 1664518), (233, 0, 1751582), (1726, 3, 1878070)]"
8787 "[(233, 0, 624825), (3612, 2, 1003064), (3612, 2, 1003586), (3517, 3, 1004492)]"
8653 "[(233, 0, 624906), (920, 0, 739103), (1058, 0, 1007589)]"
8892 "[(40, 0, 626288), (5017, 0, 1260138), (1854, 0, 2333980)]"
8728 "[(17, 0, 632392)]"
3015 "[(8269, 2, 637417), (8269, 2, 637697), (8269, 2, 637721), (8269, 2, 637782)]"
3011 "[(8249, 0, 637744), (8519, 0, 638330), (8519, 0, 638359), (8519, 0, 645129), (8519, 0, 1853567), (8519, 0, 1853688), (8519, 0, 1854031), (8519, 0, 2531654), (8519, 0, 2531686)]"
3036 "[(8241, 2, 643717), (8241, 2, 643813), (9048, 3, 1065025)]"
3039 "[(8231, 0, 644683), (8231, 0, 644731), (8741, 0, 645414), (8350, 3, 1328826), (8358, 0, 1488859), (8591, 3, 1689611), (9163, 3, 1720821), (9168, 2, 2042432)]"
8266 "[(68, 3, 646298), (68, 3, 650027), (3385, 2, 746400), (68, 3, 941239), (2654, 3, 998097), (1552, 3, 1023106), (68, 3, 1328498), (628, 2, 2333836), (608, 2, 2427238)]"
8807 "[(1306, 2, 649808), (671, 2, 724498), (3108, 3, 1707314), (3108, 3, 1707315), (233, 0, 2356217)]"
8956 "[(2738, 2, 653586), (2738, 2, 653628), (482, 3, 1869412), (2348, 3, 1994349), (482, 3, 2174292), (2277, 0, 2282722), (482, 3, 2321452), (233, 0, 2355767)]"
8521 "[(1263, 3, 657466), (233, 0, 887809), (3893, 3, 917720), (4014, 3, 948374), (4205, 0, 1010185), (2989, 0, 1247968), (1647, 3, 1440227), (335, 0, 1785032), (171, 0, 1996210)]"
3081 "[(8872, 3, 661718)]"
2369 "[(8887, 3, 670249), (8526, 0, 1542715)]"
3114 "[(8444, 0, 671266), (8339, 3, 672893), (8263, 3, 1191319), (8331, 2, 1269823), (9071, 2, 1589631), (9071, 2, 1595179), (9071, 2, 1595810), (9071, 2, 1596023), (9071, 2, 1596068), (9071, 2, 1619503), (9071, 2, 1622316), (8519, 0, 1875221), (8519, 0, 1932968), (8519, 0, 1933022), (8519, 0, 1933154), (8519, 0, 1933312), (8519, 0, 1933520), (8519, 0, 1933636), (8319, 3, 1963493), (9071, 2, 2027623), (8519, 0, 2033467), (8519, 0, 2139941), (8519, 0, 2194525), (8519, 0, 2194793), (8519, 0, 2220945)]"
2671 "[(8536, 3, 672988), (8536, 3, 748876), (8536, 3, 748914), (8295, 0, 1691253), (8536, 3, 2590842)]"
3139 "[(8726, 2, 675717), (8726, 2, 1182158), (8726, 2, 1182252)]"
3178 "[(8970, 0, 684274), (8883, 3, 2255848), (8883, 3, 2325436)]"
8322 "[(703, 3, 687601)]"
8978 "[(1314, 3, 693923), (233, 0, 809893), (2054, 2, 1099741), (68, 3, 1208001), (4085, 3, 1840051), (2615, 2, 2068293)]"
3222 "[(8246, 2, 694147), (8246, 2, 1448585)]"
2930 "[(8969, 3, 695510), (8969, 3, 695583), (8969, 3, 695792), (9168, 2, 1860778), (9168, 2, 1868861), (9168, 2, 1878434), (9168, 2, 1878705), (9168, 2, 1878887), (9168, 2, 1879227), (9168, 2, 1879402), (9168, 2, 1879840), (9168, 2, 1879855), (9168, 2, 1885001), (9168, 2, 1885130), (9168, 2, 1885368), (9168, 2, 1885470), (9168, 2, 1885484), (9168, 2, 1899749), (9168, 2, 1900068), (9168, 2, 1900944), (9168, 2, 1976258), (9168, 2, 2082333), (9168, 2, 2120080), (9168, 2, 2120094), (9168, 2, 2169375), (9168, 2, 2170898), (8256, 2, 2318796), (9168, 2, 2318889), (9077, 0, 2336164), (9077, 0, 2336204), (9168, 2, 2343905), (9168, 2, 2418317)]"
8871 "[(207, 0, 709214), (233, 0, 721644), (890, 2, 779330), (233, 0, 887529), (68, 3, 1022499)]"
3273 "[(8887, 3, 711610), (8887, 3, 711717), (8887, 3, 712288), (8887, 3, 712319), (8887, 3, 712507)]"
2098 "[(8411, 2, 713107), (8411, 2, 713126), (8411, 2, 852921), (8411, 2, 1178772), (8411, 2, 2389402), (8411, 2, 2477804)]"
8981 "[(68, 3, 715190), (68, 3, 726444), (68, 3, 727594), (4001, 0, 2139724)]"
3285 "[(8888, 3, 716956), (9049, 2, 1043869)]"
8948 "[(40, 0, 717354), (233, 0, 721283), (537, 0, 1160300)]"
8904 "[(68, 3, 717445), (233, 0, 1662022), (40, 0, 1716467), (367, 0, 1756193)]"
8698 "[(233, 0, 717561)]"
3292 "[(8536, 3, 720347), (8536, 3, 720385)]"
3295 "[(8339, 3, 721217)]"
8973 "[(233, 0, 721633), (1670, 3, 1354031), (1780, 2, 1401125), (233, 0, 1416444), (608, 2, 1909523)]"
8989 "[(3317, 0, 727391), (233, 0, 882436), (233, 0, 970611), (608, 2, 1375008), (608, 2, 1375021), (2907, 2, 1390282), (1554, 2, 2336376)]"
8990 "[(537, 0, 741685), (388, 2, 754123), (388, 2, 754170), (388, 2, 754330), (799, 0, 765437), (3483, 3, 772357), (3483, 3, 772626), (67, 0, 776806), (67, 0, 777076), (67, 0, 777091), (3506, 0, 779487), (233, 0, 806915), (40, 0, 811213), (799, 0, 1067855), (1184, 2, 1069893), (1184, 2, 1069949), (1184, 2, 1100181), (1184, 2, 1100203), (799, 0, 1111096), (233, 0, 1146388), (233, 0, 1839179), (40, 0, 1843595), (233, 0, 1922418), (2495, 0, 1941695), (2246, 2, 1962046), (2246, 2, 1962047), (517, 2, 2258762), (517, 2, 2258820)]"
8880 "[(2495, 0, 749208), (4085, 3, 1310469)]"
3402 "[(8414, 3, 751906), (8414, 3, 751967)]"
8327 "[(1726, 3, 753568), (5932, 2, 1675416)]"
8996 "[(1726, 3, 753596), (4085, 3, 2175715)]"
997 "[(8998, 2, 754379), (8998, 2, 970443), (8998, 2, 1583863), (8998, 2, 1611281), (8998, 2, 1613386), (8998, 2, 1613425), (8998, 2, 1613470), (8998, 2, 1614625), (8998, 2, 1614746), (8998, 2, 1614929), (8998, 2, 1615796), (8998, 2, 1617563), (8998, 2, 1620150), (8998, 2, 1622458)]"
8567 "[(1726, 3, 754452), (45, 3, 759037), (1184, 2, 940316), (26, 2, 1377129)]"
3434 "[(8587, 0, 757424)]"
8576 "[(242, 2, 759999), (1277, 3, 811210), (1277, 3, 811229), (242, 2, 854295), (242, 2, 854425), (242, 2, 904957), (242, 2, 904986), (242, 2, 1444898), (242, 2, 1451957), (242, 2, 1453922), (242, 2, 1455012), (242, 2, 1456786), (242, 2, 1458211), (242, 2, 1458260), (242, 2, 1459025), (242, 2, 1545887), (242, 2, 1545921), (242, 2, 1546016), (4178, 3, 1642406), (242, 2, 1924305), (242, 2, 2039215), (242, 2, 2051587), (242, 2, 2184333), (2134, 3, 2574502), (17, 0, 2673416)]"
3464 "[(8721, 3, 765613)]"
604 "[(8294, 0, 768694)]"
2923 "[(8763, 0, 774099), (9005, 0, 775505), (8856, 2, 947092), (8368, 0, 996103), (9054, 3, 1016921), (9054, 3, 1017071), (8855, 0, 1017879), (8972, 0, 1028079), (9054, 3, 1035247), (9054, 3, 1035382), (9054, 3, 1132017), (9088, 0, 1296152), (8459, 0, 1345813), (9072, 2, 1370331), (8350, 3, 1387795), (9054, 3, 1535562), (8410, 3, 1560763), (8296, 3, 1732012), (8273, 2, 1894008), (9181, 2, 1986923)]"
3502 "[(8339, 3, 778382), (9090, 3, 1284544)]"
8985 "[(3541, 0, 792221), (68, 3, 866018), (68, 3, 940756), (68, 3, 945262), (697, 0, 1114883), (233, 0, 1153424), (68, 3, 1185933), (68, 3, 1284400), (68, 3, 1708116), (3512, 2, 1710655), (4085, 3, 1799290), (499, 3, 1912820), (499, 3, 1912832), (499, 3, 1913821), (499, 3, 1958337), (697, 0, 2093155), (2769, 2, 2094146), (2198, 2, 2095226), (2198, 2, 2095294), (4085, 3, 2109921), (156, 0, 2147250), (68, 3, 2150947), (68, 3, 2209710), (6385, 0, 2217152), (697, 0, 2256012), (125, 2, 2259255), (68, 3, 2261296), (6470, 3, 2273953), (17, 0, 2318770), (68, 3, 2482895), (4085, 3, 2643044)]"
8812 "[(68, 3, 793501), (40, 0, 808101), (233, 0, 886028), (68, 3, 971663), (233, 0, 973252), (17, 0, 999102), (167, 0, 999206), (22, 0, 999351), (4109, 3, 1007592), (17, 0, 1025418), (22, 0, 1025495), (233, 0, 1151675), (615, 0, 1165849), (233, 0, 1230950), (1726, 3, 1284907), (4085, 3, 1398662), (233, 0, 1416438), (233, 0, 1491789), (233, 0, 1579675), (233, 0, 1751642), (233, 0, 1924656), (17, 0, 2047889), (17, 0, 2051599), (1698, 2, 2133572), (17, 0, 2143379), (6470, 3, 2168291), (17, 0, 2218411), (5397, 0, 2218534), (2246, 2, 2220257), (2246, 2, 2220261), (40, 0, 2335892)]"
3574 "[(8872, 3, 804962), (8872, 3, 817354), (8872, 3, 826314), (8872, 3, 1165678)]"
8952 "[(3503, 3, 809318), (3503, 3, 810750), (68, 3, 1040469), (233, 0, 1231889), (17, 0, 1271867), (2093, 2, 1274397), (17, 0, 1274581), (233, 0, 1315921), (1314, 3, 1363492), (17, 0, 1363706), (1036, 3, 1370656), (1036, 3, 1370715), (483, 3, 1444795), (483, 3, 1444861), (483, 3, 1444914), (233, 0, 1492486), (68, 3, 1558692), (233, 0, 1576346), (40, 0, 1581302), (68, 3, 1590914), (68, 3, 1633787), (233, 0, 1663682), (68, 3, 2050457), (367, 0, 2121027), (1663, 3, 2140075), (156, 0, 2147567), (68, 3, 2163225), (1184, 2, 2165110), (486, 2, 2187191), (40, 0, 2269894)]"
3592 "[(8584, 2, 816642), (8339, 3, 909349), (8584, 2, 999972), (8339, 3, 1000343), (8341, 2, 1001861), (8574, 2, 1181231), (8498, 3, 1264121), (8645, 0, 1701630), (8574, 2, 1792025), (8466, 2, 1959608)]"
3613 "[(8295, 0, 823406), (9062, 3, 1085071), (8997, 0, 1129845)]"
1492 "[(8482, 2, 834435)]"
9006 "[(625, 3, 836048), (625, 3, 836069), (625, 3, 836132), (625, 3, 836147), (625, 3, 836179), (625, 3, 836285), (625, 3, 836323), (625, 3, 837085), (625, 3, 837342), (625, 3, 839173), (1176, 3, 845603), (233, 0, 886169), (233, 0, 970408), (1552, 3, 1020278), (1397, 3, 1320548), (625, 3, 1880397), (68, 3, 1987653)]"
3683 "[(8874, 2, 845424)]"
3690 "[(8283, 0, 847792)]"
1044 "[(8284, 0, 850236), (8806, 2, 1188705), (8618, 2, 2570252)]"
8382 "[(1069, 2, 851819), (2121, 3, 861889), (2121, 3, 1120955), (40, 0, 1543139), (1069, 2, 1622138), (1069, 2, 1623195), (233, 0, 1922804)]"
3746 "[(8283, 0, 863918)]"
9023 "[(402, 2, 867196), (402, 2, 871550), (402, 2, 871580), (874, 2, 913754), (795, 2, 926680), (795, 2, 942715), (1189, 2, 985350), (1189, 2, 997569), (795, 2, 998652), (1189, 2, 998851), (795, 2, 999170), (1189, 2, 999357), (1647, 3, 1007321), (1189, 2, 1008141), (4085, 3, 1653595), (68, 3, 2061492), (799, 0, 2061840), (67, 0, 2062407), (67, 0, 2073322), (67, 0, 2073344), (67, 0, 2073420), (68, 3, 2074656), (1189, 2, 2077641), (1189, 2, 2077675), (1189, 2, 2077706), (233, 0, 2094933), (40, 0, 2147224), (40, 0, 2147545), (40, 0, 2147562), (40, 0, 2147579), (4085, 3, 2197456), (402, 2, 2226972), (1189, 2, 2251050), (1189, 2, 2251075), (799, 0, 2278492), (4085, 3, 2292071), (40, 0, 2529663)]"
3763 "[(8249, 0, 870492)]"
8418 "[(1505, 0, 881971), (3909, 0, 921678), (5383, 0, 1968378), (6470, 3, 2165850), (2035, 0, 2287603), (2035, 0, 2287645), (4319, 0, 2498839), (1001, 2, 2516293), (1001, 2, 2516416), (1001, 2, 2558196)]"
1856 "[(8950, 0, 906643), (8950, 0, 906807), (8339, 3, 923283), (8343, 0, 924717), (8785, 2, 1284449), (8260, 3, 1286162), (8591, 3, 1954860), (8260, 3, 1955235), (8791, 3, 2326930)]"
1662 "[(8683, 3, 907114), (8590, 3, 907212)]"
9034 "[(3874, 0, 907200), (3874, 0, 907371), (17, 0, 907414), (22, 0, 997942), (22, 0, 998214), (167, 0, 998242), (3896, 0, 998276), (167, 0, 998301), (167, 0, 998357), (167, 0, 998358), (167, 0, 998540), (17, 0, 1171292), (17, 0, 1171504), (167, 0, 1171604), (4273, 2, 1203156), (22, 0, 1256961), (1958, 2, 1260418), (1958, 2, 1260480), (4266, 2, 1260548), (1958, 2, 1260665), (17, 0, 1260994), (5020, 0, 1261036), (5020, 0, 1261078), (5037, 2, 1265237), (7389, 0, 2234176), (17, 0, 2298411), (1663, 3, 2303145), (17, 0, 2306038), (730, 0, 2317677), (730, 0, 2317699)]"
1772 "[(8339, 3, 916993), (9166, 3, 1892748), (9166, 3, 1892769), (9166, 3, 1893007), (9166, 3, 1893140), (9166, 3, 1893206), (9166, 3, 1910709), (9166, 3, 1910783), (9166, 3, 1911550), (9166, 3, 1966182), (9166, 3, 1966469), (9166, 3, 1966496), (9166, 3, 1966621), (9166, 3, 1966704), (9166, 3, 1966816), (9166, 3, 1966871), (9166, 3, 2055869)]"
3903 "[(8968, 0, 919907)]"
8511 "[(142, 2, 926058), (142, 2, 926088), (423, 3, 1194602), (68, 3, 1988082), (68, 3, 2012545), (509, 0, 2463017)]"
9026 "[(68, 3, 927285), (68, 3, 928625)]"
3939 "[(8339, 3, 930180)]"
3963 "[(8546, 3, 935037), (8406, 3, 1363884), (8514, 2, 2101191)]"
3967 "[(8471, 0, 936114)]"
8893 "[(3748, 3, 946317), (246, 3, 985265), (17, 0, 1000847), (1663, 3, 1001321), (484, 2, 1001626), (480, 2, 1029181), (484, 2, 1112737), (17, 0, 1511272), (335, 0, 1787222), (335, 0, 1788306), (335, 0, 1789325), (335, 0, 1791337), (335, 0, 1792494), (335, 0, 1793353)]"
8986 "[(1185, 3, 953953), (1185, 3, 954102), (1185, 3, 954209), (1185, 3, 1165137), (1185, 3, 1166589), (1185, 3, 1166684), (1185, 3, 1322327), (1185, 3, 1322434), (1185, 3, 1322486), (1185, 3, 1322596), (1185, 3, 1499239), (1185, 3, 1499469), (1185, 3, 1499654), (1185, 3, 1500150), (1185, 3, 1500685), (1185, 3, 1500854), (1185, 3, 1500893), (1185, 3, 1500973), (1185, 3, 1501068), (1185, 3, 1501247), (1185, 3, 1501351), (1185, 3, 1501391), (1185, 3, 1501427), (1185, 3, 1501823), (920, 0, 1519436), (233, 0, 1578012), (68, 3, 1695297), (1218, 2, 1709550), (2936, 0, 1719987), (1218, 2, 1721626), (1185, 3, 1724383), (1218, 2, 1761328), (1185, 3, 1761938), (1058, 0, 1816073), (68, 3, 1992150), (68, 3, 1993698), (1185, 3, 2021130), (1185, 3, 2021686), (1185, 3, 2025426), (1185, 3, 2025473), (1185, 3, 2027571), (233, 0, 2267991), (1185, 3, 2465472)]"
2199 "[(9001, 2, 955198)]"
4065 "[(8974, 2, 966152), (8974, 2, 970181), (8544, 3, 1475710), (8544, 3, 1475811), (8565, 2, 1828336), (8565, 2, 1829706), (8974, 2, 2311436), (8561, 2, 2347544), (8380, 2, 2437422)]"
9022 "[(233, 0, 970428), (233, 0, 971488), (2881, 0, 1896290)]"
8532 "[(246, 3, 985678), (3195, 0, 1283610)]"
8992 "[(350, 0, 988761), (350, 0, 988804), (17, 0, 999154), (17, 0, 999758), (17, 0, 1000373), (17, 0, 1000678), (17, 0, 1000730), (17, 0, 1000751), (17, 0, 1000976), (17, 0, 1001482), (602, 2, 1081858), (423, 3, 1265160), (1042, 2, 1414698), (233, 0, 1416902), (4586, 3, 1446700), (17, 0, 1496952), (2390, 0, 1497258), (17, 0, 2212185), (17, 0, 2220497), (143, 3, 2482008)]"
8324 "[(835, 0, 997496), (611, 0, 2193663), (4085, 3, 2285731)]"
3269 "[(9049, 2, 998853)]"
8659 "[(17, 0, 1006365)]"
4186 "[(8438, 3, 1007299), (8591, 3, 1721207), (8983, 2, 1809878), (9059, 2, 1810696), (9059, 2, 1810913), (9059, 2, 1814912), (9059, 2, 1815487), (8971, 2, 2645834)]"
9053 "[(1970, 0, 1012518), (497, 0, 1014764), (1004, 0, 1047409), (1004, 0, 1047806), (1004, 0, 1096950), (1004, 0, 1098126), (1970, 0, 1117691), (233, 0, 1152471), (68, 3, 1182190), (608, 2, 1204693), (608, 2, 1204769), (608, 2, 1204783), (608, 2, 1204797), (608, 2, 1204872), (608, 2, 1204887), (608, 2, 1204961), (608, 2, 1205036), (608, 2, 1205052), (68, 3, 1210759), (233, 0, 1233958), (537, 0, 1244090), (1726, 3, 1456523), (68, 3, 1529663), (233, 0, 1578531), (608, 2, 1817297), (954, 0, 2428630)]"
2608 "[(8734, 3, 1013067), (8734, 3, 1080597), (8734, 3, 1298503), (8734, 3, 1298809), (8734, 3, 1303305), (8734, 3, 1310858), (8734, 3, 1311148), (8734, 3, 1313877), (8734, 3, 1985935), (8734, 3, 2143319), (9149, 3, 2143412), (8734, 3, 2265733)]"
4251 "[(9048, 3, 1022748), (9089, 0, 1445798), (9089, 0, 1480717), (9089, 0, 1481299), (9089, 0, 1481332), (9089, 0, 1526330), (9166, 3, 1749036), (9166, 3, 1787433), (9166, 3, 1788063), (9166, 3, 1788188), (9166, 3, 1859501), (9166, 3, 1859627), (9089, 0, 1893038), (9205, 3, 2669800)]"
4279 "[(8243, 0, 1028211), (8341, 2, 1180552)]"
4296 "[(9048, 3, 1034129)]"
995 "[(8806, 2, 1043330)]"
9040 "[(1004, 0, 1045047), (4085, 3, 1390965)]"
4361 "[(8411, 2, 1045626), (9071, 2, 1561053), (9071, 2, 1620795)]"
8287 "[(4085, 3, 1049710), (367, 0, 1689135)]"
4371 "[(8243, 0, 1050645), (8243, 0, 1051401)]"
4380 "[(8752, 3, 1050762)]"
4164 "[(8343, 0, 1052875), (8343, 0, 1052876), (8591, 3, 1677898), (8591, 3, 1735684), (8665, 3, 2284879)]"
4390 "[(8358, 0, 1053599), (8260, 3, 1201240), (8672, 2, 1201501), (8548, 0, 1201629), (8295, 0, 1386335), (9168, 2, 2423336), (8526, 0, 2423667)]"
2659 "[(8749, 3, 1079790), (9089, 0, 1633926), (9117, 0, 1713436)]"
4450 "[(8283, 0, 1079832)]"
9007 "[(2833, 3, 1095257), (2833, 3, 1095301), (480, 2, 1711419), (40, 0, 1720573), (6743, 3, 1961134)]"
4499 "[(8411, 2, 1098402)]"
9063 "[(83, 0, 1099677), (83, 0, 1099794), (6007, 0, 1631562), (954, 0, 1978494), (2242, 3, 2321805)]"
4526 "[(8373, 0, 1107000)]"
4578 "[(9033, 0, 1121423), (9033, 0, 1121603)]"
1521 "[(8466, 2, 1126882)]"
3794 "[(8376, 2, 1134306), (8376, 2, 1160396)]"
4621 "[(8983, 2, 1136548), (8590, 3, 1932111)]"
3899 "[(9072, 2, 1157936)]"
1971 "[(9069, 3, 1169079)]"
1183 "[(9069, 3, 1169083)]"
1761 "[(9069, 3, 1169751), (9069, 3, 1170051)]"
4699 "[(9069, 3, 1170014)]"
3025 "[(9069, 3, 1173556), (8551, 0, 2544669)]"
3828 "[(8577, 0, 1177423)]"
4742 "[(9069, 3, 1177491)]"
3782 "[(8295, 0, 1180753), (8295, 0, 1180819)]"
4763 "[(9069, 3, 1180982)]"
4791 "[(8241, 2, 1189077)]"
8563 "[(782, 0, 1190805), (4273, 2, 1197655), (835, 0, 1257928), (835, 0, 1257977), (3108, 3, 1274411), (3108, 3, 1274413), (835, 0, 1327937), (835, 0, 1327960), (423, 3, 1451840), (1726, 3, 1460361), (3591, 2, 1700182), (3591, 2, 1700393), (3591, 2, 1700423), (4178, 3, 1700643), (4697, 2, 1885506), (4697, 2, 1885567), (3591, 2, 1972637)]"
1239 "[(9069, 3, 1191341)]"
4162 "[(9072, 2, 1198204), (9072, 2, 1198232)]"
9084 "[(3743, 2, 1201928), (1862, 2, 1897749), (1862, 2, 1898460), (1862, 2, 2106640), (4752, 0, 2624802), (541, 3, 2624874), (2541, 2, 2624951), (4752, 0, 2625128), (4752, 0, 2625614), (4752, 0, 2625664), (4752, 0, 2625897), (4752, 0, 2626005), (4752, 0, 2626108), (4752, 0, 2626153), (2425, 2, 2626614), (480, 2, 2626802), (480, 2, 2626960), (480, 2, 2627053), (480, 2, 2627129), (1206, 3, 2627443), (480, 2, 2628129), (1264, 2, 2628678), (1264, 2, 2628699), (487, 3, 2629902), (487, 3, 2630096), (487, 3, 2630141), (487, 3, 2630440), (487, 3, 2630579), (487, 3, 2630764), (487, 3, 2631164), (487, 3, 2631292), (487, 3, 2631382), (487, 3, 2631540), (7205, 0, 2631706), (487, 3, 2631715), (487, 3, 2631809), (487, 3, 2632033), (487, 3, 2632231), (487, 3, 2632365), (109, 3, 2632421), (487, 3, 2632561), (487, 3, 2632615), (487, 3, 2632741), (487, 3, 2632923), (2068, 3, 2632941), (487, 3, 2633356), (487, 3, 2633580), (487, 3, 2633657), (867, 2, 2633749), (487, 3, 2633877), (867, 2, 2633884), (867, 2, 2633926), (867, 2, 2634004), (1276, 0, 2634209), (3636, 0, 2634275), (109, 3, 2634335), (4266, 2, 2634381), (867, 2, 2635364), (867, 2, 2635390), (2103, 3, 2635499), (867, 2, 2636009), (109, 3, 2636254), (477, 3, 2641516), (6209, 3, 2643135), (2134, 3, 2643167), (867, 2, 2643999), (477, 3, 2647355), (477, 3, 2647366), (477, 3, 2647395), (109, 3, 2652328), (517, 2, 2653058), (17, 0, 2653565), (994, 3, 2666950), (2436, 2, 2668160), (68, 3, 2668823), (994, 3, 2672212), (994, 3, 2672340), (994, 3, 2672408), (994, 3, 2672581), (994, 3, 2672754), (994, 3, 2672853)]"
1616 "[(9048, 3, 1210473), (9048, 3, 1210570)]"
9075 "[(3681, 2, 1211029)]"
1673 "[(8284, 0, 1213999), (8555, 2, 2482186)]"
8571 "[(233, 0, 1234208), (167, 0, 1392983)]"
3270 "[(8402, 2, 1235096)]"
8517 "[(233, 0, 1235099), (1726, 3, 1458913), (233, 0, 1494716), (6323, 0, 2037470)]"
8272 "[(233, 0, 1239619), (17, 0, 1712476)]"
9076 "[(40, 0, 1239645)]"
9019 "[(537, 0, 1242597), (530, 3, 1277149), (2069, 0, 1313484), (2069, 0, 1313505), (4085, 3, 1598683), (480, 2, 2542084), (480, 2, 2542149)]"
8626 "[(164, 0, 1243115), (5137, 0, 1293462), (4752, 0, 1423077), (17, 0, 1947064), (1670, 3, 2190110)]"
333 "[(8283, 0, 1259886), (8283, 0, 1700802), (8283, 0, 2390705)]"
239 "[(8603, 3, 1260393), (8603, 3, 1346689)]"
5038 "[(8402, 2, 1265649)]"
1649 "[(8454, 0, 1279947), (8628, 2, 1808582)]"
8708 "[(17, 0, 1290562)]"
5129 "[(8651, 2, 1290615), (8651, 2, 1290688), (8651, 2, 1290722), (8651, 2, 1290780), (8651, 2, 1293693)]"
8960 "[(40, 0, 1292065), (40, 0, 1495558)]"
8770 "[(40, 0, 1292078)]"
5168 "[(8849, 0, 1304849), (8849, 0, 1304878)]"
339 "[(8766, 2, 1309659), (8766, 2, 1349252), (8507, 2, 1467444), (8766, 2, 2307723), (8766, 2, 2554405), (9069, 3, 2581770), (8766, 2, 2644680)]"
8674 "[(5184, 2, 1312396)]"
9095 "[(233, 0, 1316143), (40, 0, 1661232), (4085, 3, 1671766), (1137, 2, 1823662), (22, 0, 1905599), (40, 0, 1908890), (1137, 2, 2161878)]"
9099 "[(68, 3, 1316607), (4085, 3, 1320150), (3591, 2, 1361385), (68, 3, 1392665), (233, 0, 1923158), (68, 3, 1988305), (608, 2, 2247541), (608, 2, 2247554), (608, 2, 2247566), (68, 3, 2420231)]"
5193 "[(8699, 2, 1317143), (8699, 2, 1317232)]"
8369 "[(4085, 3, 1325654), (233, 0, 2095796)]"
8349 "[(4085, 3, 1331792), (40, 0, 1717966), (40, 0, 1748975), (40, 0, 1819316), (40, 0, 2015724), (242, 2, 2035094), (55, 2, 2097578), (242, 2, 2109114), (242, 2, 2109350), (40, 0, 2251332)]"
2396 "[(9102, 2, 1343976), (9102, 2, 1345042), (9102, 2, 1345233), (9102, 2, 1345493), (9102, 2, 1345668), (9102, 2, 1345791), (9102, 2, 1345905), (9102, 2, 1345951), (9102, 2, 1346139), (9102, 2, 1346349), (9102, 2, 1638352), (9102, 2, 1640793), (9102, 2, 1649436), (9102, 2, 2305746)]"
4015 "[(9096, 3, 1349321), (9096, 3, 1673200)]"
2697 "[(8650, 0, 1352812), (8650, 0, 1354981), (8650, 0, 1403087), (8650, 0, 1403156), (8650, 0, 1528003), (8650, 0, 1583239), (8650, 0, 1696814), (8650, 0, 1697030), (8650, 0, 1775449), (8650, 0, 1862374), (8650, 0, 1862459), (8650, 0, 1869987), (8650, 0, 1870026), (8650, 0, 1930808), (8650, 0, 1957775), (8650, 0, 1963063), (8650, 0, 1963135), (8650, 0, 1963431), (8650, 0, 1964787), (8650, 0, 1964834), (8650, 0, 1964899), (8650, 0, 1964973), (8650, 0, 1965106), (8650, 0, 1965230), (8650, 0, 1965583), (8650, 0, 1965637), (8650, 0, 1965719), (8650, 0, 1965796), (8650, 0, 1965918)]"
5279 "[(8909, 2, 1354399)]"
5215 "[(9100, 3, 1357033), (8577, 0, 1419555), (8577, 0, 1419651), (8577, 0, 1930949), (8577, 0, 1931015)]"
739 "[(8717, 2, 1363886), (8717, 2, 1364433), (8717, 2, 1364493), (8717, 2, 1409581), (8717, 2, 1414969), (8717, 2, 1415553), (8717, 2, 1415578), (8717, 2, 1417061), (8717, 2, 1420725), (8717, 2, 1579662), (8717, 2, 1615443), (8717, 2, 1620940)]"
3861 "[(8471, 0, 1365748), (8471, 0, 1366129), (8645, 0, 2365754), (8645, 0, 2365886), (8426, 0, 2585961)]"
5394 "[(8975, 3, 1381259), (8535, 3, 2343927)]"
5407 "[(8271, 3, 1385153)]"
8993 "[(611, 0, 1393733), (233, 0, 1413420), (17, 0, 2386292), (233, 0, 2440249), (703, 3, 2499671)]"
8907 "[(752, 2, 1395862), (752, 2, 1398933), (4085, 3, 1908055)]"
4947 "[(8656, 3, 1403300), (8656, 3, 1566882), (8656, 3, 1732897)]"
2076 "[(8325, 0, 1407947), (8325, 0, 1408131)]"
8690 "[(233, 0, 1416695)]"
9106 "[(233, 0, 1417053), (233, 0, 2015143), (40, 0, 2019351)]"
8270 "[(233, 0, 1418704), (913, 0, 1938357), (68, 3, 1960141), (233, 0, 2012839), (68, 3, 2377326), (233, 0, 2440490), (68, 3, 2489931)]"
9020 "[(248, 3, 1421435), (1076, 3, 2244888)]"
210 "[(9103, 2, 1427763)]"
5550 "[(8555, 2, 1451387)]"
5475 "[(8575, 3, 1468595)]"
5622 "[(9113, 2, 1469273), (9058, 2, 1495966), (8703, 0, 1531454), (9059, 2, 1534147), (8526, 0, 1535054), (9069, 3, 1543434), (8387, 0, 1621291), (8246, 2, 1624345), (8575, 3, 1641101), (8343, 0, 1659700), (8402, 2, 1819884), (8645, 0, 1837892), (8650, 0, 1867291), (9079, 3, 1869184), (8806, 2, 1926095), (8331, 2, 1928475), (9117, 0, 1943483), (8293, 3, 2046684), (9113, 2, 2073987), (8963, 2, 2081492), (8377, 0, 2155304), (9071, 2, 2162495), (8550, 0, 2218330), (8791, 3, 2263882), (8636, 0, 2289097), (8828, 0, 2322098), (8665, 3, 2368928), (9151, 3, 2377915), (8377, 0, 2491969), (8574, 2, 2589084), (8491, 2, 2594589), (8516, 0, 2655731)]"
4086 "[(8243, 0, 1475761)]"
5659 "[(8547, 0, 1480024)]"
9121 "[(233, 0, 1487671), (233, 0, 1577568), (233, 0, 1662927)]"
5463 "[(8466, 2, 1492505), (8516, 0, 1798254)]"
9126 "[(233, 0, 1495443), (4085, 3, 1563066)]"
9046 "[(40, 0, 1495586)]"
9044 "[(40, 0, 1495595)]"
5699 "[(9096, 3, 1499308)]"
9135 "[(40, 0, 1504368), (1778, 2, 1756309), (1036, 3, 1818454)]"
1124 "[(9140, 3, 1535951)]"
8756 "[(68, 3, 1541636)]"
9136 "[(497, 0, 1542872), (799, 0, 1629814), (233, 0, 1839656), (4085, 3, 1843797), (799, 0, 1968331)]"
3735 "[(8634, 3, 1544653)]"
5813 "[(8778, 2, 1548704)]"
3931 "[(9071, 2, 1550687)]"
9008 "[(4085, 3, 1559225), (68, 3, 2132454)]"
3663 "[(8519, 0, 1559711)]"
5879 "[(9071, 2, 1573063)]"
9107 "[(233, 0, 1580724), (1173, 0, 2101505)]"
5904 "[(8295, 0, 1581232)]"
5237 "[(8390, 0, 1581518), (8390, 0, 1581643)]"
211 "[(8314, 0, 1614293)]"
5983 "[(8250, 3, 1624180)]"
5991 "[(8697, 2, 1625796), (8697, 2, 1625899)]"
3734 "[(8514, 2, 1628356)]"
6031 "[(9045, 3, 1637812)]"
9055 "[(2892, 3, 1642369)]"
9116 "[(1471, 3, 1655342), (920, 0, 2034650)]"
9110 "[(4085, 3, 1668254)]"
5959 "[(8295, 0, 1670913)]"
6049 "[(8390, 0, 1673576)]"
6107 "[(9117, 0, 1683041), (9117, 0, 1683042), (8703, 0, 2239179), (8703, 0, 2239181), (8801, 2, 2329528), (8801, 2, 2329533), (8446, 0, 2504270)]"
6118 "[(8260, 3, 1688542)]"
9165 "[(799, 0, 1716372), (233, 0, 1748570), (233, 0, 1748686), (233, 0, 1750668), (799, 0, 1802494), (67, 0, 1868734), (67, 0, 1868826), (68, 3, 1988019), (2578, 3, 2164484), (2578, 3, 2167680), (4085, 3, 2198012), (2578, 3, 2227070)]"
8704 "[(40, 0, 1718049), (40, 0, 1819370), (4917, 3, 1854692), (40, 0, 1924131), (2819, 0, 1939613), (55, 2, 2097445), (5366, 2, 2555386), (6368, 3, 2667696)]"
2606 "[(8806, 2, 1721086), (8806, 2, 1721206), (8806, 2, 1724898), (9102, 2, 1835368), (9102, 2, 1835474)]"
8857 "[(68, 3, 1738531), (233, 0, 1840860), (4085, 3, 1903561), (3682, 0, 1970454), (68, 3, 2035196), (3682, 0, 2124183), (3320, 3, 2572989)]"
8508 "[(40, 0, 1748869), (40, 0, 1819251), (559, 2, 2317205), (996, 3, 2544904), (537, 0, 2664892)]"
8945 "[(40, 0, 1748924), (40, 0, 1819268), (40, 0, 2015592), (40, 0, 2512241)]"
8938 "[(40, 0, 1749020), (40, 0, 1819336)]"
249 "[(8283, 0, 1796345), (8814, 3, 2628189)]"
508 "[(8574, 2, 1824987), (8574, 2, 1825046), (8574, 2, 1825158)]"
8707 "[(233, 0, 1836113)]"
6530 "[(8555, 2, 1866808), (8581, 2, 1867007), (8260, 3, 2220063)]"
5058 "[(8636, 0, 1881237)]"
6569 "[(8314, 0, 1887124), (8314, 0, 1887155), (8314, 0, 1887321), (8590, 3, 2261540)]"
2190 "[(8528, 2, 1888472)]"
1047 "[(8577, 0, 1894041)]"
8432 "[(920, 0, 1899340)]"
5561 "[(9166, 3, 1900192)]"
9182 "[(5383, 0, 1907032), (5383, 0, 1907039), (5383, 0, 1907055), (2936, 0, 1916081), (1547, 0, 1921352), (1547, 0, 1921467), (2936, 0, 2002250), (608, 2, 2595607)]"
2693 "[(8325, 0, 1923146)]"
8764 "[(725, 0, 1925946)]"
310 "[(8347, 3, 1943053), (8452, 3, 2109848), (9223, 3, 2455600)]"
6593 "[(8286, 2, 1968477)]"
2185 "[(9168, 2, 1974682), (9168, 2, 1974913), (9168, 2, 1974965), (9168, 2, 1987391), (9168, 2, 1987507), (9168, 2, 1987672), (9168, 2, 1987749), (9168, 2, 1988111), (9168, 2, 1988242), (9168, 2, 1988284), (9168, 2, 2005766), (9168, 2, 2012687), (9168, 2, 2058637)]"
494 "[(9168, 2, 2001267), (9168, 2, 2001297)]"
8877 "[(4085, 3, 2033504)]"
9197 "[(6093, 0, 2039100), (6093, 0, 2453519), (6093, 0, 2471251), (3921, 0, 2482743), (17, 0, 2493185), (22, 0, 2511091), (713, 0, 2522376), (233, 0, 2530829), (509, 0, 2640473)]"
8307 "[(761, 2, 2042725), (17, 0, 2265161), (3740, 3, 2279471), (17, 0, 2341699)]"
8383 "[(835, 0, 2054338)]"
2173 "[(8734, 3, 2065580)]"
2434 "[(9115, 3, 2070465), (9115, 3, 2070687)]"
6965 "[(8706, 3, 2070619), (8743, 3, 2588954)]"
2169 "[(8540, 2, 2071512), (8540, 2, 2071576), (8540, 2, 2071670)]"
8472 "[(608, 2, 2100869), (608, 2, 2100886), (608, 2, 2100901)]"
3351 "[(8628, 2, 2112761)]"
6088 "[(8411, 2, 2116762)]"
4263 "[(9166, 3, 2120632)]"
2579 "[(8740, 0, 2130540), (8442, 0, 2223453)]"
1149 "[(8574, 2, 2144580)]"
9198 "[(2116, 0, 2145080), (2181, 2, 2150266), (1173, 0, 2173997), (344, 0, 2187258), (17, 0, 2191837), (344, 0, 2191938), (344, 0, 2192091), (344, 0, 2192170), (344, 0, 2192201)]"
461 "[(8962, 0, 2146345), (8962, 0, 2146871), (8962, 0, 2221190), (8962, 0, 2221337), (8962, 0, 2221491), (8962, 0, 2221702), (8962, 0, 2221793), (8962, 0, 2222166), (8962, 0, 2223284), (8962, 0, 2236483), (8962, 0, 2241571)]"
2349 "[(8260, 3, 2158664), (8260, 3, 2158839), (8260, 3, 2248654)]"
8817 "[(370, 0, 2174988), (370, 0, 2175330)]"
8489 "[(370, 0, 2175435), (370, 0, 2175447), (370, 0, 2312900)]"
3042 "[(8348, 0, 2178268)]"
7251 "[(8937, 3, 2179588)]"
7316 "[(9077, 0, 2215044), (9077, 0, 2299486), (9077, 0, 2305729)]"
1219 "[(8823, 2, 2217218)]"
9211 "[(3483, 3, 2226458), (3483, 3, 2226915), (3483, 3, 2352940), (3483, 3, 2353035), (3483, 3, 2353160), (3483, 3, 2353211)]"
5995 "[(9080, 2, 2230337)]"
4935 "[(8252, 0, 2243813)]"
7092 "[(8536, 3, 2245015)]"
9173 "[(40, 0, 2251323), (40, 0, 2512234)]"
3301 "[(8536, 3, 2252912)]"
7439 "[(8536, 3, 2253223), (8536, 3, 2255017), (8536, 3, 2255044), (8536, 3, 2255206), (8536, 3, 2255246), (8536, 3, 2255337)]"
3981 "[(8462, 0, 2254206), (8462, 0, 2254239), (9080, 2, 2292945)]"
7466 "[(8243, 0, 2265961), (8618, 2, 2317657), (8734, 3, 2317735)]"
8451 "[(233, 0, 2266764), (40, 0, 2269660), (40, 0, 2359448)]"
6492 "[(8288, 0, 2271858)]"
3968 "[(8411, 2, 2273758)]"
8773 "[(17, 0, 2275842)]"
8487 "[(2277, 0, 2277231)]"
7307 "[(8602, 3, 2292794)]"
7523 "[(9102, 2, 2292833)]"
7458 "[(8367, 2, 2307897)]"
6147 "[(8656, 3, 2331064)]"
3440 "[(8411, 2, 2351934), (8411, 2, 2351951)]"
9214 "[(744, 3, 2355881), (2134, 3, 2480127), (7899, 0, 2481005), (7899, 0, 2481026), (7899, 0, 2483777)]"
8436 "[(4085, 3, 2372747)]"
9213 "[(4085, 3, 2374741), (750, 3, 2425053)]"
7756 "[(8347, 3, 2399623)]"
9215 "[(1831, 3, 2399996), (835, 0, 2467100), (835, 0, 2467113)]"
7557 "[(8639, 0, 2419793)]"
253 "[(8869, 2, 2433684)]"
8853 "[(233, 0, 2440150), (783, 2, 2535695), (777, 0, 2577361), (6249, 3, 2618472)]"
3839 "[(8411, 2, 2449818)]"
5538 "[(8463, 0, 2459612)]"
3507 "[(9205, 3, 2463149), (9205, 3, 2463360)]"
1386 "[(8271, 3, 2465279)]"
710 "[(9201, 2, 2482843)]"
7019 "[(9206, 0, 2519647)]"
9028 "[(7488, 3, 2544947), (806, 2, 2545105), (156, 0, 2545170), (17, 0, 2545614), (17, 0, 2545677), (156, 0, 2545755), (1277, 3, 2550903), (1277, 3, 2550921), (482, 3, 2553457), (482, 3, 2553978), (482, 3, 2563893), (482, 3, 2660042), (482, 3, 2660169)]"
2040 "[(9021, 3, 2560908)]"
5711 "[(8565, 2, 2574393), (8565, 2, 2574476)]"
8105 "[(8547, 0, 2604770), (8547, 0, 2606628)]"
8914 "[(68, 3, 2644418)]"
8259 "[(596, 3, 2658024)]"
8929 "[(17, 0, 2660187)]"
