8248 "[(22, 3, 1340), (233, 3, 286431), (233, 3, 365573), (233, 3, 374307), (608, 0, 386632), (233, 3, 452884), (17, 0, 705971)]"
8274 "[(50, 2, 4497), (50, 2, 4568), (1634, 2, 304067), (2174, 2, 427620), (2174, 2, 427648), (745, 0, 531941), (233, 3, 887619), (68, 3, 954363)]"
52 "[(8249, 2, 4669), (9086, 3, 1263722), (8292, 3, 1461234), (8292, 3, 1528411), (8292, 3, 1635829)]"
69 "[(8290, 3, 6359), (8370, 0, 534428), (8370, 0, 1092642), (8370, 0, 1096527), (8370, 0, 1110633), (8370, 0, 1451952)]"
103 "[(8316, 0, 11710), (8299, 2, 318984), (8618, 0, 558763), (8504, 0, 573198), (8887, 3, 657729), (8887, 3, 658021), (8380, 0, 919476), (9077, 3, 2014696)]"
109 "[(8252, 3, 12415), (8252, 3, 93680), (8247, 3, 320938), (8247, 3, 321022), (8252, 3, 331270), (8734, 3, 421275), (8852, 2, 759526), (8733, 2, 951015), (8734, 3, 1243191), (8733, 2, 1325170), (9163, 2, 1675607), (8733, 2, 1839201), (8734, 3, 1873440)]"
67 "[(8321, 0, 14999), (8295, 0, 15845), (8509, 0, 73249), (8643, 0, 141988), (8390, 2, 230961), (8390, 2, 311396), (8320, 0, 330046), (8417, 3, 396588), (8367, 3, 755850), (8805, 3, 756327), (8321, 0, 756421), (8295, 0, 756441), (8990, 2, 776806), (8990, 2, 777076), (8990, 2, 777091), (8333, 0, 1610701), (8631, 2, 1611273), (8411, 2, 1868142), (8762, 2, 2045099), (8847, 3, 2045486), (9166, 3, 2069764), (8734, 3, 2076076)]"
95 "[(8336, 2, 17435), (8261, 2, 17757), (8702, 2, 553353), (8336, 2, 622384), (8336, 2, 647154), (8336, 2, 703892), (8336, 2, 809016), (8336, 2, 898672), (8336, 2, 937953), (8336, 2, 967053), (8336, 2, 983358), (8336, 2, 1024147), (8336, 2, 1069425), (8336, 2, 1155722), (8336, 2, 1196858), (9078, 2, 1197316), (9078, 2, 1197365), (9078, 2, 1197397), (8336, 2, 1232482), (8406, 2, 1232701), (8406, 2, 1233194), (8381, 2, 1722949), (9166, 3, 1897024)]"
158 "[(8348, 0, 19122)]"
8244 "[(68, 3, 20820), (233, 3, 368014), (68, 3, 659408), (983, 3, 687499), (233, 3, 808532), (233, 3, 1839174)]"
194 "[(8242, 2, 24708), (8242, 2, 24819), (8242, 2, 24919), (8242, 2, 28575), (8242, 2, 30311), (8242, 2, 31503), (8242, 2, 113962), (8295, 0, 1007941), (8295, 0, 1008045), (8295, 0, 1016871), (8295, 0, 1016914)]"
8273 "[(22, 3, 29543), (1036, 3, 161791), (1036, 3, 161839), (1036, 3, 161871), (1549, 2, 294519), (1036, 3, 356671), (1126, 2, 379154), (156, 2, 381855), (745, 0, 531852), (745, 0, 531880), (17, 0, 539914), (532, 2, 544487), (3108, 0, 670274), (3108, 0, 670275), (68, 3, 719724), (423, 3, 1018836), (608, 0, 1231942), (608, 0, 1796135), (2923, 2, 1894008), (671, 0, 1923694), (17, 0, 1943699)]"
220 "[(8261, 2, 29756), (8261, 2, 29795), (8261, 2, 33411), (8261, 2, 40149), (8936, 2, 605896), (8936, 2, 606235), (8411, 2, 617136), (8411, 2, 617208), (8936, 2, 634984), (8794, 3, 637958), (8402, 2, 1219383), (8794, 3, 1913313), (8794, 3, 1979611)]"
8400 "[(233, 3, 30254), (68, 3, 84865), (68, 3, 1282691), (233, 3, 1921733), (233, 3, 1923793), (68, 3, 1976420), (233, 3, 2012016)]"
8235 "[(235, 2, 30675), (233, 3, 32718), (371, 3, 52200), (371, 3, 54257), (1166, 2, 191458), (1040, 3, 416625), (2141, 0, 573160), (291, 3, 575216), (233, 3, 626753), (233, 3, 717838), (68, 3, 911522), (371, 3, 1167962), (4837, 3, 1198380), (422, 2, 1265067), (422, 2, 1265661), (422, 2, 1265736), (233, 3, 1578140), (2522, 3, 1614189), (68, 3, 1908387), (4085, 3, 2086167)]"
8315 "[(238, 2, 31188), (68, 3, 83776), (1505, 0, 268003), (233, 3, 545289), (68, 3, 1011303), (233, 3, 1057136)]"
8385 "[(233, 3, 32801), (233, 3, 282985), (799, 3, 290469), (799, 3, 333616), (233, 3, 460443), (233, 3, 1494739), (233, 3, 1576281), (659, 3, 1908364)]"
40 "[(8414, 2, 33281), (8427, 2, 35299), (8296, 2, 35678), (8405, 2, 36339), (8404, 0, 85908), (8522, 2, 117105), (8367, 3, 289953), (8510, 3, 290163), (8557, 2, 338539), (8611, 0, 340343), (8611, 0, 340862), (8534, 3, 369456), (8510, 3, 370548), (8514, 0, 372218), (8372, 2, 506058), (8843, 3, 542113), (8427, 2, 544038), (8892, 2, 626288), (8832, 3, 629542), (8888, 0, 631635), (8688, 3, 713526), (8643, 0, 716480), (8688, 3, 807392), (8812, 3, 808101), (8990, 2, 811213), (8534, 3, 811379), (8678, 3, 890352), (8613, 3, 939711), (8941, 0, 942531), (8483, 0, 1029149), (9005, 2, 1043338), (8526, 3, 1062014), (8251, 3, 1153252), (9059, 0, 1233284), (8806, 0, 1236055), (9043, 3, 1291908), (8736, 3, 1321776), (8849, 0, 1324236), (8534, 3, 1495167), (8819, 0, 1497798), (8603, 2, 1501598), (9135, 0, 1504368), (8779, 2, 1555445), (8779, 2, 1558095), (8402, 2, 1579546), (8952, 0, 1581302), (8943, 2, 1584096), (8779, 2, 1637782), (9100, 2, 1667275), (8862, 0, 1667376), (8249, 2, 1672011), (8904, 3, 1716467), (8888, 0, 1749075), (8895, 3, 1752198), (8390, 2, 1754494), (9100, 2, 1820501), (8413, 2, 1824093), (8534, 3, 1837839), (8250, 3, 1840992), (8990, 2, 1843595), (8775, 2, 1899722), (8944, 3, 1925789), (9137, 0, 1927592), (8323, 2, 1930807), (8428, 3, 1931051), (8962, 2, 1932066), (9106, 3, 2019351), (8539, 3, 2025646)]"
254 "[(8419, 0, 34442), (8419, 0, 34566), (8355, 0, 40064), (8355, 0, 41059), (8893, 0, 891295)]"
8420 "[(233, 3, 34514), (233, 3, 624255), (233, 3, 808253), (233, 3, 973065), (608, 0, 1384584)]"
73 "[(8433, 2, 37800), (8434, 2, 37961), (8404, 0, 37980), (8534, 3, 117372), (8407, 0, 117998), (8283, 0, 118041), (8888, 0, 823795), (8462, 0, 823861), (8339, 3, 823982), (8678, 3, 823989), (8413, 2, 824051), (8603, 2, 824163), (9012, 2, 887811), (8678, 3, 887857), (8543, 2, 887975), (8429, 0, 888111), (8973, 3, 888138), (8755, 2, 888158), (8846, 2, 888495), (8688, 3, 979183), (8999, 3, 979335), (8380, 0, 979366), (9040, 3, 979473), (8429, 0, 979535), (9055, 2, 1077737), (9045, 3, 1079401), (8539, 3, 1082366), (8857, 3, 1165751), (8832, 3, 1166013), (8429, 0, 1166122), (8296, 2, 1166141)]"
8446 "[(17, 0, 41785), (859, 2, 131866), (68, 3, 161642), (17, 0, 263090), (1013, 0, 263146), (1013, 0, 263933), (17, 0, 272005), (17, 0, 281680), (45, 2, 357896), (233, 3, 370482), (2127, 0, 416398), (1906, 3, 707234), (356, 2, 913535), (480, 2, 919906), (17, 0, 938933), (156, 2, 965742), (22, 3, 1023403), (68, 3, 1042935), (2595, 0, 1108671), (17, 0, 1134208), (167, 0, 1177281), (167, 0, 1177283), (835, 2, 1327650), (423, 3, 1369084), (17, 0, 1383723), (682, 0, 1566690), (627, 0, 1624705), (2595, 0, 1634575), (2595, 0, 1713874), (17, 0, 1722039), (4063, 0, 1829399), (1314, 3, 1970877), (17, 0, 1982818), (2196, 0, 1989748), (4019, 3, 2005775), (2769, 2, 2074847), (2769, 2, 2081623), (2769, 2, 2086396), (2595, 0, 2086555)]"
303 "[(8450, 3, 43022), (8546, 2, 207147), (8879, 0, 566463), (8461, 0, 595377), (8969, 3, 808898), (8540, 0, 830594), (8996, 0, 830782), (8540, 0, 917097), (8312, 0, 917154), (8540, 0, 939914), (8540, 0, 1025467), (8483, 0, 1257216), (8702, 2, 1330488), (8996, 0, 1334600), (9064, 3, 1337851), (8581, 0, 1415688), (8971, 3, 1415933), (8816, 2, 1577662), (8344, 0, 1585575), (8514, 0, 1971049), (9194, 0, 2048575)]"
8466 "[(350, 3, 48938), (1126, 2, 180995), (1126, 2, 181028), (1185, 3, 199886), (1185, 3, 200296), (1276, 0, 219264), (17, 0, 272778), (125, 0, 273306), (17, 0, 346591), (1126, 2, 370472), (1897, 2, 401943), (1897, 2, 412991), (1897, 2, 482561), (1897, 2, 482628), (745, 0, 531941), (745, 0, 532000), (1897, 2, 578842), (384, 3, 596693), (384, 3, 629133), (1897, 2, 660209), (17, 0, 731575), (227, 0, 781360), (4586, 0, 1271918), (68, 3, 1281207), (2708, 2, 1289606), (2130, 3, 1300871), (322, 2, 1315603), (4019, 3, 1323555), (4019, 3, 1323563), (17, 0, 1405141), (17, 0, 1430587), (1397, 2, 1725053), (1397, 2, 1889821), (3592, 0, 1959608), (954, 2, 1972872)]"
8234 "[(367, 2, 51685), (328, 2, 206851), (1235, 2, 212489), (328, 2, 218905), (17, 0, 463581), (1235, 2, 831626), (1778, 0, 978997), (996, 2, 1670066)]"
8476 "[(321, 2, 53098), (502, 2, 793503), (2069, 0, 1520628), (335, 0, 1597230), (335, 0, 1905731), (335, 0, 2040786)]"
443 "[(8331, 2, 61952), (8434, 2, 72482), (8612, 0, 108828), (8390, 2, 156613), (8486, 2, 159563), (8331, 2, 201960), (8434, 2, 204730), (8425, 2, 331586), (8282, 0, 331737), (8463, 0, 575131), (8486, 2, 585277), (8390, 2, 592398), (8390, 2, 592691), (8498, 2, 599426), (8390, 2, 602613), (8434, 2, 809576), (8282, 0, 876673), (8425, 2, 879283), (8425, 2, 879298), (8390, 2, 891337), (8390, 2, 972569), (8498, 2, 1010985), (8498, 2, 1402429), (8425, 2, 1454783), (8425, 2, 1454866), (8434, 2, 1613079), (8264, 2, 1710772), (8741, 0, 1873791), (8282, 0, 1985424), (8741, 0, 1986421)]"
450 "[(8317, 2, 62439), (8619, 2, 165080), (8339, 3, 673835), (9072, 2, 1146981), (8575, 2, 1356964)]"
487 "[(8411, 2, 65417), (8372, 2, 127948), (8372, 2, 127979), (8372, 2, 128080), (8633, 2, 432470), (8411, 2, 640966), (9054, 2, 1017956), (9054, 2, 1018206), (9054, 2, 1019868), (9054, 2, 1020116), (9054, 2, 1020140), (9054, 2, 1020192), (9054, 2, 1021151), (9054, 2, 1026015), (9054, 2, 1078697), (9054, 2, 1122998), (9054, 2, 1520933), (9054, 2, 1521326), (8411, 2, 1705721), (8752, 2, 1809122), (8752, 2, 1809388), (8752, 2, 1809694)]"
8520 "[(492, 2, 65869), (492, 2, 66583), (492, 2, 66901), (500, 0, 67124), (492, 2, 68423), (492, 2, 73208), (492, 2, 73234), (492, 2, 80407), (492, 2, 80513), (492, 2, 80683), (492, 2, 80835), (492, 2, 81109), (492, 2, 81155), (754, 3, 108075), (492, 2, 159033), (1804, 3, 335846), (1804, 3, 336041), (1804, 3, 336091), (1804, 3, 338912), (1804, 3, 662866), (492, 2, 683073)]"
501 "[(8377, 0, 67191), (8377, 0, 67279), (8377, 0, 67468), (8377, 0, 445420), (8377, 0, 445447), (8377, 0, 446774), (8377, 0, 446796), (8917, 0, 1220790), (8377, 0, 1401046), (8377, 0, 1401216), (8377, 0, 1401357)]"
8 "[(8350, 2, 67421), (8631, 2, 124694), (8631, 2, 301739), (8631, 2, 301822), (8631, 2, 306357), (8631, 2, 306596), (8631, 2, 306857), (8631, 2, 306927), (8631, 2, 306969), (8631, 2, 307326), (8604, 3, 428345), (8631, 2, 464241), (8631, 2, 820128), (8631, 2, 829280), (9096, 2, 1290524), (9096, 2, 1290726), (9096, 2, 1290872), (9096, 2, 1291134), (9096, 2, 1291215), (9096, 2, 1291257), (9096, 2, 1291534), (9096, 2, 1291702), (9096, 2, 1291717), (9096, 2, 1291736), (9096, 2, 1291980), (9096, 2, 1292492), (9096, 2, 1292565), (9096, 2, 1292890), (9096, 2, 1292935), (9096, 2, 1293495), (9096, 2, 1294506), (9096, 2, 1294637), (9096, 2, 1296695), (9096, 2, 1297451), (9096, 2, 1297717), (9096, 2, 1298564), (9096, 2, 1298975), (9096, 2, 1300620), (9096, 2, 1300659), (9096, 2, 1300730), (9096, 2, 1301134), (9096, 2, 1301673), (9096, 2, 1336497), (9096, 2, 1357354), (9096, 2, 1357430), (9096, 2, 1359872), (9096, 2, 1359898), (9096, 2, 1359994), (9096, 2, 1362149), (9096, 2, 1363088), (9096, 2, 1363178), (9096, 2, 1425540), (9096, 2, 1430921), (9096, 2, 1508888), (9096, 2, 1610949), (8350, 2, 1672139), (9096, 2, 1673359), (9096, 2, 1931295), (9168, 2, 1934141), (9168, 2, 1934323), (9168, 2, 1934698), (9168, 2, 1934864), (8631, 2, 1963125), (9168, 2, 1963893), (9168, 2, 1963957), (9168, 2, 1964071), (9168, 2, 1964103), (9168, 2, 1964218), (9168, 2, 1970022), (9168, 2, 1970190), (8275, 2, 1989207), (9168, 2, 2025378), (8452, 0, 2066828)]"
285 "[(8546, 2, 72489), (8546, 2, 72499), (8623, 0, 122257), (8623, 0, 122305), (8623, 0, 122317), (8411, 2, 132632), (8372, 2, 330148), (8959, 2, 671380), (8249, 2, 730046), (8959, 2, 731911), (8623, 0, 738095), (8959, 2, 749535), (8249, 2, 759795), (8249, 2, 759902), (8249, 2, 828497), (8249, 2, 828507), (8249, 2, 849214), (8623, 0, 900889), (8249, 2, 916307), (8249, 2, 916363), (8249, 2, 916389), (8249, 2, 916421), (8249, 2, 917729), (8249, 2, 980074), (8623, 0, 1075468), (8623, 0, 1090025), (8623, 0, 1090034), (8249, 2, 1091783), (8249, 2, 1152669), (8577, 0, 1165764), (8577, 0, 1174659), (8577, 0, 1174790), (8577, 0, 1177719), (9072, 2, 1178197), (8577, 0, 1194457), (8623, 0, 1239994), (8249, 2, 1337030), (8249, 2, 1337095), (8249, 2, 1337126), (8295, 0, 1341126), (8295, 0, 1341160), (8295, 0, 1341179), (8295, 0, 1341208), (8295, 0, 1341287), (8411, 2, 1344124), (8295, 0, 1346936), (8295, 0, 1346992), (8295, 0, 1347009), (8295, 0, 1347069), (8295, 0, 1347120), (8295, 0, 1347216), (8623, 0, 1352640), (8249, 2, 1420408), (8295, 0, 1436826), (8295, 0, 1452056), (8295, 0, 1500285), (8887, 3, 1511690), (8295, 0, 1587800), (8295, 0, 1605421), (8295, 0, 1605473), (8295, 0, 1675931), (8249, 2, 1711071), (8577, 0, 1776551), (8411, 2, 1885318), (8411, 2, 1936600), (8249, 2, 1967902)]"
8470 "[(492, 2, 72518), (492, 2, 195460), (1670, 0, 324494), (492, 2, 682960), (1793, 3, 731117), (1793, 3, 731375), (1793, 3, 731442), (402, 2, 742787), (221, 3, 759316), (221, 3, 782954), (221, 3, 786476), (492, 2, 1009266), (492, 2, 1056183), (492, 2, 1125267), (492, 2, 1125825), (492, 2, 1133715), (492, 2, 1135455), (492, 2, 1144886), (492, 2, 1295187), (492, 2, 1299771), (492, 2, 1299805), (233, 3, 1315867), (492, 2, 1357780), (233, 3, 1418730), (492, 2, 1450399), (492, 2, 1450430), (2390, 0, 1493038), (492, 2, 1660607), (492, 2, 1661294), (492, 2, 1664707), (233, 3, 1666036), (492, 2, 1724607), (492, 2, 1746148), (233, 3, 1750456), (492, 2, 1820035)]"
8551 "[(68, 3, 75644), (335, 0, 111278), (476, 0, 147178), (476, 0, 147202), (476, 0, 232535), (476, 0, 232557), (335, 0, 248294), (476, 0, 253374), (378, 2, 334901), (2141, 0, 419712), (2141, 0, 419774), (2141, 0, 419811), (378, 2, 429809), (335, 0, 760970), (1796, 0, 844605), (502, 2, 864095), (335, 0, 942902), (1952, 0, 951705), (1952, 0, 951800), (1952, 0, 951981), (1952, 0, 952061), (335, 0, 1033235), (1280, 2, 1109219), (2441, 2, 1173571), (335, 0, 1290412), (1796, 0, 1296813), (514, 2, 1359157), (335, 0, 1364964), (335, 0, 1442356), (476, 0, 1455021), (476, 0, 1455047), (5665, 0, 1484934), (335, 0, 1532036), (1796, 0, 1649038), (335, 0, 1730431), (552, 0, 1806315), (335, 0, 1917628), (335, 0, 1988154), (335, 0, 2047862), (335, 0, 2061399), (1046, 0, 2066524), (1046, 0, 2067553), (1046, 0, 2067559)]"
596 "[(8559, 3, 78366), (8585, 0, 279598), (8268, 2, 1555242), (8586, 2, 1741331)]"
496 "[(8411, 2, 78878), (8411, 2, 450974)]"
604 "[(8563, 0, 79111), (8949, 3, 1635987)]"
606 "[(8263, 3, 79501)]"
611 "[(8325, 3, 80242), (8355, 0, 201029), (8586, 2, 247335), (8346, 2, 247435), (8583, 0, 290429), (8295, 0, 291334), (8346, 2, 299264), (8434, 2, 300926), (8434, 2, 302181), (8346, 2, 339066), (8355, 0, 346964), (8355, 0, 350499), (8847, 3, 381028), (8875, 3, 422221), (8358, 2, 423564), (8837, 0, 423710), (8346, 2, 426639), (8726, 0, 512175), (8685, 0, 636003), (8777, 0, 636332), (8888, 0, 781330), (8263, 3, 781338), (8620, 0, 810574), (8620, 0, 810774), (8269, 3, 860649), (8561, 0, 880093), (8611, 0, 896002), (8618, 0, 896993), (8974, 0, 901704), (8367, 3, 943466), (8339, 3, 965028), (8801, 0, 986435), (8685, 0, 1031099), (8562, 0, 1031100), (8343, 0, 1049418), (8336, 2, 1063459), (8801, 0, 1068280), (8504, 0, 1074040), (8341, 0, 1077038), (8963, 0, 1116072), (8510, 3, 1122197), (8295, 0, 1312393), (8295, 0, 1312506), (8295, 0, 1312574), (8721, 0, 1312708), (8685, 0, 1325532), (8552, 3, 1325615), (8265, 2, 1326649), (8528, 2, 1326664), (8685, 0, 1338720), (8384, 2, 1340332), (9059, 0, 1381663), (8917, 0, 1463793), (8682, 2, 1466932), (8682, 2, 1572924), (8438, 3, 1587934), (8419, 0, 1588048), (8438, 3, 1589109), (8440, 2, 1597003), (8687, 3, 1597456), (8575, 2, 1635505), (8285, 0, 1636311), (8602, 2, 1676466), (8602, 2, 1677639), (8343, 0, 1731514), (9166, 3, 1827940), (9166, 3, 1828066), (8554, 3, 1900010), (8718, 0, 1935019), (8346, 2, 1984972), (8876, 3, 2000694), (8841, 0, 2001216)]"
8239 "[(230, 3, 81084), (230, 3, 414595), (2174, 2, 1734170)]"
8572 "[(627, 0, 83039), (384, 3, 325144), (573, 3, 328733), (912, 0, 328826), (1761, 0, 329551), (573, 3, 329671), (318, 3, 331357), (318, 3, 331389), (318, 3, 331695), (318, 3, 335975), (318, 3, 336173), (1492, 0, 337517), (1492, 0, 341507), (17, 0, 343123), (317, 2, 343311), (1277, 2, 376310), (1277, 2, 376337), (356, 2, 1000033), (1492, 0, 1473336), (384, 3, 1548042), (17, 0, 1690349), (1492, 0, 1872852), (1492, 0, 1874288)]"
630 "[(8454, 3, 83396), (8299, 2, 88044), (8311, 0, 100361), (8299, 2, 111793), (8299, 2, 133198), (8299, 2, 133286), (8299, 2, 152535), (8299, 2, 152819), (8299, 2, 154481), (8458, 0, 284717), (8458, 0, 285126), (8458, 0, 287778), (8311, 0, 575575), (8311, 0, 606302), (8311, 0, 787264), (8539, 3, 862638), (8458, 0, 1372489), (8539, 3, 1480307), (8539, 3, 1724501), (8539, 3, 1987057), (8539, 3, 1995560), (8539, 3, 2051285)]"
8444 "[(671, 0, 91888), (233, 3, 116404), (233, 3, 284483), (233, 3, 545228), (3114, 2, 671266), (233, 3, 721342), (233, 3, 1495594)]"
691 "[(8591, 3, 95579), (8686, 2, 157096), (8676, 0, 1281909)]"
8401 "[(17, 0, 97223), (17, 0, 158754), (167, 0, 258402), (167, 0, 258919), (233, 3, 543472), (17, 0, 652500), (532, 2, 714336), (2708, 2, 743313), (703, 2, 837633), (703, 2, 839970), (233, 3, 1231871), (532, 2, 1320384), (68, 3, 1423641), (233, 3, 1490748), (68, 3, 1491698), (4085, 3, 1661395)]"
697 "[(8593, 2, 98226), (8985, 3, 1114883), (9086, 3, 1228677), (8295, 0, 1306335), (8290, 3, 1534141), (8290, 3, 1534210)]"
8300 "[(479, 2, 102737), (1173, 2, 285132), (608, 0, 1079757), (608, 0, 1079813), (2196, 0, 1224923), (608, 0, 1457586)]"
742 "[(8594, 2, 106530), (8607, 3, 107196), (8607, 3, 107266), (8607, 3, 107342), (8607, 3, 107396), (8964, 0, 1089860), (8285, 0, 1493964), (8594, 2, 1977059), (8594, 2, 1983226)]"
744 "[(8608, 3, 107597), (8312, 0, 190212), (8722, 3, 190471), (8333, 0, 365842), (8447, 3, 392296), (8290, 3, 1355011), (8814, 2, 1578463), (8351, 3, 1944657), (8612, 0, 1945274)]"
8588 "[(754, 3, 108027), (853, 2, 130883), (996, 2, 155797), (996, 2, 155870), (68, 3, 206706), (36, 2, 209832), (228, 2, 209906), (228, 2, 209978), (1260, 2, 216983), (480, 2, 311410), (480, 2, 311847), (1793, 3, 334288), (1827, 3, 339434), (552, 0, 346614), (164, 2, 349437), (36, 2, 351658), (36, 2, 359642), (1260, 2, 366835), (36, 2, 388711), (1277, 2, 389280), (1277, 2, 389321), (754, 3, 409519), (271, 2, 420947), (271, 2, 421002), (68, 3, 422216), (1260, 2, 463683), (1260, 2, 463829), (935, 3, 497569), (664, 2, 572038), (68, 3, 601396), (356, 2, 654153), (125, 0, 690275), (1829, 0, 724900), (3495, 3, 777006), (590, 2, 823885), (1793, 3, 839422), (1793, 3, 839505), (68, 3, 882029), (17, 0, 912007), (2505, 3, 926923), (2093, 0, 928751), (68, 3, 941160), (1036, 3, 949943), (1036, 3, 949982), (233, 3, 973081), (4252, 3, 1022823), (2388, 0, 1100031), (167, 0, 1184585), (68, 3, 1252356), (2708, 2, 1872657), (1277, 2, 1874698), (1277, 2, 1874720), (1277, 2, 1874737), (912, 0, 1957911)]"
207 "[(8534, 3, 109567), (8298, 0, 228749), (8871, 3, 709214), (8429, 0, 1314558)]"
8530 "[(233, 3, 113374), (68, 3, 359728), (233, 3, 370625), (68, 3, 703819), (2623, 3, 1002169)]"
8334 "[(233, 3, 115106), (1933, 3, 596920), (1314, 3, 1464247), (233, 3, 1492122)]"
8236 "[(799, 3, 117543), (233, 3, 372723), (628, 3, 434380), (659, 3, 696381), (1397, 2, 709904), (799, 3, 722335), (1505, 0, 879669)]"
8363 "[(804, 2, 119281), (233, 3, 452773), (402, 2, 875699), (1853, 3, 1181422), (3757, 3, 1264490), (3757, 3, 1264721), (484, 2, 1503227)]"
823 "[(8261, 2, 123585), (8261, 2, 202697), (8261, 2, 261726), (8372, 2, 357190), (8261, 2, 484721), (8261, 2, 701586), (8261, 2, 986161), (8261, 2, 1685211), (8261, 2, 1685305), (8774, 2, 1907438)]"
8635 "[(659, 3, 127320), (1854, 3, 461127), (233, 3, 626302), (233, 3, 810244)]"
8637 "[(17, 0, 127721), (1013, 0, 265592), (954, 2, 695761), (835, 2, 2054343)]"
887 "[(8243, 3, 138885), (8243, 3, 138905), (8676, 0, 1434117)]"
790 "[(8412, 0, 140954), (8412, 0, 154571), (8412, 0, 154609)]"
900 "[(8663, 3, 141350)]"
8666 "[(912, 0, 143668)]"
920 "[(8249, 2, 145165), (8816, 2, 409224), (8777, 0, 575322), (8498, 2, 739016), (8661, 3, 739478), (8670, 2, 1089386), (9088, 0, 1351492), (9088, 0, 1351516), (8986, 3, 1519436), (9031, 0, 1523344), (9031, 0, 1523367), (8632, 2, 1866644)]"
150 "[(8619, 2, 145712), (8619, 2, 183053), (8973, 3, 735604)]"
924 "[(8412, 0, 145994), (8412, 0, 153805)]"
8422 "[(68, 3, 147073), (233, 3, 282941), (1601, 3, 397396), (1164, 3, 714002)]"
365 "[(8670, 2, 147833), (8670, 2, 370229), (8670, 2, 370362), (8295, 0, 399107), (8670, 2, 834836), (8670, 2, 972524), (8670, 2, 1063979), (8670, 2, 1075335), (8670, 2, 1339503), (8670, 2, 1756042), (8962, 2, 1866875), (8962, 2, 1954828), (8962, 2, 2045735), (8962, 2, 2045836), (8962, 2, 2045940), (8962, 2, 2046077)]"
940 "[(8291, 0, 147929), (8457, 2, 232754), (8699, 0, 297452)]"
943 "[(8672, 3, 149635)]"
8426 "[(17, 0, 149743), (233, 3, 284466), (3249, 2, 703403), (1471, 3, 876048), (125, 0, 1276465), (125, 0, 1276569), (233, 3, 2014448)]"
8624 "[(954, 2, 150904), (233, 3, 973755)]"
8658 "[(957, 3, 150998), (957, 3, 151024), (934, 2, 228497), (934, 2, 237928), (2190, 2, 431607), (934, 2, 1030421), (739, 2, 1065568), (934, 2, 1115848), (934, 2, 1349366), (934, 2, 1372327), (934, 2, 1449093), (934, 2, 1549656), (934, 2, 1954898), (752, 0, 1962618), (934, 2, 1971154), (934, 2, 2051596)]"
8389 "[(68, 3, 153938), (233, 3, 373865), (659, 3, 877078), (5475, 2, 2030347)]"
990 "[(8545, 2, 154776), (8631, 2, 311684), (8631, 2, 311875), (8631, 2, 313420), (8545, 2, 660189), (8545, 2, 660457), (8545, 2, 660607), (8545, 2, 739388), (8545, 2, 766521), (8545, 2, 930892), (8545, 2, 931031), (8545, 2, 931262), (8545, 2, 996488), (8887, 3, 996681), (8887, 3, 996791), (8887, 3, 996951), (8545, 2, 1549573), (8545, 2, 1555390)]"
8424 "[(954, 2, 154913), (608, 0, 521008), (1173, 2, 1126257), (233, 3, 1749498)]"
537 "[(8318, 2, 155163), (8318, 2, 212085), (8278, 0, 230884), (8805, 3, 317096), (8805, 3, 317154), (8762, 2, 319296), (8762, 2, 319358), (8805, 3, 321374), (8805, 3, 379291), (8242, 2, 385827), (8622, 2, 387284), (8661, 3, 640715), (8301, 0, 660046), (8959, 2, 740606), (8990, 2, 741685), (8943, 2, 743458), (8375, 3, 743746), (8318, 2, 824981), (8631, 2, 827175), (8318, 2, 834833), (8332, 0, 896635), (8545, 2, 919517), (8286, 2, 982750), (8762, 2, 984506), (8318, 2, 1010961), (8318, 2, 1067866), (8705, 3, 1112425), (8318, 2, 1113556), (9045, 3, 1157654), (9045, 3, 1157720), (9067, 3, 1160222), (8375, 3, 1502564), (8331, 2, 1609276), (8375, 3, 1609334), (9159, 2, 1674012), (8318, 2, 1792445), (8906, 0, 1958624), (8906, 0, 1958782), (9181, 2, 2065951)]"
749 "[(8423, 2, 157105), (8447, 3, 254218), (8623, 0, 697548), (8498, 2, 712832), (8904, 3, 849069), (8807, 3, 1240928), (8623, 0, 1313130), (9155, 2, 1921966), (9167, 2, 1973291), (8347, 3, 2003971)]"
1003 "[(8461, 0, 157184), (8461, 0, 157354)]"
1007 "[(8299, 2, 157696), (8257, 3, 180600), (8411, 2, 186302), (8411, 2, 234415), (8411, 2, 236425), (8736, 3, 1999408), (8734, 3, 2076174)]"
8679 "[(934, 2, 158727), (934, 2, 168816), (934, 2, 241674), (934, 2, 2052480)]"
1022 "[(8412, 0, 160380), (8412, 0, 161181), (8412, 0, 161220), (8412, 0, 161415)]"
1004 "[(8238, 0, 162038), (8346, 2, 261817), (8346, 2, 273888), (8346, 2, 277064), (8346, 2, 346675), (8595, 0, 354369), (8346, 2, 431284), (9040, 3, 1045047), (8627, 2, 1138457), (8591, 3, 1470492)]"
8695 "[(1013, 0, 163021), (437, 2, 205541), (68, 3, 1229750), (68, 3, 1477487), (233, 3, 1494785), (2365, 0, 1546825), (233, 3, 1577684), (4019, 3, 2004306)]"
8568 "[(162, 3, 165301), (162, 3, 354869), (162, 3, 1244773), (162, 3, 1297054), (162, 3, 1297877), (162, 3, 1454918), (162, 3, 1662672)]"
1058 "[(8611, 0, 165779), (8399, 3, 1028343), (8548, 3, 1717981), (8986, 3, 1816073)]"
1059 "[(8441, 2, 166292), (8441, 2, 166335), (8441, 2, 166373), (9096, 2, 1387685), (9096, 2, 1387712)]"
1065 "[(8285, 0, 167151), (8807, 3, 716169), (8285, 0, 797754)]"
1082 "[(8559, 3, 169658), (8559, 3, 240290), (8559, 3, 446388), (8559, 3, 1729493), (8559, 3, 1818515), (8559, 3, 1827347), (8559, 3, 1827850), (8559, 3, 1828022), (8559, 3, 1829712)]"
654 "[(8516, 0, 172785), (8516, 0, 258097), (8516, 0, 348730)]"
1103 "[(8566, 3, 174539), (8549, 3, 1255943)]"
1112 "[(8285, 0, 176418)]"
1137 "[(8462, 0, 185148), (8726, 0, 693783), (8726, 0, 951870), (8726, 0, 1038970), (8726, 0, 1211504), (8734, 3, 1644565)]"
8701 "[(68, 3, 185644)]"
8537 "[(107, 2, 193909), (107, 2, 279218), (107, 2, 539475), (107, 2, 539566), (233, 3, 540660), (68, 3, 589624), (107, 2, 632718), (983, 3, 674765), (983, 3, 674866), (983, 3, 674915), (983, 3, 675101), (107, 2, 887931), (107, 2, 888187), (17, 0, 1177025), (107, 2, 1309726), (107, 2, 1610564), (107, 2, 1610681), (6395, 2, 1798608)]"
8473 "[(190, 0, 194666), (190, 0, 334218), (402, 2, 1446329)]"
1176 "[(8441, 2, 196426), (8254, 2, 196686), (8734, 3, 431334), (8848, 3, 436037), (8433, 2, 658044), (8847, 3, 658410), (8623, 0, 1105340)]"
1189 "[(8591, 3, 199972), (8296, 2, 619728), (8498, 2, 1146172), (8502, 3, 1633109)]"
8327 "[(1199, 2, 202923), (1199, 2, 203208)]"
1239 "[(8582, 0, 213075)]"
1266 "[(8741, 0, 217766)]"
8484 "[(21, 2, 220462), (233, 3, 368361), (2051, 2, 1902010), (608, 0, 2066026)]"
1290 "[(8622, 2, 223414), (8571, 3, 345248)]"
798 "[(8227, 2, 226236), (8227, 2, 226300)]"
1320 "[(8514, 0, 230569), (8514, 0, 309497), (8514, 0, 309689), (8514, 0, 310326), (8278, 0, 997936)]"
1325 "[(8638, 0, 231984)]"
1102 "[(8643, 0, 234394)]"
1347 "[(8488, 3, 236071), (8237, 0, 707905), (8237, 0, 707945)]"
349 "[(8611, 0, 237033), (8227, 2, 581486)]"
8754 "[(17, 0, 237900), (1778, 0, 567141), (68, 3, 1436465), (68, 3, 1439553), (68, 3, 1446345), (68, 3, 1501865), (68, 3, 1528088), (68, 3, 1545579), (233, 3, 1578282), (233, 3, 1837222), (728, 2, 2016340), (728, 2, 2016403), (17, 0, 2070976), (1663, 0, 2071415)]"
1359 "[(8579, 3, 238823), (8290, 3, 325328), (8990, 2, 813296), (8812, 3, 1416391), (9089, 2, 1416670), (9167, 2, 1796247), (9123, 0, 1849654), (8987, 3, 1946811)]"
8625 "[(156, 2, 238989), (532, 2, 574270), (1663, 0, 1094596), (1492, 0, 1214664), (4085, 3, 1841765)]"
1364 "[(8441, 2, 239428), (9111, 0, 1538594), (9111, 0, 1538939), (9111, 0, 1539009), (9111, 0, 1539211), (9111, 0, 1539345), (9111, 0, 1539519), (9111, 0, 1545158), (9111, 0, 1546085), (9111, 0, 1546363), (9111, 0, 1546645)]"
8386 "[(68, 3, 241424), (233, 3, 1666201), (68, 3, 1936614), (233, 3, 2013236)]"
1219 "[(8576, 2, 241734), (8576, 2, 302395), (8892, 2, 492709), (8892, 2, 500876), (8892, 2, 500957), (8576, 2, 760036), (8571, 3, 807446), (8571, 3, 807521), (8576, 2, 839904), (8576, 2, 849487), (8892, 2, 1116329), (8892, 2, 1197918), (8892, 2, 1198434), (8892, 2, 1256868), (8576, 2, 1360449), (8576, 2, 1367204), (8576, 2, 1515735), (8576, 2, 1545780), (8576, 2, 1545861), (8576, 2, 1545895), (8892, 2, 1778074), (8892, 2, 1803972)]"
1313 "[(8576, 2, 242001), (8576, 2, 242089), (8576, 2, 242323), (8576, 2, 242533), (8576, 2, 328764), (8576, 2, 328885), (8576, 2, 328958), (8576, 2, 330461), (8563, 0, 1690015), (8563, 0, 1694118), (8563, 0, 1694181)]"
1399 "[(8299, 2, 245065)]"
1420 "[(8343, 0, 248094)]"
1180 "[(8249, 2, 248982)]"
1427 "[(8282, 0, 249144), (9166, 3, 1800386)]"
1479 "[(8583, 0, 261981), (8583, 0, 261998)]"
8766 "[(437, 2, 263402), (437, 2, 269954), (437, 2, 924652), (246, 3, 986093), (17, 0, 1106252), (1276, 0, 1106338), (17, 0, 1519870), (17, 0, 1659342), (437, 2, 1742574)]"
8596 "[(608, 0, 269747), (608, 0, 269761), (608, 0, 269774), (68, 3, 343575), (233, 3, 368247)]"
8293 "[(145, 3, 273165), (145, 3, 273185), (167, 0, 319472), (3518, 3, 1614342), (3518, 3, 1614384)]"
8761 "[(68, 3, 273267), (233, 3, 366313), (233, 3, 538331), (3091, 2, 1433775), (5424, 2, 1752021), (5424, 2, 1752045), (5424, 2, 1753882), (5424, 2, 1754210), (5424, 2, 1754372), (5424, 2, 1754824), (5424, 2, 1755095)]"
8738 "[(233, 3, 281031), (799, 3, 333612), (233, 3, 365377), (799, 3, 376677), (3886, 2, 1205205)]"
8340 "[(233, 3, 281270), (1505, 0, 871973), (3506, 3, 875661), (4085, 3, 1459851)]"
57 "[(8688, 3, 282770)]"
8692 "[(233, 3, 283067), (233, 3, 368092)]"
400 "[(8785, 0, 283071), (8785, 0, 316596), (8785, 0, 316621), (8785, 0, 317224), (8785, 0, 317453), (8785, 0, 317604), (8785, 0, 317719), (8785, 0, 317768), (8785, 0, 317875), (8785, 0, 323199), (8785, 0, 323238), (8785, 0, 323254), (8785, 0, 334992), (8785, 0, 366562), (8785, 0, 453562), (8785, 0, 536046), (8785, 0, 854319), (8785, 0, 856564), (8785, 0, 857331), (8785, 0, 858726), (8785, 0, 859400), (8785, 0, 860549), (8785, 0, 883103), (8785, 0, 920809), (8785, 0, 921203), (8785, 0, 924651), (8785, 0, 1426013), (8785, 0, 1426038), (8785, 0, 1426053), (8785, 0, 1426603), (8785, 0, 1426755), (8785, 0, 1426799), (8785, 0, 1444351), (8785, 0, 1451583), (8785, 0, 1526706)]"
8573 "[(233, 3, 285372), (1778, 0, 786940)]"
8735 "[(233, 3, 285651), (717, 0, 1792488), (717, 0, 1792620), (512, 3, 1792809)]"
8793 "[(1572, 3, 285748), (68, 3, 764540), (68, 3, 1952039)]"
8523 "[(233, 3, 286297)]"
8387 "[(1561, 0, 291435), (3046, 2, 649619), (3046, 2, 800106), (3046, 2, 807471), (3046, 2, 807653), (3046, 2, 808016), (3046, 2, 808177), (233, 3, 884786), (3046, 2, 926219), (1046, 0, 952812), (1046, 0, 952902), (3046, 2, 964075), (912, 0, 1050978), (291, 3, 1053254), (233, 3, 1060983), (3046, 2, 1280375), (3046, 2, 1282543), (3046, 2, 1283114), (3046, 2, 1283156), (3046, 2, 1283660), (3046, 2, 1283927), (3046, 2, 1283965), (3046, 2, 1285510), (3046, 2, 1285562), (3046, 2, 1287116), (3046, 2, 1289561), (233, 3, 1314153), (3046, 2, 1335151), (3046, 2, 1335641), (3046, 2, 1335662), (3046, 2, 1335831), (3046, 2, 1336289), (3046, 2, 1343189), (3046, 2, 1356719), (3046, 2, 1357219), (2731, 0, 1504574), (3046, 2, 1523513), (3046, 2, 1583860), (3046, 2, 1586840), (233, 3, 1664563), (233, 3, 1837116), (3046, 2, 2014958), (3046, 2, 2022283), (3046, 2, 2022971), (3046, 2, 2026212)]"
8564 "[(1601, 3, 293402), (1601, 3, 381052), (1601, 3, 381110), (233, 3, 810238), (233, 3, 1319352), (1601, 3, 1513500), (1601, 3, 1513706), (1601, 3, 1514051)]"
8645 "[(1561, 0, 295237), (1778, 0, 570892), (17, 0, 1517697), (2069, 0, 1521540), (2069, 0, 1521894), (3592, 0, 1701630), (1778, 0, 1792075), (233, 3, 2014876)]"
8430 "[(1499, 2, 297162), (233, 3, 452910), (1376, 3, 748774), (4186, 0, 1216437), (456, 3, 1617793), (68, 3, 2076256)]"
913 "[(8643, 0, 297703), (8270, 3, 1938357)]"
8716 "[(68, 3, 309807), (3592, 0, 1702518)]"
8609 "[(1663, 0, 311735), (2864, 2, 600016), (2864, 2, 742186), (68, 3, 751521), (402, 2, 1708164), (402, 2, 1708272), (402, 2, 1911708), (402, 2, 1911745), (402, 2, 1912040), (660, 3, 1912182), (2864, 2, 1959289), (286, 3, 2033200), (286, 3, 2060366), (68, 3, 2061589), (2864, 2, 2062082), (2864, 2, 2076236)]"
1678 "[(8814, 2, 314470), (8814, 2, 927708), (8814, 2, 1431369)]"
8297 "[(68, 3, 316704), (2708, 2, 729012), (68, 3, 1282651)]"
1702 "[(8411, 2, 319504), (8411, 2, 1244071), (8411, 2, 1517371)]"
1726 "[(8256, 2, 325298), (8291, 0, 751615), (8375, 3, 751706), (8452, 0, 752031), (8996, 0, 753596), (8238, 0, 754715), (8646, 0, 1039601), (8565, 0, 1041497), (8812, 3, 1284907), (8908, 3, 1285258), (8295, 0, 1292885), (8536, 0, 1294003), (9074, 0, 1295228), (8552, 3, 1458033), (8563, 0, 1460361), (8866, 0, 1542050), (8559, 3, 1638114), (8688, 3, 1878070), (8670, 2, 1880765), (9087, 0, 2070382), (8260, 3, 2071528)]"
1184 "[(8777, 0, 329229), (8777, 0, 329613), (8777, 0, 329816), (8777, 0, 329965), (8777, 0, 330035), (8777, 0, 330212), (8367, 3, 348512), (8854, 2, 410596), (8417, 3, 419073), (8393, 2, 439100), (8622, 2, 591151), (8990, 2, 1069893), (8990, 2, 1069949), (8990, 2, 1100181), (8990, 2, 1100203), (8983, 0, 1111210), (8963, 0, 1196429), (8963, 0, 1196485), (8604, 3, 1293785)]"
1780 "[(8319, 2, 332984), (8973, 3, 1401125), (8250, 3, 1401652)]"
1270 "[(8584, 0, 341798), (8887, 3, 675528), (8887, 3, 675637), (8577, 0, 1278985), (8724, 3, 1822392), (8510, 3, 1822781), (8683, 3, 1885953)]"
8828 "[(483, 3, 341987), (483, 3, 342042), (483, 3, 342171), (483, 3, 343333), (68, 3, 404687), (233, 3, 540253), (483, 3, 691427), (17, 0, 949674), (17, 0, 1360669), (1276, 0, 1426395), (1276, 0, 1426622), (17, 0, 1496494), (233, 3, 1664604)]"
8839 "[(1218, 3, 343008)]"
1860 "[(8622, 2, 346308)]"
1864 "[(8453, 0, 347108), (8453, 0, 347547)]"
8391 "[(1894, 0, 355882), (1894, 0, 356049), (762, 3, 366052), (162, 3, 422543), (762, 3, 495638), (762, 3, 1040068), (68, 3, 1262664), (762, 3, 1738037), (162, 3, 1902261)]"
1903 "[(8710, 0, 357226), (8892, 2, 582152), (8710, 0, 751738)]"
1857 "[(8755, 2, 358269), (8702, 2, 1028998), (8702, 2, 1029187), (9166, 3, 1705737)]"
8789 "[(233, 3, 364787), (870, 3, 408311)]"
8804 "[(233, 3, 365407), (233, 3, 617645), (233, 3, 713130)]"
8822 "[(233, 3, 368838)]"
8792 "[(233, 3, 370047), (233, 3, 1234225)]"
8459 "[(233, 3, 370180), (233, 3, 808796), (2923, 2, 1345813)]"
8435 "[(532, 2, 373784), (233, 3, 545192), (2468, 3, 559407), (2468, 3, 559428), (2131, 3, 609534), (1314, 3, 682779), (703, 2, 862657), (1355, 2, 1016588), (1355, 2, 1017281), (703, 2, 1041475), (703, 2, 1042187), (954, 2, 1972787)]"
1970 "[(8856, 2, 380879), (8569, 2, 400679), (8875, 3, 447511), (8569, 2, 486515), (8370, 0, 710208), (8318, 2, 757695), (8423, 2, 1176439), (8301, 0, 1324328), (8505, 0, 1367541), (9120, 3, 1461335), (8510, 3, 1485287)]"
1972 "[(8370, 0, 381107), (8370, 0, 2018254)]"
1610 "[(8411, 2, 381190), (8887, 3, 618758), (8887, 3, 618850)]"
1981 "[(8408, 3, 384089), (9163, 2, 1927837), (9163, 2, 1929775), (9163, 2, 1929889)]"
826 "[(8846, 2, 386798), (8346, 2, 700090), (8619, 2, 782746), (8565, 0, 1032927), (8846, 2, 1130165), (9072, 2, 1344310), (8603, 2, 1472135), (8526, 3, 1735034), (8623, 0, 2078905)]"
8671 "[(17, 0, 394341), (233, 3, 885928), (233, 3, 1922798)]"
8868 "[(547, 2, 399217), (547, 2, 399378), (547, 2, 399430), (547, 2, 400439), (547, 2, 400534), (547, 2, 400557), (68, 3, 401761), (547, 2, 402469), (547, 2, 402711), (547, 2, 403043), (547, 2, 468831), (547, 2, 468982), (547, 2, 469139), (547, 2, 469247), (547, 2, 582669), (547, 2, 684912), (547, 2, 699329), (1471, 3, 706778), (547, 2, 709471), (547, 2, 709567), (1740, 3, 747760), (1740, 3, 748116), (1740, 3, 748484), (1490, 3, 954038), (547, 2, 1104094), (547, 2, 1105447), (547, 2, 1106492), (547, 2, 1108920), (547, 2, 1120974), (547, 2, 1138043), (547, 2, 1192051), (547, 2, 1192163), (547, 2, 1193811), (547, 2, 1194209), (547, 2, 1196762), (547, 2, 1197568), (547, 2, 1198095), (547, 2, 1203914), (547, 2, 1203971), (547, 2, 1213126), (547, 2, 1213366), (547, 2, 1213571), (547, 2, 1215024), (547, 2, 1215453), (547, 2, 1216541), (547, 2, 1217263), (547, 2, 1274345), (547, 2, 1276209), (547, 2, 1276800), (547, 2, 1277604), (547, 2, 1279017), (547, 2, 1280154), (547, 2, 1282475), (547, 2, 1376460), (1828, 3, 1413484), (1828, 3, 1415396), (547, 2, 1440439), (547, 2, 1442016), (1828, 3, 1453072), (1828, 3, 1460043), (1853, 3, 1469906), (547, 2, 1511070), (547, 2, 1570308), (1460, 2, 1799976)]"
1449 "[(8869, 2, 400189), (8286, 2, 745284), (8343, 0, 857474), (8361, 0, 869317), (8545, 2, 923899), (8618, 0, 1367853), (8414, 2, 1459351), (9051, 2, 1476927), (8785, 0, 1658146), (8467, 0, 1966363)]"
8855 "[(2039, 0, 403151), (2134, 2, 417897), (2134, 2, 418087), (68, 3, 423601), (233, 3, 453545), (1013, 0, 510702), (2505, 3, 516001), (68, 3, 523852), (2881, 0, 603508), (68, 3, 896038), (68, 3, 994269), (2923, 2, 1017879), (233, 3, 1058755), (2495, 0, 1193499), (890, 3, 1215520), (233, 3, 1232818), (68, 3, 1322015), (233, 3, 1489480), (68, 3, 1615939), (125, 0, 2002401)]"
2063 "[(8552, 3, 404025)]"
8732 "[(532, 2, 404747), (2110, 0, 413481), (2110, 0, 596398), (2110, 0, 598471), (2110, 0, 671630), (2594, 2, 1768600), (4085, 3, 1826748)]"
8471 "[(2069, 0, 405119), (233, 3, 618930), (509, 3, 650277), (898, 0, 718105), (291, 3, 734000), (2708, 2, 743126), (497, 0, 758080), (17, 0, 760066), (156, 2, 789009), (233, 3, 810888), (233, 3, 1417696), (291, 3, 1504201), (291, 3, 1683981), (2114, 3, 1715507), (291, 3, 1784810), (291, 3, 1935717), (1046, 0, 2065554)]"
8640 "[(2087, 3, 409013), (590, 2, 680559), (233, 3, 717959), (233, 3, 809843), (233, 3, 1059554), (671, 0, 1299658), (3009, 2, 1983111)]"
8765 "[(2054, 3, 418687)]"
8606 "[(17, 0, 424239), (233, 3, 1495116), (4085, 3, 1752501), (1471, 3, 1916389)]"
2176 "[(8749, 0, 427876), (8683, 3, 1387924)]"
2179 "[(8644, 0, 429179), (8683, 3, 1004294)]"
2209 "[(8257, 3, 435914)]"
2230 "[(8686, 2, 445412), (8343, 0, 530874), (8633, 2, 627997), (8633, 2, 666249), (8529, 2, 691130), (8343, 0, 709316), (8343, 0, 715070), (8339, 3, 771157), (8339, 3, 774254), (8548, 3, 938388), (8548, 3, 974361), (8771, 2, 1022711), (8771, 2, 1022770), (8355, 0, 1035919), (8257, 3, 1183548), (8603, 2, 1404652), (8603, 2, 1404856), (8298, 0, 1572347), (8806, 0, 1627568), (8243, 3, 1659161), (8502, 3, 1664324), (9166, 3, 1787930)]"
2232 "[(8559, 3, 445502), (8559, 3, 445825), (8559, 3, 695565), (8559, 3, 1037654), (8559, 3, 1444168)]"
1929 "[(8343, 0, 449525), (8433, 2, 547516), (8433, 2, 614964), (8685, 0, 774704)]"
175 "[(8622, 2, 452150), (8733, 2, 813918), (8733, 2, 814035), (8408, 3, 816453), (8260, 3, 1870142)]"
8445 "[(233, 3, 453215), (233, 3, 538700), (1670, 0, 896050)]"
725 "[(8612, 0, 456143), (8612, 0, 542322), (8242, 2, 752841), (8917, 0, 801598), (8612, 0, 1233502), (8849, 0, 1234572), (8917, 0, 1406803), (8917, 0, 1407682), (8764, 0, 1925946), (8703, 2, 2011923)]"
8798 "[(233, 3, 456369), (233, 3, 1150611), (233, 3, 1409932)]"
8760 "[(233, 3, 456732)]"
2274 "[(8622, 2, 463188)]"
1367 "[(8888, 0, 472198), (8888, 0, 472260), (9072, 2, 1151551), (9072, 2, 1151896), (9072, 2, 1152192), (9072, 2, 1152339), (9072, 2, 1152531), (9072, 2, 1152872), (9072, 2, 1153169), (9072, 2, 1153305), (9072, 2, 1155435), (9072, 2, 1156767), (9072, 2, 1156807), (9072, 2, 1157264), (9072, 2, 1157285), (9072, 2, 1157755), (9072, 2, 1157774), (9072, 2, 1158335), (9163, 2, 1676406), (9163, 2, 1676684), (9163, 2, 1676735), (9163, 2, 1676833), (9163, 2, 1676913), (9163, 2, 1677088), (9163, 2, 1677276), (9163, 2, 1677291), (9163, 2, 1677848), (9163, 2, 1678112), (9163, 2, 1679119), (9163, 2, 1679241), (9163, 2, 1684211), (9163, 2, 1694254)]"
2305 "[(8284, 2, 474741)]"
8753 "[(68, 3, 476006), (728, 2, 1487195), (233, 3, 1578234), (233, 3, 1663742), (233, 3, 1747716)]"
1078 "[(8888, 0, 477507)]"
2320 "[(8888, 0, 478980)]"
1392 "[(8888, 0, 488988), (8631, 2, 837999), (9163, 2, 1666814), (9163, 2, 1666908), (9096, 2, 1666990), (9096, 2, 1667566), (9096, 2, 1668748), (9163, 2, 1675273), (9185, 3, 1952876), (9185, 3, 1952900)]"
2403 "[(8277, 0, 494104), (8998, 2, 1719883)]"
8800 "[(509, 3, 494937), (799, 3, 1716368), (4085, 3, 1739553), (233, 3, 1748476)]"
2427 "[(8854, 2, 499069)]"
1840 "[(8687, 3, 501349), (8687, 3, 501456), (8238, 0, 1387599)]"
214 "[(8646, 0, 502643), (8646, 0, 502741)]"
2477 "[(8892, 2, 509298), (8892, 2, 1651571)]"
8556 "[(1466, 3, 509351), (1224, 2, 721730), (68, 3, 722979), (664, 2, 936180), (3326, 3, 1103277), (17, 0, 1132898), (4635, 2, 1308479), (367, 2, 1962602)]"
8780 "[(2483, 2, 512062), (233, 3, 1233554), (233, 3, 1494938)]"
2488 "[(8896, 3, 512642)]"
445 "[(8251, 3, 513002), (8251, 3, 513120), (8513, 2, 1008906), (8678, 3, 1016420), (8678, 3, 1016473)]"
8747 "[(2493, 0, 513492), (1492, 0, 513740), (3385, 0, 746433)]"
8827 "[(68, 3, 514290), (384, 3, 1555071), (1778, 0, 1781063), (384, 3, 1788281), (384, 3, 1903621), (532, 2, 2070994)]"
2501 "[(8241, 3, 515192)]"
8691 "[(2507, 2, 516290)]"
8647 "[(1069, 0, 524336), (1448, 0, 883833), (1448, 0, 884231), (4085, 3, 1139015)]"
2573 "[(8462, 0, 529669), (8295, 0, 692355), (8462, 0, 692442), (8462, 0, 692474)]"
2591 "[(8341, 0, 533032), (8365, 3, 533206), (8365, 3, 533295), (8282, 0, 757893), (8282, 0, 809147)]"
8890 "[(233, 3, 540189), (2110, 0, 610469), (233, 3, 2013988)]"
8795 "[(233, 3, 540479), (233, 3, 624829)]"
8763 "[(233, 3, 541556), (660, 3, 567419), (2923, 2, 774099), (233, 3, 1578776)]"
2624 "[(8591, 3, 545451)]"
2658 "[(8571, 3, 554763)]"
1238 "[(8429, 0, 555549)]"
8873 "[(835, 2, 565485), (17, 0, 574217), (1778, 0, 591920), (68, 3, 641857), (237, 2, 662775), (237, 2, 663651), (237, 2, 664453), (237, 2, 664664), (237, 2, 665801), (237, 2, 665850), (237, 2, 665974), (237, 2, 666042), (237, 2, 666805), (237, 2, 666941), (237, 2, 667116), (237, 2, 667142), (237, 2, 667640), (237, 2, 667811), (237, 2, 731425), (237, 2, 736388), (237, 2, 798265), (3612, 0, 1001803), (3612, 0, 1001821), (68, 3, 1016863), (68, 3, 1028879), (233, 3, 1059182), (3613, 3, 1083540), (3874, 0, 1086519), (68, 3, 1129370), (68, 3, 1160265), (627, 0, 1235392)]"
2738 "[(8633, 2, 576955)]"
8578 "[(608, 0, 585279), (1268, 2, 591829), (608, 0, 656739), (3794, 0, 877790), (1670, 0, 1364670), (1069, 0, 1384590), (659, 3, 1423060)]"
8684 "[(1276, 0, 587852), (1276, 0, 587946), (3899, 2, 918815)]"
8542 "[(890, 3, 588557)]"
2819 "[(8639, 2, 592332), (8463, 0, 1803574)]"
2833 "[(8888, 0, 594441), (8888, 0, 594478), (8888, 0, 594541), (8318, 2, 1088569)]"
2863 "[(8771, 2, 599507), (8771, 2, 1025118), (9072, 2, 1141969)]"
8667 "[(45, 2, 602717), (2881, 0, 610805), (45, 2, 647936)]"
8487 "[(2923, 2, 612398), (2923, 2, 948925)]"
2965 "[(8887, 3, 621678), (8887, 3, 621896), (8887, 3, 621982)]"
8787 "[(233, 3, 624825), (696, 3, 967783), (3612, 0, 1003064), (3612, 0, 1003586), (1586, 2, 1585342)]"
8653 "[(233, 3, 624906), (2923, 2, 954397)]"
8330 "[(233, 3, 626283)]"
8728 "[(17, 0, 632392)]"
8905 "[(660, 3, 632686), (233, 3, 810269), (4085, 3, 1235299)]"
1284 "[(8872, 3, 635391), (8872, 3, 635425), (8872, 3, 635454), (8870, 0, 1096260), (9072, 2, 1159400), (9072, 2, 1159424), (9072, 2, 1171608), (9072, 2, 1174881), (9072, 2, 1337978)]"
8950 "[(1218, 3, 636585), (3227, 0, 695018), (912, 0, 783701), (912, 0, 863147), (1856, 3, 906643), (1856, 3, 906807), (3874, 0, 906906), (983, 3, 1112487), (17, 0, 1191265)]"
8955 "[(68, 3, 639507), (68, 3, 644719), (233, 3, 810304), (1247, 3, 1318453), (68, 3, 1582532)]"
3027 "[(8390, 2, 641143)]"
8616 "[(768, 2, 641539), (1622, 2, 659963), (3387, 2, 883607), (233, 3, 1579486)]"
3036 "[(8241, 3, 643717), (8241, 3, 643813)]"
3037 "[(8762, 2, 643974)]"
2719 "[(8892, 2, 646044)]"
8266 "[(68, 3, 646298), (68, 3, 650027), (3385, 0, 746400), (68, 3, 941239), (2654, 2, 998097), (1552, 2, 1023106), (3502, 3, 1121539), (68, 3, 1328498)]"
1641 "[(8703, 2, 650881), (8703, 2, 650923), (8627, 2, 652055), (8627, 2, 652075)]"
8650 "[(2153, 2, 652234), (2881, 0, 1882638), (2881, 0, 1883743), (17, 0, 1885433), (730, 0, 1887016), (730, 0, 1887036), (1308, 0, 1975745)]"
623 "[(8892, 2, 667382), (8892, 2, 667497), (8892, 2, 667515), (8892, 2, 667557), (8892, 2, 667732), (8892, 2, 667870), (8892, 2, 667952), (8576, 2, 765548), (8576, 2, 768001), (8576, 2, 768044), (8576, 2, 768084), (8892, 2, 1081708), (8892, 2, 1082745), (8989, 3, 1346394), (8989, 3, 1347517), (8989, 3, 1617171), (8989, 3, 1617207), (8989, 3, 1617244)]"
8507 "[(1778, 0, 669600), (1148, 2, 672846), (68, 3, 729722), (1148, 2, 749833), (3142, 3, 800439), (3142, 3, 800739), (1148, 2, 844078), (993, 3, 1145495), (4888, 2, 1207923), (1148, 2, 1221802), (4888, 2, 1277036), (1148, 2, 1313211), (125, 0, 1481240), (125, 0, 1481588), (1363, 0, 1804331)]"
8965 "[(1434, 2, 671109), (233, 3, 713638), (608, 0, 772541), (233, 3, 808231), (233, 3, 885235), (68, 3, 1447084)]"
3121 "[(8887, 3, 672486), (8887, 3, 1043586)]"
2671 "[(8536, 0, 672988), (8536, 0, 748876), (8536, 0, 748914), (8985, 3, 752315), (8985, 3, 861164), (8985, 3, 861181), (8985, 3, 861271), (8985, 3, 861292), (8295, 0, 1691253), (8985, 3, 1847254), (8985, 3, 1847339), (8985, 3, 1847456)]"
3055 "[(8477, 2, 676474)]"
3152 "[(8750, 2, 677299), (8750, 2, 677930)]"
8820 "[(983, 3, 677575), (983, 3, 685948)]"
8970 "[(912, 0, 680058), (233, 3, 711967), (233, 3, 1059678), (954, 2, 1129204), (4085, 3, 1220665), (2512, 0, 1874548), (233, 3, 1923889)]"
8940 "[(2101, 2, 681137), (2101, 2, 681165), (2101, 2, 681449), (2101, 2, 754403), (233, 3, 973525), (68, 3, 1061779), (1804, 3, 1195659), (233, 3, 1315504)]"
3187 "[(8622, 2, 686611)]"
8322 "[(703, 2, 687601)]"
3224 "[(8816, 2, 694312), (8816, 2, 716112)]"
2052 "[(8536, 0, 700881)]"
8899 "[(1471, 3, 706732), (233, 3, 1059874)]"
8294 "[(233, 3, 713821), (4633, 2, 1145388), (4633, 2, 1146138), (4633, 2, 1146213), (4633, 2, 1146295), (4633, 2, 1228653), (4633, 2, 1228719), (4633, 2, 1228790), (4633, 2, 1228921)]"
8508 "[(1164, 3, 715696), (1164, 3, 1484804)]"
8698 "[(233, 3, 717561)]"
8815 "[(233, 3, 717756), (2953, 0, 1189897), (4085, 3, 1306267), (367, 2, 1582677)]"
8271 "[(233, 3, 717818)]"
8942 "[(233, 3, 718285), (68, 3, 868041), (68, 3, 980924), (68, 3, 1411844)]"
8809 "[(233, 3, 718980)]"
8948 "[(233, 3, 721283)]"
8324 "[(2374, 3, 722890), (835, 2, 997496)]"
3322 "[(8888, 0, 728701)]"
3324 "[(8936, 2, 728921)]"
969 "[(8670, 2, 728923), (8670, 2, 729019), (8670, 2, 753766), (8670, 2, 1355249)]"
3379 "[(8263, 3, 744128), (8370, 0, 1021557), (8370, 0, 1021669), (8370, 0, 1026395), (8370, 0, 1026651), (8370, 0, 1026998), (8370, 0, 1027052), (8370, 0, 1569769), (8370, 0, 1569857), (8402, 2, 2080994), (8402, 2, 2081161)]"
2476 "[(8576, 2, 752018), (8576, 2, 1459859), (8892, 2, 1727344)]"
997 "[(8998, 2, 754379), (8998, 2, 970443), (8998, 2, 1583863), (8998, 2, 1611281), (8998, 2, 1613386), (8998, 2, 1613425), (8998, 2, 1613470), (8998, 2, 1614625), (8998, 2, 1614746), (8998, 2, 1614929), (8998, 2, 1615796), (8998, 2, 1617563), (8998, 2, 1620150), (8998, 2, 1622458)]"
2137 "[(8721, 0, 756806), (8485, 3, 788564), (8442, 3, 872070), (8341, 0, 948033), (8341, 0, 948079), (8941, 0, 1034979), (8343, 0, 1044663), (8832, 3, 1166182)]"
8991 "[(983, 3, 758436), (983, 3, 758535), (727, 2, 963876), (1127, 2, 1202243), (1127, 2, 1202401), (1127, 2, 1435460), (1127, 2, 1435494), (1127, 2, 1983168)]"
8567 "[(45, 2, 759037), (26, 2, 1377129)]"
1884 "[(8565, 0, 759947), (8570, 0, 1913908), (8874, 0, 2061831)]"
3476 "[(8421, 2, 768999)]"
9000 "[(497, 0, 772195), (233, 3, 813989)]"
3483 "[(8990, 2, 772357), (8990, 2, 772626)]"
681 "[(8835, 2, 782147), (8835, 2, 782173), (8835, 2, 782209)]"
3517 "[(8814, 2, 783680), (9027, 2, 1884115)]"
3503 "[(8952, 0, 809318), (8952, 0, 810750), (8887, 3, 1228185), (9045, 3, 1228377), (9045, 3, 1301568)]"
1593 "[(8670, 2, 841501)]"
3681 "[(8534, 3, 844766), (8685, 0, 1116396), (8806, 0, 1117368), (9194, 0, 2035115), (9194, 0, 2035140), (8295, 0, 2054456)]"
8439 "[(3682, 3, 845149), (3682, 3, 845261), (3682, 3, 845279), (804, 2, 1478986)]"
3683 "[(8874, 0, 845424)]"
782 "[(8825, 2, 846329), (8849, 0, 1176056), (8563, 0, 1190805), (8346, 2, 1436937), (8405, 2, 1537064), (8301, 0, 1573425), (8962, 2, 1577037), (8962, 2, 1577104), (8282, 0, 1619331)]"
8382 "[(1069, 0, 851819), (2121, 2, 861889), (2923, 2, 942261), (2728, 0, 1011951), (2121, 2, 1120955), (1069, 0, 1622138), (1069, 0, 1623195), (233, 3, 1922804)]"
8968 "[(238, 2, 854953), (238, 2, 855107), (1173, 2, 969909), (608, 0, 1386548), (993, 3, 1990178), (233, 3, 2014671), (4085, 3, 2034466)]"
9023 "[(402, 2, 867196), (402, 2, 871550), (402, 2, 871580), (874, 2, 913754), (1647, 2, 1007321), (317, 2, 1008604), (4085, 3, 1653595), (68, 3, 2061492), (799, 3, 2061840), (68, 3, 2074656)]"
3756 "[(8246, 0, 867722), (9077, 3, 1260986), (9096, 2, 1330600), (8246, 0, 1792252), (9077, 3, 1957347)]"
2925 "[(8888, 0, 871991), (9096, 2, 1391878)]"
8517 "[(636, 2, 873669), (636, 2, 1115501), (636, 2, 1117707), (636, 2, 1118137), (636, 2, 1118734), (636, 2, 1133065), (233, 3, 1235099), (233, 3, 1494716), (636, 2, 2010424), (636, 2, 2010509)]"
8700 "[(1505, 0, 880754), (233, 3, 887444), (233, 3, 1231881)]"
8927 "[(233, 3, 884572), (467, 2, 966519), (233, 3, 975804), (608, 0, 1647574), (608, 0, 1647648), (233, 3, 1661076), (608, 0, 1989141)]"
1547 "[(8450, 3, 884665), (9182, 0, 1921352), (9182, 0, 1921467)]"
9006 "[(233, 3, 886169), (233, 3, 970408), (1552, 2, 1020278), (1397, 2, 1320548), (68, 3, 1987653)]"
8437 "[(532, 2, 890209)]"
1644 "[(8623, 0, 890721), (8623, 0, 891004)]"
3856 "[(8541, 0, 900033)]"
944 "[(8390, 2, 903526), (8249, 2, 1209021)]"
1772 "[(8339, 3, 916993), (9166, 3, 1892748), (9166, 3, 1892769), (9166, 3, 1893007), (9166, 3, 1893140), (9166, 3, 1893206), (9166, 3, 1910709), (9166, 3, 1910783), (9166, 3, 1911550), (9166, 3, 1966182), (9166, 3, 1966469), (9166, 3, 1966496), (9166, 3, 1966621), (9166, 3, 1966704), (9166, 3, 1966816), (9166, 3, 1966871), (9166, 3, 2055869)]"
3922 "[(8370, 0, 926084)]"
9026 "[(68, 3, 927285), (870, 3, 927420), (68, 3, 928625), (659, 3, 953443)]"
8432 "[(3931, 3, 927658), (2196, 0, 1090241)]"
83 "[(8762, 2, 930303), (9063, 2, 1099677), (9063, 2, 1099794), (8762, 2, 1990851)]"
3717 "[(8276, 3, 934841), (8276, 3, 951067), (8276, 3, 1004638), (8276, 3, 1004819), (9124, 3, 1451275)]"
3963 "[(8546, 2, 935037), (8907, 0, 1192342), (8907, 0, 1235669), (8406, 2, 1363884)]"
1485 "[(8295, 0, 935840), (8295, 0, 935869), (8249, 2, 936379)]"
3969 "[(8870, 0, 936311), (8526, 3, 1702300)]"
3994 "[(8318, 2, 942519)]"
4000 "[(8333, 0, 943991)]"
4016 "[(8247, 3, 948596), (8247, 3, 951350), (8247, 3, 951469), (8247, 3, 951634), (8247, 3, 952120), (8247, 3, 1270067), (8318, 2, 1519458)]"
9042 "[(2923, 2, 952218), (2923, 2, 955626), (2923, 2, 956279)]"
8448 "[(1853, 3, 953296), (1853, 3, 953371), (4752, 0, 1755737), (4752, 0, 1755763)]"
9033 "[(233, 3, 973299), (233, 3, 1233024), (659, 3, 1252805)]"
8824 "[(233, 3, 974536), (2196, 0, 1213962)]"
189 "[(8227, 2, 976456), (8227, 2, 1050297), (8227, 2, 1050334), (8227, 2, 1050622), (8227, 2, 1051003), (8227, 2, 1051343)]"
8460 "[(68, 3, 983398)]"
9048 "[(2134, 2, 992383), (2134, 2, 992409), (2134, 2, 992465), (675, 2, 1000858), (806, 2, 1000916), (675, 2, 1001423), (735, 3, 1003559), (1764, 3, 1007063), (2196, 0, 1009045), (492, 2, 1009133), (1804, 3, 1010522), (1206, 3, 1012281), (1206, 3, 1014398), (4226, 2, 1014617), (500, 0, 1014630), (974, 2, 1014640), (935, 3, 1014739), (974, 2, 1014758), (935, 3, 1014759), (974, 2, 1014788), (256, 2, 1015034), (2134, 2, 1015621), (4230, 2, 1016350), (1143, 2, 1017986), (1277, 2, 1019608), (1277, 2, 1019640), (4248, 2, 1022019), (4248, 2, 1022102), (4248, 2, 1022229), (4248, 2, 1022632), (4251, 2, 1022748), (1793, 3, 1024354), (3360, 2, 1026704), (4278, 2, 1028115), (4278, 2, 1028943), (588, 3, 1028970), (552, 0, 1029846), (552, 0, 1029912), (552, 0, 1029983), (68, 3, 1031226), (2119, 0, 1058123), (646, 2, 1063408), (2119, 0, 1064707), (2119, 0, 1065045), (2119, 0, 1065201), (1342, 3, 1096311), (1342, 3, 1096407), (2706, 3, 1108412), (4549, 3, 1112710), (1804, 3, 1115794), (1804, 3, 1115830), (1804, 3, 1115897), (4278, 2, 1119643), (2848, 3, 1122102), (43, 2, 1125466), (43, 2, 1125497), (1680, 3, 1204132), (1680, 3, 1204944), (1680, 3, 1205043), (1680, 3, 1205101), (1680, 3, 1215031), (1680, 3, 1215329), (1680, 3, 1215618), (423, 3, 1288601)]"
8368 "[(2923, 2, 996103), (423, 3, 1422233), (17, 0, 1452262), (4586, 0, 1515750), (17, 0, 1518085), (17, 0, 1594989)]"
3896 "[(9034, 0, 998276), (8719, 3, 1096039)]"
8659 "[(17, 0, 1006365)]"
3722 "[(8257, 3, 1010400), (8257, 3, 1010962)]"
4218 "[(8992, 0, 1012510), (8992, 0, 1016445), (8992, 0, 1017812)]"
9053 "[(497, 0, 1014764), (233, 3, 1152471), (68, 3, 1182190), (870, 3, 1187732), (608, 0, 1204693), (608, 0, 1204769), (608, 0, 1204783), (608, 0, 1204797), (608, 0, 1204872), (608, 0, 1204887), (608, 0, 1204961), (608, 0, 1205036), (608, 0, 1205052), (68, 3, 1210759), (233, 3, 1233958), (68, 3, 1529663), (233, 3, 1578531), (608, 0, 1817297)]"
4001 "[(8851, 3, 1015767), (8846, 2, 1029249)]"
8668 "[(4085, 3, 1038335), (233, 3, 1315871), (4085, 3, 1910040)]"
8287 "[(4085, 3, 1049710), (367, 2, 1689135)]"
4403 "[(8983, 0, 1057676)]"
2659 "[(8749, 0, 1079790), (9089, 2, 1633926), (9117, 2, 1713436)]"
8648 "[(104, 2, 1093296), (104, 2, 1093360), (167, 0, 1266764), (167, 0, 1266808), (167, 0, 1266809), (423, 3, 1451994), (859, 2, 1504113), (233, 3, 1575061), (4085, 3, 1741088), (104, 2, 1755005), (104, 2, 1755082), (104, 2, 2045261), (104, 2, 2045365), (104, 2, 2045471)]"
2775 "[(8992, 0, 1094208)]"
4494 "[(8282, 0, 1097750), (8841, 0, 1941791)]"
4504 "[(8425, 2, 1099259)]"
4524 "[(8755, 2, 1106703)]"
8706 "[(268, 3, 1113437), (268, 3, 1113732)]"
9069 "[(89, 3, 1119981), (2133, 2, 1169317), (2133, 2, 1169689), (1761, 0, 1169751), (4699, 3, 1170014), (1761, 0, 1170051), (477, 3, 1170384), (477, 3, 1170467), (2133, 2, 1170753), (1951, 0, 1170909), (2133, 2, 1172474), (2133, 2, 1173387), (484, 2, 1173657), (517, 2, 1174364), (3748, 2, 1174843), (2128, 3, 1175116), (4145, 2, 1175249), (331, 3, 1177816), (331, 3, 1177843), (1224, 2, 1178216), (539, 2, 1179056), (4752, 0, 1179217), (119, 2, 1180739), (476, 0, 1181053), (476, 0, 1181097), (2447, 2, 1181161), (119, 2, 1181306), (119, 2, 1181776), (119, 2, 1181975), (2447, 2, 1182197), (119, 2, 1182387), (119, 2, 1182488), (3992, 2, 1183637), (3992, 2, 1183772), (695, 3, 1184143), (595, 2, 1184432), (595, 2, 1184667), (595, 2, 1184736), (595, 2, 1184813), (2146, 0, 1185913), (68, 3, 1189146), (4793, 2, 1189238), (1973, 3, 1195880), (1973, 3, 1195957), (2436, 2, 1198241), (119, 2, 1201980), (119, 2, 1203305), (68, 3, 1204509), (119, 2, 1205565), (539, 2, 1207446), (539, 2, 1207508), (1779, 0, 1209492), (318, 3, 1211388), (318, 3, 1211613), (1046, 0, 1213700), (119, 2, 1214743), (119, 2, 1214828), (119, 2, 1215166), (119, 2, 1215228), (935, 3, 1215522), (3497, 2, 1216589), (3497, 2, 1216619), (2887, 0, 1217045), (68, 3, 1222804), (4085, 3, 1225486), (1046, 0, 1233281), (248, 2, 1235641), (1552, 2, 1239895), (2103, 2, 1257881), (484, 2, 1262694), (1013, 0, 1280777), (1013, 0, 1282468), (4633, 2, 1283297), (4633, 2, 1283365), (477, 3, 1294432), (318, 3, 1304295), (233, 3, 1315180), (2103, 2, 1339123), (3108, 0, 1538020), (3108, 0, 1538042), (17, 0, 1548501), (5847, 2, 1562802), (248, 2, 1563931), (17, 0, 1569102), (449, 2, 1571357), (449, 2, 1572048), (17, 0, 1660299), (4633, 2, 1665340), (644, 2, 1690210), (644, 2, 1690636), (89, 3, 1808715), (644, 2, 1872901), (1973, 3, 1921298), (1973, 3, 1921434), (4085, 3, 1942950)]"
8723 "[(336, 2, 1128542), (870, 3, 1263787)]"
8490 "[(1778, 0, 1140559)]"
179 "[(9068, 3, 1142550), (9129, 3, 1500809)]"
829 "[(8308, 3, 1144297), (8308, 3, 1259849), (8308, 3, 1260224), (8308, 3, 1260535), (8308, 3, 1261390), (8308, 3, 1261562), (8308, 3, 1269298), (8308, 3, 1725933), (8308, 3, 2028547)]"
8280 "[(233, 3, 1150264)]"
4651 "[(8237, 0, 1150645)]"
9065 "[(233, 3, 1153305)]"
9075 "[(1786, 2, 1167619)]"
1493 "[(8411, 2, 1170439)]"
4707 "[(8314, 3, 1172062), (8245, 3, 1741429)]"
4709 "[(8335, 3, 1175096)]"
4766 "[(8268, 2, 1181797)]"
4776 "[(8849, 0, 1185422)]"
4162 "[(9072, 2, 1198204), (9072, 2, 1198232)]"
8656 "[(68, 3, 1202397)]"
1905 "[(8370, 0, 1203471)]"
8279 "[(17, 0, 1205398)]"
4688 "[(8963, 0, 1208537)]"
9080 "[(437, 2, 1208764), (437, 2, 1808914), (17, 0, 1896045)]"
2637 "[(9072, 2, 1213457)]"
4506 "[(9072, 2, 1213866)]"
1673 "[(8284, 2, 1213999)]"
8823 "[(4085, 3, 1235175), (26, 2, 2078606)]"
9083 "[(233, 3, 1235186), (4085, 3, 1597319)]"
8272 "[(233, 3, 1239619), (17, 0, 1712476)]"
8626 "[(164, 2, 1243115), (4752, 0, 1423077), (17, 0, 1947064)]"
8662 "[(68, 3, 1249575), (233, 3, 1662172)]"
4999 "[(8587, 0, 1257132)]"
239 "[(8603, 2, 1260393), (8603, 2, 1346689)]"
4736 "[(8365, 3, 1261412), (8241, 3, 1346929), (8365, 3, 1347152)]"
5000 "[(8458, 0, 1273180)]"
2249 "[(9086, 3, 1282371)]"
5119 "[(8350, 2, 1289299)]"
2429 "[(8241, 3, 1294410), (8241, 3, 1294453), (8849, 0, 1928589), (8849, 0, 2080787), (8849, 0, 2080823)]"
3663 "[(8676, 0, 1294512), (8676, 0, 1294565), (8676, 0, 1294607), (8519, 0, 1559711), (8676, 0, 1640609)]"
9041 "[(68, 3, 1295938), (4085, 3, 1385012), (398, 2, 1468180), (398, 2, 1468221), (367, 2, 1594631)]"
8580 "[(17, 0, 1296993)]"
1992 "[(9072, 2, 1297489)]"
5182 "[(8250, 3, 1310605)]"
9019 "[(2069, 0, 1313484), (2069, 0, 1313505), (4085, 3, 1598683)]"
9095 "[(233, 3, 1316143), (4085, 3, 1671766), (4186, 0, 1874175), (4186, 0, 1874633), (22, 3, 1905599)]"
5193 "[(8699, 0, 1317143), (8699, 0, 1317232)]"
8369 "[(4085, 3, 1325654)]"
8349 "[(4085, 3, 1331792), (242, 2, 2035094)]"
8628 "[(2131, 3, 1347220), (68, 3, 1470944), (1649, 3, 1808582), (233, 3, 1839294), (867, 2, 1983098)]"
4015 "[(9096, 2, 1349321), (9096, 2, 1673200)]"
746 "[(8243, 3, 1349681)]"
4517 "[(9010, 2, 1358716), (9010, 2, 1358835), (9010, 2, 1942761)]"
9091 "[(68, 3, 1359289), (233, 3, 2015283)]"
625 "[(8515, 3, 1383344), (8515, 3, 1562828), (8515, 3, 1563207)]"
4742 "[(8593, 2, 1390466)]"
9044 "[(3273, 3, 1412173), (3273, 3, 1412270)]"
8993 "[(233, 3, 1413420)]"
8938 "[(3273, 3, 1414504), (3273, 3, 1414525)]"
2186 "[(8540, 0, 1417680), (8452, 0, 2003113)]"
8636 "[(713, 0, 1419689), (713, 0, 1419858), (5058, 0, 1881237), (4325, 2, 1921005), (17, 0, 1928055), (17, 0, 2084782), (17, 0, 2088543), (167, 0, 2088694), (167, 0, 2088719), (167, 0, 2088720)]"
885 "[(9102, 3, 1420090)]"
210 "[(9103, 0, 1427763)]"
5518 "[(9089, 2, 1443051)]"
9052 "[(2923, 2, 1452818)]"
9113 "[(867, 2, 1469400), (2131, 3, 1470343), (68, 3, 1473819), (1185, 3, 1497531), (1185, 3, 1497631), (1185, 3, 1497961), (1185, 3, 1498140), (1185, 3, 1498212), (1185, 3, 1498488), (2578, 2, 1525192), (2578, 2, 1525763), (2578, 2, 1526225), (3108, 0, 1574806), (2578, 2, 1653727), (2578, 2, 1653804), (2578, 2, 1654014), (2578, 2, 1654212), (2578, 2, 1654250), (867, 2, 2023614)]"
5151 "[(8268, 2, 1471656), (8268, 2, 1529392), (8268, 2, 1551309)]"
5622 "[(9058, 3, 1495966), (8419, 0, 1496002), (8703, 2, 1531454), (9059, 0, 1534147), (8526, 3, 1535054), (8246, 0, 1624345), (8575, 2, 1641101), (8343, 0, 1659700), (8402, 2, 1819884), (9079, 3, 1869184), (8807, 3, 1881680), (8806, 0, 1926095), (8331, 2, 1928475), (9117, 2, 1943483), (8361, 0, 1966891), (8963, 0, 2081492)]"
5699 "[(9096, 2, 1499308)]"
4446 "[(9129, 3, 1505303), (9129, 3, 1505331)]"
302 "[(8906, 0, 1516053)]"
3579 "[(8569, 2, 1527165), (8569, 2, 1527253)]"
5774 "[(8651, 2, 1534615)]"
8506 "[(497, 0, 1535714), (497, 0, 1535831), (497, 0, 1535865), (4325, 2, 1873406), (2196, 0, 1990807), (2196, 0, 1990925), (2196, 0, 1993007)]"
8756 "[(68, 3, 1541636)]"
9136 "[(497, 0, 1542872), (799, 3, 1629814), (659, 3, 1731235), (233, 3, 1839656), (4085, 3, 1843797), (799, 3, 1968331)]"
3735 "[(8634, 2, 1544653)]"
1556 "[(8612, 0, 1546298)]"
4773 "[(8963, 0, 1547152)]"
9008 "[(4085, 3, 1559225)]"
4845 "[(9071, 2, 1562012), (9071, 2, 1562238), (9071, 2, 1562422), (9071, 2, 1563205), (9071, 2, 1575690), (9071, 2, 1575954), (9071, 2, 1576386), (9071, 2, 1578240), (9071, 2, 1578348), (9071, 2, 1635703), (9071, 2, 1670049)]"
5854 "[(9071, 2, 1565524)]"
9145 "[(912, 0, 1567716), (233, 3, 1577810), (68, 3, 1640434), (233, 3, 1663177)]"
5880 "[(8301, 0, 1573095)]"
9141 "[(233, 3, 1576106), (68, 3, 1956190)]"
5237 "[(8390, 2, 1581518), (8390, 2, 1581643)]"
3067 "[(9071, 2, 1591073)]"
5914 "[(8775, 2, 1592375)]"
8629 "[(68, 3, 1610370), (68, 3, 1642959), (68, 3, 1717355)]"
8980 "[(5262, 3, 1612034), (954, 2, 1914721)]"
6007 "[(9063, 2, 1631562), (8587, 0, 2061179)]"
8988 "[(5321, 0, 1633611), (482, 3, 1643425), (482, 3, 1643708), (482, 3, 1645663), (482, 3, 1645720), (482, 3, 1645921), (233, 3, 1662221), (3070, 2, 1950366), (3070, 2, 1950519), (482, 3, 1967605), (3070, 2, 1969436), (3070, 2, 1969633), (3070, 2, 1969688), (3070, 2, 1969879), (3070, 2, 1970452), (3070, 2, 1970604), (3070, 2, 1970637), (3070, 2, 1971115), (3070, 2, 1971194), (482, 3, 1992835), (482, 3, 1993475), (482, 3, 2045470), (482, 3, 2045564), (482, 3, 2077114), (482, 3, 2077189), (482, 3, 2077243), (482, 3, 2077322), (482, 3, 2077458)]"
5853 "[(8356, 3, 1640716)]"
4178 "[(8576, 2, 1642406), (8563, 0, 1700643), (8452, 0, 2078752), (8452, 0, 2078773), (8452, 0, 2078820)]"
425 "[(9096, 2, 1646178)]"
9116 "[(1471, 3, 1655342)]"
3833 "[(8292, 3, 1658182)]"
215 "[(9163, 2, 1667004)]"
9140 "[(4085, 3, 1672612), (3591, 2, 1727840), (2373, 2, 1788994), (2373, 2, 1789243), (437, 2, 1800234), (437, 2, 1800283), (1185, 3, 1826909), (1185, 3, 1826979), (1185, 3, 1832768), (2373, 2, 1874082), (437, 2, 1914706), (288, 2, 1933081), (68, 3, 1989106), (68, 3, 2057135), (935, 3, 2064234), (935, 3, 2064244)]"
6011 "[(8617, 2, 1679763)]"
9151 "[(5871, 3, 1682900), (68, 3, 1692971), (17, 0, 1696480), (3495, 3, 1713187), (233, 3, 1749962), (730, 0, 1771449), (730, 0, 1771467), (608, 0, 1868091), (2390, 0, 1872723), (233, 3, 1923830), (68, 3, 1988978), (3495, 3, 2074684), (3495, 3, 2076897)]"
1155 "[(8290, 3, 1708685)]"
9007 "[(480, 2, 1711419)]"
9165 "[(799, 3, 1716372), (659, 3, 1730960), (233, 3, 1748570), (233, 3, 1748686), (233, 3, 1750668), (799, 3, 1802494), (68, 3, 1988019)]"
1429 "[(8380, 0, 1728325)]"
1588 "[(8227, 2, 1757672)]"
6164 "[(8358, 2, 1763754)]"
3967 "[(8677, 0, 1763961)]"
6323 "[(8249, 2, 1769734)]"
5463 "[(8516, 0, 1798254)]"
4202 "[(8227, 2, 1805272)]"
6423 "[(8532, 0, 1811529)]"
6189 "[(9045, 3, 1818113)]"
8898 "[(233, 3, 1835158)]"
8707 "[(233, 3, 1836113)]"
6256 "[(8348, 0, 1842760), (8348, 0, 1873050)]"
8704 "[(4917, 3, 1854692)]"
2020 "[(8576, 2, 1869241)]"
8956 "[(482, 3, 1869412), (2348, 3, 1994349)]"
3161 "[(8250, 3, 1881982), (8250, 3, 1882089), (8250, 3, 1882147)]"
6170 "[(8402, 2, 1894915), (8402, 2, 1894980)]"
1567 "[(9166, 3, 1895947)]"
6155 "[(8998, 2, 1900023)]"
4296 "[(8251, 3, 1905003)]"
6564 "[(8639, 2, 1909782), (8639, 2, 1909888)]"
6658 "[(9185, 3, 1920086)]"
5702 "[(8774, 2, 1927444), (8774, 2, 1927565)]"
1598 "[(8227, 2, 1929263), (8227, 2, 1929477)]"
2687 "[(8594, 2, 1942426)]"
310 "[(8347, 3, 1943053)]"
3328 "[(8733, 2, 1946353), (8733, 2, 1947077)]"
9093 "[(509, 3, 1947941)]"
2485 "[(8402, 2, 1976550)]"
2074 "[(9133, 2, 1988518)]"
4436 "[(9168, 2, 1999046)]"
9187 "[(4085, 3, 2007004)]"
9190 "[(233, 3, 2015163)]"
5137 "[(9118, 3, 2028138)]"
8877 "[(4085, 3, 2033504)]"
1300 "[(8774, 2, 2040678)]"
5412 "[(8545, 2, 2048333)]"
8383 "[(835, 2, 2054338)]"
1076 "[(8463, 0, 2059546)]"
3720 "[(8598, 3, 2069116)]"
2169 "[(8540, 0, 2071512), (8540, 0, 2071576), (8540, 0, 2071670)]"
8933 "[(2495, 0, 2071973)]"
9125 "[(4085, 3, 2084187)]"
