17 "[(8243, 3, 1177), (8249, 2, 1451), (8284, 2, 5670), (8323, 2, 12817), (8402, 2, 30558), (8374, 2, 32797), (8318, 2, 37052), (8438, 3, 40111), (8446, 1, 41785), (8358, 2, 88465), (8401, 1, 97223), (8275, 2, 124186), (8637, 1, 127721), (8622, 2, 138587), (8411, 2, 148451), (8426, 1, 149743), (8411, 2, 150750), (8682, 2, 153558), (8401, 1, 158754), (8622, 2, 182370), (8411, 2, 186170), (8720, 3, 186869), (8243, 3, 205623), (8438, 3, 214194), (8754, 1, 237900), (8346, 2, 241163), (8411, 2, 250645), (8622, 2, 259231), (8446, 1, 263090), (8622, 2, 264623), (8722, 3, 270554), (8446, 1, 272005), (8466, 1, 272778), (8554, 3, 277089), (8446, 1, 281680), (8313, 2, 286459), (8411, 2, 302573), (8411, 2, 316136), (8622, 2, 327702), (8814, 2, 328209), (8331, 2, 331428), (8622, 2, 341903), (8572, 1, 343123), (8466, 1, 346591), (8411, 2, 347927), (8622, 2, 349161), (8622, 2, 349446), (8622, 2, 349463), (8384, 2, 355509), (8781, 3, 368350), (8284, 2, 369969), (8411, 2, 386921), (8671, 1, 394341), (8591, 3, 399642), (8314, 3, 409032), (8356, 3, 415752), (8482, 2, 417663), (8606, 1, 424239), (8243, 3, 430636), (8639, 2, 450448), (8234, 1, 463581), (8559, 3, 480020), (8896, 3, 483671), (8881, 3, 495688), (8356, 3, 502589), (8243, 3, 505770), (8883, 3, 512569), (8318, 2, 519929), (8273, 1, 539914), (8591, 3, 545464), (8873, 1, 574217), (8548, 3, 577042), (8813, 3, 586709), (8936, 2, 587862), (8936, 2, 589851), (8352, 3, 597249), (8936, 2, 597371), (8703, 2, 609019), (8390, 2, 624975), (8936, 2, 627789), (8728, 1, 632392), (8559, 3, 649672), (8639, 2, 650776), (8401, 1, 652500), (8887, 3, 657375), (8887, 3, 657593), (8554, 3, 675486), (8852, 2, 679787), (8339, 3, 684551), (8943, 2, 685350), (8263, 3, 688553), (8339, 3, 698451), (8248, 1, 705971), (8339, 3, 715913), (8936, 2, 728806), (8466, 1, 731575), (8339, 3, 737406), (8346, 2, 742683), (8267, 3, 755056), (8471, 1, 760066), (8736, 3, 764241), (8318, 2, 766357), (8421, 2, 780099), (8971, 3, 825994), (8243, 3, 873642), (8602, 2, 878497), (8339, 3, 879534), (8736, 3, 891314), (8588, 1, 912007), (8339, 3, 916514), (8852, 2, 926450), (8339, 3, 932185), (8554, 3, 935577), (8602, 2, 937114), (8446, 1, 938933), (8339, 3, 940838), (8243, 3, 944414), (8887, 3, 945200), (8828, 1, 949674), (8339, 3, 952992), (8339, 3, 986486), (8812, 3, 999102), (8339, 3, 1000228), (8260, 3, 1003483), (8659, 1, 1006365), (8339, 3, 1010178), (9054, 2, 1015091), (9054, 2, 1016013), (8719, 3, 1023542), (8545, 2, 1024462), (8812, 3, 1025418), (8602, 2, 1025459), (8347, 3, 1039949), (8358, 2, 1062475), (9054, 2, 1081021), (9054, 2, 1081992), (8288, 2, 1091842), (8339, 3, 1092220), (8876, 3, 1097091), (8339, 3, 1098852), (8425, 2, 1098961), (8766, 1, 1106252), (8556, 1, 1132898), (8446, 1, 1134208), (8263, 3, 1137392), (8371, 3, 1158969), (8852, 2, 1161250), (8268, 2, 1167999), (8537, 1, 1177025), (8545, 2, 1177348), (8950, 1, 1191265), (8876, 3, 1204189), (8279, 1, 1205398), (8358, 2, 1207695), (8257, 3, 1214745), (8601, 3, 1235203), (9086, 3, 1239819), (9086, 3, 1240203), (9086, 3, 1240486), (9086, 3, 1240628), (9086, 3, 1240676), (9086, 3, 1241046), (9086, 3, 1241074), (9078, 2, 1258061), (8358, 2, 1262198), (8318, 2, 1262916), (9045, 3, 1265413), (8558, 3, 1277732), (8639, 2, 1289579), (8243, 3, 1290879), (8580, 1, 1296993), (8243, 3, 1318486), (9096, 2, 1343767), (8284, 2, 1358485), (8828, 1, 1360669), (8778, 2, 1374825), (8446, 1, 1383723), (8466, 1, 1405141), (8466, 1, 1430587), (8308, 3, 1449232), (8368, 1, 1452262), (8682, 2, 1468658), (8457, 2, 1480405), (8374, 2, 1485436), (8828, 1, 1496494), (8438, 3, 1498908), (8645, 1, 1517697), (8368, 1, 1518085), (8766, 1, 1519870), (9078, 2, 1525352), (8545, 2, 1534863), (8602, 2, 1535197), (8545, 2, 1540077), (9069, 1, 1548501), (9071, 2, 1549220), (9071, 2, 1549349), (8682, 2, 1549470), (9071, 2, 1556188), (8682, 2, 1561457), (8547, 3, 1566855), (9069, 1, 1569102), (8602, 2, 1587987), (8421, 2, 1593742), (8368, 1, 1594989), (8686, 2, 1605856), (8594, 2, 1617883), (8682, 2, 1632837), (8682, 2, 1633970), (8243, 3, 1646341), (8575, 2, 1657356), (8766, 1, 1659342), (9069, 1, 1660299), (8249, 2, 1672796), (8575, 2, 1683372), (8572, 1, 1690349), (9151, 1, 1696480), (8351, 3, 1697586), (8736, 3, 1699817), (8272, 1, 1712476), (8682, 2, 1712999), (8575, 2, 1720005), (8446, 1, 1722039), (8384, 2, 1724016), (8734, 3, 1729681), (8686, 2, 1774007), (8486, 2, 1780722), (9166, 3, 1783816), (8687, 3, 1790433), (8650, 1, 1885433), (8402, 2, 1889772), (9163, 2, 1895544), (9080, 1, 1896045), (8686, 2, 1907631), (8639, 2, 1909783), (8374, 2, 1922905), (8636, 1, 1928055), (8594, 2, 1942183), (8273, 1, 1943699), (8626, 1, 1947064), (8591, 3, 1973951), (8971, 3, 1975738), (8474, 3, 1980603), (9166, 3, 1981308), (8446, 1, 1982818), (8682, 2, 1992928), (8812, 3, 2047889), (8812, 3, 2051599), (8754, 1, 2070976), (8260, 3, 2074765), (8639, 2, 2084161), (8636, 1, 2084782), (8636, 1, 2088543)]"
8285 "[(22, 3, 5721), (935, 3, 149949), (1065, 1, 167151), (1112, 1, 176418), (233, 3, 538301), (935, 3, 698754), (935, 3, 698973), (1065, 1, 797754), (935, 3, 1017802), (4085, 3, 1333248), (509, 3, 1349324), (935, 3, 1453263), (935, 3, 1453303), (4085, 3, 1470349), (742, 1, 1493964), (611, 1, 1636311), (1305, 2, 1778607), (695, 3, 1802765), (695, 3, 1802787), (695, 3, 1802812), (695, 3, 1806492), (935, 3, 1806923), (233, 3, 2015103)]"
8316 "[(103, 1, 11710)]"
8283 "[(116, 3, 14115), (116, 3, 14841), (116, 3, 16298), (145, 3, 17856), (145, 3, 17874), (145, 3, 18111), (145, 3, 18148), (145, 3, 18407), (163, 3, 20156), (116, 3, 86809), (73, 1, 118041), (68, 3, 254466), (163, 3, 424867), (163, 3, 424929), (116, 3, 429124), (2593, 3, 533519), (423, 3, 1336201), (509, 3, 1522238), (509, 3, 1522761), (509, 3, 1556156), (935, 3, 1878752)]"
8321 "[(67, 1, 14999), (233, 3, 280722), (233, 3, 616842), (67, 1, 756421), (233, 3, 1661009)]"
125 "[(8325, 3, 15797), (8591, 3, 96076), (8466, 1, 273306), (8622, 2, 355098), (8356, 3, 360329), (8627, 2, 450240), (8558, 3, 514057), (8593, 2, 531536), (8593, 2, 531915), (8602, 2, 612770), (8588, 1, 690275), (8339, 3, 789505), (8421, 2, 880957), (8374, 2, 881385), (8243, 3, 1121750), (8426, 1, 1276465), (8426, 1, 1276569), (8883, 3, 1276596), (8507, 1, 1481240), (8507, 1, 1481588), (8591, 3, 1744956), (8402, 2, 2001858), (8855, 1, 2002401)]"
8295 "[(67, 1, 15845), (336, 2, 46237), (611, 1, 291334), (2035, 2, 396677), (365, 1, 399107), (291, 3, 399376), (22, 3, 457512), (731, 2, 491639), (437, 2, 497178), (2756, 3, 580343), (2756, 3, 598003), (426, 2, 599956), (2035, 2, 650397), (2035, 2, 651109), (145, 3, 664143), (145, 3, 664227), (549, 2, 665321), (2573, 1, 692355), (3242, 3, 700214), (3242, 3, 700787), (145, 3, 749731), (145, 3, 750647), (67, 1, 756441), (3613, 3, 823406), (68, 3, 839437), (68, 3, 854162), (145, 3, 865859), (145, 3, 866070), (145, 3, 866111), (145, 3, 866378), (145, 3, 866450), (145, 3, 866498), (145, 3, 866702), (145, 3, 866848), (145, 3, 867165), (1389, 3, 877355), (3837, 2, 892200), (291, 3, 908807), (532, 2, 934096), (1485, 1, 935840), (1485, 1, 935869), (68, 3, 944604), (68, 3, 974058), (145, 3, 998838), (194, 1, 1007941), (194, 1, 1008045), (194, 1, 1016871), (194, 1, 1016914), (731, 2, 1054033), (22, 3, 1065041), (3605, 2, 1101608), (68, 3, 1117964), (291, 3, 1180025), (4769, 3, 1183589), (806, 2, 1204653), (1726, 1, 1292885), (697, 1, 1306335), (611, 1, 1312393), (611, 1, 1312506), (611, 1, 1312574), (285, 1, 1341126), (285, 1, 1341160), (285, 1, 1341179), (285, 1, 1341208), (285, 1, 1341287), (285, 1, 1346936), (285, 1, 1346992), (285, 1, 1347009), (285, 1, 1347069), (285, 1, 1347120), (285, 1, 1347216), (4390, 3, 1386335), (285, 1, 1436826), (68, 3, 1442294), (285, 1, 1452056), (233, 3, 1495083), (285, 1, 1500285), (4941, 3, 1510456), (4941, 3, 1510718), (5206, 2, 1582612), (5206, 2, 1582899), (285, 1, 1587800), (4085, 3, 1595378), (285, 1, 1605421), (285, 1, 1605473), (3049, 3, 1667106), (285, 1, 1675931), (2671, 1, 1691253), (145, 3, 1761098), (145, 3, 1814456), (1794, 2, 1873684), (3225, 2, 1943558), (3681, 1, 2054456), (145, 3, 2067140), (145, 3, 2067422), (145, 3, 2068507), (145, 3, 2068678), (145, 3, 2068734), (145, 3, 2068881), (145, 3, 2068975), (145, 3, 2069766)]"
8341 "[(22, 3, 16890), (532, 2, 400448), (2591, 1, 533032), (384, 3, 663389), (1775, 2, 669940), (3203, 2, 689018), (2137, 1, 948033), (2137, 1, 948079), (156, 2, 969577), (3716, 3, 999311), (2442, 3, 1031279), (2442, 3, 1031418), (4426, 3, 1069626), (611, 1, 1077038), (3716, 3, 1133457), (3004, 2, 1496703)]"
8348 "[(158, 1, 19122), (547, 2, 495189), (547, 2, 496715), (547, 2, 583992), (547, 2, 584148), (547, 2, 584636), (547, 2, 585058), (547, 2, 585513), (2138, 2, 755308), (68, 3, 939576), (68, 3, 1105468), (96, 2, 1742555), (96, 2, 1742604), (6256, 1, 1842760), (6256, 1, 1873050)]"
190 "[(8264, 2, 24014), (8411, 2, 89763), (8682, 2, 154205), (8473, 1, 194666), (8411, 2, 199359), (8411, 2, 250713), (8473, 1, 334218), (8411, 2, 336446), (8242, 2, 1217149)]"
8291 "[(233, 3, 33454), (940, 1, 147929), (1594, 2, 417767), (1726, 1, 751615), (233, 3, 2014165)]"
8419 "[(254, 1, 34442), (254, 1, 34566), (573, 3, 1179252), (4019, 3, 1322668), (4019, 3, 1322670), (5622, 1, 1496002), (611, 1, 1588048)]"
261 "[(8423, 2, 35682), (8423, 2, 68343), (8423, 2, 68376), (8593, 2, 685183), (8593, 2, 1208205), (8593, 2, 1208227), (8593, 2, 1208254), (8682, 2, 1643914)]"
8404 "[(73, 1, 37980), (40, 1, 85908), (356, 2, 870370), (1277, 2, 1105929), (1277, 2, 1105951)]"
8355 "[(254, 1, 40064), (254, 1, 41059), (437, 2, 61091), (437, 2, 61266), (437, 2, 156423), (611, 1, 201029), (611, 1, 346964), (611, 1, 350499), (437, 2, 517748), (437, 2, 682592), (2708, 2, 735957), (156, 2, 961100), (248, 2, 961187), (2230, 1, 1035919)]"
335 "[(8249, 2, 46153), (8242, 2, 47137), (8242, 2, 49991), (8249, 2, 105675), (8551, 1, 111278), (8242, 2, 166484), (8249, 2, 168097), (8551, 1, 248294), (8242, 2, 249400), (8249, 2, 300295), (8249, 2, 533573), (8242, 2, 603823), (8242, 2, 604049), (8242, 2, 697746), (8551, 1, 760970), (8242, 2, 761283), (8242, 2, 849200), (8249, 2, 904180), (8249, 2, 942509), (8551, 1, 942902), (8242, 2, 943138), (8249, 2, 1032710), (8551, 1, 1033235), (8242, 2, 1133274), (8242, 2, 1209100), (8242, 2, 1209167), (8551, 1, 1290412), (8242, 2, 1305132), (8249, 2, 1307487), (8551, 1, 1364964), (8242, 2, 1365704), (8249, 2, 1441994), (8551, 1, 1442356), (8242, 2, 1442759), (8249, 2, 1531622), (8551, 1, 1532036), (8242, 2, 1532238), (8476, 1, 1597230), (8242, 2, 1645407), (8551, 1, 1730431), (8242, 2, 1730554), (8242, 2, 1775133), (8242, 2, 1814910), (8242, 2, 1853978), (8249, 2, 1892122), (8476, 1, 1905731), (8551, 1, 1917628), (8242, 2, 1988132), (8551, 1, 1988154), (8476, 1, 2040786), (9086, 3, 2041817), (9086, 3, 2041851), (8551, 1, 2047862), (8242, 2, 2047904), (8551, 1, 2061399), (8264, 2, 2062358), (8390, 2, 2062676)]"
351 "[(8438, 3, 49009), (8339, 3, 722589)]"
369 "[(8252, 3, 51976)]"
8463 "[(378, 2, 53980), (378, 2, 176262), (378, 2, 234023), (145, 3, 271966), (233, 3, 367592), (378, 2, 430003), (291, 3, 471068), (443, 1, 575131), (1185, 3, 727485), (683, 2, 1224214), (683, 2, 1224363), (683, 2, 1260077), (2819, 1, 1803574), (1076, 1, 2059546)]"
8320 "[(22, 3, 57293), (22, 3, 57310), (421, 3, 59757), (421, 3, 59886), (421, 3, 59940), (421, 3, 60744), (421, 3, 60942), (421, 3, 61241), (399, 3, 61327), (399, 3, 62182), (399, 3, 62336), (399, 3, 62476), (399, 3, 62534), (399, 3, 62707), (399, 3, 63494), (399, 3, 63583), (399, 3, 63610), (399, 3, 63662), (421, 3, 67762), (421, 3, 72418), (421, 3, 72733), (421, 3, 78284), (421, 3, 102453), (68, 3, 149779), (1167, 2, 191581), (68, 3, 260728), (67, 1, 330046), (3014, 3, 639477), (3014, 3, 639768), (3014, 3, 639786), (3014, 3, 639819), (3985, 3, 940145)]"
435 "[(8450, 3, 61028)]"
8429 "[(467, 2, 63722), (467, 2, 63894), (1238, 1, 555549), (73, 1, 888111), (73, 1, 979535), (73, 1, 1166122), (233, 3, 1240447), (207, 1, 1314558)]"
476 "[(8249, 2, 65514), (8529, 2, 90728), (8249, 2, 146265), (8551, 1, 147178), (8551, 1, 147202), (8249, 2, 219052), (8249, 2, 231728), (8551, 1, 232535), (8551, 1, 232557), (8249, 2, 233381), (8551, 1, 253374), (8249, 2, 338910), (8249, 2, 338970), (8249, 2, 418603), (8249, 2, 418625), (8249, 2, 514300), (8249, 2, 592878), (8249, 2, 596559), (8249, 2, 679161), (8249, 2, 679192), (8249, 2, 750001), (8249, 2, 836783), (8249, 2, 1026584), (8249, 2, 1135058), (9069, 1, 1181053), (9069, 1, 1181097), (8249, 2, 1187403), (9086, 3, 1278683), (8249, 2, 1442480), (8551, 1, 1455021), (8551, 1, 1455047), (9071, 2, 1548900), (8249, 2, 1619192), (8292, 3, 1655253), (8292, 3, 1699720), (8358, 2, 1742421), (8249, 2, 2042807), (8249, 2, 2042838), (8249, 2, 2047529), (8249, 2, 2047552), (8249, 2, 2047681)]"
500 "[(8520, 1, 67124), (8339, 3, 805047), (9048, 1, 1014630), (9168, 2, 1961389), (8402, 2, 2067960)]"
8377 "[(501, 1, 67191), (501, 1, 67279), (501, 1, 67468), (501, 1, 445420), (501, 1, 445447), (698, 2, 445987), (698, 2, 446016), (501, 1, 446774), (501, 1, 446796), (2042, 3, 575424), (1506, 3, 1101464), (501, 1, 1401046), (501, 1, 1401216), (501, 1, 1401357), (2708, 2, 1418742), (2708, 2, 1419228)]"
506 "[(8531, 3, 69478), (8531, 3, 646744), (8670, 2, 817496), (8531, 3, 854864), (8670, 2, 857024), (8531, 3, 937125), (8670, 2, 937972), (8670, 2, 990955), (8670, 2, 993675), (8670, 2, 1077141), (8670, 2, 1077193), (8531, 3, 1172771), (8531, 3, 1172807), (8531, 3, 1172894), (8531, 3, 1247408), (8531, 3, 1419267), (8670, 2, 1697182)]"
8499 "[(532, 2, 70467)]"
8544 "[(541, 2, 71418), (541, 2, 71470), (541, 2, 71565), (541, 2, 71672), (356, 2, 1172592), (1314, 3, 1463915), (1314, 3, 1464023), (1314, 3, 1464265), (1314, 3, 1464317), (423, 3, 1464890), (1314, 3, 1464959), (1314, 3, 1465065), (1314, 3, 1465433), (1570, 2, 1532310)]"
404 "[(8423, 2, 72634), (8423, 2, 72665)]"
557 "[(8549, 3, 73102), (8549, 3, 73228), (8549, 3, 471510), (8257, 3, 471801), (8549, 3, 848075), (8549, 3, 848163), (8474, 3, 848207), (8549, 3, 848260), (8549, 3, 848764), (8549, 3, 849010), (8549, 3, 1548371)]"
8509 "[(67, 1, 73249), (233, 3, 116698), (2148, 2, 1030164)]"
8277 "[(579, 3, 75673), (579, 3, 425657), (579, 3, 425680), (2403, 1, 494104), (579, 3, 680056), (579, 3, 680112), (579, 3, 863056), (4354, 3, 1044496), (579, 3, 1211144), (579, 3, 1284119), (5855, 3, 1566419), (68, 3, 1716009), (579, 3, 1806227), (579, 3, 1806259), (579, 3, 2066305)]"
35 "[(8529, 2, 77886), (8529, 2, 77952), (8529, 2, 77988)]"
8563 "[(604, 1, 79111), (739, 2, 304405), (782, 1, 1190805), (835, 2, 1257928), (835, 2, 1257977), (835, 2, 1327937), (835, 2, 1327960), (423, 3, 1451840), (1726, 1, 1460361), (739, 2, 1673076), (1313, 1, 1690015), (1313, 1, 1694118), (1313, 1, 1694181), (3591, 2, 1700182), (3591, 2, 1700393), (3591, 2, 1700423), (4178, 1, 1700643), (739, 2, 1701967), (739, 2, 1705591), (739, 2, 1705719), (4697, 2, 1885506), (4697, 2, 1885567), (3591, 2, 1972637), (739, 2, 1978682), (739, 2, 2009923)]"
614 "[(8423, 2, 80647)]"
627 "[(8572, 1, 83039), (8257, 3, 115435), (8263, 3, 782971), (8873, 1, 1235392), (8781, 3, 1317864), (8446, 1, 1624705), (8889, 2, 1634357), (8384, 2, 1724958), (8781, 3, 1812844), (8781, 3, 1812961), (8249, 2, 1896374), (8682, 2, 1992071)]"
8229 "[(22, 3, 83957), (22, 3, 84050), (22, 3, 84093), (233, 3, 118968)]"
8246 "[(664, 2, 90555), (1247, 3, 214172), (1482, 2, 262189), (1482, 2, 262206), (1494, 3, 265859), (1397, 2, 432923), (156, 2, 465630), (2153, 2, 487364), (2153, 2, 597143), (502, 2, 614373), (68, 3, 673908), (1185, 3, 720972), (1931, 3, 800270), (3756, 1, 867722), (1571, 2, 1315020), (5622, 1, 1624345), (3756, 1, 1792252), (718, 2, 2091819)]"
671 "[(8444, 1, 91888), (8302, 3, 333471), (8835, 2, 431803), (8835, 2, 431831), (8302, 3, 647677), (8302, 3, 647682), (8807, 3, 724498), (8640, 1, 1299658), (8603, 2, 1889275), (8603, 2, 1889303), (8273, 1, 1923694)]"
682 "[(8414, 2, 93607), (8446, 1, 1566690)]"
8311 "[(630, 1, 100361), (630, 1, 575575), (630, 1, 606302), (630, 1, 787264), (5091, 3, 1886841), (68, 3, 2070883)]"
713 "[(8299, 2, 100746), (8260, 3, 276986), (8636, 1, 1419689), (8636, 1, 1419858), (8414, 2, 1687176)]"
80 "[(8591, 3, 106368), (8510, 3, 598534), (8510, 3, 874169), (8510, 3, 951060), (8356, 3, 1031666), (8356, 3, 1031742), (8529, 2, 1375479), (8591, 3, 1471808), (8356, 3, 1489200), (8356, 3, 1489235), (8510, 3, 1632250), (8510, 3, 1632445), (8510, 3, 1894439), (8510, 3, 1894966), (8510, 3, 1997999)]"
8612 "[(443, 1, 108828), (725, 1, 456143), (725, 1, 542322), (3694, 2, 848752), (4647, 3, 1149659), (4663, 3, 1158267), (4663, 3, 1158771), (350, 3, 1159257), (725, 1, 1233502), (68, 3, 1281570), (68, 3, 1283810), (291, 3, 1521904), (1556, 1, 1546298), (89, 3, 1702639), (744, 1, 1945274), (145, 3, 1966464), (145, 3, 1970348), (145, 3, 1970389)]"
8618 "[(659, 3, 114640), (103, 1, 558763), (611, 1, 896993), (1449, 1, 1367853), (5636, 2, 1473659), (2769, 2, 2083528)]"
8238 "[(233, 3, 115074), (1004, 1, 162038), (1726, 1, 754715), (1840, 1, 1387599)]"
792 "[(8622, 2, 116052)]"
8407 "[(73, 1, 117998)]"
8623 "[(285, 1, 122257), (285, 1, 122305), (285, 1, 122317), (1397, 2, 541185), (68, 3, 598812), (2216, 3, 643718), (68, 3, 666478), (165, 2, 676121), (165, 2, 676181), (165, 2, 676291), (165, 2, 676402), (165, 2, 676455), (749, 1, 697548), (285, 1, 738095), (1644, 1, 890721), (1644, 1, 891004), (2133, 2, 892226), (761, 2, 892704), (761, 2, 892718), (761, 2, 892741), (761, 2, 892756), (761, 2, 892770), (761, 2, 892787), (761, 2, 892816), (761, 2, 892837), (761, 2, 892852), (285, 1, 900889), (482, 3, 920727), (482, 3, 920756), (935, 3, 924740), (935, 3, 924782), (935, 3, 924807), (3928, 3, 927295), (233, 3, 975034), (718, 2, 1039337), (156, 2, 1055436), (844, 2, 1057352), (285, 1, 1075468), (285, 1, 1090025), (285, 1, 1090034), (1176, 1, 1105340), (285, 1, 1239994), (271, 2, 1275525), (749, 1, 1313130), (285, 1, 1352640), (482, 3, 1369635), (482, 3, 1369768), (482, 3, 1369917), (2216, 3, 1424193), (4887, 2, 1478887), (935, 3, 1534912), (482, 3, 1549867), (482, 3, 1549923), (844, 2, 1789200), (826, 1, 2078905)]"
8620 "[(68, 3, 126664), (233, 3, 281828), (156, 2, 806596), (156, 2, 809135), (156, 2, 809192), (156, 2, 809297), (611, 1, 810574), (611, 1, 810774)]"
8467 "[(371, 3, 133790), (63, 3, 290559), (935, 3, 856863), (935, 3, 856878), (935, 3, 856912), (935, 3, 856923), (1164, 3, 1227217), (163, 3, 1376802), (163, 3, 1376844), (935, 3, 1452391), (762, 3, 1577090), (477, 3, 1590777), (1449, 1, 1966363)]"
552 "[(8242, 2, 135057), (8639, 2, 269144), (8622, 2, 303999), (8247, 3, 324234), (8247, 3, 324290), (8588, 1, 346614), (8639, 2, 423859), (8639, 2, 471418), (8682, 2, 608301), (8639, 2, 701858), (8339, 3, 744065), (8639, 2, 772887), (8887, 3, 986782), (9048, 1, 1029846), (9048, 1, 1029912), (9048, 1, 1029983), (8639, 2, 1208520), (8639, 2, 1246255), (8639, 2, 1246269), (8639, 2, 1431083), (8639, 2, 1624186), (8252, 3, 1682770), (8252, 3, 1682825), (8252, 3, 1683007), (8325, 3, 1800382), (8551, 1, 1806315), (8260, 3, 1908310), (8260, 3, 1908351), (8545, 2, 2032607)]"
8412 "[(790, 1, 140954), (924, 1, 145994), (924, 1, 153805), (790, 1, 154571), (790, 1, 154609), (1022, 1, 160380), (1022, 1, 161181), (1022, 1, 161220), (1022, 1, 161415), (233, 3, 280742), (2078, 2, 407108), (2078, 2, 407163), (2078, 2, 423176)]"
898 "[(8243, 3, 141013), (8471, 1, 718105), (8736, 3, 1924527), (8736, 3, 1925103), (8434, 2, 1940696)]"
8643 "[(67, 1, 141988), (1102, 1, 234394), (913, 1, 297703), (68, 3, 342986), (68, 3, 428333), (233, 3, 453889), (233, 3, 540349), (233, 3, 624631), (40, 1, 716480), (233, 3, 808735)]"
912 "[(8666, 1, 143668), (8411, 2, 148365), (8572, 1, 328826), (8633, 2, 503411), (8243, 3, 503804), (8249, 2, 514092), (8970, 1, 680058), (8593, 2, 684482), (8950, 1, 783701), (8950, 1, 863147), (8387, 1, 1050978), (8250, 3, 1390323), (8734, 3, 1396241), (8411, 2, 1440611), (8411, 2, 1440735), (8411, 2, 1485956), (9102, 3, 1486656), (8687, 3, 1566872), (9145, 1, 1567716), (9142, 2, 1613632), (8250, 3, 1649995), (8384, 2, 1811225), (8384, 2, 1811271), (8794, 3, 1914566), (8928, 2, 1919771), (8588, 1, 1957911)]"
8380 "[(45, 2, 146880), (2168, 3, 581341), (2168, 3, 651822), (103, 1, 919476), (73, 1, 979366), (2087, 3, 1627979), (471, 3, 1645340), (471, 3, 1645420), (471, 3, 1645507), (1429, 1, 1728325)]"
8676 "[(983, 3, 153874), (2153, 2, 423569), (691, 1, 1281909), (2708, 2, 1289623), (3663, 1, 1294512), (3663, 1, 1294565), (3663, 1, 1294607), (1376, 3, 1294675), (1376, 3, 1294823), (22, 3, 1304522), (598, 2, 1309436), (1376, 3, 1377171), (887, 1, 1434117), (1376, 3, 1458522), (2374, 3, 1478678), (3663, 1, 1640609), (2078, 2, 1641575), (4085, 3, 1671160), (384, 3, 1721872)]"
8461 "[(1003, 1, 157184), (1003, 1, 157354), (532, 2, 492371), (303, 1, 595377), (5, 2, 781794), (233, 3, 808669), (3921, 3, 1302158), (89, 3, 1624150), (3764, 2, 1781414)]"
8577 "[(799, 3, 160794), (447, 3, 184204), (3921, 3, 925130), (1314, 3, 1126530), (285, 1, 1165764), (145, 3, 1173429), (3302, 2, 1173432), (3302, 2, 1173484), (3302, 2, 1173500), (3302, 2, 1173519), (3302, 2, 1173553), (3302, 2, 1174081), (3302, 2, 1174119), (3302, 2, 1174624), (285, 1, 1174659), (3302, 2, 1174714), (285, 1, 1174790), (291, 3, 1175547), (181, 2, 1177257), (285, 1, 1177719), (4140, 2, 1178031), (2441, 2, 1179393), (285, 1, 1194457), (4057, 3, 1204336), (467, 2, 1216032), (22, 3, 1217801), (1270, 1, 1278985), (145, 3, 1339786), (145, 3, 1339860), (145, 3, 1339951), (145, 3, 1340021), (145, 3, 1340297), (145, 3, 1346022), (5215, 3, 1419555), (5215, 3, 1419651), (514, 2, 1453460), (156, 2, 1557417), (2087, 3, 1629215), (1405, 2, 1744898), (285, 1, 1776551), (4665, 2, 1804635), (5215, 3, 1930949), (5215, 3, 1931015), (549, 2, 2084773), (549, 2, 2084827), (549, 2, 2084919), (549, 2, 2084979), (549, 2, 2090226)]"
1033 "[(8683, 3, 161370), (8683, 3, 1435707), (8683, 3, 1620615), (8683, 3, 1625630), (8683, 3, 1704991), (8683, 3, 1705222)]"
1013 "[(8695, 1, 163021), (8722, 3, 262118), (8622, 2, 262511), (8446, 1, 263146), (8446, 1, 263933), (8637, 1, 265592), (8734, 3, 265872), (8855, 1, 510702), (8602, 2, 937349), (8602, 2, 938087), (8602, 2, 938261), (8545, 2, 1024873), (9069, 1, 1280777), (9069, 1, 1282468), (8442, 3, 1883865), (8402, 2, 1886818), (9166, 3, 1888405)]"
1046 "[(8249, 2, 164032), (8249, 2, 168143), (8249, 2, 169099), (8249, 2, 169431), (8249, 2, 169485), (8249, 2, 169511), (8249, 2, 169515), (8249, 2, 169562), (8249, 2, 169656), (8249, 2, 169680), (8249, 2, 169739), (8249, 2, 169894), (8249, 2, 169933), (8752, 2, 630076), (8245, 3, 903234), (8387, 1, 952812), (8387, 1, 952902), (8590, 3, 1110027), (9069, 1, 1213700), (9069, 1, 1233281), (8411, 2, 1249019), (8575, 2, 1332078), (8260, 3, 1340143), (8260, 3, 1340211), (8260, 3, 1340239), (8260, 3, 1340299), (8683, 3, 1340483), (8535, 3, 1546485), (9071, 2, 1553458), (8471, 1, 2065554), (8551, 1, 2066524), (8551, 1, 2067553), (8551, 1, 2067559), (8249, 2, 2072019)]"
8583 "[(96, 2, 165359), (68, 3, 166563), (1479, 1, 261981), (1479, 1, 261998), (611, 1, 290429), (1277, 2, 374929), (1277, 2, 374953), (356, 2, 999954), (398, 2, 1028646)]"
8611 "[(1058, 1, 165779), (156, 2, 236748), (156, 2, 236863), (349, 1, 237033), (233, 3, 281729), (40, 1, 340343), (40, 1, 340862), (233, 3, 542268), (611, 1, 896002), (703, 2, 945610), (703, 2, 945702), (703, 2, 945759), (4085, 3, 1239186), (233, 3, 1496216), (367, 2, 1854310)]"
1070 "[(8411, 2, 167811)]"
8516 "[(654, 1, 172785), (654, 1, 258097), (654, 1, 348730), (233, 3, 1410815), (5463, 1, 1798254)]"
8357 "[(378, 2, 176586), (423, 3, 1035677), (3453, 3, 1230386), (3453, 3, 1230455), (3453, 3, 1271881), (3453, 3, 1271928), (3453, 3, 1282535), (3453, 3, 1282566), (775, 2, 1302970), (68, 3, 1533947), (3453, 3, 1601393), (3453, 3, 1601495), (651, 2, 1749403), (651, 2, 1749482), (651, 2, 1749815), (651, 2, 1749837), (651, 2, 1749964), (651, 2, 1750080), (651, 2, 1750305), (651, 2, 1750395), (651, 2, 1768353)]"
8462 "[(512, 3, 177029), (1137, 1, 185148), (2522, 3, 519082), (2573, 1, 529669), (2573, 1, 692442), (2573, 1, 692474), (73, 1, 823861), (3049, 3, 1667332), (3049, 3, 1959466)]"
1118 "[(8243, 3, 178553)]"
730 "[(8374, 2, 180391), (8374, 2, 180409), (8358, 2, 1518085), (8358, 2, 1518103), (9079, 3, 1597974), (9079, 3, 1597992), (9151, 1, 1771449), (9151, 1, 1771467), (8384, 2, 1886105), (8384, 2, 1886126), (8650, 1, 1887016), (8650, 1, 1887036)]"
1134 "[(8260, 3, 183174)]"
140 "[(8276, 3, 184565)]"
1140 "[(8249, 2, 185796), (8411, 2, 976254), (8411, 2, 1023397)]"
8301 "[(68, 3, 189156), (233, 3, 373731), (68, 3, 453590), (68, 3, 580792), (2522, 3, 601576), (537, 1, 660046), (68, 3, 673673), (1793, 3, 681308), (2522, 3, 686092), (509, 3, 1165076), (4941, 3, 1225897), (4941, 3, 1226061), (4941, 3, 1226370), (1970, 1, 1324328), (5880, 1, 1573095), (782, 1, 1573425)]"
8312 "[(744, 1, 190212), (1423, 3, 248825), (383, 3, 439465), (303, 1, 917154), (233, 3, 974931), (68, 3, 1625436), (68, 3, 1630263)]"
433 "[(8416, 2, 195491)]"
8282 "[(775, 2, 201107), (775, 2, 202697), (1427, 1, 249144), (235, 2, 286661), (443, 1, 331737), (3194, 2, 687566), (2441, 2, 700024), (2591, 1, 757893), (2591, 1, 809147), (3194, 2, 821362), (443, 1, 876673), (3697, 3, 967786), (4494, 1, 1097750), (3194, 2, 1604414), (782, 1, 1619331), (5731, 3, 1940037), (443, 1, 1985424), (598, 2, 2077320), (3194, 2, 2083330)]"
8615 "[(248, 2, 205677), (248, 2, 339119), (68, 3, 1792352)]"
961 "[(8579, 3, 207620)]"
608 "[(8269, 3, 210111), (8596, 1, 269747), (8596, 1, 269761), (8596, 1, 269774), (8248, 1, 386632), (8835, 2, 513380), (8424, 1, 521008), (8602, 2, 525002), (8578, 1, 585279), (8578, 1, 656739), (8346, 2, 746290), (8965, 1, 772541), (8755, 2, 1036712), (8300, 1, 1079757), (8300, 1, 1079813), (8356, 3, 1201065), (8480, 2, 1201105), (8356, 3, 1201337), (8480, 2, 1201352), (9053, 1, 1204693), (9053, 1, 1204769), (9053, 1, 1204783), (9053, 1, 1204797), (9053, 1, 1204872), (9053, 1, 1204887), (9053, 1, 1204961), (9053, 1, 1205036), (9053, 1, 1205052), (8273, 1, 1231942), (8989, 3, 1375008), (8989, 3, 1375021), (8420, 1, 1384584), (8968, 1, 1386548), (8300, 1, 1457586), (8999, 3, 1527196), (8927, 1, 1647574), (8927, 1, 1647648), (8875, 3, 1793723), (8273, 1, 1796135), (9053, 1, 1817297), (9151, 1, 1868091), (8973, 3, 1909523), (8875, 3, 1944390), (8927, 1, 1989141), (9176, 3, 1989363), (9129, 3, 1989389), (8607, 3, 2024515), (9129, 3, 2031358), (9129, 3, 2031372), (9176, 3, 2031386), (9176, 3, 2031401), (9129, 3, 2039182), (8484, 1, 2066026)]"
8582 "[(1239, 1, 213075), (2526, 3, 520495), (2526, 3, 520738), (2526, 3, 520849), (2571, 3, 678034), (2571, 3, 678521), (2571, 3, 679772), (983, 3, 686674), (2571, 3, 874820), (2216, 3, 1210049), (437, 2, 1362433)]"
8741 "[(1266, 1, 217766), (3039, 2, 645414), (4085, 3, 1573254), (443, 1, 1873791), (443, 1, 1986421)]"
8541 "[(68, 3, 219158), (248, 2, 451079), (248, 2, 451179), (1397, 2, 498236), (1397, 2, 498437), (3856, 1, 900033), (68, 3, 1229371)]"
1276 "[(8466, 1, 219264), (8684, 1, 587852), (8684, 1, 587946), (8548, 3, 661020), (8766, 1, 1106338), (8594, 2, 1270182), (8594, 2, 1270337), (9072, 2, 1348615), (8828, 1, 1426395), (8828, 1, 1426622), (9163, 2, 1712812), (9163, 2, 1712977), (9163, 2, 1713105), (9163, 2, 1713229)]"
8592 "[(356, 2, 222227), (68, 3, 392710), (233, 3, 454655), (6654, 2, 1917715), (6654, 2, 1917718), (6654, 2, 1917795)]"
1294 "[(8411, 2, 223645), (8411, 2, 694969), (8411, 2, 1444659), (8529, 2, 1911009)]"
8469 "[(1306, 2, 227348), (1765, 3, 330438), (233, 3, 461136), (1306, 2, 666275), (423, 3, 1023480), (2246, 2, 1789927), (2246, 2, 1789929), (68, 3, 2012472)]"
8298 "[(207, 1, 228749), (3716, 3, 853943), (2230, 1, 1572347), (233, 3, 1749647)]"
1319 "[(8604, 3, 229973), (8604, 3, 311996), (8604, 3, 312120)]"
8514 "[(1320, 1, 230569), (1320, 1, 309497), (1320, 1, 309689), (1320, 1, 310326), (40, 1, 372218), (233, 3, 461037), (22, 3, 516208), (659, 3, 525354), (3734, 2, 1628356), (303, 1, 1971049)]"
8278 "[(537, 1, 230884), (71, 2, 253000), (1376, 3, 678787), (1376, 3, 678804), (1376, 3, 679777), (1376, 3, 679842), (71, 2, 936335), (1320, 1, 997936), (1376, 3, 1039893), (1376, 3, 1040889), (1376, 3, 1040904), (233, 3, 1060973), (1552, 2, 1063541), (1376, 3, 1097724), (1376, 3, 1097798), (1376, 3, 1999174)]"
8638 "[(1325, 1, 231984)]"
1344 "[(8367, 3, 237408), (8367, 3, 1563766)]"
8262 "[(1389, 3, 243276), (1389, 3, 243298), (935, 3, 335947), (935, 3, 336075), (935, 3, 336119), (68, 3, 337326), (233, 3, 539385), (367, 2, 1705569)]"
8749 "[(68, 3, 243571), (68, 3, 246790), (2085, 2, 408920), (2176, 1, 427876), (402, 2, 785920), (2659, 1, 1079790), (1277, 2, 2043383), (1277, 2, 2043446), (1277, 2, 2043487)]"
8343 "[(156, 2, 247291), (1420, 1, 248094), (22, 3, 442228), (1929, 1, 449525), (2230, 1, 530874), (2339, 2, 569544), (233, 3, 625869), (2230, 1, 709316), (2230, 1, 715070), (1449, 1, 857474), (1856, 3, 924717), (331, 3, 1017658), (870, 3, 1033103), (870, 3, 1033261), (2137, 1, 1044663), (611, 1, 1049418), (22, 3, 1050151), (68, 3, 1096687), (233, 3, 1152511), (5622, 1, 1659700), (611, 1, 1731514), (156, 2, 1840813), (2339, 2, 2057933)]"
8332 "[(68, 3, 250300), (68, 3, 627339), (68, 3, 650181), (983, 3, 887074), (537, 1, 896635)]"
167 "[(8722, 3, 257299), (8734, 3, 257410), (8401, 1, 258402), (8401, 1, 258919), (8293, 1, 319472), (8314, 3, 494801), (8264, 2, 562251), (8812, 3, 999206), (8276, 3, 1173719), (8446, 1, 1177281), (8446, 1, 1177283), (8588, 1, 1184585), (8648, 1, 1266764), (8648, 1, 1266808), (8648, 1, 1266809), (8591, 3, 1267714), (8571, 3, 1392983), (8243, 3, 1469597), (8883, 3, 1786643), (9166, 3, 1810192), (8636, 1, 2088694), (8636, 1, 2088719), (8636, 1, 2088720)]"
8540 "[(996, 2, 262235), (68, 3, 264033), (303, 1, 830594), (303, 1, 917097), (303, 1, 939914), (303, 1, 1025467), (233, 3, 1058753), (2186, 1, 1417680), (702, 2, 1453373), (187, 2, 1539166), (2169, 1, 2071512), (2169, 1, 2071576), (2169, 1, 2071670)]"
1505 "[(8315, 1, 268003), (8306, 2, 777935), (8340, 1, 871973), (8236, 1, 879669), (8700, 1, 880754)]"
8403 "[(68, 3, 268039)]"
1536 "[(8545, 2, 274331)]"
8585 "[(596, 1, 279598), (104, 2, 1070408), (233, 3, 1232834)]"
1561 "[(8579, 3, 282075), (8387, 1, 291435), (8645, 1, 295237)]"
8785 "[(400, 1, 283071), (400, 1, 316596), (400, 1, 316621), (400, 1, 317224), (400, 1, 317453), (400, 1, 317604), (400, 1, 317719), (400, 1, 317768), (400, 1, 317875), (400, 1, 323199), (400, 1, 323238), (400, 1, 323254), (400, 1, 334992), (400, 1, 366562), (400, 1, 453562), (400, 1, 536046), (400, 1, 854319), (400, 1, 856564), (400, 1, 857331), (400, 1, 858726), (400, 1, 859400), (400, 1, 860549), (400, 1, 883103), (400, 1, 920809), (400, 1, 921203), (400, 1, 924651), (1856, 3, 1284449), (400, 1, 1426013), (400, 1, 1426038), (400, 1, 1426053), (400, 1, 1426603), (400, 1, 1426755), (400, 1, 1426799), (400, 1, 1444351), (400, 1, 1451583), (400, 1, 1526706), (1449, 1, 1658146), (1813, 3, 2060539)]"
8458 "[(630, 1, 284717), (630, 1, 285126), (630, 1, 287778), (233, 3, 365139), (1306, 2, 393127), (5000, 1, 1273180), (4085, 3, 1320989), (630, 1, 1372489), (3484, 3, 1979855)]"
8453 "[(233, 3, 285212), (1864, 1, 347108), (1864, 1, 347547), (233, 3, 370533), (477, 3, 932942), (477, 3, 932966), (233, 3, 1234718), (68, 3, 1311232), (1933, 3, 2046530)]"
8654 "[(233, 3, 286488), (233, 3, 453034), (423, 3, 529248)]"
8699 "[(940, 1, 297452), (5193, 1, 1317143), (5193, 1, 1317232), (4515, 3, 1537963), (456, 3, 1550190), (68, 3, 1552348), (86, 2, 1984054)]"
8644 "[(509, 3, 302332), (84, 2, 365010), (2114, 3, 414565), (2179, 1, 429179), (84, 2, 451149), (233, 3, 717760), (2678, 2, 1155035), (284, 3, 1200394), (532, 2, 1279910), (532, 2, 1359842), (509, 3, 1515588), (5206, 2, 1584124), (4085, 3, 1595362), (4515, 3, 1681442), (68, 3, 1750109), (233, 3, 1837020)]"
8806 "[(509, 3, 305774), (423, 3, 1045278), (761, 2, 1051466), (68, 3, 1061481), (318, 3, 1066040), (318, 3, 1066587), (318, 3, 1066954), (4339, 3, 1083133), (4468, 2, 1088661), (588, 3, 1109348), (3681, 1, 1117368), (4019, 3, 1127509), (4019, 3, 1127518), (499, 3, 1135295), (3495, 3, 1137339), (1385, 2, 1140645), (233, 3, 1152508), (423, 3, 1179668), (4019, 3, 1207657), (3495, 3, 1213259), (4019, 3, 1217731), (40, 1, 1236055), (5138, 2, 1293961), (3004, 2, 1321837), (3004, 2, 1321866), (71, 2, 1482720), (71, 2, 1482789), (71, 2, 1533530), (233, 3, 1579450), (2230, 1, 1627568), (3004, 2, 1750935), (5622, 1, 1926095), (695, 3, 2073606)]"
1646 "[(8372, 2, 307211)]"
1663 "[(8609, 1, 311735), (8625, 1, 1094596), (8367, 3, 1181382), (8591, 3, 1969487), (8591, 3, 1970540), (8591, 3, 1974416), (8754, 1, 2071415), (8602, 2, 2072309)]"
1237 "[(8593, 2, 317865)]"
1710 "[(8549, 3, 320639), (8549, 3, 673753), (8549, 3, 848554), (8549, 3, 856121), (8549, 3, 1132420), (8549, 3, 1205249), (8549, 3, 1225299), (8549, 3, 1482475)]"
1721 "[(8549, 3, 323590), (8694, 3, 1476810)]"
1670 "[(8470, 1, 324494), (8755, 2, 380054), (8373, 2, 712278), (8445, 1, 896050), (8413, 2, 1333159), (8973, 3, 1354031), (8578, 1, 1364670), (8413, 2, 1408145), (8548, 3, 1611550)]"
1321 "[(8733, 2, 325320)]"
8777 "[(1184, 1, 329229), (1184, 1, 329613), (1184, 1, 329816), (1184, 1, 329965), (1184, 1, 330035), (1184, 1, 330212), (246, 3, 468238), (920, 1, 575322), (611, 1, 636332), (423, 3, 1305379), (423, 3, 1369057)]"
1761 "[(8572, 1, 329551), (9069, 1, 1169751), (9069, 1, 1170051)]"
1778 "[(8687, 3, 332670), (8835, 2, 426212), (8423, 2, 472495), (8423, 2, 499936), (8257, 3, 550758), (8754, 1, 567141), (8645, 1, 570892), (8873, 1, 591920), (8507, 1, 669600), (8492, 3, 684223), (8573, 1, 786940), (9010, 2, 800296), (8835, 2, 900927), (8772, 2, 959392), (8234, 1, 978997), (8971, 3, 1013612), (8781, 3, 1066411), (8490, 1, 1140559), (8260, 3, 1266731), (8350, 2, 1719408), (8827, 1, 1781063), (8645, 1, 1792075), (8784, 3, 1857264), (8308, 3, 2062639)]"
54 "[(8252, 3, 332676), (8252, 3, 332802), (8252, 3, 1132225), (8252, 3, 1300367), (8252, 3, 1891095)]"
1792 "[(8622, 2, 334265), (9166, 3, 2068857), (8347, 3, 2070774)]"
1799 "[(8479, 3, 335108)]"
1492 "[(8572, 1, 337517), (8593, 2, 341051), (8572, 1, 341507), (8747, 1, 513740), (8482, 2, 834435), (8625, 1, 1214664), (8572, 1, 1473336), (8572, 1, 1872852), (8572, 1, 1874288)]"
1820 "[(8733, 2, 338051), (8245, 3, 1728127)]"
387 "[(8310, 2, 340954), (8310, 2, 599493), (8414, 2, 972508), (8550, 2, 1143616), (8414, 2, 1143840)]"
8584 "[(1270, 1, 341798)]"
8838 "[(1844, 2, 342578), (2087, 3, 1701477)]"
8841 "[(532, 2, 345482), (532, 2, 1091466), (22, 3, 1905193), (4494, 1, 1941791), (68, 3, 1990211), (611, 1, 2001216)]"
535 "[(8284, 2, 347007), (8284, 2, 347211), (8284, 2, 347265), (8284, 2, 347512), (8284, 2, 347691), (8284, 2, 347733), (8284, 2, 1549807), (8284, 2, 1890244), (8284, 2, 1890626), (8284, 2, 1894944)]"
1869 "[(8284, 2, 349381), (8284, 2, 352419), (8284, 2, 352473), (8284, 2, 352558)]"
8595 "[(1004, 1, 354369)]"
1894 "[(8391, 1, 355882), (8391, 1, 356049), (8639, 2, 446715), (8639, 2, 687494), (8639, 2, 689603), (8639, 2, 890903), (8639, 2, 1036414)]"
8710 "[(1903, 1, 357226), (1903, 1, 751738)]"
1912 "[(8249, 2, 358270), (8547, 3, 692123), (8547, 3, 931520), (8547, 3, 940975), (8249, 2, 968795), (8249, 2, 1270459), (8249, 2, 1650953), (8249, 2, 1661956), (8249, 2, 1701657), (8249, 2, 1914154)]"
8849 "[(1157, 2, 359289), (145, 3, 490506), (145, 3, 490879), (145, 3, 1072507), (145, 3, 1072636), (145, 3, 1072670), (145, 3, 1072943), (145, 3, 1091544), (145, 3, 1091953), (145, 3, 1091971), (145, 3, 1092115), (782, 1, 1176056), (4776, 1, 1185422), (725, 1, 1234572), (4027, 2, 1293542), (40, 1, 1324236), (549, 2, 1384974), (161, 3, 1427551), (161, 3, 1430732), (221, 3, 1472744), (5633, 3, 1472929), (5633, 3, 1474009), (5633, 3, 1474062), (221, 3, 1494551), (5633, 3, 1495706), (5633, 3, 1495767), (5633, 3, 1496289), (5633, 3, 1496411), (5633, 3, 1496482), (161, 3, 1518411), (161, 3, 1518632), (161, 3, 1546576), (161, 3, 1569309), (161, 3, 1569716), (161, 3, 1569921), (221, 3, 1663884), (221, 3, 1750685), (2429, 1, 1928589), (3649, 3, 1953177), (3649, 3, 1953222), (3649, 3, 1953783), (3649, 3, 1953970), (3649, 3, 1954024), (3649, 3, 1954242), (3649, 3, 1957136), (4534, 3, 2049076), (2933, 3, 2061114), (4534, 3, 2072692), (2429, 1, 2080787), (2429, 1, 2080823)]"
8483 "[(233, 3, 364770), (233, 3, 451871), (233, 3, 971880), (40, 1, 1029149), (248, 2, 1043613), (248, 2, 1061256), (303, 1, 1257216), (233, 3, 1319361)]"
8333 "[(744, 1, 365842), (4000, 1, 943991), (67, 1, 1610701), (954, 2, 2076268)]"
8376 "[(156, 2, 366555), (1795, 2, 1368539), (1795, 2, 1369752)]"
8468 "[(233, 3, 368651), (2200, 2, 433639), (68, 3, 578617)]"
8491 "[(233, 3, 370050), (22, 3, 1371895), (22, 3, 1927021)]"
198 "[(8734, 3, 373159), (8734, 3, 373174)]"
1946 "[(8371, 3, 373936)]"
8565 "[(1950, 2, 375013), (1552, 2, 449674), (1552, 2, 449953), (1884, 1, 759947), (826, 1, 1032927), (1726, 1, 1041497)]"
1210 "[(8242, 2, 376811)]"
1958 "[(8719, 3, 378266), (8267, 3, 1292594)]"
1962 "[(8390, 2, 378709)]"
8370 "[(1972, 1, 381107), (22, 3, 431640), (22, 3, 442916), (22, 3, 443301), (695, 3, 532016), (69, 1, 534428), (1970, 1, 710208), (3922, 1, 926084), (3379, 1, 1021557), (3379, 1, 1021669), (3379, 1, 1026395), (3379, 1, 1026651), (3379, 1, 1026998), (3379, 1, 1027052), (22, 3, 1040254), (22, 3, 1040542), (22, 3, 1040793), (22, 3, 1040841), (69, 1, 1092642), (69, 1, 1096527), (423, 3, 1097240), (68, 3, 1099348), (69, 1, 1110633), (22, 3, 1117583), (156, 2, 1138690), (68, 3, 1181851), (1905, 1, 1203471), (4879, 2, 1206195), (4879, 2, 1211811), (4879, 2, 1212386), (233, 3, 1315903), (69, 1, 1451952), (728, 2, 1547400), (3379, 1, 1569769), (3379, 1, 1569857), (1187, 2, 1670502), (1187, 2, 1670521), (1187, 2, 1670625), (1187, 2, 1673761), (1187, 2, 1674128), (1187, 2, 1674147), (1187, 2, 1674194), (1187, 2, 1681880), (68, 3, 1757340), (1972, 1, 2018254)]"
8589 "[(68, 3, 387912), (4109, 3, 994863), (4085, 3, 1585291), (1148, 2, 1624762)]"
8801 "[(68, 3, 388622), (2105, 3, 412537), (2198, 3, 433286), (2198, 3, 433352), (2198, 3, 433379), (2198, 3, 456392), (731, 2, 671409), (611, 1, 986435), (22, 3, 997695), (611, 1, 1068280), (2708, 2, 1363307), (22, 3, 1363407), (1647, 2, 1598178), (1647, 2, 1598419), (233, 3, 1662708), (3512, 2, 1901915), (22, 3, 1908349), (233, 3, 2013889), (628, 3, 2060440), (3512, 2, 2061649), (1538, 3, 2086665), (2769, 2, 2090971)]"
2005 "[(8622, 2, 391094), (8622, 2, 499902)]"
2039 "[(8855, 1, 403151)]"
2069 "[(8471, 1, 405119), (8346, 2, 483887), (8346, 2, 483964), (8264, 2, 540254), (8264, 2, 540343), (9019, 1, 1313484), (9019, 1, 1313505), (8476, 1, 1520628), (8645, 1, 1521540), (8645, 1, 1521894), (8390, 2, 1806521)]"
8505 "[(734, 3, 406992), (233, 3, 461523), (734, 3, 1187601), (983, 3, 1305092), (1970, 1, 1367541), (734, 3, 1878449)]"
1625 "[(8249, 2, 408363)]"
2093 "[(8872, 3, 410307), (8722, 3, 496826), (8711, 2, 771881), (8339, 3, 927790), (8442, 3, 928028), (8588, 1, 928751), (9054, 2, 1015117), (8241, 3, 1187237)]"
2110 "[(8732, 1, 413481), (8732, 1, 596398), (8732, 1, 598471), (8890, 1, 610469), (8732, 1, 671630), (8602, 2, 699649), (8602, 2, 938457), (8347, 3, 1040572), (8339, 3, 1104597), (8415, 2, 1294664), (8602, 2, 1564099)]"
2127 "[(8446, 1, 416398)]"
2135 "[(8257, 3, 417904)]"
148 "[(8871, 3, 418079), (8314, 3, 485950), (8883, 3, 493258)]"
2141 "[(8551, 1, 419712), (8551, 1, 419774), (8551, 1, 419811), (8235, 1, 573160), (8304, 3, 1258695), (8304, 3, 1258807), (8836, 3, 1649268), (8836, 3, 1649308)]"
2146 "[(8358, 2, 421244), (8358, 2, 421262), (8414, 2, 867072), (8477, 2, 1021590), (8414, 2, 1138030), (9069, 1, 1185913), (8477, 2, 1186309), (8411, 2, 1638145), (8411, 2, 1638322)]"
8837 "[(611, 1, 423710), (68, 3, 797140), (3694, 2, 1721179), (233, 3, 1750485), (954, 2, 2075188)]"
2098 "[(8318, 2, 425498), (8411, 2, 713107), (8411, 2, 713126), (8411, 2, 852921), (8411, 2, 1178772)]"
2178 "[(8633, 2, 428720)]"
2196 "[(8591, 3, 434348), (8614, 2, 655072), (9048, 1, 1009045), (8339, 3, 1010081), (8432, 1, 1090241), (8791, 3, 1116683), (8791, 3, 1116724), (8260, 3, 1116744), (8791, 3, 1116791), (8824, 1, 1213962), (8300, 1, 1224923), (8261, 2, 1554290), (9129, 3, 1651288), (8446, 1, 1989748), (8506, 1, 1990807), (8506, 1, 1990925), (8506, 1, 1993007), (8591, 3, 2081367)]"
1921 "[(8602, 2, 435748), (9078, 2, 1282242)]"
745 "[(8719, 3, 444779), (8719, 3, 444948), (8719, 3, 445096), (8273, 1, 531852), (8273, 1, 531880), (8274, 1, 531941), (8466, 1, 531941), (8466, 1, 532000), (8593, 2, 537565), (8593, 2, 537719), (9159, 2, 1738560), (9159, 2, 1738763), (9159, 2, 1738908), (9159, 2, 1739404)]"
8652 "[(248, 2, 446600), (248, 2, 451642), (248, 2, 1458686), (248, 2, 1543417), (248, 2, 1543475), (248, 2, 1543513), (248, 2, 1544476), (248, 2, 1544641), (248, 2, 1733252), (248, 2, 1793952), (248, 2, 1794549), (248, 2, 1794689)]"
8888 "[(2096, 3, 447455), (2270, 2, 461356), (2270, 2, 461469), (1367, 1, 472198), (1367, 1, 472260), (590, 2, 473050), (2293, 2, 474562), (1078, 1, 477507), (2320, 1, 478980), (68, 3, 484336), (2353, 2, 485908), (1392, 1, 488988), (2387, 2, 491832), (2387, 2, 491960), (1729, 2, 502415), (2500, 3, 515090), (2500, 3, 515456), (164, 2, 518705), (2270, 2, 539167), (2270, 2, 539191), (2055, 2, 551966), (1314, 3, 563305), (935, 3, 577004), (2833, 1, 594441), (2833, 1, 594478), (2833, 1, 594541), (421, 3, 604918), (421, 3, 605097), (421, 3, 605145), (2899, 2, 606940), (1036, 3, 610836), (477, 3, 611564), (233, 3, 626293), (40, 1, 631635), (547, 2, 659809), (547, 2, 659857), (2654, 2, 669690), (935, 3, 675169), (3142, 3, 675937), (547, 2, 681919), (2483, 2, 701403), (2500, 3, 721814), (3322, 1, 728701), (3360, 2, 739174), (3360, 2, 739199), (3495, 3, 776646), (611, 1, 781330), (3360, 2, 782980), (3360, 2, 791067), (3360, 2, 791134), (477, 3, 809826), (477, 3, 809852), (477, 3, 809888), (1280, 2, 822804), (73, 1, 823795), (1127, 2, 852554), (3748, 2, 864817), (2925, 1, 871991), (1127, 2, 912945), (1127, 2, 919201), (1584, 3, 1013627), (2134, 2, 1718587), (40, 1, 1749075)]"
8500 "[(233, 3, 452293), (68, 3, 517836), (68, 3, 523996)]"
401 "[(8284, 2, 456631)]"
2277 "[(8639, 2, 463662)]"
353 "[(8547, 3, 480452), (8547, 3, 683667), (8547, 3, 739926), (8547, 3, 910085), (8547, 3, 910173), (8547, 3, 910246), (8547, 3, 934868), (8547, 3, 934951), (8547, 3, 1105912), (8531, 3, 1168895), (8547, 3, 1255206), (8547, 3, 1257601), (8547, 3, 1257864), (8547, 3, 1519975), (8547, 3, 2068981)]"
2388 "[(8314, 3, 492045), (8314, 3, 493699), (8588, 1, 1100031)]"
8909 "[(22, 3, 499625), (3031, 2, 1873636)]"
8646 "[(214, 1, 502643), (214, 1, 502741), (1726, 1, 1039601)]"
8361 "[(935, 3, 507573), (935, 3, 507578), (1449, 1, 869317), (2138, 2, 1342417), (22, 3, 1348349), (5622, 1, 1966891)]"
8726 "[(611, 1, 512175), (1137, 1, 693783), (1137, 1, 951870), (532, 2, 1015022), (1137, 1, 1038970), (22, 3, 1042298), (1137, 1, 1211504), (890, 3, 1778771)]"
2493 "[(8747, 1, 513492)]"
2495 "[(8249, 2, 514394), (8855, 1, 1193499), (8250, 3, 1597352), (8775, 2, 1597861), (8919, 3, 1892792), (8990, 2, 1941695), (9045, 3, 1978873), (8933, 1, 2071973)]"
2503 "[(8388, 3, 515685)]"
2521 "[(8243, 3, 518965)]"
1069 "[(8647, 1, 524336), (8382, 1, 851819), (8578, 1, 1384590), (9072, 2, 1464399), (8382, 1, 1622138), (8382, 1, 1623195), (9168, 2, 1899899), (9168, 2, 1912343), (9168, 2, 1912386), (9168, 2, 1912453), (9168, 2, 1912495)]"
600 "[(8887, 3, 524872), (8683, 3, 1020321)]"
8562 "[(2564, 2, 527757), (2564, 2, 527779), (611, 1, 1031100), (2564, 2, 1926422), (2564, 2, 2018480), (2564, 2, 2018916), (2564, 2, 2031656), (2564, 2, 2032995), (2564, 2, 2034738), (2564, 2, 2034851), (2564, 2, 2035603), (2564, 2, 2035675)]"
8879 "[(68, 3, 537791), (303, 1, 566463)]"
281 "[(8249, 2, 556036), (8249, 2, 857918), (8249, 2, 857953), (8249, 2, 1937504)]"
2028 "[(8591, 3, 572769), (8591, 3, 573165)]"
8504 "[(103, 1, 573198), (116, 3, 604217), (116, 3, 604276), (116, 3, 658218), (1314, 3, 685042), (3114, 2, 745193), (116, 3, 775806), (68, 3, 873885), (611, 1, 1074040), (532, 2, 1095585), (116, 3, 1477965), (2138, 2, 1631758), (116, 3, 1647438), (6149, 3, 1697623)]"
8782 "[(1853, 3, 577293)]"
1332 "[(8593, 2, 581471)]"
497 "[(8339, 3, 584439), (8471, 1, 758080), (9000, 1, 772195), (8346, 2, 845799), (9038, 3, 941269), (9053, 1, 1014764), (8545, 2, 1024783), (9049, 2, 1035815), (8425, 2, 1099586), (8318, 2, 1188173), (8506, 1, 1535714), (8506, 1, 1535831), (8506, 1, 1535865), (8682, 2, 1536029), (9136, 1, 1542872)]"
2810 "[(8456, 2, 591420), (8456, 2, 591486), (9117, 2, 1415107)]"
1308 "[(8680, 2, 596597), (8680, 2, 1289932), (8680, 2, 1289947), (8650, 1, 1975745)]"
1975 "[(8622, 2, 598268), (8371, 3, 2061218), (8371, 3, 2061313), (8371, 3, 2061529)]"
1998 "[(8887, 3, 601836), (8887, 3, 601876)]"
2577 "[(8887, 3, 602339), (8949, 3, 960833), (8411, 2, 1462318)]"
2875 "[(8887, 3, 602815)]"
8721 "[(68, 3, 603079), (68, 3, 654424), (2137, 1, 756806), (68, 3, 828998), (233, 3, 971809), (3676, 2, 989404), (611, 1, 1312708), (68, 3, 1514244), (4085, 3, 1667068)]"
2881 "[(8855, 1, 603508), (8667, 1, 610805), (8547, 3, 1285812), (8639, 2, 1295143), (8682, 2, 1633221), (8650, 1, 1882638), (8650, 1, 1883743)]"
2889 "[(8336, 2, 604273)]"
2234 "[(8479, 3, 611873), (8339, 3, 880088), (9072, 2, 1139251), (9072, 2, 1139347), (9072, 2, 1139463), (9072, 2, 1139495), (9072, 2, 1141319), (9072, 2, 1141342), (9168, 2, 1921612)]"
2936 "[(8854, 2, 613965), (8251, 3, 861088), (8986, 3, 1719987)]"
267 "[(8414, 2, 621864), (9168, 2, 1937018), (9168, 2, 1937113), (9168, 2, 1937179)]"
8237 "[(233, 3, 625629), (1347, 1, 707905), (1347, 1, 707945), (532, 2, 755107), (563, 2, 778155), (233, 3, 810807), (68, 3, 839626), (2046, 2, 1083485), (1277, 2, 1096831), (1277, 2, 1096858), (1376, 3, 1117257), (4651, 1, 1150645), (2761, 3, 1163940), (4875, 3, 1205368), (423, 3, 1703256)]"
2989 "[(8447, 3, 628192)]"
8561 "[(156, 2, 635675), (611, 1, 880093)]"
8685 "[(611, 1, 636003), (1929, 1, 774704), (611, 1, 1031099), (3681, 1, 1116396), (611, 1, 1325532), (611, 1, 1338720), (233, 3, 1490761)]"
3011 "[(8249, 2, 637744)]"
2726 "[(8734, 3, 658728), (8734, 3, 659698)]"
8521 "[(935, 3, 668619), (233, 3, 887809), (3893, 2, 917720), (935, 3, 1018023), (935, 3, 1018069), (935, 3, 1019972), (935, 3, 1020350), (4371, 3, 1048088), (1647, 2, 1440227), (935, 3, 1785334), (171, 2, 1996210)]"
346 "[(8807, 3, 669066), (8807, 3, 1878180), (8807, 3, 1878754), (8703, 2, 1880741), (8985, 3, 2011714)]"
8964 "[(441, 3, 669121), (742, 1, 1089860), (2342, 3, 1204961), (291, 3, 1762960), (233, 3, 1923852), (233, 3, 2012023)]"
3108 "[(8273, 1, 670274), (8273, 1, 670275), (8241, 3, 1274521), (8241, 3, 1274525), (9069, 1, 1538020), (9069, 1, 1538042), (9113, 1, 1574806), (8807, 3, 1707314), (8807, 3, 1707315)]"
8536 "[(2671, 1, 672988), (2052, 1, 700881), (2894, 3, 707420), (2894, 3, 707488), (3292, 3, 720347), (3292, 3, 720385), (2671, 1, 748876), (2671, 1, 748914), (935, 3, 752000), (935, 3, 752069), (233, 3, 807982), (1726, 1, 1294003), (45, 2, 1787915)]"
3146 "[(8339, 3, 676435), (8351, 3, 743293), (8816, 2, 1509668)]"
8939 "[(1173, 2, 678921), (2708, 2, 684580), (660, 3, 1632623)]"
1027 "[(8242, 2, 682866), (8242, 2, 682976), (8242, 2, 683259)]"
3183 "[(8241, 3, 685956), (8241, 3, 760240), (8241, 3, 760634), (9071, 2, 1554915)]"
3227 "[(8950, 1, 695018), (8678, 3, 698711)]"
2510 "[(8593, 2, 695318)]"
2636 "[(8339, 3, 695795), (8339, 3, 697384), (8339, 3, 697941), (8339, 3, 698822), (8339, 3, 767551), (8339, 3, 806063), (8339, 3, 806970)]"
3255 "[(8887, 3, 705610)]"
1432 "[(8249, 2, 708086), (8249, 2, 757492), (9086, 3, 1633058)]"
3264 "[(8670, 2, 708648)]"
8464 "[(233, 3, 718001), (3512, 2, 1552935)]"
3295 "[(8339, 3, 721217)]"
8797 "[(68, 3, 721701)]"
1829 "[(8588, 1, 724900), (8887, 3, 746062)]"
3317 "[(8989, 3, 727391), (8805, 3, 1190057)]"
1835 "[(8936, 2, 728974), (9071, 2, 1548372), (9071, 2, 1548453), (9071, 2, 1548497), (9071, 2, 1548621), (8936, 2, 1957920)]"
2649 "[(8249, 2, 736489)]"
3385 "[(8266, 1, 746400), (8747, 1, 746433)]"
8452 "[(1726, 1, 752031), (233, 3, 1661949), (2186, 1, 2003113), (482, 3, 2059573), (482, 3, 2059799), (482, 3, 2060758), (8, 1, 2066828), (3495, 3, 2074581), (4178, 1, 2078752), (4178, 1, 2078773), (4178, 1, 2078820)]"
8996 "[(1726, 1, 753596), (303, 1, 830782), (303, 1, 1334600), (659, 3, 1423368)]"
995 "[(8318, 2, 763979)]"
1066 "[(8985, 3, 771404), (8985, 3, 771437), (8985, 3, 771473), (8985, 3, 1057665), (8985, 3, 1103067), (9197, 2, 2073850)]"
3496 "[(8390, 2, 776761)]"
3508 "[(8421, 2, 780071)]"
227 "[(8466, 1, 781360), (8736, 3, 1396718), (8736, 3, 1397876)]"
8923 "[(954, 2, 783157)]"
478 "[(8807, 3, 784155)]"
2226 "[(8985, 3, 785564)]"
2943 "[(8358, 2, 800818)]"
8917 "[(725, 1, 801598), (1314, 3, 1122425), (233, 3, 1150739), (501, 1, 1220790), (1026, 3, 1228010), (1026, 3, 1228025), (22, 3, 1305852), (22, 3, 1305948), (22, 3, 1305984), (3472, 2, 1374255), (3472, 2, 1374290), (725, 1, 1406803), (725, 1, 1407682), (611, 1, 1463793), (3453, 3, 1643459), (471, 3, 1819771), (471, 3, 1820073), (471, 3, 1820090), (458, 3, 1992007), (233, 3, 2016084)]"
9001 "[(233, 3, 805202), (233, 3, 807244), (2374, 3, 1489248), (233, 3, 2015432)]"
3323 "[(8284, 2, 808278)]"
8952 "[(3503, 1, 809318), (3503, 1, 810750), (68, 3, 1040469), (233, 3, 1231889), (233, 3, 1315921), (2708, 2, 1362274), (2708, 2, 1363152), (2708, 2, 1363279), (1314, 3, 1363492), (1036, 3, 1370656), (1036, 3, 1370715), (483, 3, 1444795), (483, 3, 1444861), (483, 3, 1444914), (233, 3, 1492486), (68, 3, 1558692), (233, 3, 1576346), (40, 1, 1581302), (68, 3, 1590914), (68, 3, 1633787), (233, 3, 1663682), (68, 3, 2050457)]"
3641 "[(8569, 2, 833616)]"
1796 "[(8551, 1, 844605), (8551, 1, 1296813), (8551, 1, 1649038)]"
8874 "[(3683, 1, 845424), (4019, 3, 949264), (1884, 1, 2061831)]"
1044 "[(8284, 2, 850236), (8318, 2, 2030461)]"
3708 "[(8887, 3, 852069)]"
3709 "[(8414, 2, 853810)]"
3755 "[(8288, 2, 867121)]"
3763 "[(8249, 2, 870492)]"
494 "[(8985, 3, 873543), (8985, 3, 873743), (9168, 2, 2001267), (9168, 2, 2001297)]"
3774 "[(8547, 3, 874944), (9118, 3, 1475486), (8547, 3, 1482450)]"
3791 "[(8249, 2, 875650)]"
3794 "[(8578, 1, 877790)]"
3811 "[(8371, 3, 882582)]"
1448 "[(8647, 1, 883833), (8647, 1, 884231), (8284, 2, 1136521), (8284, 2, 1220149), (8284, 2, 1274516)]"
8941 "[(233, 3, 887562), (40, 1, 942531), (1720, 2, 947743), (2137, 1, 1034979)]"
8893 "[(254, 1, 891295), (277, 2, 944874), (3748, 2, 946317), (277, 2, 982667), (246, 3, 985265), (484, 2, 1001626), (277, 2, 1013052), (480, 2, 1029181), (277, 2, 1029995), (484, 2, 1112737), (277, 2, 1369407), (2216, 3, 1413699)]"
2595 "[(8622, 2, 893889), (8446, 1, 1108671), (8686, 2, 1149520), (8446, 1, 1634575), (8446, 1, 1713874), (8446, 1, 2086555)]"
8974 "[(611, 1, 901704)]"
8992 "[(739, 2, 905773), (350, 3, 988761), (350, 3, 988804), (4218, 1, 1012510), (4218, 1, 1016445), (4218, 1, 1017812), (318, 3, 1026039), (318, 3, 1026135), (318, 3, 1026267), (318, 3, 1026424), (318, 3, 1026500), (318, 3, 1026536), (318, 3, 1026706), (318, 3, 1026926), (318, 3, 1027788), (318, 3, 1027919), (318, 3, 1028000), (318, 3, 1028110), (318, 3, 1028200), (318, 3, 1028375), (318, 3, 1028508), (318, 3, 1028544), (318, 3, 1029139), (318, 3, 1029176), (318, 3, 1029257), (318, 3, 1029482), (318, 3, 1029711), (318, 3, 1029875), (2775, 1, 1094208), (423, 3, 1265160), (420, 2, 1361795), (318, 3, 1408047), (233, 3, 1416902), (739, 2, 1497774)]"
3874 "[(8950, 1, 906906), (8873, 1, 1086519)]"
3592 "[(8339, 3, 909349), (8339, 3, 1000343), (8498, 2, 1264121), (8686, 2, 1701479), (8645, 1, 1701630), (8716, 1, 1702518), (8466, 1, 1959608)]"
3905 "[(8548, 3, 920896)]"
8511 "[(142, 2, 926058), (142, 2, 926088), (423, 3, 1194602), (68, 3, 1988082), (68, 3, 2012545)]"
2079 "[(8390, 2, 929186), (8390, 2, 1099355), (8390, 2, 1181549), (8390, 2, 1188846), (8390, 2, 1188962)]"
2365 "[(8683, 3, 930498), (8590, 3, 930755), (8670, 2, 1054796), (9054, 2, 1095572), (8590, 3, 1286571), (8590, 3, 1286620), (8695, 1, 1546825), (9071, 2, 1556078), (9071, 2, 1650829)]"
8870 "[(3969, 1, 936311), (233, 3, 1059982), (1284, 1, 1096260), (233, 3, 1234362)]"
1952 "[(8551, 1, 951705), (8551, 1, 951800), (8551, 1, 951981), (8551, 1, 952061)]"
1577 "[(8314, 3, 964060), (8314, 3, 1240731), (8314, 3, 1278246)]"
9022 "[(233, 3, 970428), (233, 3, 971488)]"
8532 "[(246, 3, 985678), (3195, 2, 1283610), (6423, 1, 1811529)]"
9034 "[(22, 3, 997942), (22, 3, 998214), (3896, 1, 998276), (22, 3, 1256961), (4266, 3, 1260548), (5020, 3, 1261036), (5020, 3, 1261078), (420, 2, 1264321), (5037, 3, 1265237)]"
3612 "[(8873, 1, 1001803), (8873, 1, 1001821), (8787, 1, 1003064), (8787, 1, 1003586), (8962, 2, 1779088)]"
2953 "[(8308, 3, 1005907), (8755, 2, 1143787), (8815, 1, 1189897)]"
4186 "[(8438, 3, 1007299), (8430, 1, 1216437), (8591, 3, 1721207), (9095, 1, 1874175), (9095, 1, 1874633)]"
2728 "[(8382, 1, 1011951)]"
1057 "[(9054, 2, 1016182)]"
4279 "[(8243, 3, 1028211)]"
8696 "[(1173, 2, 1037709), (233, 3, 1153126)]"
4331 "[(8243, 3, 1040374)]"
3285 "[(9049, 2, 1043869)]"
8570 "[(4085, 3, 1049225), (4085, 3, 1049296), (1884, 1, 1913908)]"
8983 "[(4403, 1, 1057676), (2628, 3, 1077346), (1184, 1, 1111210), (68, 3, 1181547), (71, 2, 1302798), (71, 2, 1312069), (233, 3, 1325912)]"
2119 "[(9048, 1, 1058123), (9048, 1, 1064707), (9048, 1, 1065045), (9048, 1, 1065201), (8268, 2, 1300411)]"
4076 "[(8288, 2, 1093768), (8288, 2, 1096819), (8245, 3, 1191591)]"
8819 "[(89, 3, 1110521), (68, 3, 1388823), (423, 3, 1452038), (233, 3, 1492594), (40, 1, 1497798)]"
4541 "[(8411, 2, 1110544)]"
9066 "[(68, 3, 1110770)]"
8963 "[(611, 1, 1116072), (1184, 1, 1196429), (1184, 1, 1196485), (22, 3, 1204975), (22, 3, 1205088), (4688, 1, 1208537), (233, 3, 1314995), (68, 3, 1535276), (4773, 1, 1547152), (5622, 1, 2081492)]"
3238 "[(8526, 3, 1117061), (8402, 2, 1202276), (8402, 2, 1202377), (8682, 2, 1713392), (8682, 2, 1713511), (8526, 3, 2040322)]"
4586 "[(8268, 2, 1124146), (8466, 1, 1271918), (8368, 1, 1515750), (8545, 2, 1534925), (8545, 2, 1535334), (8734, 3, 1729905)]"
8255 "[(1173, 2, 1139507), (233, 3, 1240378), (367, 2, 1690550)]"
8574 "[(1950, 2, 1145300), (1950, 2, 1145365), (68, 3, 1666461), (508, 3, 1824987), (508, 3, 1825046), (508, 3, 1825158)]"
8866 "[(233, 3, 1153476), (1726, 1, 1542050), (467, 2, 1981068), (68, 3, 1989368)]"
9031 "[(2114, 3, 1170607), (68, 3, 1178634), (233, 3, 1321454), (2128, 3, 1340058), (2128, 3, 1340091), (2128, 3, 1340104), (920, 1, 1523344), (920, 1, 1523367), (233, 3, 2011868)]"
1951 "[(9069, 1, 1170909), (9071, 2, 1594736)]"
4752 "[(9069, 1, 1179217), (8243, 3, 1205828), (8687, 3, 1376092), (8626, 1, 1423077), (8486, 2, 1423181), (8318, 2, 1436321), (8682, 2, 1540200), (9071, 2, 1549296), (9086, 3, 1672914), (8448, 1, 1755737), (8448, 1, 1755763), (8719, 3, 1978573)]"
2015 "[(8284, 2, 1185668)]"
3169 "[(8529, 2, 1187979)]"
4791 "[(8241, 3, 1189077)]"
8907 "[(3963, 1, 1192342), (3963, 1, 1235669), (4085, 3, 1908055)]"
4827 "[(8249, 2, 1196284), (8249, 2, 1196311)]"
4273 "[(8402, 2, 1202822)]"
1779 "[(9069, 1, 1209492)]"
4739 "[(8575, 2, 1209765), (8575, 2, 1394088), (8575, 2, 1394140), (8575, 2, 1394448), (8575, 2, 1397452), (8575, 2, 1417701), (8575, 2, 1508100), (8575, 2, 1640745), (8575, 2, 1640769), (8575, 2, 1755117), (8575, 2, 1784021)]"
2887 "[(9069, 1, 1217045), (8249, 2, 1260315)]"
9082 "[(233, 3, 1230939), (5943, 3, 1609741)]"
9059 "[(233, 3, 1231009), (233, 3, 1231847), (40, 1, 1233284), (954, 2, 1309383), (71, 2, 1372209), (611, 1, 1381663), (5622, 1, 1534147), (233, 3, 1579547)]"
8587 "[(4999, 1, 1257132), (2131, 3, 1264866), (233, 3, 1316209), (6007, 1, 2061179)]"
9087 "[(68, 3, 1260537), (1726, 1, 2070382)]"
2157 "[(9086, 3, 1278121)]"
2867 "[(8402, 2, 1279887)]"
9088 "[(2128, 3, 1284160), (2128, 3, 1284403), (2923, 2, 1296152), (2128, 3, 1328692), (2128, 3, 1328800), (2128, 3, 1328824), (2128, 3, 1329118), (68, 3, 1330323), (2128, 3, 1339775), (2128, 3, 1339814), (920, 1, 1351492), (920, 1, 1351516), (2128, 3, 1364104), (2128, 3, 1364587), (233, 3, 1495507), (2976, 3, 1661945)]"
3482 "[(9086, 3, 1286633)]"
5117 "[(8331, 2, 1290739)]"
4724 "[(8639, 2, 1292539)]"
9074 "[(1726, 1, 1295228)]"
8880 "[(4085, 3, 1310469)]"
3434 "[(8593, 2, 1311612)]"
4538 "[(8257, 3, 1315926), (8257, 3, 1456677)]"
9103 "[(238, 2, 1335614), (233, 3, 1417188), (210, 1, 1427763), (233, 3, 1494964)]"
527 "[(9086, 3, 1342495), (9086, 3, 1342648), (9086, 3, 1662901)]"
8519 "[(22, 3, 1344888), (3663, 1, 1559711), (89, 3, 1661540), (3049, 3, 1666862), (6258, 3, 1737221), (3099, 3, 1815851), (3099, 3, 1815918), (3114, 2, 1875221), (3114, 2, 1932968), (3114, 2, 1933022), (3114, 2, 1933154), (3114, 2, 1933312), (3114, 2, 1933520), (3114, 2, 1933636), (3114, 2, 2033467)]"
5279 "[(8981, 3, 1352858)]"
8364 "[(68, 3, 1359230), (68, 3, 1360677), (68, 3, 1365013), (68, 3, 1384132), (68, 3, 1393109), (68, 3, 1438041), (4085, 3, 1755165), (68, 3, 2052815)]"
3532 "[(8411, 2, 1368002)]"
2247 "[(8575, 2, 1403097)]"
1452 "[(8250, 3, 1404122), (8250, 3, 1404211)]"
5457 "[(8727, 2, 1413923)]"
8581 "[(303, 1, 1415688)]"
8555 "[(233, 3, 1416278)]"
8690 "[(233, 3, 1416695)]"
9020 "[(248, 2, 1421435), (935, 3, 1979127)]"
8906 "[(532, 2, 1449562), (302, 1, 1516053), (537, 1, 1958624), (537, 1, 1958782), (68, 3, 1989198)]"
5614 "[(8528, 2, 1466228)]"
4402 "[(8415, 2, 1466264)]"
20 "[(9086, 3, 1474157)]"
4086 "[(8243, 3, 1475761)]"
8746 "[(195, 2, 1476022)]"
5665 "[(8551, 1, 1484934)]"
5677 "[(9133, 2, 1488034)]"
2390 "[(8470, 1, 1493038), (8682, 2, 1496940), (9151, 1, 1872723)]"
9126 "[(233, 3, 1495443), (4085, 3, 1563066)]"
9123 "[(1586, 2, 1498532), (1359, 1, 1849654)]"
9127 "[(1218, 3, 1501367), (1218, 3, 1501679), (1218, 3, 1501715), (1218, 3, 1530115), (1218, 3, 1633916), (1218, 3, 1635284), (1218, 3, 1635343)]"
9135 "[(40, 1, 1504368), (1036, 3, 1818454)]"
2731 "[(8387, 1, 1504574)]"
4063 "[(8591, 3, 1531888), (8446, 1, 1829399)]"
9111 "[(1364, 1, 1538594), (1364, 1, 1538939), (1364, 1, 1539009), (1364, 1, 1539211), (1364, 1, 1539345), (1364, 1, 1539519), (1364, 1, 1545158), (1364, 1, 1546085), (1364, 1, 1546363), (1364, 1, 1546645), (233, 3, 1750379)]"
1511 "[(9071, 2, 1548315), (9071, 2, 1550904), (9071, 2, 1556049), (9071, 2, 1556633)]"
5813 "[(8778, 2, 1548704)]"
2646 "[(8778, 2, 1550932)]"
4964 "[(9071, 2, 1550953)]"
1131 "[(8549, 3, 1553607)]"
5836 "[(9071, 2, 1556475), (8247, 3, 1818507)]"
1943 "[(8703, 2, 1560205), (8351, 3, 1847362)]"
2836 "[(8633, 2, 1575363), (8250, 3, 1730913)]"
9107 "[(233, 3, 1580724)]"
8344 "[(303, 1, 1585575)]"
307 "[(8586, 2, 1606317), (8586, 2, 1606333)]"
3464 "[(8593, 2, 1609625)]"
1075 "[(8590, 3, 1613251)]"
211 "[(8314, 3, 1614293)]"
5983 "[(8250, 3, 1624180)]"
5321 "[(8988, 1, 1633611)]"
6031 "[(9045, 3, 1637812)]"
1848 "[(8314, 3, 1643466), (8314, 3, 1644176)]"
4489 "[(8260, 3, 1646469)]"
5532 "[(8249, 2, 1651785), (8734, 3, 1729797)]"
8878 "[(233, 3, 1662794)]"
8862 "[(233, 3, 1663839), (40, 1, 1667376), (233, 3, 1921760), (728, 2, 2016504), (728, 2, 2016588), (728, 2, 2016651)]"
5772 "[(9071, 2, 1667439)]"
6049 "[(8390, 2, 1673576)]"
4164 "[(8591, 3, 1677898), (8591, 3, 1735684)]"
1510 "[(8347, 3, 1706924)]"
1814 "[(8335, 3, 1709561), (8335, 3, 1709957)]"
6194 "[(8358, 2, 1713988)]"
143 "[(9163, 2, 1718425), (9166, 3, 1903655), (8347, 3, 2074820)]"
6225 "[(9166, 3, 1748389)]"
8677 "[(3967, 1, 1763961)]"
717 "[(8735, 1, 1792488), (8735, 1, 1792620)]"
4634 "[(8591, 3, 1800082), (8591, 3, 2077183)]"
1363 "[(8507, 1, 1804331)]"
5300 "[(8876, 3, 1820508)]"
2606 "[(9102, 3, 1835368), (9102, 3, 1835474)]"
1562 "[(8260, 3, 1838631)]"
8995 "[(233, 3, 1839442)]"
9177 "[(2128, 3, 1852250), (870, 3, 1858028), (68, 3, 1875928), (1471, 3, 1916563), (233, 3, 1923856), (4085, 3, 1942045)]"
5447 "[(9077, 3, 1859500)]"
2552 "[(9166, 3, 1866320)]"
2512 "[(8970, 1, 1874548)]"
5538 "[(8807, 3, 1878293)]"
5058 "[(8636, 1, 1881237)]"
1806 "[(8876, 3, 1894963), (8876, 3, 1904062), (8876, 3, 1904407), (8876, 3, 1904606)]"
5398 "[(8482, 2, 1895929)]"
4751 "[(9086, 3, 1896599), (9086, 3, 1896809), (9086, 3, 1896836)]"
5561 "[(9166, 3, 1900192)]"
2710 "[(8694, 3, 1906994), (8694, 3, 1907112)]"
9182 "[(1547, 1, 1921352), (1547, 1, 1921467)]"
8764 "[(725, 1, 1925946)]"
9137 "[(40, 1, 1927592)]"
4621 "[(8590, 3, 1932111)]"
8718 "[(611, 1, 1935019)]"
139 "[(9168, 2, 1954402), (9168, 2, 2054255)]"
3646 "[(8876, 3, 1957829), (8876, 3, 1958317), (8876, 3, 1958366), (8876, 3, 1958495), (8876, 3, 1964178)]"
3930 "[(8591, 3, 1958890)]"
752 "[(8658, 1, 1962618)]"
6593 "[(8286, 2, 1968477)]"
4587 "[(8410, 2, 1972700)]"
2185 "[(9168, 2, 1974682), (9168, 2, 1974913), (9168, 2, 1974965), (9168, 2, 1987391), (9168, 2, 1987507), (9168, 2, 1987672), (9168, 2, 1987749), (9168, 2, 1988111), (9168, 2, 1988242), (9168, 2, 1988284), (9168, 2, 2005766), (9168, 2, 2012687), (9168, 2, 2058637)]"
566 "[(9168, 2, 1978590)]"
6801 "[(9166, 3, 1981950)]"
8418 "[(532, 2, 1995893)]"
4604 "[(8547, 3, 1996607), (8547, 3, 1996808)]"
2257 "[(9071, 2, 2001701), (9071, 2, 2002289), (9071, 2, 2002634)]"
5155 "[(8318, 2, 2002309)]"
9180 "[(4085, 3, 2002380)]"
9073 "[(233, 3, 2013955)]"
9194 "[(3681, 1, 2035115), (3681, 1, 2035140), (303, 1, 2048575)]"
375 "[(9100, 2, 2037236)]"
1985 "[(8896, 3, 2040659)]"
1474 "[(8590, 3, 2043738)]"
3932 "[(9168, 2, 2085477), (9168, 2, 2085554), (9168, 2, 2085715), (9168, 2, 2085742), (9168, 2, 2085954)]"
