8243 "[(17, 0, 1177), (887, 1, 138885), (887, 1, 138905), (898, 0, 141013), (1118, 0, 178553), (17, 0, 205623), (2104, 2, 412268), (2104, 2, 412729), (2153, 2, 425784), (17, 0, 430636), (912, 0, 503804), (17, 0, 505770), (2521, 0, 518965), (2708, 2, 771582), (17, 0, 873642), (17, 0, 944414), (4279, 0, 1028211), (4331, 0, 1040374), (125, 0, 1121750), (4752, 0, 1205828), (17, 0, 1290879), (17, 0, 1318486), (746, 1, 1349681), (167, 0, 1469597), (4086, 0, 1475761), (420, 2, 1527099), (17, 0, 1646341), (2230, 1, 1659161)]"
8247 "[(21, 2, 1314), (917, 2, 144782), (322, 2, 189505), (402, 2, 232293), (109, 1, 320938), (109, 1, 321022), (552, 0, 324234), (552, 0, 324290), (3706, 2, 851500), (4016, 1, 948596), (4016, 1, 951350), (4016, 1, 951469), (4016, 1, 951634), (4016, 1, 952120), (2012, 2, 1175104), (2012, 2, 1269692), (4016, 1, 1270067), (3748, 2, 1530202), (5795, 2, 1542801), (322, 2, 1686995), (5836, 0, 1818507), (3407, 2, 1952082)]"
22 "[(8248, 1, 1340), (8285, 0, 5721), (8341, 0, 16890), (8273, 1, 29543), (8242, 2, 34668), (8320, 0, 57293), (8320, 0, 57310), (8229, 0, 83957), (8229, 0, 84050), (8229, 0, 84093), (8358, 2, 88552), (8682, 2, 154344), (8682, 2, 154617), (8622, 2, 179353), (8370, 0, 431640), (8343, 0, 442228), (8370, 0, 442916), (8370, 0, 443301), (8295, 0, 457512), (8317, 2, 479761), (8593, 2, 481602), (8593, 2, 482064), (8909, 0, 499625), (8514, 0, 516208), (8801, 0, 997695), (9034, 0, 997942), (9034, 0, 998214), (8446, 1, 1023403), (8370, 0, 1040254), (8370, 0, 1040542), (8370, 0, 1040793), (8370, 0, 1040841), (8726, 0, 1042298), (8343, 0, 1050151), (8602, 2, 1064017), (8295, 0, 1065041), (8370, 0, 1117583), (8963, 0, 1204975), (8963, 0, 1205088), (8358, 2, 1207738), (8577, 0, 1217801), (9034, 0, 1256961), (8358, 2, 1287835), (8676, 0, 1304522), (8917, 0, 1305852), (8917, 0, 1305948), (8917, 0, 1305984), (8519, 0, 1344888), (8361, 0, 1348349), (8413, 2, 1362221), (8801, 0, 1363407), (8265, 2, 1364003), (8686, 2, 1367881), (8491, 0, 1371895), (9163, 2, 1901908), (8703, 2, 1903552), (8264, 2, 1904911), (8841, 0, 1905193), (9095, 1, 1905599), (8703, 2, 1906125), (8413, 2, 1906541), (8801, 0, 1908349), (8639, 2, 1909934), (8491, 0, 1927021), (8346, 2, 1958947), (8594, 2, 1984549)]"
8263 "[(36, 2, 2382), (606, 1, 79501), (680, 2, 92922), (1133, 2, 182536), (17, 0, 688553), (36, 2, 692834), (3379, 1, 744128), (611, 1, 781338), (3512, 2, 781704), (627, 0, 782971), (4230, 2, 1016517), (17, 0, 1137392), (156, 2, 1138306), (3114, 2, 1191319), (5641, 2, 1475034), (4850, 2, 1554735), (6442, 2, 1818563)]"
62 "[(8286, 2, 5855), (8286, 2, 6443), (8286, 2, 6476), (8286, 2, 6615)]"
68 "[(8249, 2, 6344), (8299, 2, 18679), (8244, 1, 20820), (8350, 2, 40290), (8427, 2, 45737), (8433, 2, 55555), (8331, 2, 63158), (8296, 2, 63410), (8551, 1, 75644), (8423, 2, 76041), (8423, 2, 79594), (8315, 1, 83776), (8400, 1, 84865), (8423, 2, 87042), (8256, 2, 107459), (8441, 2, 115037), (8433, 2, 117370), (8620, 0, 126664), (8384, 2, 129272), (8423, 2, 137210), (8422, 1, 147073), (8320, 0, 149779), (8389, 1, 153938), (8446, 1, 161642), (8545, 2, 165089), (8583, 0, 166563), (8702, 2, 167269), (8557, 2, 170816), (8701, 1, 185644), (8301, 0, 189156), (8622, 2, 196959), (8588, 1, 206706), (8541, 0, 219158), (8622, 2, 220527), (8745, 2, 225674), (8386, 1, 241424), (8749, 0, 243571), (8749, 0, 246790), (8332, 0, 250300), (8283, 0, 254466), (8296, 2, 258284), (8320, 0, 260728), (8411, 2, 263314), (8540, 0, 264033), (8403, 0, 268039), (8761, 1, 273267), (8350, 2, 274376), (8631, 2, 288583), (8433, 2, 295531), (8716, 1, 309807), (8275, 2, 315918), (8297, 1, 316704), (8557, 2, 319258), (8631, 2, 321146), (8762, 2, 327024), (8262, 0, 337326), (8350, 2, 339947), (8557, 2, 340975), (8643, 0, 342986), (8596, 1, 343575), (8530, 1, 359728), (8310, 2, 374769), (8589, 0, 387912), (8801, 0, 388622), (8592, 0, 392710), (8868, 1, 401761), (8828, 1, 404687), (8588, 1, 422216), (8855, 1, 423601), (8373, 2, 428004), (8643, 0, 428333), (8284, 2, 442564), (8301, 0, 453590), (8814, 2, 464354), (8755, 2, 464426), (8753, 1, 476006), (8443, 2, 480646), (8888, 0, 484336), (8427, 2, 504692), (8827, 1, 514290), (8500, 0, 517836), (8855, 1, 523852), (8500, 0, 523996), (8433, 2, 533119), (8350, 2, 536703), (8879, 0, 537791), (8772, 2, 566854), (8468, 0, 578617), (8301, 0, 580792), (8537, 1, 589624), (8623, 0, 598812), (8936, 2, 599795), (8588, 1, 601396), (8721, 0, 603079), (8381, 2, 621979), (8936, 2, 626152), (8332, 0, 627339), (8955, 1, 639507), (8873, 1, 641857), (8955, 1, 644719), (8266, 1, 646298), (8266, 1, 650027), (8332, 0, 650181), (8721, 0, 654424), (8244, 1, 659408), (8623, 0, 666478), (8745, 2, 669242), (8301, 0, 673673), (8246, 0, 673908), (8498, 2, 679200), (8755, 2, 687587), (8310, 2, 691562), (8627, 2, 701447), (8530, 1, 703819), (8670, 2, 709868), (8273, 1, 719724), (8797, 0, 721701), (8556, 1, 722979), (8507, 1, 729722), (8609, 1, 751521), (8755, 2, 759497), (8793, 1, 764540), (8318, 2, 777361), (8837, 0, 797140), (8885, 2, 809865), (8721, 0, 828998), (8524, 2, 834917), (8295, 0, 839437), (8237, 0, 839626), (8546, 2, 849420), (8295, 0, 854162), (8942, 1, 868041), (8504, 0, 873885), (8588, 1, 882029), (8855, 1, 896038), (8235, 1, 911522), (9026, 1, 927285), (9026, 1, 928625), (8524, 2, 929940), (8348, 0, 939576), (8588, 1, 941160), (8639, 2, 941169), (8266, 1, 941239), (8295, 0, 944604), (8274, 1, 954363), (8602, 2, 973235), (8295, 0, 974058), (8942, 1, 980924), (8460, 1, 983398), (8855, 1, 994269), (8315, 1, 1011303), (8873, 1, 1016863), (8873, 1, 1028879), (9054, 2, 1030921), (9048, 1, 1031226), (8952, 0, 1040469), (8446, 1, 1042935), (8806, 0, 1061481), (8940, 1, 1061779), (8343, 0, 1096687), (8370, 0, 1099348), (8348, 0, 1105468), (9066, 0, 1110770), (8323, 2, 1117731), (8295, 0, 1117964), (9010, 2, 1125028), (8873, 1, 1129370), (8873, 1, 1160265), (9031, 0, 1178634), (9010, 2, 1178657), (8983, 0, 1181547), (8370, 0, 1181851), (9053, 1, 1182190), (9069, 1, 1189146), (8928, 2, 1190442), (8268, 2, 1200380), (8268, 2, 1202127), (8656, 1, 1202397), (9069, 1, 1204509), (9053, 1, 1210759), (9072, 2, 1212313), (9069, 1, 1222804), (8415, 2, 1226638), (8415, 2, 1228846), (8541, 0, 1229371), (8695, 1, 1229750), (8662, 1, 1249575), (8588, 1, 1252356), (9087, 0, 1260537), (8391, 1, 1262664), (9054, 2, 1269582), (8466, 1, 1281207), (8612, 0, 1281570), (8297, 1, 1282651), (8400, 1, 1282691), (8612, 0, 1283810), (8381, 2, 1285466), (8715, 2, 1290538), (9041, 1, 1295938), (8393, 2, 1300462), (9096, 2, 1311230), (8453, 0, 1311232), (8894, 2, 1321452), (8855, 1, 1322015), (8266, 1, 1328498), (9088, 0, 1330323), (8894, 2, 1340050), (9096, 2, 1340486), (8323, 2, 1350114), (8602, 2, 1351331), (8433, 2, 1355710), (8364, 0, 1359230), (9091, 1, 1359289), (8364, 0, 1360677), (9072, 2, 1363998), (8364, 0, 1365013), (8702, 2, 1370110), (8575, 2, 1374388), (8364, 0, 1384132), (8323, 2, 1386446), (8819, 0, 1388823), (8364, 0, 1393109), (8317, 2, 1394448), (8942, 1, 1411844), (9072, 2, 1418682), (8401, 1, 1423641), (8754, 1, 1436465), (8364, 0, 1438041), (8754, 1, 1439553), (8295, 0, 1442294), (8754, 1, 1446345), (8965, 1, 1447084), (8628, 1, 1470944), (9113, 1, 1473819), (8814, 2, 1477463), (8695, 1, 1477487), (9132, 2, 1483957), (9096, 2, 1487093), (8401, 1, 1491698), (8754, 1, 1501865), (8928, 2, 1506524), (8894, 2, 1513266), (8721, 0, 1514244), (8754, 1, 1528088), (9053, 1, 1529663), (8357, 0, 1533947), (8963, 0, 1535276), (8756, 1, 1541636), (8754, 1, 1545579), (8699, 0, 1552348), (9132, 2, 1555648), (8952, 0, 1558692), (9071, 2, 1560256), (9132, 2, 1561698), (8955, 1, 1582532), (8952, 0, 1590914), (8629, 1, 1610370), (8545, 2, 1614544), (8855, 1, 1615939), (8998, 2, 1620002), (8312, 0, 1625436), (8312, 0, 1630263), (8779, 2, 1633127), (8952, 0, 1633787), (9145, 1, 1640434), (8629, 1, 1642959), (8755, 2, 1663576), (8574, 0, 1666461), (8411, 2, 1666469), (9163, 2, 1681872), (8545, 2, 1684414), (8374, 2, 1687869), (8755, 2, 1690195), (9151, 1, 1692971), (9167, 2, 1706898), (9163, 2, 1707239), (8277, 0, 1716009), (8629, 1, 1717355), (8644, 0, 1750109), (8370, 0, 1757340), (8615, 0, 1792352), (9177, 0, 1875928), (8235, 1, 1908387), (8928, 2, 1920649), (9133, 2, 1930778), (8386, 1, 1936614), (8793, 1, 1952039), (9141, 1, 1956190), (8400, 1, 1976420), (9006, 1, 1987653), (9165, 1, 1988019), (8511, 0, 1988082), (8415, 2, 1988326), (8374, 2, 1988914), (9151, 1, 1988978), (9140, 1, 1989106), (9142, 2, 1989128), (8906, 0, 1989198), (9181, 2, 1989364), (8866, 0, 1989368), (8841, 0, 1990211), (8762, 2, 1992078), (9085, 2, 1995222), (8469, 0, 2012472), (8511, 0, 2012545), (8762, 2, 2020585), (8762, 2, 2030521), (8952, 0, 2050457), (8364, 0, 2052815), (9140, 1, 2057135), (9023, 1, 2061492), (8609, 1, 2061589), (8311, 0, 2070883), (9023, 1, 2074656), (8430, 1, 2076256), (8253, 2, 2079113)]"
8290 "[(69, 1, 6359), (1359, 1, 325328), (744, 1, 1355011), (1405, 2, 1386346), (697, 1, 1534141), (697, 1, 1534210), (235, 2, 1620287), (1155, 1, 1708685), (1114, 2, 1799299), (3605, 2, 1893256)]"
8252 "[(109, 1, 12415), (369, 0, 51976), (109, 1, 93680), (109, 1, 331270), (54, 0, 332676), (54, 0, 332802), (2708, 2, 1008966), (54, 0, 1132225), (54, 0, 1300367), (552, 0, 1682770), (552, 0, 1682825), (552, 0, 1683007), (54, 0, 1891095)]"
8325 "[(115, 2, 14097), (125, 0, 15797), (611, 1, 80242), (16, 2, 171819), (1647, 2, 826775), (16, 2, 840127), (16, 2, 861486), (16, 2, 870417), (1647, 2, 1521085), (1647, 2, 1521139), (552, 0, 1800382), (16, 2, 2046539), (16, 2, 2046566), (16, 2, 2046583)]"
116 "[(8283, 0, 14115), (8283, 0, 14841), (8283, 0, 16298), (8423, 2, 64397), (8283, 0, 86809), (8283, 0, 429124), (8504, 0, 604217), (8504, 0, 604276), (8504, 0, 658218), (8504, 0, 775806), (8990, 2, 1353789), (8990, 2, 1353824), (8990, 2, 1477707), (8504, 0, 1477965), (8504, 0, 1647438), (8990, 2, 1647454), (8990, 2, 1862659), (8990, 2, 1862823), (8990, 2, 1871089), (8990, 2, 1871218), (8990, 2, 1950701), (8990, 2, 1950787)]"
145 "[(8283, 0, 17856), (8283, 0, 17874), (8283, 0, 18111), (8283, 0, 18148), (8283, 0, 18407), (8463, 0, 271966), (8293, 1, 273165), (8293, 1, 273185), (8849, 0, 490506), (8849, 0, 490879), (8295, 0, 664143), (8295, 0, 664227), (8295, 0, 749731), (8295, 0, 750647), (8295, 0, 865859), (8295, 0, 866070), (8295, 0, 866111), (8295, 0, 866378), (8295, 0, 866450), (8295, 0, 866498), (8295, 0, 866702), (8295, 0, 866848), (8295, 0, 867165), (8295, 0, 998838), (8849, 0, 1072507), (8849, 0, 1072636), (8849, 0, 1072670), (8849, 0, 1072943), (8849, 0, 1091544), (8849, 0, 1091953), (8849, 0, 1091971), (8849, 0, 1092115), (8577, 0, 1173429), (8577, 0, 1339786), (8577, 0, 1339860), (8577, 0, 1339951), (8577, 0, 1340021), (8577, 0, 1340297), (8577, 0, 1346022), (8295, 0, 1761098), (8295, 0, 1814456), (8612, 0, 1966464), (8612, 0, 1970348), (8612, 0, 1970389), (8295, 0, 2067140), (8295, 0, 2067422), (8295, 0, 2068507), (8295, 0, 2068678), (8295, 0, 2068734), (8295, 0, 2068881), (8295, 0, 2068975), (8295, 0, 2069766)]"
163 "[(8283, 0, 20156), (8283, 0, 424867), (8283, 0, 424929), (8467, 0, 1376802), (8467, 0, 1376844), (9071, 2, 1632451), (9071, 2, 1744503)]"
233 "[(8400, 1, 30254), (8235, 1, 32718), (8385, 1, 32801), (8291, 0, 33454), (8420, 1, 34514), (8405, 2, 35444), (8405, 2, 36128), (8530, 1, 113374), (8238, 0, 115074), (8334, 1, 115106), (8444, 1, 116404), (8509, 0, 116698), (8350, 2, 116757), (8229, 0, 118968), (8321, 0, 280722), (8412, 0, 280742), (8253, 2, 280810), (8738, 1, 281031), (8346, 2, 281150), (8340, 1, 281270), (8611, 0, 281729), (8620, 0, 281828), (8557, 2, 281939), (8422, 1, 282941), (8385, 1, 282985), (8692, 1, 283067), (8433, 2, 283737), (8426, 1, 284466), (8444, 1, 284483), (8453, 0, 285212), (8755, 2, 285323), (8573, 1, 285372), (8735, 1, 285651), (8593, 2, 286149), (8523, 1, 286297), (8248, 1, 286431), (8423, 2, 286442), (8654, 0, 286488), (8483, 0, 364770), (8789, 1, 364787), (8762, 2, 364825), (8458, 0, 365139), (8738, 1, 365377), (8374, 2, 365385), (8804, 1, 365407), (8248, 1, 365573), (8761, 1, 366313), (8463, 0, 367592), (8569, 2, 367631), (8244, 1, 368014), (8524, 2, 368038), (8692, 1, 368092), (8835, 2, 368197), (8596, 1, 368247), (8484, 1, 368361), (8468, 0, 368651), (8822, 1, 368838), (8622, 2, 368885), (8755, 2, 369232), (8792, 1, 370047), (8491, 0, 370050), (8459, 1, 370180), (8446, 1, 370482), (8453, 0, 370533), (8530, 1, 370625), (8546, 2, 372712), (8236, 1, 372723), (8301, 0, 373731), (8389, 1, 373865), (8248, 1, 374307), (8619, 2, 374583), (8483, 0, 451871), (8546, 2, 452020), (8253, 2, 452148), (8275, 2, 452161), (8500, 0, 452293), (8856, 2, 452500), (8363, 1, 452773), (8433, 2, 452780), (8248, 1, 452884), (8430, 1, 452910), (8569, 2, 452944), (8654, 0, 453034), (8457, 2, 453076), (8323, 2, 453110), (8445, 1, 453215), (8855, 1, 453545), (8643, 0, 453889), (8545, 2, 454000), (8631, 2, 454548), (8592, 0, 454655), (8755, 2, 454927), (8798, 1, 456369), (8760, 1, 456732), (8385, 1, 460443), (8514, 0, 461037), (8469, 0, 461136), (8505, 0, 461523), (8285, 0, 538301), (8761, 1, 538331), (8445, 1, 538700), (8262, 0, 539385), (8890, 1, 540189), (8828, 1, 540253), (8643, 0, 540349), (8795, 1, 540479), (8537, 1, 540660), (8373, 2, 540724), (8318, 2, 540814), (8763, 1, 541556), (8755, 2, 542147), (8846, 2, 542231), (8611, 0, 542268), (8401, 1, 543472), (8639, 2, 544659), (8331, 2, 545051), (8435, 1, 545192), (8444, 1, 545228), (8315, 1, 545289), (8633, 2, 545443), (8745, 2, 616569), (8321, 0, 616842), (8524, 2, 617390), (8804, 1, 617645), (8261, 2, 618702), (8651, 2, 618833), (8471, 1, 618930), (8420, 1, 624255), (8816, 2, 624275), (8546, 2, 624301), (8643, 0, 624631), (8750, 2, 624757), (8787, 1, 624825), (8795, 1, 624829), (8653, 1, 624906), (8456, 2, 625282), (8237, 0, 625629), (8343, 0, 625869), (8330, 1, 626283), (8888, 0, 626293), (8635, 1, 626302), (8545, 2, 626501), (8318, 2, 626705), (8235, 1, 626753), (8970, 1, 711967), (8804, 1, 713130), (8965, 1, 713638), (8294, 1, 713821), (8936, 2, 714563), (8750, 2, 715349), (8614, 2, 716947), (8717, 2, 717101), (8755, 2, 717462), (8698, 1, 717561), (8815, 1, 717756), (8644, 0, 717760), (8271, 1, 717818), (8235, 1, 717838), (8640, 1, 717959), (8464, 0, 718001), (8942, 1, 718285), (8809, 1, 718980), (8948, 1, 721283), (8444, 1, 721342), (8633, 2, 721501), (9001, 0, 805202), (8433, 2, 805225), (8966, 2, 805310), (8990, 2, 806915), (9001, 0, 807244), (8433, 2, 807270), (8536, 0, 807982), (8965, 1, 808231), (9004, 2, 808242), (8420, 1, 808253), (8244, 1, 808532), (8461, 0, 808669), (8643, 0, 808735), (8459, 1, 808796), (8640, 1, 809843), (8564, 1, 810238), (8635, 1, 810244), (8905, 1, 810269), (8955, 1, 810304), (8318, 2, 810582), (8237, 0, 810807), (8966, 2, 810826), (8471, 1, 810888), (9000, 1, 813989), (8569, 2, 882612), (8927, 1, 884572), (8387, 1, 884786), (8965, 1, 885235), (8671, 1, 885928), (8610, 2, 885993), (9006, 1, 886169), (8928, 2, 886256), (9012, 2, 886407), (9013, 2, 886888), (8755, 2, 887094), (8700, 1, 887444), (8441, 2, 887475), (8941, 0, 887562), (8274, 1, 887619), (8521, 0, 887809), (9006, 1, 970408), (9022, 0, 970428), (9005, 2, 971001), (9022, 0, 971488), (8721, 0, 971809), (8483, 0, 971880), (8602, 2, 971997), (9039, 2, 973005), (8420, 1, 973065), (8588, 1, 973081), (8727, 2, 973204), (8814, 2, 973279), (9033, 1, 973299), (8940, 1, 973525), (8254, 2, 973629), (8624, 1, 973755), (8414, 2, 974291), (8824, 1, 974536), (8312, 0, 974931), (8623, 0, 975034), (8927, 1, 975804), (8315, 1, 1057136), (8976, 2, 1057320), (8540, 0, 1058753), (8855, 1, 1058755), (9005, 2, 1059059), (8873, 1, 1059182), (8640, 1, 1059554), (8619, 2, 1059650), (8970, 1, 1059678), (8899, 1, 1059874), (8870, 0, 1059982), (8440, 2, 1060084), (8278, 0, 1060973), (8387, 1, 1060983), (8305, 2, 1061083), (8771, 2, 1061313), (8338, 2, 1144228), (8990, 2, 1146388), (8280, 1, 1150264), (8962, 2, 1150358), (8798, 1, 1150611), (9049, 2, 1150719), (8917, 0, 1150739), (9005, 2, 1151943), (8456, 2, 1152173), (8752, 2, 1152347), (9053, 1, 1152471), (8806, 0, 1152508), (8343, 0, 1152511), (8696, 0, 1153126), (9065, 1, 1153305), (8866, 0, 1153476), (9082, 0, 1230939), (9059, 0, 1231009), (9059, 0, 1231847), (8401, 1, 1231871), (8700, 1, 1231881), (8952, 0, 1231889), (8855, 1, 1232818), (8585, 0, 1232834), (8727, 2, 1232925), (9033, 1, 1233024), (8771, 2, 1233517), (8780, 1, 1233554), (9053, 1, 1233958), (8792, 1, 1234225), (8268, 2, 1234347), (8870, 0, 1234362), (8453, 0, 1234718), (8517, 1, 1235099), (9083, 1, 1235186), (8272, 1, 1239619), (8411, 2, 1239809), (8255, 0, 1240378), (8429, 0, 1240447), (8331, 2, 1241864), (8387, 1, 1314153), (8963, 0, 1314995), (9069, 1, 1315180), (9027, 2, 1315476), (8940, 1, 1315504), (8470, 1, 1315867), (8668, 1, 1315871), (8370, 0, 1315903), (8952, 0, 1315921), (9095, 1, 1316143), (8587, 0, 1316209), (8564, 1, 1319352), (8483, 0, 1319361), (8374, 2, 1321157), (9031, 0, 1321454), (8983, 0, 1325912), (8358, 2, 1326471), (8798, 1, 1409932), (8516, 0, 1410815), (8943, 2, 1410821), (8993, 1, 1413420), (9049, 2, 1415157), (8555, 0, 1416278), (8690, 0, 1416695), (8992, 0, 1416902), (8771, 2, 1416990), (9103, 0, 1417188), (8471, 1, 1417696), (8470, 1, 1418730), (8603, 2, 1489350), (8855, 1, 1489480), (8401, 1, 1490748), (8685, 0, 1490761), (9049, 2, 1491312), (9072, 2, 1491604), (8545, 2, 1492055), (8334, 1, 1492122), (8952, 0, 1492486), (8819, 0, 1492594), (8517, 1, 1494716), (9089, 2, 1494732), (8385, 1, 1494739), (8695, 1, 1494785), (8856, 2, 1494830), (8780, 1, 1494938), (9103, 0, 1494964), (8295, 0, 1495083), (8606, 1, 1495116), (9126, 0, 1495443), (9088, 0, 1495507), (8444, 1, 1495594), (8406, 2, 1496104), (8611, 0, 1496216), (8648, 1, 1575061), (9141, 1, 1576106), (8385, 1, 1576281), (8952, 0, 1576346), (8852, 2, 1576859), (8632, 2, 1577430), (8695, 1, 1577684), (8778, 2, 1577806), (9145, 1, 1577810), (8235, 1, 1578140), (8753, 1, 1578234), (8754, 1, 1578282), (9053, 1, 1578531), (8763, 1, 1578776), (8806, 0, 1579450), (8616, 1, 1579486), (9059, 0, 1579547), (9107, 0, 1580724), (8321, 0, 1661009), (8927, 1, 1661076), (8374, 2, 1661205), (8452, 0, 1661949), (8662, 1, 1662172), (8988, 1, 1662221), (8801, 0, 1662708), (8878, 0, 1662794), (9142, 2, 1662851), (9145, 1, 1663177), (8952, 0, 1663682), (8753, 1, 1663742), (8862, 0, 1663839), (8619, 2, 1664177), (8387, 1, 1664563), (8828, 1, 1664604), (9155, 2, 1666010), (8331, 2, 1666025), (8470, 1, 1666036), (8386, 1, 1666201), (8753, 1, 1747716), (9004, 2, 1748129), (8800, 1, 1748476), (9165, 1, 1748570), (8755, 2, 1748600), (8998, 2, 1748605), (9165, 1, 1748686), (8894, 2, 1749220), (8943, 2, 1749263), (8962, 2, 1749466), (8424, 1, 1749498), (9100, 2, 1749567), (8384, 2, 1749641), (8298, 0, 1749647), (9167, 2, 1749773), (9151, 1, 1749962), (9111, 0, 1750379), (8470, 1, 1750456), (8837, 0, 1750485), (9165, 1, 1750668), (9072, 2, 1750747), (8433, 2, 1751755), (8329, 2, 1751866), (8898, 1, 1835158), (8707, 1, 1836113), (8644, 0, 1837020), (8387, 1, 1837116), (8754, 1, 1837222), (8852, 2, 1837552), (9049, 2, 1837648), (8962, 2, 1838383), (8755, 2, 1838995), (8244, 1, 1839174), (8990, 2, 1839179), (8628, 1, 1839294), (8522, 2, 1839421), (8995, 0, 1839442), (9136, 1, 1839656), (9004, 2, 1841214), (8331, 2, 1847493), (8402, 2, 1847633), (8350, 2, 1921564), (8400, 1, 1921733), (8862, 0, 1921760), (8990, 2, 1922418), (8671, 1, 1922798), (8382, 1, 1922804), (9133, 2, 1923115), (8400, 1, 1923793), (9151, 1, 1923830), (8603, 2, 1923844), (8964, 0, 1923852), (9177, 0, 1923856), (8970, 1, 1923889), (8651, 2, 1924382), (8405, 2, 1924485), (9168, 2, 1925388), (9100, 2, 1930981), (9031, 0, 2011868), (8400, 1, 2012016), (8964, 0, 2012023), (8319, 2, 2012748), (8386, 1, 2013236), (8801, 0, 2013889), (9073, 0, 2013955), (8890, 1, 2013988), (8818, 2, 2014084), (8291, 0, 2014165), (8522, 2, 2014344), (9100, 2, 2014390), (8426, 1, 2014448), (8968, 1, 2014671), (8645, 1, 2014876), (8285, 0, 2015103), (9190, 1, 2015163), (9091, 1, 2015283), (9001, 0, 2015432), (8917, 0, 2016084)]"
8302 "[(241, 2, 31670), (262, 2, 35966), (356, 2, 49518), (1552, 2, 278256), (1552, 2, 280461), (480, 2, 291083), (1682, 2, 315389), (671, 0, 333471), (671, 0, 647677), (671, 0, 647682), (1552, 2, 763735)]"
8438 "[(17, 0, 40111), (351, 0, 49009), (420, 2, 150741), (17, 0, 214194), (4186, 0, 1007299), (17, 0, 1498908), (611, 1, 1587934), (611, 1, 1589109), (2134, 2, 2047211)]"
284 "[(8350, 2, 40549), (8622, 2, 132863), (8622, 2, 135885), (8622, 2, 238938), (8622, 2, 678255), (8644, 0, 1200394), (8617, 2, 1359833), (8545, 2, 1360871), (8275, 2, 1892554), (8350, 2, 2048932)]"
8450 "[(303, 1, 43022), (435, 0, 61028), (402, 2, 607270), (402, 2, 612275), (1547, 1, 884665)]"
331 "[(8411, 2, 45592), (8411, 2, 51598), (8423, 2, 60959), (8423, 2, 61356), (8423, 2, 61406), (8633, 2, 587006), (8936, 2, 928420), (8343, 0, 1017658), (9069, 1, 1177816), (9069, 1, 1177843), (9071, 2, 1551654), (9071, 2, 1551976), (9071, 2, 1552083), (9071, 2, 1552173), (9071, 2, 1552218), (9071, 2, 1552284), (8733, 2, 1984263)]"
301 "[(8286, 2, 48303)]"
350 "[(8466, 1, 48938), (8318, 2, 908010), (8992, 0, 988761), (8992, 0, 988804), (8612, 0, 1159257), (9163, 2, 1783871)]"
371 "[(8235, 1, 52200), (8235, 1, 54257), (8467, 0, 133790), (8235, 1, 1167962)]"
384 "[(8261, 2, 56581), (8411, 2, 162157), (8372, 2, 163344), (8572, 1, 325144), (8466, 1, 596693), (8466, 1, 629133), (8341, 0, 663389), (8572, 1, 1548042), (8827, 1, 1555071), (8676, 0, 1721872), (8827, 1, 1788281), (8827, 1, 1903621)]"
421 "[(8320, 0, 59757), (8320, 0, 59886), (8320, 0, 59940), (8320, 0, 60744), (8320, 0, 60942), (8320, 0, 61241), (8320, 0, 67762), (8320, 0, 72418), (8320, 0, 72733), (8320, 0, 78284), (8423, 2, 90449), (8320, 0, 102453), (8622, 2, 138670), (8622, 2, 138697), (8888, 0, 604918), (8888, 0, 605097), (8888, 0, 605145), (8752, 2, 680996), (8752, 2, 681033), (9089, 2, 1283328), (9089, 2, 1291407), (9089, 2, 1291565), (9089, 2, 1292666), (9089, 2, 1295412), (9089, 2, 1295479), (9089, 2, 1344867), (9089, 2, 1345011), (9089, 2, 1427919), (9089, 2, 1427983), (9089, 2, 1450979), (9089, 2, 1546181), (9089, 2, 1582870)]"
423 "[(8318, 2, 59854), (8622, 2, 239259), (8384, 2, 351880), (8835, 2, 426417), (8346, 2, 437468), (8654, 0, 529248), (8346, 2, 604030), (8423, 2, 681330), (8374, 2, 878115), (8273, 1, 1018836), (8469, 0, 1023480), (8357, 0, 1035677), (8806, 0, 1045278), (8370, 0, 1097240), (8806, 0, 1179668), (8511, 0, 1194602), (8350, 2, 1202977), (8593, 2, 1203009), (8992, 0, 1265160), (9048, 1, 1288601), (8777, 0, 1305379), (8283, 0, 1336201), (8777, 0, 1369057), (8446, 1, 1369084), (8368, 1, 1422233), (8350, 2, 1422452), (8563, 0, 1451840), (8648, 1, 1451994), (8819, 0, 1452038), (8544, 0, 1464890), (8384, 2, 1640740), (8237, 0, 1703256)]"
399 "[(8320, 0, 61327), (8320, 0, 62182), (8320, 0, 62336), (8320, 0, 62476), (8320, 0, 62534), (8320, 0, 62707), (8320, 0, 63494), (8320, 0, 63583), (8320, 0, 63610), (8320, 0, 63662)]"
456 "[(8423, 2, 62993), (8699, 0, 1550190), (8430, 1, 1617793)]"
471 "[(8423, 2, 64218), (8423, 2, 64277), (8249, 2, 155351), (8380, 0, 1645340), (8380, 0, 1645420), (8380, 0, 1645507), (8917, 0, 1819771), (8917, 0, 1820073), (8917, 0, 1820090)]"
482 "[(8423, 2, 65069), (8423, 2, 65128), (8423, 2, 65416), (8318, 2, 143901), (8622, 2, 359228), (8622, 2, 401179), (8622, 2, 401310), (8622, 2, 401371), (8622, 2, 401486), (8622, 2, 401811), (8622, 2, 401988), (8633, 2, 607091), (8633, 2, 659148), (8633, 2, 659656), (8318, 2, 682481), (8752, 2, 768042), (8752, 2, 768277), (8752, 2, 768386), (8752, 2, 768484), (8752, 2, 768533), (8752, 2, 768662), (8752, 2, 768714), (8752, 2, 768738), (8752, 2, 768766), (8752, 2, 768959), (8752, 2, 769123), (8752, 2, 769233), (8617, 2, 781576), (8623, 0, 920727), (8623, 0, 920756), (9054, 2, 1041893), (9054, 2, 1041920), (9054, 2, 1041989), (9054, 2, 1042114), (9054, 2, 1042164), (9054, 2, 1042243), (9054, 2, 1042324), (9054, 2, 1120373), (9054, 2, 1120494), (8623, 0, 1369635), (8623, 0, 1369768), (8623, 0, 1369917), (8623, 0, 1549867), (8623, 0, 1549923), (9071, 2, 1610818), (9071, 2, 1611062), (8988, 1, 1643425), (8988, 1, 1643708), (8988, 1, 1645663), (8988, 1, 1645720), (8988, 1, 1645921), (8956, 1, 1869412), (8988, 1, 1967605), (8988, 1, 1992835), (8988, 1, 1993475), (8988, 1, 2045470), (8988, 1, 2045564), (8452, 0, 2059573), (8452, 0, 2059799), (8452, 0, 2060758), (8988, 1, 2077114), (8988, 1, 2077189), (8988, 1, 2077243), (8988, 1, 2077322), (8988, 1, 2077458)]"
499 "[(8423, 2, 66727), (8423, 2, 66765), (8806, 0, 1135295), (8575, 2, 1817133), (8575, 2, 1903152)]"
8276 "[(502, 2, 67263), (502, 2, 71201), (554, 2, 72965), (140, 0, 184565), (3717, 1, 934841), (3717, 1, 951067), (4027, 2, 951804), (3717, 1, 1004638), (3717, 1, 1004819), (167, 0, 1173719)]"
508 "[(8423, 2, 67755), (8423, 2, 67889), (8423, 2, 68238), (8423, 2, 68293), (8574, 0, 1824987), (8574, 0, 1825046), (8574, 0, 1825158)]"
518 "[(8423, 2, 68348)]"
8531 "[(506, 0, 69478), (2203, 2, 434216), (2246, 2, 450134), (2246, 2, 450139), (506, 0, 646744), (506, 0, 854864), (506, 0, 937125), (353, 0, 1168895), (506, 0, 1172771), (506, 0, 1172807), (506, 0, 1172894), (506, 0, 1247408), (506, 0, 1419267)]"
543 "[(8423, 2, 71534)]"
8549 "[(557, 0, 73102), (557, 0, 73228), (1710, 0, 320639), (1721, 0, 323590), (557, 0, 471510), (1710, 0, 673753), (402, 2, 750662), (557, 0, 848075), (557, 0, 848163), (557, 0, 848260), (1710, 0, 848554), (557, 0, 848764), (557, 0, 849010), (1710, 0, 856121), (235, 2, 1109916), (1710, 0, 1132420), (1710, 0, 1205249), (1710, 0, 1225299), (1103, 1, 1255943), (1710, 0, 1482475), (557, 0, 1548371), (1131, 0, 1553607), (3748, 2, 1691329)]"
374 "[(8423, 2, 73476)]"
579 "[(8277, 0, 75673), (8277, 0, 425657), (8277, 0, 425680), (8277, 0, 680056), (8277, 0, 680112), (8277, 0, 863056), (8277, 0, 1211144), (8277, 0, 1284119), (8277, 0, 1806227), (8277, 0, 1806259), (8277, 0, 2066305)]"
8554 "[(532, 2, 75957), (17, 0, 277089), (17, 0, 675486), (17, 0, 935577), (1754, 2, 1177692), (611, 1, 1900010)]"
588 "[(8256, 2, 76877), (8256, 2, 77254), (9048, 1, 1028970), (8806, 0, 1109348), (8268, 2, 1175233), (9072, 2, 1175612), (9168, 2, 2051576)]"
8559 "[(596, 1, 78366), (1082, 1, 169658), (1082, 1, 240290), (2232, 1, 445502), (2232, 1, 445825), (1082, 1, 446388), (17, 0, 480020), (17, 0, 649672), (2232, 1, 695565), (3374, 2, 743217), (3374, 2, 743386), (1268, 2, 900615), (45, 2, 1030277), (2232, 1, 1037654), (2232, 1, 1444168), (4056, 2, 1566174), (1726, 1, 1638114), (1082, 1, 1729493), (1268, 2, 1756769), (1268, 2, 1761163), (1082, 1, 1818515), (1082, 1, 1827347), (1082, 1, 1827850), (1082, 1, 1828022), (1082, 1, 1829712)]"
230 "[(8239, 1, 81084), (8239, 1, 414595)]"
8454 "[(630, 1, 83396)]"
660 "[(8441, 2, 89795), (8553, 2, 156783), (8622, 2, 334138), (8763, 1, 567419), (8905, 1, 632686), (8254, 2, 789924), (8553, 2, 1019474), (8441, 2, 1196856), (9089, 2, 1595887), (9089, 2, 1597907), (8939, 0, 1632623), (8609, 1, 1912182)]"
8591 "[(691, 1, 95579), (125, 0, 96076), (80, 0, 106368), (1189, 1, 199972), (996, 2, 329492), (996, 2, 329644), (996, 2, 329851), (996, 2, 329904), (277, 2, 344702), (17, 0, 399642), (2196, 0, 434348), (277, 2, 463974), (277, 2, 513869), (2624, 1, 545451), (17, 0, 545464), (2028, 0, 572769), (2028, 0, 573165), (1397, 2, 945891), (167, 0, 1267714), (1004, 1, 1470492), (80, 0, 1471808), (4063, 0, 1531888), (277, 2, 1604039), (277, 2, 1626094), (277, 2, 1626314), (277, 2, 1626696), (4164, 0, 1677898), (3039, 2, 1689611), (277, 2, 1720596), (4186, 0, 1721207), (4164, 0, 1735684), (125, 0, 1744956), (4634, 0, 1800082), (3930, 0, 1958890), (1663, 0, 1969487), (277, 2, 1969837), (1663, 0, 1970540), (17, 0, 1973951), (1663, 0, 1974416), (954, 2, 2007524), (532, 2, 2008038), (4634, 0, 2077183), (2196, 0, 2081367)]"
695 "[(8414, 2, 98001), (8414, 2, 147806), (8318, 2, 245484), (8414, 2, 331358), (8414, 2, 331378), (8414, 2, 496961), (8414, 2, 496975), (8414, 2, 500861), (8370, 0, 532016), (8318, 2, 580909), (8414, 2, 1102383), (9069, 1, 1184143), (8285, 0, 1802765), (8285, 0, 1802787), (8285, 0, 1802812), (8285, 0, 1806492), (8806, 0, 2073606)]"
733 "[(8603, 2, 104717)]"
734 "[(8256, 2, 105130), (8505, 0, 406992), (8505, 0, 1187601), (8505, 0, 1878449)]"
8607 "[(742, 1, 107196), (742, 1, 107266), (742, 1, 107342), (742, 1, 107396), (608, 0, 2024515)]"
8608 "[(744, 1, 107597)]"
754 "[(8588, 1, 108027), (8520, 1, 108075), (8588, 1, 409519), (9072, 2, 1180774)]"
8534 "[(207, 1, 109567), (73, 1, 117372), (1317, 2, 228689), (40, 1, 369456), (1277, 2, 727508), (1277, 2, 727578), (40, 1, 811379), (3681, 1, 844766), (5582, 2, 1461003), (40, 1, 1495167), (40, 1, 1837839)]"
659 "[(8264, 2, 111317), (8618, 0, 114640), (8635, 1, 127320), (8631, 2, 270194), (8338, 2, 353872), (8854, 2, 453925), (8514, 0, 525354), (8846, 2, 623523), (8236, 1, 696381), (8389, 1, 877078), (9026, 1, 953443), (9033, 1, 1252805), (8578, 1, 1423060), (8996, 0, 1423368), (9165, 1, 1730960), (9136, 1, 1731235), (8264, 2, 1826637), (8385, 1, 1908364)]"
8257 "[(627, 0, 115435), (1007, 1, 180600), (2135, 0, 417904), (2209, 1, 435914), (557, 0, 471801), (1778, 0, 550758), (2708, 2, 974504), (3722, 1, 1010400), (3722, 1, 1010962), (4334, 2, 1041432), (4334, 2, 1106289), (2893, 2, 1127027), (2230, 1, 1183548), (17, 0, 1214745), (2893, 2, 1220544), (4538, 0, 1315926), (4538, 0, 1456677), (2708, 2, 1871515)]"
799 "[(8236, 1, 117543), (8577, 0, 160794), (8385, 1, 290469), (8738, 1, 333612), (8385, 1, 333616), (8854, 2, 376618), (8738, 1, 376677), (8854, 2, 420348), (8854, 2, 506516), (8236, 1, 722335), (8990, 2, 765437), (8990, 2, 1067855), (8990, 2, 1111096), (9136, 1, 1629814), (8800, 1, 1716368), (9165, 1, 1716372), (9165, 1, 1802494), (9136, 1, 1968331), (9023, 1, 2061840)]"
8552 "[(845, 2, 128748), (2063, 1, 404025), (954, 2, 1310574), (611, 1, 1325615), (1726, 1, 1458033)]"
870 "[(8411, 2, 135193), (8256, 2, 139659), (8755, 2, 401853), (8755, 2, 402848), (8789, 1, 408311), (8411, 2, 493387), (8411, 2, 753123), (8411, 2, 848292), (9026, 1, 927420), (8343, 0, 1033103), (8343, 0, 1033261), (9053, 1, 1187732), (8723, 1, 1263787), (8411, 2, 1273006), (8990, 2, 1355280), (8990, 2, 1355496), (8411, 2, 1464154), (9071, 2, 1558795), (9177, 0, 1858028)]"
890 "[(8657, 2, 139887), (8854, 2, 406680), (8854, 2, 412893), (8854, 2, 413285), (8854, 2, 413732), (8854, 2, 477461), (8542, 1, 588557), (8855, 1, 1215520), (9159, 2, 1703825), (8726, 0, 1778771)]"
892 "[(8423, 2, 140252)]"
8663 "[(900, 1, 141350), (1594, 2, 1697261)]"
8672 "[(943, 1, 149635)]"
935 "[(8285, 0, 149949), (8622, 2, 194790), (8262, 0, 335947), (8262, 0, 336075), (8262, 0, 336119), (8588, 1, 497569), (8361, 0, 507573), (8361, 0, 507578), (8888, 0, 577004), (8521, 0, 668619), (8888, 0, 675169), (8285, 0, 698754), (8285, 0, 698973), (8536, 0, 752000), (8536, 0, 752069), (8467, 0, 856863), (8467, 0, 856878), (8467, 0, 856912), (8467, 0, 856923), (8623, 0, 924740), (8623, 0, 924782), (8623, 0, 924807), (9048, 1, 1014739), (9048, 1, 1014759), (8285, 0, 1017802), (8521, 0, 1018023), (8521, 0, 1018069), (8521, 0, 1019972), (8521, 0, 1020350), (9072, 2, 1186860), (9072, 2, 1186869), (9072, 2, 1186912), (9069, 1, 1215522), (9096, 2, 1384260), (9096, 2, 1386969), (9089, 2, 1450993), (8467, 0, 1452391), (8285, 0, 1453263), (8285, 0, 1453303), (8623, 0, 1534912), (9096, 2, 1555521), (9163, 2, 1717489), (9163, 2, 1717505), (8521, 0, 1785334), (8285, 0, 1806923), (9163, 2, 1814631), (8283, 0, 1878752), (9027, 2, 1916905), (9020, 0, 1979127), (9168, 2, 1986780), (9140, 1, 2064234), (9140, 1, 2064244)]"
957 "[(8658, 1, 150998), (8658, 1, 151024)]"
318 "[(8372, 2, 152603), (8622, 2, 153166), (8622, 2, 164278), (8622, 2, 164404), (8572, 1, 331357), (8572, 1, 331389), (8572, 1, 331695), (8572, 1, 335975), (8572, 1, 336173), (8892, 2, 503428), (8261, 2, 617452), (8617, 2, 900927), (8992, 0, 1026039), (8992, 0, 1026135), (8992, 0, 1026267), (8992, 0, 1026424), (8992, 0, 1026500), (8992, 0, 1026536), (8992, 0, 1026706), (8992, 0, 1026926), (8992, 0, 1027788), (8992, 0, 1027919), (8992, 0, 1028000), (8992, 0, 1028110), (8992, 0, 1028200), (8992, 0, 1028375), (8992, 0, 1028508), (8992, 0, 1028544), (8992, 0, 1029139), (8992, 0, 1029176), (8992, 0, 1029257), (8992, 0, 1029482), (8992, 0, 1029711), (8992, 0, 1029875), (8806, 0, 1066040), (8806, 0, 1066587), (8806, 0, 1066954), (9069, 1, 1211388), (9069, 1, 1211613), (9069, 1, 1304295), (9096, 2, 1304998), (8992, 0, 1408047)]"
983 "[(8676, 0, 153874), (8557, 2, 188975), (8537, 1, 674765), (8537, 1, 674866), (8537, 1, 674915), (8537, 1, 675101), (8820, 1, 677575), (8820, 1, 685948), (8582, 0, 686674), (8244, 1, 687499), (8991, 1, 758436), (8991, 1, 758535), (8332, 0, 887074), (8254, 2, 963100), (8950, 1, 1112487), (8505, 0, 1305092), (8818, 2, 1447994), (8651, 2, 1471735)]"
8683 "[(867, 2, 154082), (1033, 0, 161370), (2365, 0, 930498), (4157, 2, 999943), (2179, 1, 1004294), (600, 0, 1020321), (1046, 0, 1340483), (2176, 1, 1387924), (1033, 0, 1435707), (532, 2, 1491465), (1033, 0, 1620615), (1033, 0, 1625630), (1033, 0, 1704991), (1033, 0, 1705222), (5864, 2, 1737985), (1270, 1, 1885953)]"
8604 "[(1014, 2, 158546), (1319, 0, 229973), (1319, 0, 311996), (1319, 0, 312120), (8, 1, 428345), (50, 2, 1285287), (1184, 1, 1293785)]"
1036 "[(8273, 1, 161791), (8273, 1, 161839), (8273, 1, 161871), (8273, 1, 356671), (8373, 2, 597260), (8373, 2, 597332), (8373, 2, 597412), (8373, 2, 597435), (8373, 2, 597628), (8888, 0, 610836), (8588, 1, 949943), (8588, 1, 949982), (8415, 2, 1227595), (9078, 2, 1228427), (9078, 2, 1228462), (9078, 2, 1228487), (9078, 2, 1228565), (8415, 2, 1228963), (9078, 2, 1309935), (9078, 2, 1310666), (8952, 0, 1370656), (8952, 0, 1370715), (9135, 0, 1818454), (8943, 2, 1829895), (8943, 2, 1829951), (8943, 2, 1829983), (9168, 2, 2000813)]"
1040 "[(8358, 2, 163133), (8235, 1, 416625), (8358, 2, 687683), (8358, 2, 707562)]"
162 "[(8568, 1, 165301), (8568, 1, 354869), (8391, 1, 422543), (8568, 1, 1244773), (8568, 1, 1297054), (8568, 1, 1297877), (8568, 1, 1454918), (8568, 1, 1662672), (8391, 1, 1902261)]"
1039 "[(8528, 2, 167563)]"
1101 "[(8622, 2, 173692)]"
8566 "[(1103, 1, 174539)]"
512 "[(8462, 0, 177029), (8735, 1, 1792809)]"
8535 "[(1127, 2, 181046), (1127, 2, 225212), (1925, 2, 362427), (1925, 2, 362436), (1046, 0, 1546485), (1191, 2, 1711661), (959, 2, 1746987), (959, 2, 1747113), (959, 2, 1747142), (959, 2, 1747256), (959, 2, 1747275), (959, 2, 1747303), (959, 2, 1747764), (959, 2, 1747823), (959, 2, 1747865), (959, 2, 1748011), (959, 2, 1748104), (959, 2, 1748136), (959, 2, 1801279), (959, 2, 1801337), (959, 2, 1807623), (959, 2, 1807686), (959, 2, 1811046), (959, 2, 1811080), (959, 2, 1811107), (959, 2, 1915981), (959, 2, 1988590), (959, 2, 1988660), (532, 2, 2047472), (1925, 2, 2054165), (1925, 2, 2054479)]"
8260 "[(1134, 0, 183174), (1417, 2, 247693), (1382, 2, 266344), (1382, 2, 266393), (713, 0, 276986), (1382, 2, 316961), (1382, 2, 317462), (1382, 2, 317744), (1382, 2, 317893), (1382, 2, 335153), (1382, 2, 335295), (1382, 2, 336006), (1382, 2, 336119), (570, 2, 803817), (3748, 2, 930483), (402, 2, 957177), (2293, 2, 996753), (17, 0, 1003483), (165, 2, 1024689), (165, 2, 1024810), (165, 2, 1024885), (165, 2, 1024979), (165, 2, 1025131), (165, 2, 1025213), (165, 2, 1025267), (165, 2, 1025405), (165, 2, 1025481), (165, 2, 1025589), (2196, 0, 1116744), (105, 2, 1206803), (1778, 0, 1266731), (1046, 0, 1340143), (1046, 0, 1340211), (1046, 0, 1340239), (1046, 0, 1340299), (3886, 2, 1595780), (1885, 2, 1624791), (277, 2, 1625456), (277, 2, 1625995), (277, 2, 1626771), (277, 2, 1626915), (277, 2, 1626985), (1885, 2, 1627428), (277, 2, 1627624), (277, 2, 1627664), (2138, 2, 1632389), (2138, 2, 1632465), (317, 2, 1632528), (2138, 2, 1632562), (317, 2, 1632600), (4489, 0, 1646469), (1885, 2, 1712513), (277, 2, 1720397), (3407, 2, 1812178), (1562, 0, 1838631), (3407, 2, 1862250), (175, 1, 1870142), (552, 0, 1908310), (552, 0, 1908351), (3514, 2, 1965026), (3831, 2, 1980670), (4579, 2, 2004343), (1726, 1, 2071528), (17, 0, 2074765)]"
447 "[(8577, 0, 184204)]"
430 "[(8703, 2, 186060), (8703, 2, 190424), (8703, 2, 407715), (8703, 2, 408052), (8703, 2, 408092), (8703, 2, 579697), (8703, 2, 1714957), (8703, 2, 1800855), (8703, 2, 1825740), (8703, 2, 2050674), (8703, 2, 2084987)]"
8720 "[(17, 0, 186869), (1594, 2, 1684367)]"
8722 "[(744, 1, 190471), (532, 2, 255193), (167, 0, 257299), (1013, 0, 262118), (156, 2, 267609), (17, 0, 270554), (2093, 0, 496826)]"
1185 "[(8421, 2, 198690), (8466, 1, 199886), (8466, 1, 200296), (8246, 0, 720972), (8463, 0, 727485), (8928, 2, 913972), (8745, 2, 967684), (8346, 2, 1004756), (8346, 2, 1084837), (8346, 2, 1085171), (8346, 2, 1155889), (8402, 2, 1331847), (8402, 2, 1332083), (8402, 2, 1332171), (9113, 1, 1497531), (9113, 1, 1497631), (9113, 1, 1497961), (9113, 1, 1498140), (9113, 1, 1498212), (9113, 1, 1498488), (8402, 2, 1512414), (8346, 2, 1583268), (8346, 2, 1585239), (8346, 2, 1585339), (8346, 2, 1782761), (9140, 1, 1826909), (9140, 1, 1826979), (9140, 1, 1832768)]"
1188 "[(8256, 2, 199955), (8336, 2, 769889), (8336, 2, 964021), (8546, 2, 1138786), (9168, 2, 1828301), (9168, 2, 1892353), (9168, 2, 1918018), (9168, 2, 1918044)]"
1218 "[(8372, 2, 207504), (8372, 2, 235842), (8372, 2, 253069), (8839, 1, 343008), (8950, 1, 636585), (9127, 0, 1501367), (9127, 0, 1501679), (9127, 0, 1501715), (9127, 0, 1530115), (9127, 0, 1633916), (9127, 0, 1635284), (9127, 0, 1635343)]"
8579 "[(961, 0, 207620), (1359, 1, 238823), (1561, 0, 282075), (304, 2, 337141), (402, 2, 1126260), (402, 2, 1133943), (402, 2, 1134267)]"
8734 "[(228, 2, 208977), (1443, 2, 253655), (1443, 2, 253708), (1443, 2, 253783), (1443, 2, 253899), (1443, 2, 253968), (1443, 2, 254035), (1443, 2, 254522), (1443, 2, 255126), (1443, 2, 255275), (1443, 2, 255593), (1443, 2, 255789), (1443, 2, 256387), (1443, 2, 256732), (1443, 2, 257264), (167, 0, 257410), (731, 2, 262716), (731, 2, 263603), (1013, 0, 265872), (1443, 2, 269228), (1443, 2, 269773), (1443, 2, 270253), (1602, 2, 293668), (1443, 2, 334749), (1443, 2, 335005), (1443, 2, 335079), (1443, 2, 336700), (1812, 2, 336823), (1443, 2, 337168), (198, 0, 373159), (198, 0, 373174), (974, 2, 411165), (974, 2, 411331), (974, 2, 411451), (109, 1, 421275), (1443, 2, 422474), (1176, 1, 431334), (1378, 2, 578016), (2726, 0, 658728), (2726, 0, 659698), (1443, 2, 669984), (731, 2, 787088), (1443, 2, 845186), (356, 2, 913500), (109, 1, 1243191), (912, 0, 1396241), (1137, 1, 1644565), (17, 0, 1729681), (5532, 0, 1729797), (4586, 0, 1729905), (109, 1, 1873440), (1647, 2, 1969891), (67, 1, 2076076), (1007, 1, 2076174)]"
291 "[(8703, 2, 209048), (8703, 2, 209083), (8703, 2, 357547), (8295, 0, 399376), (8463, 0, 471068), (8235, 1, 575216), (8471, 1, 734000), (8295, 0, 908807), (8387, 1, 1053254), (8358, 2, 1070854), (8577, 0, 1175547), (8295, 0, 1180025), (8471, 1, 1504201), (8612, 0, 1521904), (8703, 2, 1567505), (8703, 2, 1567581), (8703, 2, 1568627), (8703, 2, 1586236), (8703, 2, 1673138), (8471, 1, 1683981), (8964, 0, 1762960), (8471, 1, 1784810), (8703, 2, 1851560), (8471, 1, 1935717), (8962, 2, 2017959)]"
8269 "[(608, 0, 210111), (1549, 2, 277839), (1549, 2, 466161), (3015, 2, 637417), (3015, 2, 637697), (3015, 2, 637721), (3015, 2, 637782), (611, 1, 860649), (1277, 2, 1065979), (1277, 2, 1066002)]"
8719 "[(1245, 2, 213789), (1261, 2, 216998), (731, 2, 309803), (1729, 2, 325551), (1958, 0, 378266), (745, 0, 444779), (745, 0, 444948), (745, 0, 445096), (2683, 2, 563511), (731, 2, 940987), (2708, 2, 1008291), (532, 2, 1022852), (17, 0, 1023542), (3896, 1, 1096039), (4752, 0, 1978573)]"
1247 "[(8246, 0, 214172), (8955, 1, 1318453)]"
8687 "[(71, 2, 214532), (1754, 2, 329149), (1778, 0, 332670), (71, 2, 345515), (71, 2, 496774), (1840, 1, 501349), (1840, 1, 501456), (2153, 2, 652371), (2153, 2, 653004), (2153, 2, 655088), (71, 2, 722912), (156, 2, 874602), (532, 2, 926234), (2153, 2, 1017017), (2923, 2, 1123078), (71, 2, 1206345), (4752, 0, 1376092), (2153, 2, 1439202), (912, 0, 1566872), (611, 1, 1597456), (17, 0, 1790433)]"
1267 "[(8397, 2, 217767), (8397, 2, 347774), (8397, 2, 350241), (8397, 2, 776841)]"
8601 "[(1277, 2, 220598), (1277, 2, 220627), (4020, 2, 949408), (532, 2, 1128565), (17, 0, 1235203), (3863, 2, 1330030)]"
8417 "[(402, 2, 229832), (67, 1, 396588), (1184, 1, 419073)]"
8488 "[(1347, 1, 236071)]"
8367 "[(1344, 0, 237408), (40, 1, 289953), (1184, 1, 348512), (67, 1, 755850), (611, 1, 943466), (532, 2, 1018684), (1663, 0, 1181382), (1344, 0, 1563766)]"
1375 "[(8413, 2, 241045), (8413, 2, 728285), (8413, 2, 1303535), (8413, 2, 1303712)]"
1389 "[(8262, 0, 243276), (8262, 0, 243298), (8295, 0, 877355), (8586, 2, 1601366), (8586, 2, 1863714)]"
1390 "[(8299, 2, 243366), (8299, 2, 243430), (8299, 2, 541272), (8299, 2, 579279)]"
8365 "[(1412, 2, 246615), (2591, 1, 533206), (2591, 1, 533295), (4736, 1, 1261412), (4736, 1, 1347152), (467, 2, 1817140)]"
1419 "[(8622, 2, 247872)]"
1423 "[(8312, 0, 248825)]"
8408 "[(385, 2, 253184), (1981, 1, 384089), (1595, 2, 608935), (175, 1, 816453)]"
8447 "[(749, 1, 254218), (744, 1, 392296), (367, 2, 479731), (2989, 0, 628192), (664, 2, 1095314), (532, 2, 1111465)]"
8375 "[(1458, 2, 257789), (537, 1, 743746), (1726, 1, 751706), (537, 1, 1502564), (537, 1, 1609334)]"
1466 "[(8411, 2, 259672), (8556, 1, 509351)]"
1471 "[(8553, 2, 260391), (8882, 2, 447710), (8899, 1, 706732), (8868, 1, 706778), (8426, 1, 876048), (8894, 2, 1654643), (9116, 1, 1655342), (8606, 1, 1916389), (9177, 0, 1916563)]"
571 "[(8772, 2, 261095), (8779, 2, 270438), (8772, 2, 965753), (8772, 2, 965976), (8772, 2, 967417), (8772, 2, 967495), (8772, 2, 967893), (8772, 2, 968302), (8772, 2, 968763), (8772, 2, 969209), (8772, 2, 970242), (8772, 2, 1456936)]"
8694 "[(165, 2, 261128), (165, 2, 261155), (165, 2, 261180), (165, 2, 261195), (165, 2, 261232), (165, 2, 261262), (165, 2, 261299), (165, 2, 261325), (165, 2, 266176), (165, 2, 272351), (165, 2, 272385), (1721, 0, 1476810), (2710, 0, 1906994), (2710, 0, 1907112)]"
1494 "[(8246, 0, 265859), (8414, 2, 694086)]"
1519 "[(8411, 2, 270950), (8411, 2, 270973)]"
750 "[(8477, 2, 271077), (8296, 2, 276605), (8299, 2, 1826666)]"
8688 "[(57, 1, 282770), (1549, 2, 615256), (1549, 2, 615756), (1549, 2, 616767), (1549, 2, 617812), (40, 1, 713526), (40, 1, 807392), (1549, 2, 975058), (1549, 2, 975540), (73, 1, 979183), (1726, 1, 1878070)]"
8791 "[(1570, 2, 284084), (1570, 2, 284729), (1277, 2, 406271), (1277, 2, 406292), (1277, 2, 406308), (2196, 0, 1116683), (2196, 0, 1116724), (2196, 0, 1116791), (156, 2, 1558148), (2246, 2, 1620703), (2246, 2, 1620705)]"
1572 "[(8793, 1, 285748)]"
8510 "[(40, 1, 290163), (996, 2, 330465), (996, 2, 330508), (40, 1, 370548), (80, 0, 598534), (80, 0, 874169), (80, 0, 951060), (611, 1, 1122197), (1970, 1, 1485287), (576, 2, 1611861), (80, 0, 1632250), (80, 0, 1632445), (1270, 1, 1822781), (1404, 2, 1866007), (1404, 2, 1866054), (1404, 2, 1866228), (1404, 2, 1866311), (1404, 2, 1866332), (1404, 2, 1866366), (1404, 2, 1866409), (1404, 2, 1866429), (1404, 2, 1866474), (1404, 2, 1866499), (1404, 2, 1866632), (1404, 2, 1866664), (1404, 2, 1866727), (1404, 2, 1866747), (1404, 2, 1867035), (80, 0, 1894439), (80, 0, 1894966), (576, 2, 1921421), (80, 0, 1997999)]"
63 "[(8467, 0, 290559), (8411, 2, 1238824), (8411, 2, 1240414)]"
1601 "[(8564, 1, 293402), (8564, 1, 381052), (8564, 1, 381110), (8422, 1, 397396), (8564, 1, 1513500), (8564, 1, 1513706), (8564, 1, 1514051)]"
509 "[(8644, 0, 302332), (8806, 0, 305774), (8800, 1, 494937), (8265, 2, 562303), (8471, 1, 650277), (8486, 2, 824234), (9012, 2, 825575), (9012, 2, 825746), (8331, 2, 1084265), (8301, 0, 1165076), (8249, 2, 1173182), (8411, 2, 1173223), (8285, 0, 1349324), (8644, 0, 1515588), (8283, 0, 1522238), (8283, 0, 1522761), (8283, 0, 1556156), (9093, 1, 1947941)]"
8292 "[(1668, 2, 312732), (645, 2, 529619), (5583, 2, 1461104), (52, 1, 1461234), (52, 1, 1528411), (52, 1, 1635829), (476, 0, 1655253), (3833, 1, 1658182), (1277, 2, 1673824), (1277, 2, 1673875), (1277, 2, 1673898), (1635, 2, 1686733), (476, 0, 1699720), (570, 2, 1915696)]"
8805 "[(537, 1, 317096), (537, 1, 317154), (537, 1, 321374), (537, 1, 379291), (1397, 2, 710091), (1397, 2, 710199), (67, 1, 756327), (3317, 0, 1190057)]"
8241 "[(1720, 2, 323109), (2501, 1, 515192), (3036, 1, 643717), (3036, 1, 643813), (3183, 0, 685956), (1397, 2, 688835), (3183, 0, 760240), (3183, 0, 760634), (1729, 2, 822887), (3567, 2, 835287), (45, 2, 1028586), (761, 2, 1055165), (731, 2, 1100054), (2093, 0, 1187237), (4791, 0, 1189077), (2013, 2, 1264936), (187, 2, 1273079), (3108, 0, 1274521), (3108, 0, 1274525), (2429, 1, 1294410), (2429, 1, 1294453), (449, 2, 1297900), (4736, 1, 1346929), (731, 2, 1396602), (731, 2, 1396812), (6464, 2, 1826455)]"
573 "[(8572, 1, 328733), (8572, 1, 329671), (8419, 0, 1179252)]"
8352 "[(1756, 2, 330438), (17, 0, 597249), (6834, 2, 2001520)]"
1765 "[(8469, 0, 330438)]"
1793 "[(8588, 1, 334288), (8423, 2, 401170), (8423, 2, 404319), (8411, 2, 479801), (8301, 0, 681308), (8470, 1, 731117), (8470, 1, 731375), (8470, 1, 731442), (8588, 1, 839422), (8588, 1, 839505), (9048, 1, 1024354)]"
8479 "[(1799, 0, 335108), (2234, 0, 611873)]"
1800 "[(8286, 2, 335152), (8286, 2, 335841), (8286, 2, 336425), (8286, 2, 341952), (8286, 2, 377753), (8286, 2, 378066), (8286, 2, 378131), (8286, 2, 384115), (8286, 2, 430360), (8286, 2, 770644), (8286, 2, 770744), (8286, 2, 936961), (8286, 2, 1113008), (8286, 2, 1113767), (8286, 2, 1466282)]"
1804 "[(8520, 1, 335846), (8520, 1, 336041), (8520, 1, 336091), (8520, 1, 338912), (8520, 1, 662866), (9048, 1, 1010522), (9048, 1, 1115794), (9048, 1, 1115830), (9048, 1, 1115897), (8940, 1, 1195659), (8772, 2, 1266844)]"
1827 "[(8588, 1, 339434)]"
483 "[(8828, 1, 341987), (8828, 1, 342042), (8828, 1, 342171), (8828, 1, 343333), (8828, 1, 691427), (8545, 2, 1024655), (8545, 2, 1178501), (8952, 0, 1444795), (8952, 0, 1444861), (8952, 0, 1444914)]"
8571 "[(1290, 1, 345248), (2658, 1, 554763), (1219, 1, 807446), (1219, 1, 807521), (167, 0, 1392983)]"
8526 "[(1872, 2, 350535), (570, 2, 873479), (2078, 2, 930153), (570, 2, 1029958), (570, 2, 1029994), (570, 2, 1040977), (570, 2, 1040996), (1417, 2, 1046796), (40, 1, 1062014), (3238, 0, 1117061), (1754, 2, 1279252), (570, 2, 1481630), (5622, 1, 1535054), (570, 2, 1539212), (570, 2, 1547053), (2055, 2, 1602866), (2055, 2, 1602976), (449, 2, 1653708), (449, 2, 1653753), (449, 2, 1653878), (3969, 1, 1702300), (826, 1, 1735034), (570, 2, 1975595), (3238, 0, 2040322)]"
993 "[(8503, 2, 354214), (9015, 2, 1040772), (8507, 1, 1145495), (8968, 1, 1990178)]"
8314 "[(1897, 2, 356130), (17, 0, 409032), (148, 0, 485950), (2388, 0, 492045), (2388, 0, 493699), (167, 0, 494801), (1577, 0, 964060), (4707, 1, 1172062), (1577, 0, 1240731), (1897, 2, 1256008), (1577, 0, 1278246), (211, 0, 1614293), (1848, 0, 1643466), (1848, 0, 1644176), (954, 2, 1742886)]"
1401 "[(8358, 2, 356682), (8358, 2, 396200), (8358, 2, 791356), (8358, 2, 854523)]"
8843 "[(45, 2, 357128), (40, 1, 542113)]"
8356 "[(125, 0, 360329), (17, 0, 415752), (17, 0, 502589), (356, 2, 654174), (1443, 2, 675638), (1443, 2, 679198), (1443, 2, 865535), (1443, 2, 865645), (570, 2, 874547), (80, 0, 1031666), (80, 0, 1031742), (608, 0, 1201065), (608, 0, 1201337), (1443, 2, 1297167), (1443, 2, 1297406), (1443, 2, 1298251), (75, 2, 1394539), (79, 2, 1448854), (79, 2, 1449007), (1443, 2, 1487799), (80, 0, 1489200), (80, 0, 1489235), (1443, 2, 1557159), (1443, 2, 1558897), (1443, 2, 1559059), (1443, 2, 1559305), (1443, 2, 1614342), (1443, 2, 1614560), (5853, 1, 1640716), (1443, 2, 1874531), (1443, 2, 1884464), (1443, 2, 1898831), (79, 2, 2048742), (79, 2, 2049611), (79, 2, 2049892), (1443, 2, 2057569), (1443, 2, 2057930)]"
1928 "[(8622, 2, 364328), (8622, 2, 365952)]"
1933 "[(8393, 2, 365962), (8334, 1, 596920), (8453, 0, 2046530)]"
762 "[(8391, 1, 366052), (8391, 1, 495638), (8413, 2, 959594), (8391, 1, 1040068), (8467, 0, 1577090), (8391, 1, 1738037)]"
1866 "[(8318, 2, 367928), (8318, 2, 1651479)]"
8781 "[(17, 0, 368350), (1778, 0, 1066411), (627, 0, 1317864), (627, 0, 1812844), (627, 0, 1812961)]"
8371 "[(1946, 0, 373936), (1064, 2, 424648), (3811, 0, 882582), (17, 0, 1158969), (1975, 0, 2061218), (1975, 0, 2061313), (1975, 0, 2061529)]"
8847 "[(611, 1, 381028), (1176, 1, 658410), (45, 2, 721008), (45, 2, 768125), (67, 1, 2045486)]"
1206 "[(8852, 2, 393225), (8852, 2, 644573), (9048, 1, 1012281), (9048, 1, 1014398), (8937, 2, 1784487)]"
2042 "[(8358, 2, 399059), (8377, 0, 575424), (8358, 2, 1572778)]"
2087 "[(8640, 1, 409013), (8433, 2, 1625773), (8380, 0, 1627979), (8577, 0, 1629215), (8838, 0, 1701477)]"
246 "[(8772, 2, 409561), (8777, 0, 468238), (8893, 0, 985265), (8532, 0, 985678), (8766, 1, 986093)]"
8872 "[(2093, 0, 410307), (277, 2, 598883), (2877, 2, 603032), (2877, 2, 603060), (1284, 1, 635391), (1284, 1, 635425), (1284, 1, 635454), (277, 2, 776204), (277, 2, 1202551), (277, 2, 1202604), (4248, 2, 1356820), (5286, 2, 1637321), (4248, 2, 2059477), (4248, 2, 2059779), (4248, 2, 2061940)]"
2105 "[(8801, 0, 412537), (8593, 2, 463832)]"
2114 "[(8644, 0, 414565), (9031, 0, 1170607), (8471, 1, 1715507), (8778, 2, 2045699)]"
2130 "[(8319, 2, 416667), (8319, 2, 416997), (8466, 1, 1300871)]"
2131 "[(8639, 2, 416689), (8639, 2, 423690), (8639, 2, 423858), (8435, 1, 609534), (8639, 2, 955868), (8587, 0, 1264866), (8628, 1, 1347220), (9113, 1, 1470343), (8639, 2, 1503082), (8639, 2, 1693638)]"
8871 "[(148, 0, 418079), (207, 1, 709214)]"
2054 "[(8765, 1, 418687)]"
8875 "[(611, 1, 422221), (1970, 1, 447511), (608, 0, 1793723), (608, 0, 1944390)]"
1038 "[(8249, 2, 428678), (8249, 2, 484765), (8249, 2, 513573), (8249, 2, 536857), (8249, 2, 536883), (8249, 2, 600191), (8249, 2, 600226), (8249, 2, 600253)]"
2198 "[(8801, 0, 433286), (8801, 0, 433352), (8801, 0, 433379), (8801, 0, 456392), (8411, 2, 1019404), (8402, 2, 1202700)]"
8240 "[(26, 2, 433954)]"
628 "[(8236, 1, 434380), (8433, 2, 501202), (9081, 2, 1951742), (8801, 0, 2060440)]"
8848 "[(1176, 1, 436037), (156, 2, 462806), (156, 2, 463135), (156, 2, 463966), (156, 2, 464148), (156, 2, 464304), (156, 2, 464804), (156, 2, 465150), (1268, 2, 900688), (1268, 2, 1184663), (367, 2, 1606123), (1268, 2, 1624971)]"
383 "[(8312, 0, 439465), (8414, 2, 830362), (8414, 2, 864014), (8410, 2, 868245), (8757, 2, 1959840), (8423, 2, 2062771)]"
2220 "[(8480, 2, 441136)]"
2096 "[(8888, 0, 447455)]"
2242 "[(8717, 2, 447984), (8930, 2, 576530), (8373, 2, 579186)]"
828 "[(8622, 2, 451391), (8622, 2, 451515), (8622, 2, 451971), (9168, 2, 2091647), (9168, 2, 2091927), (9168, 2, 2091997)]"
8231 "[(1586, 2, 451490), (3039, 2, 644683), (3039, 2, 644731)]"
8539 "[(45, 2, 451841), (630, 1, 862638), (73, 1, 1082366), (630, 1, 1480307), (630, 1, 1724501), (630, 1, 1987057), (630, 1, 1995560), (40, 1, 2025646), (630, 1, 2051285)]"
2263 "[(8284, 2, 457148)]"
1854 "[(8635, 1, 461127), (8477, 2, 688735)]"
8896 "[(466, 2, 476672), (644, 2, 481908), (539, 2, 482325), (644, 2, 482787), (2335, 2, 483192), (2335, 2, 483297), (17, 0, 483671), (277, 2, 485828), (2357, 2, 486848), (84, 2, 492179), (2436, 2, 500897), (2436, 2, 500946), (2447, 2, 502266), (277, 2, 502717), (277, 2, 503009), (277, 2, 503042), (277, 2, 503104), (277, 2, 503226), (277, 2, 503244), (277, 2, 503518), (2488, 1, 512642), (2447, 2, 597945), (277, 2, 598315), (277, 2, 598413), (1382, 2, 698433), (3594, 2, 817134), (1985, 0, 2040659)]"
8547 "[(353, 0, 480452), (353, 0, 683667), (1912, 0, 692123), (353, 0, 739926), (3774, 0, 874944), (353, 0, 910085), (353, 0, 910173), (353, 0, 910246), (1912, 0, 931520), (353, 0, 934868), (353, 0, 934951), (1912, 0, 940975), (353, 0, 1105912), (353, 0, 1255206), (353, 0, 1257601), (353, 0, 1257864), (2881, 0, 1285812), (3774, 0, 1482450), (353, 0, 1519975), (17, 0, 1566855), (4604, 0, 1996607), (4604, 0, 1996808), (353, 0, 2068981)]"
8900 "[(934, 2, 482195), (934, 2, 501329), (934, 2, 510539), (934, 2, 761086), (934, 2, 771167), (934, 2, 827486), (934, 2, 835266), (1880, 2, 1135519), (934, 2, 1354196), (934, 2, 1449387), (934, 2, 1724032), (934, 2, 1969192), (934, 2, 1979204), (934, 2, 2037201), (934, 2, 2049720), (934, 2, 2065677)]"
8351 "[(172, 2, 488015), (2708, 2, 595117), (2899, 2, 606737), (3146, 0, 743293), (17, 0, 1697586), (172, 2, 1788993), (1943, 0, 1847362), (744, 1, 1944657), (2138, 2, 1969877), (172, 2, 1976329)]"
8883 "[(148, 0, 493258), (761, 2, 510299), (761, 2, 510363), (17, 0, 512569), (317, 2, 513154), (317, 2, 513155), (125, 0, 1276596), (167, 0, 1786643)]"
8887 "[(867, 2, 493825), (985, 2, 523883), (600, 0, 524872), (2353, 2, 528278), (2353, 2, 528342), (492, 2, 529128), (2572, 2, 529517), (142, 2, 530058), (142, 2, 530396), (142, 2, 530424), (142, 2, 530680), (142, 2, 530748), (142, 2, 530902), (142, 2, 531317), (142, 2, 531403), (142, 2, 531508), (142, 2, 531919), (142, 2, 532204), (142, 2, 532416), (985, 2, 532693), (985, 2, 532773), (985, 2, 532894), (985, 2, 533091), (142, 2, 533115), (142, 2, 533205), (985, 2, 533222), (142, 2, 533257), (142, 2, 533557), (142, 2, 533582), (142, 2, 533881), (142, 2, 533969), (142, 2, 534032), (142, 2, 534325), (142, 2, 534464), (142, 2, 534729), (142, 2, 534977), (142, 2, 542009), (142, 2, 546050), (2797, 2, 589011), (2797, 2, 590802), (142, 2, 593848), (2855, 2, 597784), (2855, 2, 597922), (2855, 2, 598023), (142, 2, 601028), (1998, 0, 601836), (1998, 0, 601876), (2577, 0, 602339), (2875, 0, 602815), (142, 2, 603326), (142, 2, 603352), (1610, 1, 618758), (1610, 1, 618850), (2965, 1, 621678), (2965, 1, 621896), (2965, 1, 621982), (17, 0, 657375), (17, 0, 657593), (103, 1, 657729), (103, 1, 658021), (2246, 2, 658398), (2246, 2, 658400), (1527, 2, 668767), (3121, 1, 672486), (1270, 1, 675528), (1270, 1, 675637), (1549, 2, 678555), (2654, 2, 681742), (142, 2, 698674), (3255, 0, 705610), (3266, 2, 709307), (2855, 2, 745698), (1829, 0, 746062), (675, 2, 776599), (2797, 2, 777416), (675, 2, 777797), (1224, 2, 840616), (3708, 0, 852069), (142, 2, 909722), (17, 0, 945200), (552, 0, 986782), (990, 1, 996681), (990, 1, 996791), (990, 1, 996951), (511, 2, 1015326), (511, 2, 1015439), (3121, 1, 1043586), (3503, 1, 1228185), (996, 2, 1313265), (996, 2, 1313315), (996, 2, 1313375), (996, 2, 1313423), (996, 2, 1313480), (142, 2, 1421511), (285, 1, 1511690), (954, 2, 1962412), (402, 2, 1979159), (119, 2, 2085180), (119, 2, 2085223), (119, 2, 2085263), (119, 2, 2085316), (119, 2, 2085445), (119, 2, 2085470), (119, 2, 2086134), (119, 2, 2086191), (119, 2, 2086291), (119, 2, 2086434), (119, 2, 2087126), (119, 2, 2087417), (119, 2, 2087460), (119, 2, 2087566), (119, 2, 2088368)]"
8881 "[(17, 0, 495688)]"
2374 "[(8854, 2, 498613), (8324, 1, 722890), (8676, 0, 1478678), (9001, 0, 1489248)]"
8908 "[(2428, 2, 499111), (1726, 1, 1285258), (954, 2, 1311926)]"
2024 "[(8545, 2, 509369), (8545, 2, 611380), (8545, 2, 611523)]"
8251 "[(445, 1, 513002), (445, 1, 513120), (2936, 0, 861088), (40, 1, 1153252), (5475, 2, 1424405), (4296, 1, 1905003), (1255, 2, 1985269)]"
8558 "[(125, 0, 514057), (17, 0, 1277732), (5176, 2, 1780939)]"
2500 "[(8888, 0, 515090), (8888, 0, 515456), (8888, 0, 721814)]"
8388 "[(2503, 0, 515685), (402, 2, 780514)]"
2505 "[(8855, 1, 516001), (8588, 1, 926923)]"
2522 "[(8462, 0, 519082), (8301, 0, 601576), (8301, 0, 686092), (8235, 1, 1614189)]"
2526 "[(8582, 0, 520495), (8582, 0, 520738), (8582, 0, 520849), (8411, 2, 1044521)]"
8485 "[(703, 2, 523038), (2137, 1, 788564)]"
2593 "[(8283, 0, 533519)]"
8919 "[(703, 2, 534017), (7, 2, 1742213), (7, 2, 1745217), (2495, 0, 1892792)]"
53 "[(8593, 2, 534616), (8358, 2, 1726979)]"
2639 "[(8414, 2, 546760)]"
2468 "[(8435, 1, 559407), (8435, 1, 559428), (9163, 2, 1712016), (9163, 2, 1712071)]"
1314 "[(8888, 0, 563305), (8435, 1, 682779), (8413, 2, 684063), (8413, 2, 684114), (8413, 2, 684371), (8593, 2, 684399), (8413, 2, 684429), (8504, 0, 685042), (8917, 0, 1122425), (8577, 0, 1126530), (8952, 0, 1363492), (8544, 0, 1463915), (8544, 0, 1464023), (8334, 1, 1464247), (8544, 0, 1464265), (8544, 0, 1464317), (8544, 0, 1464959), (8544, 0, 1465065), (8544, 0, 1465433), (9071, 2, 1551444), (9142, 2, 1800944), (8446, 1, 1970877), (8346, 2, 1970898), (8346, 2, 1971083)]"
1764 "[(8373, 2, 575904), (9048, 1, 1007063)]"
8548 "[(17, 0, 577042), (532, 2, 577374), (1276, 0, 661020), (3905, 0, 920896), (2230, 1, 938388), (2230, 1, 974361), (1672, 2, 1055177), (1670, 0, 1611550), (1058, 1, 1717981), (2769, 2, 2087718)]"
1853 "[(8782, 0, 577293), (8374, 2, 609175), (8448, 1, 953296), (8448, 1, 953371), (8363, 1, 1181422), (8868, 1, 1469906)]"
2756 "[(8295, 0, 580343), (8295, 0, 598003)]"
2168 "[(8380, 0, 581341), (8380, 0, 651822)]"
8876 "[(2764, 2, 581354), (17, 0, 1097091), (17, 0, 1204189), (5300, 0, 1820508), (1806, 0, 1894963), (1806, 0, 1904062), (1806, 0, 1904407), (1806, 0, 1904606), (3646, 0, 1957829), (3646, 0, 1958317), (3646, 0, 1958366), (3646, 0, 1958495), (3646, 0, 1964178), (611, 1, 2000694)]"
8339 "[(497, 0, 584439), (3114, 2, 672893), (450, 1, 673835), (3146, 0, 676435), (17, 0, 684551), (1378, 2, 685439), (867, 2, 686897), (2636, 0, 695795), (2636, 0, 697384), (2636, 0, 697941), (17, 0, 698451), (2636, 0, 698822), (17, 0, 715913), (3295, 0, 721217), (351, 0, 722589), (3318, 2, 728095), (17, 0, 737406), (552, 0, 744065), (152, 2, 755513), (2636, 0, 767551), (2230, 1, 771157), (2230, 1, 774254), (125, 0, 789505), (500, 0, 805047), (2636, 0, 806063), (2636, 0, 806970), (73, 1, 823982), (1280, 2, 824092), (1261, 2, 848785), (3748, 2, 864342), (17, 0, 879534), (2234, 0, 880088), (2353, 2, 895829), (3592, 0, 909349), (17, 0, 916514), (1772, 1, 916993), (3893, 2, 924111), (2093, 0, 927790), (17, 0, 932185), (17, 0, 940838), (17, 0, 952992), (611, 1, 965028), (17, 0, 986486), (17, 0, 1000228), (3592, 0, 1000343), (2196, 0, 1010081), (17, 0, 1010178), (2708, 2, 1010580), (4259, 2, 1024035), (3130, 2, 1032229), (4475, 2, 1092206), (17, 0, 1092220), (17, 0, 1098852), (2110, 0, 1104597), (3091, 2, 1296498), (367, 2, 1587435)]"
8813 "[(17, 0, 586709)]"
2065 "[(8415, 2, 594057), (8498, 2, 1615850), (8498, 2, 1626889)]"
2844 "[(8762, 2, 595950)]"
2848 "[(8622, 2, 596545), (9048, 1, 1122102)]"
477 "[(8888, 0, 611564), (8888, 0, 809826), (8888, 0, 809852), (8888, 0, 809888), (8453, 0, 932942), (8453, 0, 932966), (9069, 1, 1170384), (9069, 1, 1170467), (9069, 1, 1294432), (8467, 0, 1590777), (9071, 2, 1829949), (9168, 2, 1912145), (9168, 2, 1989584)]"
8851 "[(2893, 2, 611966), (2893, 2, 612111), (4001, 1, 1015767)]"
8560 "[(1529, 2, 626479), (1529, 2, 894394)]"
8832 "[(40, 1, 629542), (1586, 2, 1066890), (73, 1, 1166013), (2137, 1, 1166182), (367, 2, 1594691)]"
8794 "[(220, 1, 637958), (5197, 2, 1318308), (220, 1, 1913313), (912, 0, 1914566), (220, 1, 1979611)]"
3014 "[(8320, 0, 639477), (8320, 0, 639768), (8320, 0, 639786), (8320, 0, 639819)]"
8661 "[(537, 1, 640715), (920, 1, 739478), (703, 2, 1486060), (703, 2, 1486187)]"
2216 "[(8623, 0, 643718), (8639, 2, 905729), (8582, 0, 1210049), (8893, 0, 1413699), (8623, 0, 1424193), (8639, 2, 1665925)]"
8807 "[(1306, 2, 649808), (346, 0, 669066), (1065, 1, 716169), (671, 0, 724498), (478, 0, 784155), (749, 1, 1240928), (3108, 0, 1707314), (3108, 0, 1707315), (346, 0, 1878180), (5538, 0, 1878293), (346, 0, 1878754), (5622, 1, 1881680)]"
8812 "[(2923, 2, 658608), (40, 1, 808101), (2923, 2, 935202), (17, 0, 999102), (167, 0, 999206), (17, 0, 1025418), (2153, 2, 1188702), (2923, 2, 1202565), (1726, 1, 1284907), (2153, 2, 1362202), (1359, 1, 1416391), (17, 0, 2047889), (17, 0, 2051599)]"
441 "[(8964, 0, 669121), (8639, 2, 767092), (8477, 2, 835761)]"
764 "[(8358, 2, 672339)]"
3142 "[(8888, 0, 675937), (8507, 1, 800439), (8507, 1, 800739)]"
2571 "[(8582, 0, 678034), (8582, 0, 678521), (8582, 0, 679772), (8582, 0, 874820)]"
1376 "[(8278, 0, 678787), (8278, 0, 678804), (8278, 0, 679777), (8278, 0, 679842), (8430, 1, 748774), (8278, 0, 1039893), (8278, 0, 1040889), (8278, 0, 1040904), (8278, 0, 1097724), (8278, 0, 1097798), (8237, 0, 1117257), (8676, 0, 1294675), (8676, 0, 1294823), (8676, 0, 1377171), (8676, 0, 1458522), (8278, 0, 1999174)]"
8492 "[(1778, 0, 684223)]"
8515 "[(731, 2, 695003), (731, 2, 695117), (625, 1, 1383344), (625, 1, 1562828), (625, 1, 1563207)]"
8678 "[(3227, 0, 698711), (73, 1, 823989), (73, 1, 887857), (40, 1, 890352), (445, 1, 1016420), (445, 1, 1016473)]"
3237 "[(8545, 2, 698718), (8545, 2, 698787), (8545, 2, 698881), (8545, 2, 708211), (8545, 2, 708320), (8545, 2, 1145926)]"
3242 "[(8295, 0, 700214), (8295, 0, 700787)]"
1906 "[(8446, 1, 707234), (8480, 2, 1298183), (8480, 2, 1298199)]"
2894 "[(8536, 0, 707420), (8536, 0, 707488)]"
1164 "[(8422, 1, 714002), (8508, 1, 715696), (8467, 0, 1227217), (8508, 1, 1484804)]"
2524 "[(8703, 2, 717521)]"
3292 "[(8536, 0, 720347), (8536, 0, 720385)]"
8967 "[(1586, 2, 721158)]"
3299 "[(8480, 2, 722138)]"
8989 "[(3317, 0, 727391), (623, 1, 1346394), (623, 1, 1347517), (327, 2, 1349164), (327, 2, 1349188), (608, 0, 1375008), (608, 0, 1375021), (2907, 2, 1390282), (623, 1, 1617171), (623, 1, 1617207), (623, 1, 1617244)]"
8973 "[(150, 1, 735604), (73, 1, 888138), (1670, 0, 1354031), (1780, 1, 1401125), (608, 0, 1909523)]"
1740 "[(8868, 1, 747760), (8868, 1, 748116), (8868, 1, 748484)]"
8969 "[(492, 2, 749375), (2011, 2, 759391), (2011, 2, 759503), (2011, 2, 759546), (2797, 2, 761812), (1602, 2, 780332), (303, 1, 808898), (492, 2, 1133408), (4248, 2, 1532685), (4248, 2, 1532714), (4248, 2, 1722595)]"
8985 "[(2671, 1, 752315), (1066, 0, 771404), (1066, 0, 771437), (1066, 0, 771473), (2226, 0, 785564), (2671, 1, 861164), (2671, 1, 861181), (2671, 1, 861271), (2671, 1, 861292), (494, 0, 873543), (494, 0, 873743), (1066, 0, 1057665), (1066, 0, 1103067), (697, 1, 1114883), (3512, 2, 1710655), (2671, 1, 1847254), (2671, 1, 1847339), (2671, 1, 1847456), (346, 0, 2011714)]"
1994 "[(8617, 2, 752793), (8617, 2, 820466)]"
8518 "[(402, 2, 754140)]"
8267 "[(17, 0, 755056), (3764, 2, 870614), (1958, 0, 1292594)]"
8613 "[(1268, 2, 756144), (45, 2, 830807), (40, 1, 939711)]"
221 "[(8470, 1, 759316), (8470, 1, 782954), (8470, 1, 786476), (9096, 2, 1400664), (9096, 2, 1400829), (9096, 2, 1458388), (9096, 2, 1471760), (8849, 0, 1472744), (9096, 2, 1478893), (9096, 2, 1479578), (8849, 0, 1494551), (9096, 2, 1554934), (9096, 2, 1556923), (9096, 2, 1557034), (9096, 2, 1557367), (9096, 2, 1557472), (9096, 2, 1557551), (9096, 2, 1562211), (9096, 2, 1563762), (9096, 2, 1564315), (9096, 2, 1653345), (9096, 2, 1656790), (9096, 2, 1661503), (9096, 2, 1662539), (9096, 2, 1663530), (8849, 0, 1663884), (9096, 2, 1663924), (9096, 2, 1735127), (8849, 0, 1750685), (9096, 2, 1822074), (9096, 2, 1906021)]"
8736 "[(17, 0, 764241), (17, 0, 891314), (40, 1, 1321776), (227, 0, 1396718), (227, 0, 1397876), (17, 0, 1699817), (898, 0, 1924527), (898, 0, 1925103), (1007, 1, 1999408)]"
3495 "[(8888, 0, 776646), (8603, 2, 776802), (8588, 1, 777006), (8806, 0, 1137339), (8806, 0, 1213259), (9072, 2, 1466620), (8603, 2, 1466663), (9151, 1, 1713187), (9132, 2, 1713319), (8452, 0, 2074581), (9151, 1, 2074684), (9151, 1, 2076897)]"
8590 "[(3497, 2, 776852), (2365, 0, 930755), (79, 2, 1020417), (1046, 0, 1110027), (2864, 2, 1204593), (2864, 2, 1204890), (2864, 2, 1204923), (2864, 2, 1275153), (2365, 0, 1286571), (2365, 0, 1286620), (79, 2, 1448420), (1443, 2, 1487614), (79, 2, 1524641), (79, 2, 1565215), (1075, 0, 1613251), (1443, 2, 1622155), (2864, 2, 1700692), (79, 2, 1707468), (79, 2, 1710060), (79, 2, 1710297), (79, 2, 1710641), (2864, 2, 1736209), (1443, 2, 1748242), (4997, 2, 1778592), (1443, 2, 1828029), (1443, 2, 1829152), (4621, 0, 1932111), (1474, 0, 2043738)]"
3506 "[(8990, 2, 779487), (8340, 1, 875661)]"
8725 "[(954, 2, 784175)]"
3364 "[(8253, 2, 789926)]"
89 "[(8414, 2, 795077), (8819, 0, 1110521), (9069, 1, 1119981), (8461, 0, 1624150), (8519, 0, 1661540), (8612, 0, 1702639), (9069, 1, 1808715)]"
1931 "[(8246, 0, 800270)]"
361 "[(8410, 2, 802143)]"
1369 "[(8768, 2, 816281), (8768, 2, 816655), (8768, 2, 816748), (8768, 2, 818579), (8768, 2, 818653), (8768, 2, 818870), (8768, 2, 849258), (8768, 2, 851134)]"
3613 "[(8295, 0, 823406), (8873, 1, 1083540)]"
8971 "[(17, 0, 825994), (1778, 0, 1013612), (4674, 2, 1163513), (303, 1, 1415933), (17, 0, 1975738)]"
2806 "[(8545, 2, 838765)]"
3682 "[(8439, 1, 845149), (8439, 1, 845261), (8439, 1, 845279)]"
8474 "[(557, 0, 848207), (5424, 2, 1396190), (5424, 2, 1396737), (5424, 2, 1396796), (5424, 2, 1396859), (3694, 2, 1805783), (6446, 2, 1820978), (17, 0, 1980603)]"
8904 "[(749, 1, 849069), (40, 1, 1716467), (367, 2, 1756193)]"
8858 "[(3715, 2, 853780)]"
3716 "[(8298, 0, 853943), (8341, 0, 999311), (8421, 2, 1133376), (8341, 0, 1133457)]"
1973 "[(8423, 2, 859891), (8423, 2, 1112449), (9069, 1, 1195880), (9069, 1, 1195957), (9069, 1, 1921298), (9069, 1, 1921434)]"
8304 "[(570, 2, 864060), (2141, 0, 1258695), (2141, 0, 1258807), (6045, 2, 1643526), (683, 2, 2039646)]"
8442 "[(2137, 1, 872070), (2093, 0, 928028), (1013, 0, 1883865)]"
8739 "[(402, 2, 878050)]"
8245 "[(1046, 0, 903234), (4076, 0, 1191591), (2055, 2, 1601925), (2055, 2, 1602012), (1820, 0, 1728127), (4707, 1, 1741429), (4635, 2, 1928677), (4635, 2, 1928938), (4635, 2, 1929902), (4635, 2, 2022005)]"
1856 "[(8950, 1, 906643), (8950, 1, 906807), (8343, 0, 924717), (8785, 0, 1284449)]"
8784 "[(45, 2, 922389), (1586, 2, 969559), (1778, 0, 1857264)]"
3921 "[(8577, 0, 925130), (8461, 0, 1302158)]"
3928 "[(8623, 0, 927295)]"
3931 "[(8432, 1, 927658), (9071, 2, 1550687)]"
8250 "[(3977, 2, 938324), (1602, 2, 1231541), (1602, 2, 1231649), (5182, 1, 1310605), (3977, 2, 1360095), (466, 2, 1385995), (912, 0, 1390323), (1780, 1, 1401652), (1452, 0, 1404122), (1452, 0, 1404211), (5491, 2, 1429566), (43, 2, 1533630), (43, 2, 1533642), (43, 2, 1533659), (43, 2, 1533674), (3360, 2, 1561697), (3360, 2, 1561872), (2495, 0, 1597352), (5983, 0, 1624180), (912, 0, 1649995), (2836, 0, 1730913), (761, 2, 1742604), (761, 2, 1744594), (761, 2, 1744987), (3407, 2, 1810638), (4248, 2, 1817605), (40, 1, 1840992), (3161, 1, 1881982), (3161, 1, 1882089), (3161, 1, 1882147), (5491, 2, 1968768)]"
3985 "[(8320, 0, 940145)]"
9038 "[(497, 0, 941269)]"
4019 "[(8874, 0, 949264), (8806, 0, 1127509), (8806, 0, 1127518), (8806, 0, 1207657), (8402, 2, 1213433), (8402, 2, 1213434), (8806, 0, 1217731), (8419, 0, 1322668), (8419, 0, 1322670), (8350, 2, 1322736), (8350, 2, 1322743), (8331, 2, 1323069), (8331, 2, 1323072), (8466, 1, 1323555), (8466, 1, 1323563), (8695, 1, 2004306), (8446, 1, 2005775)]"
1490 "[(8868, 1, 954038)]"
8949 "[(2577, 0, 960833), (604, 1, 1635987)]"
2816 "[(8261, 2, 965663), (8261, 2, 1012774)]"
696 "[(8787, 1, 967783)]"
3697 "[(8282, 0, 967786)]"
4085 "[(8610, 2, 972864), (8668, 1, 1038335), (8846, 2, 1045664), (8570, 0, 1049225), (8570, 0, 1049296), (8287, 1, 1049710), (8889, 2, 1076879), (8717, 2, 1077137), (8647, 1, 1139015), (8414, 2, 1161797), (8970, 1, 1220665), (8440, 2, 1221992), (8423, 2, 1222842), (9069, 1, 1225486), (8772, 2, 1226017), (8823, 1, 1235175), (8905, 1, 1235299), (8611, 0, 1239186), (9085, 2, 1301038), (8815, 1, 1306267), (8880, 0, 1310469), (8631, 2, 1313329), (8943, 2, 1316275), (8458, 0, 1320989), (8369, 1, 1325654), (8632, 2, 1331442), (9051, 2, 1331472), (8349, 1, 1331792), (8285, 0, 1333248), (9041, 1, 1385012), (9104, 2, 1451911), (8340, 1, 1459851), (8299, 2, 1468910), (8285, 0, 1470349), (9132, 2, 1558542), (9008, 1, 1559225), (9126, 0, 1563066), (8894, 2, 1564217), (9071, 2, 1566998), (8741, 0, 1573254), (8589, 0, 1585291), (8242, 2, 1590806), (8644, 0, 1595362), (8295, 0, 1595378), (9083, 1, 1597319), (9019, 1, 1598683), (8772, 2, 1599277), (9023, 1, 1653595), (8401, 1, 1661395), (8575, 2, 1665266), (8721, 0, 1667068), (9110, 2, 1668254), (8676, 0, 1671160), (9095, 1, 1671766), (9140, 1, 1672612), (8800, 1, 1739553), (8648, 1, 1741088), (8413, 2, 1741096), (8606, 1, 1752501), (8364, 0, 1755165), (8631, 2, 1755578), (8732, 1, 1826748), (8625, 1, 1841765), (9136, 1, 1843797), (8907, 0, 1908055), (8668, 1, 1910040), (9177, 0, 1942045), (9069, 1, 1942950), (8686, 2, 1997255), (9180, 0, 2002380), (8814, 2, 2002803), (9187, 1, 2007004), (8877, 1, 2033504), (8968, 1, 2034466), (9125, 1, 2084187), (8235, 1, 2086167)]"
8999 "[(73, 1, 979335), (608, 0, 1527196)]"
9040 "[(73, 1, 979473), (1004, 1, 1045047)]"
4112 "[(8733, 2, 984398), (9181, 2, 2008264)]"
4109 "[(8589, 0, 994863), (8634, 2, 1252500)]"
3269 "[(9049, 2, 998853)]"
8598 "[(1754, 2, 999593), (3720, 1, 2069116)]"
2623 "[(8530, 1, 1002169)]"
735 "[(9048, 1, 1003559)]"
8308 "[(2953, 0, 1005907), (829, 1, 1144297), (829, 1, 1259849), (829, 1, 1260224), (829, 1, 1260535), (829, 1, 1261390), (829, 1, 1261562), (829, 1, 1269298), (17, 0, 1449232), (829, 1, 1725933), (829, 1, 2028547), (1778, 0, 2062639)]"
1584 "[(8888, 0, 1013627)]"
4252 "[(8588, 1, 1022823), (8575, 2, 1626508)]"
8972 "[(2923, 2, 1028079)]"
8399 "[(1058, 1, 1028343)]"
2442 "[(8341, 0, 1031279), (8341, 0, 1031418)]"
8347 "[(17, 0, 1039949), (2110, 0, 1040572), (3605, 2, 1452863), (1510, 0, 1706924), (4666, 2, 1860297), (2068, 2, 1938253), (2068, 2, 1938570), (2068, 2, 1938914), (310, 1, 1943053), (5534, 2, 1944107), (5534, 2, 1944159), (5534, 2, 1944404), (5534, 2, 1944551), (5534, 2, 1944653), (5534, 2, 1945757), (5534, 2, 1945884), (5534, 2, 1947394), (2068, 2, 1977316), (749, 1, 2003971), (5534, 2, 2011881), (5534, 2, 2012619), (5534, 2, 2025019), (5534, 2, 2025087), (5534, 2, 2025473), (853, 2, 2037047), (2578, 2, 2046411), (2578, 2, 2046616), (2578, 2, 2046756), (2578, 2, 2046953), (2578, 2, 2046989), (2578, 2, 2055527), (2134, 2, 2059386), (2134, 2, 2059887), (1792, 0, 2070774), (143, 0, 2074820)]"
8502 "[(4334, 2, 1041288), (4334, 2, 1041351), (434, 2, 1053389), (4584, 2, 1122341), (1189, 1, 1633109), (2230, 1, 1664324)]"
4329 "[(8550, 2, 1042465), (8550, 2, 1387161), (8550, 2, 1397123)]"
4354 "[(8277, 0, 1044496)]"
4371 "[(8521, 0, 1048088)]"
4390 "[(8358, 2, 1053599), (8593, 2, 1202183), (8295, 0, 1386335)]"
4426 "[(8341, 0, 1069626), (8397, 2, 1890423)]"
2628 "[(8983, 0, 1077346)]"
9045 "[(73, 1, 1079401), (537, 1, 1157654), (537, 1, 1157720), (4844, 2, 1199856), (3503, 1, 1228377), (17, 0, 1265413), (3503, 1, 1301568), (6031, 0, 1637812), (6189, 1, 1818113), (2495, 0, 1978873)]"
4339 "[(8806, 0, 1083133)]"
1342 "[(9048, 1, 1096311), (9048, 1, 1096407)]"
3367 "[(8480, 2, 1097777)]"
3209 "[(8594, 2, 1098913)]"
1506 "[(8377, 0, 1101464)]"
3326 "[(8556, 1, 1103277)]"
2706 "[(9048, 1, 1108412)]"
8705 "[(537, 1, 1112425)]"
4549 "[(9048, 1, 1112710)]"
268 "[(8706, 1, 1113437), (8706, 1, 1113732)]"
3502 "[(8266, 1, 1121539)]"
2143 "[(8657, 2, 1131098), (8657, 2, 1216139), (9071, 2, 1561290)]"
9068 "[(179, 1, 1142550)]"
4647 "[(8612, 0, 1149659), (8703, 2, 1635828)]"
1343 "[(9072, 2, 1149849)]"
4663 "[(8612, 0, 1158267), (8612, 0, 1158771)]"
9067 "[(537, 1, 1160222)]"
2761 "[(8237, 0, 1163940)]"
8857 "[(73, 1, 1165751)]"
4699 "[(9069, 1, 1170014)]"
8335 "[(4709, 1, 1175096), (4974, 2, 1324893), (1950, 2, 1587160), (1814, 0, 1709561), (1814, 0, 1709957)]"
2128 "[(9069, 1, 1175116), (9088, 0, 1284160), (9088, 0, 1284403), (9088, 0, 1328692), (9088, 0, 1328800), (9088, 0, 1328824), (9088, 0, 1329118), (9088, 0, 1339775), (9088, 0, 1339814), (9031, 0, 1340058), (9031, 0, 1340091), (9031, 0, 1340104), (9088, 0, 1364104), (9088, 0, 1364587), (9144, 2, 1535527), (9177, 0, 1852250)]"
4769 "[(8295, 0, 1183589)]"
1680 "[(8268, 2, 1193754), (9048, 1, 1204132), (9048, 1, 1204944), (9048, 1, 1205043), (9048, 1, 1205101), (9072, 2, 1205269), (9072, 2, 1205632), (9072, 2, 1205741), (9072, 2, 1205913), (9072, 2, 1206306), (9072, 2, 1206792), (9048, 1, 1215031), (9048, 1, 1215329), (9048, 1, 1215618), (8575, 2, 1628791), (8575, 2, 1628819), (8575, 2, 1637609)]"
2559 "[(9072, 2, 1198090)]"
4837 "[(8235, 1, 1198380)]"
4859 "[(9072, 2, 1203573), (8937, 2, 2072655)]"
4057 "[(8577, 0, 1204336)]"
2342 "[(8964, 0, 1204961)]"
4875 "[(8237, 0, 1205368)]"
2265 "[(9072, 2, 1206528), (9072, 2, 1206541), (9072, 2, 1206839), (9072, 2, 1207143), (9072, 2, 1207421), (9072, 2, 1210713), (9072, 2, 1211107)]"
4910 "[(9072, 2, 1212713), (9072, 2, 1213042)]"
4941 "[(8301, 0, 1225897), (8301, 0, 1226061), (8301, 0, 1226370), (8295, 0, 1510456), (8295, 0, 1510718)]"
1026 "[(8917, 0, 1228010), (8917, 0, 1228025)]"
9086 "[(697, 1, 1228677), (17, 0, 1239819), (17, 0, 1240203), (156, 2, 1240373), (17, 0, 1240486), (17, 0, 1240628), (156, 2, 1240643), (17, 0, 1240676), (17, 0, 1241046), (17, 0, 1241074), (52, 1, 1263722), (2157, 0, 1278121), (476, 0, 1278683), (2249, 1, 1282371), (3482, 0, 1286633), (527, 0, 1342495), (527, 0, 1342648), (20, 0, 1474157), (1397, 2, 1544482), (1432, 0, 1633058), (527, 0, 1662901), (4752, 0, 1672914), (4751, 0, 1896599), (4751, 0, 1896809), (4751, 0, 1896836), (335, 0, 2041817), (335, 0, 2041851)]"
3453 "[(8357, 0, 1230386), (8357, 0, 1230455), (8357, 0, 1271881), (8357, 0, 1271928), (8357, 0, 1282535), (8357, 0, 1282566), (8357, 0, 1601393), (8357, 0, 1601495), (8917, 0, 1643459)]"
3270 "[(8402, 2, 1235096)]"
4266 "[(9034, 0, 1260548), (8602, 2, 1623509)]"
9077 "[(3756, 1, 1260986), (5447, 0, 1859500), (3756, 1, 1957347), (103, 1, 2014696)]"
5020 "[(9034, 0, 1261036), (9034, 0, 1261078)]"
72 "[(8358, 2, 1264036)]"
3757 "[(8363, 1, 1264490), (8363, 1, 1264721)]"
5037 "[(9034, 0, 1265237), (8346, 2, 1751593), (8682, 2, 1792059)]"
1791 "[(8406, 2, 1288754)]"
9018 "[(4633, 2, 1289001), (4633, 2, 1289428)]"
9043 "[(40, 1, 1291908)]"
9092 "[(4292, 2, 1303273), (4292, 2, 1383865), (3567, 2, 1384556), (3567, 2, 1384618)]"
772 "[(8350, 2, 1309865), (8350, 2, 1820340), (8350, 2, 1820388), (8350, 2, 1820602), (8350, 2, 1820717), (8350, 2, 1821253), (9159, 2, 1829551)]"
8431 "[(954, 2, 1312615)]"
4895 "[(9089, 2, 1320086), (9163, 2, 1715438)]"
9102 "[(5045, 2, 1331667), (2138, 2, 1342297), (2138, 2, 1342333), (885, 1, 1420090), (912, 0, 1486656), (2606, 0, 1835368), (2606, 0, 1835474), (4665, 2, 1872501)]"
9064 "[(303, 1, 1337851)]"
2172 "[(8937, 2, 1351950)]"
8981 "[(5279, 0, 1352858)]"
5215 "[(9100, 2, 1357033), (8577, 0, 1419555), (8577, 0, 1419651), (8577, 0, 1930949), (8577, 0, 1931015)]"
9099 "[(3591, 2, 1361385)]"
3273 "[(9044, 1, 1412173), (9044, 1, 1412270), (8938, 1, 1414504), (8938, 1, 1414525)]"
1828 "[(8868, 1, 1413484), (8868, 1, 1415396), (8868, 1, 1453072), (8868, 1, 1460043)]"
1723 "[(8411, 2, 1422610), (8411, 2, 1422748), (8411, 2, 1423110)]"
871 "[(8603, 2, 1425641), (8603, 2, 1487549)]"
161 "[(8849, 0, 1427551), (8849, 0, 1430732), (8849, 0, 1518411), (8849, 0, 1518632), (8849, 0, 1546576), (8849, 0, 1569309), (8849, 0, 1569716), (8849, 0, 1569921)]"
2480 "[(8253, 2, 1445502)]"
9124 "[(3717, 1, 1451275), (2892, 2, 2074424)]"
9120 "[(1970, 1, 1461335)]"
5633 "[(8849, 0, 1472929), (8849, 0, 1474009), (8849, 0, 1474062), (8849, 0, 1495706), (8849, 0, 1495767), (8849, 0, 1496289), (8849, 0, 1496411), (8849, 0, 1496482), (9168, 2, 1972189), (9168, 2, 1973108)]"
9118 "[(3774, 0, 1475486), (5137, 1, 2028138)]"
1813 "[(8816, 2, 1483687), (8602, 2, 1829625), (8785, 0, 2060539)]"
78 "[(9133, 2, 1485566), (9133, 2, 1485592)]"
2615 "[(9089, 2, 1487434), (8305, 2, 2065501)]"
9058 "[(5622, 1, 1495966)]"
9129 "[(179, 1, 1500809), (4446, 1, 1505303), (4446, 1, 1505331), (2196, 0, 1651288), (156, 2, 1663717), (608, 0, 1989389), (608, 0, 2031358), (608, 0, 2031372), (608, 0, 2039182)]"
3085 "[(9096, 2, 1518428), (9096, 2, 1627914), (9096, 2, 1667127), (9096, 2, 1667972)]"
8986 "[(920, 1, 1519436), (2936, 0, 1719987), (1058, 1, 1816073)]"
4515 "[(8699, 0, 1537963), (8594, 2, 1618047), (8644, 0, 1681442)]"
4280 "[(8253, 2, 1540884)]"
3259 "[(8778, 2, 1554218)]"
3752 "[(9071, 2, 1559053)]"
5855 "[(8277, 0, 1566419), (9163, 2, 1816637)]"
9002 "[(367, 2, 1588456)]"
9079 "[(730, 0, 1597974), (730, 0, 1597992), (5622, 1, 1869184)]"
5943 "[(9082, 0, 1609741)]"
5262 "[(8980, 1, 1612034), (8603, 2, 1832603), (8603, 2, 1832688), (9155, 2, 1834726), (9155, 2, 1834865), (9155, 2, 1834902), (9155, 2, 1834921), (9155, 2, 1872011)]"
1811 "[(8411, 2, 1612146), (8411, 2, 1616845)]"
3518 "[(8293, 1, 1614342), (8293, 1, 1614384), (8415, 2, 2081467), (8415, 2, 2081511)]"
8836 "[(2141, 0, 1649268), (2141, 0, 1649308), (51, 2, 1835832), (51, 2, 1838230)]"
2976 "[(9088, 0, 1661945)]"
2231 "[(9163, 2, 1662214), (9163, 2, 1662237)]"
3049 "[(8519, 0, 1666862), (8295, 0, 1667106), (8462, 0, 1667332), (8249, 2, 1667412), (8462, 0, 1959466)]"
6041 "[(9096, 2, 1675320)]"
1713 "[(8852, 2, 1677011), (8852, 2, 1677446), (8852, 2, 1677479), (8852, 2, 1677510), (8852, 2, 1677552)]"
5871 "[(9151, 1, 1682900)]"
6149 "[(8504, 0, 1697623)]"
1684 "[(8686, 2, 1703008), (8686, 2, 1891024)]"
9166 "[(1857, 1, 1705737), (5176, 2, 1708014), (867, 2, 1722126), (462, 2, 1724019), (2654, 2, 1724554), (3819, 2, 1738187), (3819, 2, 1738300), (3819, 2, 1738566), (6225, 0, 1748389), (4251, 2, 1749036), (3567, 2, 1752678), (3819, 2, 1755581), (3819, 2, 1760883), (3026, 2, 1763103), (1305, 2, 1777001), (1305, 2, 1778878), (5176, 2, 1780901), (6358, 2, 1783814), (17, 0, 1783816), (1305, 2, 1784332), (4251, 2, 1787433), (2230, 1, 1787930), (4251, 2, 1788063), (4251, 2, 1788188), (6383, 2, 1793724), (974, 2, 1794040), (1427, 1, 1800386), (1305, 2, 1803288), (1305, 2, 1803669), (1305, 2, 1809107), (167, 0, 1810192), (3715, 2, 1824599), (3715, 2, 1824931), (3819, 2, 1825650), (611, 1, 1827940), (611, 1, 1828066), (3194, 2, 1830289), (853, 2, 1835399), (5442, 2, 1852616), (466, 2, 1855037), (4251, 2, 1859501), (4251, 2, 1859627), (2552, 0, 1866320), (2654, 2, 1869318), (6108, 2, 1878736), (3819, 2, 1881849), (1013, 0, 1888405), (1772, 1, 1892748), (1772, 1, 1892769), (1772, 1, 1893007), (1772, 1, 1893140), (1772, 1, 1893206), (6556, 2, 1894084), (6556, 2, 1894193), (6556, 2, 1894276), (6556, 2, 1894398), (6556, 2, 1894503), (6556, 2, 1894686), (1567, 1, 1895947), (95, 1, 1897024), (6019, 2, 1897031), (5561, 0, 1900192), (143, 0, 1903655), (1772, 1, 1910709), (1772, 1, 1910783), (1772, 1, 1911550), (1305, 2, 1950000), (1772, 1, 1966182), (1772, 1, 1966469), (1772, 1, 1966496), (1772, 1, 1966621), (1772, 1, 1966704), (1772, 1, 1966816), (1772, 1, 1966871), (3819, 2, 1971501), (17, 0, 1981308), (6801, 0, 1981950), (3819, 2, 1989834), (1739, 2, 2055188), (1772, 1, 2055869), (1792, 0, 2068857), (67, 1, 2069764)]"
2933 "[(8358, 2, 1713889), (8358, 2, 1714482), (8358, 2, 1714553), (8849, 0, 2061114)]"
8428 "[(3678, 2, 1724159), (40, 1, 1931051)]"
9062 "[(4157, 2, 1726922)]"
6258 "[(8519, 0, 1737221)]"
8895 "[(40, 1, 1752198)]"
3440 "[(9055, 2, 1790635)]"
5209 "[(8603, 2, 1805228), (8603, 2, 1805336)]"
1649 "[(8628, 1, 1808582)]"
3099 "[(8519, 0, 1815851), (8519, 0, 1815918)]"
5188 "[(8603, 2, 1821867), (8603, 2, 1821912)]"
8724 "[(1270, 1, 1822392)]"
1488 "[(8937, 2, 1826440), (8937, 2, 1826624), (8937, 2, 1828484), (8937, 2, 1999711), (8937, 2, 1999811), (8937, 2, 2000590), (8937, 2, 2000794), (8937, 2, 2000908), (8937, 2, 2001102), (8937, 2, 2001311), (8937, 2, 2002022), (8937, 2, 2002103), (8937, 2, 2002212), (8937, 2, 2005812), (8937, 2, 2005988)]"
4917 "[(8704, 1, 1854692)]"
9106 "[(710, 2, 1855949), (40, 1, 2019351)]"
2930 "[(9168, 2, 1860778), (9168, 2, 1868861), (9168, 2, 1878434), (9168, 2, 1878705), (9168, 2, 1878887), (9168, 2, 1879227), (9168, 2, 1879402), (9168, 2, 1879840), (9168, 2, 1879855), (9168, 2, 1885001), (9168, 2, 1885130), (9168, 2, 1885368), (9168, 2, 1885470), (9168, 2, 1885484), (9168, 2, 1899749), (9168, 2, 1900068), (9168, 2, 1900944), (9168, 2, 1976258), (9168, 2, 2082333)]"
292 "[(8686, 2, 1883755)]"
5091 "[(8311, 0, 1886841)]"
1737 "[(9168, 2, 1889571), (9168, 2, 1889657)]"
4554 "[(9168, 2, 1898607)]"
9185 "[(492, 2, 1899122), (492, 2, 1899284), (492, 2, 1899736), (492, 2, 1901149), (492, 2, 1902544), (492, 2, 1904301), (492, 2, 1904539), (1220, 2, 1905802), (492, 2, 1905805), (1220, 2, 1905974), (1220, 2, 1906042), (492, 2, 1906636), (492, 2, 1906681), (492, 2, 1906728), (492, 2, 1907261), (492, 2, 1907359), (492, 2, 1907570), (492, 2, 1907609), (1220, 2, 1908136), (1220, 2, 1908341), (1220, 2, 1908378), (1220, 2, 1908468), (1220, 2, 1908485), (1220, 2, 1908570), (492, 2, 1911227), (492, 2, 1912253), (492, 2, 1912927), (6658, 1, 1920086), (3849, 2, 1920787), (1392, 1, 1952876), (1392, 1, 1952900), (1220, 2, 1969568), (1220, 2, 1971431), (1220, 2, 1971619), (1220, 2, 1971822), (1220, 2, 1971943), (1220, 2, 1973529), (1220, 2, 2004925), (1220, 2, 2005156), (1220, 2, 2069437), (1220, 2, 2069524), (1220, 2, 2071869), (1220, 2, 2075473), (1220, 2, 2090192), (1220, 2, 2090218)]"
8944 "[(40, 1, 1925789)]"
9090 "[(45, 2, 1938261)]"
8270 "[(913, 1, 1938357)]"
5731 "[(8282, 0, 1940037)]"
6696 "[(8545, 2, 1940570), (8545, 2, 1940763), (8545, 2, 1941005), (8545, 2, 1941449)]"
8987 "[(1359, 1, 1946811)]"
3649 "[(8849, 0, 1953177), (8849, 0, 1953222), (8849, 0, 1953783), (8849, 0, 1953970), (8849, 0, 1954024), (8849, 0, 1954242), (8849, 0, 1957136)]"
9183 "[(467, 2, 1972368)]"
3484 "[(8458, 0, 1979855)]"
5070 "[(8703, 2, 1983546)]"
9176 "[(608, 0, 1989363), (608, 0, 2031386), (608, 0, 2031401)]"
458 "[(8917, 0, 1992007)]"
2348 "[(8956, 1, 1994349)]"
6534 "[(9168, 2, 2008436)]"
286 "[(8609, 1, 2033200), (8609, 1, 2060366)]"
4534 "[(8849, 0, 2049076), (8849, 0, 2072692)]"
6653 "[(8253, 2, 2066598)]"
6646 "[(8441, 2, 2083006), (8441, 2, 2083026)]"
1538 "[(8801, 0, 2086665)]"
