16 "[(8242, 1, 1153), (8249, 1, 2022), (8249, 1, 2131), (8249, 1, 2367), (8249, 1, 2471), (8249, 1, 2521), (8249, 1, 2570), (8249, 1, 2900), (8249, 1, 2915), (8249, 1, 3017), (8249, 1, 3108), (8249, 1, 3229), (8249, 1, 3422), (8249, 1, 3559), (8249, 1, 3767), (8249, 1, 3835), (8249, 1, 3851), (8249, 1, 3994), (8249, 1, 4030), (8249, 1, 4058), (8249, 1, 4442), (8249, 1, 4505), (8249, 1, 4584), (8249, 1, 4755), (8249, 1, 4813), (8249, 1, 4899), (8249, 1, 4925), (8249, 1, 4968), (8249, 1, 5066), (8249, 1, 5101), (8249, 1, 174963), (8249, 1, 175019), (8249, 1, 268066), (8249, 1, 268097), (8703, 3, 343521), (8703, 3, 343564), (8703, 3, 343648), (8703, 3, 343901), (8703, 3, 344026), (8703, 3, 344062), (8703, 3, 344093), (8703, 3, 344212), (8703, 3, 618383), (8703, 3, 837241), (8703, 3, 837871), (8703, 3, 842936), (8703, 3, 843234), (8703, 3, 844185), (8413, 3, 854631), (8413, 3, 854698), (8249, 1, 861189), (8249, 1, 1291466), (8249, 1, 1292233), (8249, 1, 1292341), (8249, 1, 1638516), (8249, 1, 1642914), (8249, 1, 2085959), (8801, 3, 2234765), (8249, 1, 2306108)]"
17 "[(8243, 1, 1177), (8249, 1, 1451), (8341, 3, 16814), (8402, 2, 30558), (8318, 2, 37052), (8438, 2, 40111), (8446, 3, 41785), (8358, 3, 88465), (8361, 1, 95431), (8589, 1, 106658), (8275, 2, 124186), (8622, 2, 138587), (8411, 2, 148451), (8411, 2, 150750), (8682, 3, 153558), (8685, 3, 156157), (8676, 3, 165616), (8283, 1, 170050), (8622, 2, 182370), (8411, 2, 186170), (8720, 2, 186869), (8726, 3, 195902), (8243, 1, 205623), (8438, 2, 214194), (8348, 2, 222144), (8754, 2, 237900), (8411, 2, 250645), (8622, 2, 259231), (8685, 3, 262248), (8446, 3, 263090), (8622, 2, 264623), (8722, 1, 270554), (8446, 3, 272005), (8554, 2, 277089), (8295, 1, 280653), (8446, 3, 281680), (8411, 2, 302573), (8411, 2, 316136), (8622, 2, 327702), (8814, 2, 328209), (8331, 3, 331428), (8622, 2, 341903), (8726, 3, 346243), (8411, 2, 347927), (8622, 2, 349161), (8622, 2, 349446), (8622, 2, 349463), (8781, 1, 368350), (8411, 2, 386921), (8429, 3, 396941), (8591, 2, 399642), (8314, 2, 409032), (8652, 1, 409723), (8356, 2, 415752), (8482, 3, 417663), (8606, 3, 424239), (8801, 3, 425109), (8243, 1, 430636), (8777, 3, 444777), (8639, 3, 450448), (8234, 1, 463581), (8896, 2, 483671), (8888, 2, 487791), (8881, 1, 495688), (8888, 2, 497075), (8677, 1, 500223), (8356, 2, 502589), (8243, 1, 505770), (8883, 1, 512569), (8318, 2, 519929), (8301, 1, 522829), (8591, 2, 545464), (8888, 2, 545671), (8491, 3, 574110), (8548, 3, 577042), (8285, 1, 580995), (8888, 2, 581995), (8813, 2, 586709), (8320, 2, 591771), (8352, 3, 597249), (8888, 2, 600344), (8703, 3, 609019), (8390, 3, 624975), (8639, 3, 650776), (8887, 2, 657375), (8887, 2, 657593), (8361, 1, 675391), (8554, 2, 675486), (8320, 2, 676229), (8852, 3, 679787), (8339, 1, 684551), (8943, 2, 685350), (8263, 1, 688553), (8341, 3, 689784), (8339, 1, 698451), (8237, 3, 704521), (8248, 3, 705971), (8339, 1, 715913), (8339, 1, 737406), (8301, 1, 747410), (8777, 3, 752573), (8267, 2, 755056), (8504, 1, 760194), (8318, 2, 766357), (8595, 3, 771247), (8726, 3, 773973), (8295, 1, 774571), (8726, 3, 779528), (8421, 1, 780099), (8676, 3, 783903), (8237, 3, 793047), (8237, 3, 797183), (8295, 1, 822677), (8777, 3, 825063), (8971, 2, 825994), (8341, 3, 863564), (8419, 1, 871402), (8243, 1, 873642), (8602, 2, 878497), (8726, 3, 878525), (8339, 1, 879534), (8676, 3, 881064), (8429, 3, 892574), (8588, 3, 912007), (8339, 1, 916514), (8852, 3, 926450), (8339, 1, 932185), (8554, 2, 935577), (8602, 2, 937114), (8446, 3, 938933), (8339, 1, 940838), (8777, 3, 943887), (8243, 1, 944414), (8887, 2, 945200), (8491, 3, 945278), (8341, 3, 947089), (8828, 2, 949674), (8339, 1, 952992), (8777, 3, 960272), (8974, 3, 962914), (8849, 1, 966052), (8341, 3, 969832), (8638, 3, 984715), (8339, 1, 986486), (8812, 2, 999102), (8339, 1, 1000228), (8893, 1, 1000847), (8260, 2, 1003483), (8339, 1, 1010178), (9054, 2, 1015091), (9054, 2, 1016013), (8237, 3, 1018203), (8719, 1, 1023542), (8545, 2, 1024462), (8812, 2, 1025418), (8602, 2, 1025459), (8237, 3, 1035624), (8370, 3, 1039706), (8347, 1, 1039949), (8718, 3, 1040206), (8358, 3, 1062475), (8467, 3, 1080478), (9054, 2, 1081021), (9054, 2, 1081992), (8339, 1, 1092220), (8876, 1, 1097091), (8282, 1, 1097572), (8339, 1, 1098852), (8806, 3, 1115592), (8278, 3, 1118203), (8806, 3, 1118243), (8806, 3, 1125442), (8357, 1, 1126298), (8446, 3, 1134208), (8263, 1, 1137392), (8295, 1, 1143093), (8371, 3, 1158969), (8852, 3, 1161250), (8611, 3, 1161499), (8301, 1, 1165148), (8268, 2, 1167999), (8537, 1, 1177025), (8577, 3, 1177111), (8545, 2, 1177348), (8577, 3, 1178609), (8282, 1, 1185294), (8950, 3, 1191265), (8876, 1, 1204189), (8279, 2, 1205398), (8358, 3, 1207695), (8257, 3, 1214745), (8419, 1, 1229217), (8906, 1, 1233299), (8601, 3, 1235203), (9086, 1, 1239819), (9086, 1, 1240203), (9086, 1, 1240486), (9086, 1, 1240628), (9086, 1, 1240676), (9086, 1, 1241046), (9086, 1, 1241074), (9078, 2, 1258061), (8358, 3, 1262198), (8318, 2, 1262916), (8952, 2, 1271867), (8952, 2, 1274581), (8577, 3, 1274585), (8558, 1, 1277732), (8785, 3, 1284382), (8639, 3, 1289579), (8243, 1, 1290879), (8282, 1, 1307327), (8243, 1, 1318486), (8685, 3, 1332614), (8685, 3, 1334654), (8361, 1, 1338845), (8361, 1, 1340223), (9096, 2, 1343767), (8361, 1, 1353110), (8828, 2, 1360669), (8952, 2, 1363706), (8964, 1, 1371820), (8778, 2, 1374825), (9059, 3, 1382073), (8446, 3, 1383723), (8801, 3, 1385013), (8777, 3, 1390432), (8801, 3, 1393972), (8906, 1, 1398969), (8467, 3, 1400037), (8370, 3, 1422914), (8577, 3, 1429761), (8308, 1, 1449232), (8682, 3, 1468658), (8963, 3, 1470771), (8283, 1, 1482699), (8828, 2, 1496494), (8561, 3, 1496593), (8438, 2, 1498908), (8893, 1, 1511272), (8974, 3, 1517603), (8370, 3, 1522895), (9078, 2, 1525352), (8801, 3, 1527274), (8545, 2, 1534863), (8602, 2, 1535197), (8545, 2, 1540077), (8676, 3, 1546887), (9069, 2, 1548501), (9071, 2, 1549220), (9071, 2, 1549349), (8682, 3, 1549470), (9071, 2, 1556188), (8682, 3, 1561457), (8547, 3, 1566855), (9069, 2, 1569102), (8602, 2, 1587987), (8421, 1, 1593742), (8295, 1, 1595274), (8282, 1, 1609607), (8682, 3, 1632837), (8682, 3, 1633970), (8577, 3, 1638104), (8243, 1, 1646341), (9069, 2, 1660299), (8249, 1, 1672796), (9151, 3, 1696480), (8351, 3, 1697586), (8682, 3, 1712999), (8491, 3, 1719479), (8446, 3, 1722039), (8734, 1, 1729681), (8541, 1, 1730306), (8282, 1, 1737907), (8301, 1, 1738253), (8540, 3, 1741585), (9166, 1, 1783816), (8687, 3, 1790433), (8402, 2, 1889772), (8333, 3, 1892392), (9163, 2, 1895544), (9080, 2, 1896045), (8841, 1, 1899807), (8639, 3, 1909783), (8841, 1, 1913664), (8849, 1, 1951655), (8467, 3, 1966071), (8591, 2, 1973951), (8971, 2, 1975738), (8474, 3, 1980603), (9166, 1, 1981308), (8446, 3, 1982818), (8777, 3, 1992469), (8682, 3, 1992928), (8467, 3, 2044507), (8812, 2, 2047889), (9059, 3, 2049669), (8812, 2, 2051599), (8806, 3, 2056249), (8801, 3, 2066927), (8541, 1, 2068785), (8754, 2, 2070976), (8361, 1, 2071333), (8260, 2, 2074765), (8357, 1, 2077717), (8639, 3, 2084161), (8801, 3, 2085862), (8718, 3, 2089045), (8801, 3, 2108109), (8801, 3, 2108498), (8801, 3, 2108531), (8295, 1, 2108938), (8243, 1, 2109754), (8801, 3, 2110795), (8814, 2, 2121554), (8591, 2, 2133305), (9166, 1, 2139030), (8243, 1, 2142325), (8812, 2, 2143379), (8463, 3, 2143495), (9168, 2, 2152318), (8682, 3, 2157066), (8703, 3, 2158645), (8975, 1, 2164279), (8602, 2, 2164752), (8685, 3, 2173400), (8801, 3, 2173608), (8974, 3, 2176182), (8801, 3, 2180112), (8682, 3, 2189109), (9198, 1, 2191837), (8836, 3, 2193725), (8682, 3, 2198183), (8333, 3, 2211443), (8347, 1, 2215625), (8351, 3, 2217986), (8351, 3, 2218106), (8812, 2, 2218411), (8243, 1, 2218961), (8541, 1, 2223062), (8347, 1, 2225381), (8652, 1, 2234795), (8361, 1, 2235673), (9205, 2, 2238172), (8639, 3, 2239009), (8917, 1, 2239094), (8427, 1, 2243303), (8876, 1, 2246265), (8361, 1, 2249684), (8361, 1, 2250936), (8361, 1, 2251075), (8361, 1, 2251370), (8361, 1, 2251959), (8361, 1, 2252579), (8361, 1, 2257817), (8849, 1, 2261258), (8243, 1, 2264647), (8307, 1, 2265161), (8318, 2, 2268685), (8665, 1, 2272941), (8665, 1, 2274740), (8883, 1, 2275900), (8665, 1, 2278000), (8665, 1, 2279923), (8665, 1, 2280758), (8665, 1, 2281415), (8665, 1, 2281720), (8561, 3, 2299797), (9205, 2, 2299862), (8883, 1, 2300364), (8677, 1, 2315568), (8347, 1, 2318254), (8985, 1, 2318770), (8726, 3, 2321256), (9205, 2, 2337165), (8491, 3, 2339543), (8307, 1, 2341699), (8561, 3, 2343821), (8347, 1, 2344697), (8814, 2, 2347379), (8250, 1, 2351229), (8347, 1, 2385390), (8516, 1, 2387964), (8491, 3, 2388613), (8347, 1, 2389871), (9168, 2, 2391476), (9168, 2, 2391794), (8295, 1, 2395533), (8446, 3, 2404179), (8250, 1, 2406176), (8570, 3, 2412625), (8672, 3, 2415713), (8876, 1, 2418867), (9224, 2, 2424496), (8318, 2, 2449659), (8250, 1, 2477785), (9197, 1, 2493185), (8347, 1, 2494672), (8577, 3, 2497857), (8347, 1, 2502584), (8963, 3, 2512326), (8298, 3, 2516685), (8606, 3, 2524152), (8528, 3, 2546374), (8581, 3, 2549562), (8295, 1, 2568572), (8706, 2, 2571847), (8606, 3, 2576448), (8260, 2, 2583263), (8555, 3, 2583732), (9205, 2, 2589464), (8669, 3, 2606863), (8639, 3, 2617955), (8706, 2, 2622941), (9088, 3, 2623433), (8612, 1, 2629352), (8577, 3, 2631746), (9084, 2, 2653565), (8260, 2, 2665755), (8333, 3, 2666260), (8639, 3, 2672189), (8676, 3, 2678000)]"
55 "[(8278, 3, 4780), (8411, 2, 2672808)]"
67 "[(8236, 3, 6254), (8295, 1, 15845), (8509, 3, 73249), (8643, 3, 141988), (8390, 3, 230961), (8390, 3, 311396), (8320, 2, 330046), (8868, 2, 756154), (8805, 2, 756327), (8295, 1, 756441), (8990, 1, 776806), (8990, 1, 777076), (8990, 1, 777091), (8333, 3, 1610701), (8631, 1, 1611273), (8411, 2, 1868142), (9165, 2, 1868734), (9165, 2, 1868826), (8762, 3, 2045099), (8847, 1, 2045486), (9166, 1, 2069764), (8933, 2, 2071732), (8734, 1, 2076076), (8393, 2, 2121837), (8987, 2, 2122257), (8987, 2, 2122316), (8987, 2, 2122344)]"
73 "[(8294, 1, 6937), (8234, 1, 7128), (8433, 2, 37800), (8434, 3, 37961), (8404, 3, 37980), (8534, 2, 117372), (8407, 3, 117998), (8283, 1, 118041), (8888, 2, 823795), (8462, 3, 823861), (8339, 1, 823982), (8678, 2, 823989), (8413, 3, 824051), (8603, 3, 824163), (8678, 2, 887857), (8543, 1, 887975), (8429, 3, 888111), (8973, 2, 888138), (8755, 1, 888158), (8846, 2, 888495), (8688, 2, 979183), (8999, 2, 979335), (8380, 3, 979366), (9040, 2, 979473), (8429, 3, 979535), (9048, 1, 1077626), (8294, 1, 1077676), (9055, 2, 1077737), (8539, 3, 1082366), (8857, 2, 1165751), (8828, 2, 1165759), (8832, 2, 1166013), (8429, 3, 1166122), (8895, 2, 2186002), (9157, 2, 2186404), (8250, 1, 2186485), (9068, 3, 2186487), (8298, 3, 2186670), (8617, 2, 2186699), (9166, 1, 2186705), (9054, 2, 2279890), (8812, 2, 2335481), (9164, 3, 2335486), (8300, 3, 2335504), (8319, 2, 2335753), (8731, 3, 2335968), (9092, 1, 2336054), (8590, 2, 2336081), (9121, 2, 2336089), (9160, 1, 2336192), (9133, 2, 2336271), (8624, 2, 2356044), (9164, 3, 2356141), (8545, 2, 2356190), (8943, 2, 2356270), (8295, 1, 2356298), (8270, 2, 2356306), (9054, 2, 2356336), (9157, 2, 2356352), (8734, 1, 2356418), (8331, 3, 2356952), (8539, 3, 2357025)]"
8343 "[(141, 1, 17281), (156, 1, 247291), (148, 1, 415910), (22, 3, 442228), (1929, 2, 449525), (148, 1, 578211), (233, 2, 625869), (1856, 2, 924717), (331, 2, 1017658), (870, 1, 1033103), (870, 1, 1033261), (2202, 1, 1037627), (2577, 3, 1044134), (2577, 3, 1044144), (3061, 3, 1047803), (4336, 3, 1048101), (22, 3, 1050151), (1778, 3, 1053278), (2277, 3, 1084772), (68, 2, 1096687), (233, 2, 1152511), (1778, 3, 1313240), (267, 3, 1320546), (4343, 3, 1501613), (4645, 3, 1561476), (5836, 2, 1646281), (156, 1, 1840813), (4343, 3, 1887466), (233, 2, 2097298), (826, 3, 2602552), (22, 3, 2613750), (22, 3, 2613936)]"
8261 "[(95, 1, 17757), (152, 1, 18547), (165, 2, 20232), (187, 3, 23332), (384, 1, 56581), (319, 2, 130647), (462, 2, 145212), (319, 2, 315730), (319, 2, 388752), (319, 2, 565209), (318, 2, 617452), (233, 2, 618702), (319, 2, 667397), (319, 2, 667414), (319, 2, 669728), (319, 2, 752566), (319, 2, 752727), (562, 3, 822731), (562, 3, 822912), (562, 3, 854183), (2816, 3, 965663), (2816, 3, 1012774), (319, 2, 1014086), (2078, 3, 1288623), (570, 2, 1318044), (4334, 3, 1367476), (562, 3, 1410276), (319, 2, 1548972), (2196, 2, 1554290), (319, 2, 1707312), (2115, 2, 2230269), (816, 2, 2280633), (570, 2, 2432724), (570, 2, 2597351), (429, 2, 2637103)]"
8299 "[(68, 2, 18679), (1007, 3, 157696), (1277, 3, 219357), (1277, 3, 219376), (1399, 2, 245065), (2013, 3, 392842), (356, 3, 481492), (4085, 2, 1468910), (1546, 2, 1823328), (750, 2, 1826666)]"
8346 "[(156, 1, 18882), (156, 1, 276685), (233, 2, 281150), (423, 1, 437468), (2069, 1, 483887), (2069, 1, 483964), (423, 1, 604030), (826, 3, 700090), (608, 3, 746290), (497, 3, 845799), (45, 1, 919970), (1185, 2, 1004756), (1185, 2, 1084837), (1185, 2, 1085171), (1185, 2, 1155889), (398, 1, 1292778), (398, 1, 1292820), (367, 2, 1502400), (1185, 2, 1583268), (1185, 2, 1585239), (1185, 2, 1585339), (5037, 1, 1751593), (1185, 2, 1782761), (3512, 3, 1900513), (22, 3, 1958947), (1314, 1, 1970898), (1314, 1, 1971083)]"
167 "[(8355, 1, 20569), (8722, 1, 257299), (8734, 1, 257410), (8293, 1, 319472), (8314, 2, 494801), (8264, 3, 562251), (8888, 2, 563151), (8237, 3, 706671), (8237, 3, 706752), (8237, 3, 707249), (8237, 3, 707584), (8812, 2, 999206), (8276, 1, 1173719), (8446, 3, 1177281), (8446, 3, 1177283), (8806, 3, 1180021), (8806, 3, 1180034), (8588, 3, 1184585), (8591, 2, 1267714), (8295, 1, 1386572), (8243, 1, 1469597), (8577, 3, 1699610), (8577, 3, 1720290), (8592, 3, 1748549), (8883, 1, 1786643), (9166, 1, 1810192), (8801, 3, 2325040)]"
8244 "[(68, 2, 20820), (233, 2, 368014), (68, 2, 659408), (983, 1, 687499), (254, 1, 723314), (254, 1, 724830), (254, 1, 725059), (233, 2, 808532), (233, 2, 1839174)]"
8273 "[(22, 3, 29543), (1036, 2, 161791), (1036, 2, 161839), (1036, 2, 161871), (1567, 1, 283017), (1549, 2, 294519), (1036, 2, 356671), (156, 1, 381855), (745, 1, 531852), (745, 1, 531880), (68, 2, 719724), (423, 1, 1018836), (608, 3, 1231942), (3681, 3, 1274729), (3681, 3, 1275228), (1948, 3, 1511366), (608, 3, 1796135), (2923, 2, 1894008), (671, 3, 1923694), (3681, 3, 1968275), (3681, 3, 1968423), (1948, 3, 2118332), (7977, 2, 2534873)]"
8235 "[(235, 3, 30675), (233, 2, 32718), (371, 3, 52200), (371, 3, 54257), (1040, 3, 416625), (2141, 3, 573160), (291, 3, 575216), (1184, 3, 588843), (233, 2, 626753), (233, 2, 717838), (68, 2, 911522), (371, 3, 1167962), (4837, 3, 1198380), (422, 3, 1265067), (422, 3, 1265661), (422, 3, 1265736), (233, 2, 1578140), (2522, 2, 1614189), (68, 2, 1908387), (4085, 2, 2086167), (4085, 2, 2166250), (68, 2, 2209781)]"
40 "[(8414, 1, 33281), (8427, 1, 35299), (8405, 2, 36339), (8293, 1, 85656), (8404, 3, 85908), (8522, 2, 117105), (8510, 2, 290163), (8557, 2, 338539), (8611, 3, 340343), (8611, 3, 340862), (8534, 2, 369456), (8510, 2, 370548), (8514, 3, 372218), (8855, 1, 437070), (8248, 3, 452952), (8804, 3, 454937), (8855, 1, 460481), (8385, 1, 461582), (8445, 2, 463067), (8372, 2, 506058), (8843, 2, 542113), (8427, 1, 544038), (8832, 2, 629542), (8420, 2, 631252), (8888, 2, 631635), (8688, 2, 713526), (8795, 2, 715687), (8643, 3, 716480), (8688, 2, 807392), (8812, 2, 808101), (8990, 1, 811213), (8534, 2, 811379), (8420, 2, 889934), (8678, 2, 890352), (8613, 3, 939711), (8941, 1, 942531), (8624, 2, 975308), (8445, 2, 977504), (8483, 1, 1029149), (9005, 2, 1043338), (8763, 1, 1058888), (8855, 1, 1060865), (8526, 2, 1062014), (8624, 2, 1063096), (8230, 1, 1067701), (9041, 2, 1149283), (9041, 2, 1150729), (8596, 3, 1153210), (8624, 2, 1153344), (9059, 3, 1233284), (8806, 3, 1236055), (9041, 2, 1290387), (9043, 3, 1291908), (8849, 1, 1324236), (8248, 3, 1492249), (8754, 2, 1492361), (8534, 2, 1495167), (8819, 1, 1497798), (8603, 3, 1501598), (9135, 3, 1504368), (8340, 2, 1547716), (8542, 1, 1548219), (8779, 2, 1555445), (8779, 2, 1558095), (8754, 2, 1562355), (8402, 2, 1579546), (8294, 1, 1579799), (8952, 2, 1581302), (8943, 2, 1584096), (8459, 2, 1584316), (8779, 2, 1637782), (9100, 1, 1667275), (8862, 3, 1667376), (8249, 1, 1672011), (8904, 2, 1716467), (8888, 2, 1749075), (8895, 2, 1752198), (9151, 3, 1752426), (8390, 3, 1754494), (9140, 2, 1817695), (9100, 1, 1820501), (8413, 3, 1824093), (8534, 2, 1837839), (8250, 1, 1840992), (8990, 1, 1843595), (8775, 1, 1899722), (8944, 2, 1925789), (8979, 2, 1925914), (8400, 2, 1926585), (8428, 2, 1931051), (8962, 3, 1932066), (8754, 2, 1932322), (8793, 2, 2014274), (9106, 1, 2019351), (8539, 3, 2025646), (9157, 2, 2097892), (8793, 2, 2100376), (9141, 2, 2184729), (9204, 3, 2186337), (8592, 3, 2241592), (8731, 3, 2251643), (8952, 2, 2269894), (8812, 2, 2335892), (8464, 3, 2356433), (9157, 2, 2358836), (8734, 1, 2360038), (9157, 2, 2448488), (8275, 2, 2449702), (8275, 2, 2450563), (9077, 1, 2501791), (8253, 2, 2511766), (8762, 3, 2531795), (8442, 1, 2533878), (8331, 3, 2534798)]"
261 "[(8423, 2, 35682), (8423, 2, 68343), (8423, 2, 68376), (8777, 3, 275125), (8777, 3, 275173), (8682, 3, 1643914)]"
262 "[(8302, 2, 35966)]"
8448 "[(302, 1, 42618), (1102, 3, 230589), (1853, 2, 953296), (1853, 2, 953371), (4752, 2, 1755737), (4752, 2, 1755763)]"
303 "[(8385, 1, 42627), (8450, 1, 43022), (8546, 2, 207147), (8823, 1, 374062), (8879, 3, 566463), (8969, 1, 808898), (8540, 3, 830594), (8996, 3, 830782), (8540, 3, 917097), (8312, 3, 917154), (8540, 3, 939914), (8540, 3, 1025467), (8483, 1, 1257216), (8702, 2, 1330488), (8996, 3, 1334600), (9064, 2, 1337851), (8581, 3, 1415688), (8971, 2, 1415933), (8816, 1, 1577662), (8344, 3, 1585575), (8666, 1, 1678804), (8514, 3, 1971049), (9194, 3, 2048575), (8286, 3, 2150176), (9168, 2, 2275572), (8526, 2, 2293545), (8555, 3, 2451026), (8324, 3, 2585211)]"
8374 "[(321, 3, 44562), (321, 3, 109812), (233, 2, 365385), (1853, 2, 609175), (423, 1, 878115), (233, 2, 1321157), (1803, 3, 1565013), (1950, 3, 1578535), (1950, 3, 1578707), (1950, 3, 1578725), (233, 2, 1661205), (68, 2, 1687869), (6612, 3, 1903497), (6664, 1, 1922831), (1803, 3, 1966342), (68, 2, 1988914), (509, 2, 2463372)]"
8461 "[(335, 1, 46642), (61, 1, 106836), (61, 1, 106918), (335, 1, 111400), (335, 1, 165426), (476, 1, 232934), (476, 1, 232947), (719, 3, 237486), (335, 1, 248381), (719, 3, 270990), (719, 3, 271023), (1046, 1, 457178), (1046, 1, 457587), (1046, 1, 457675), (1046, 1, 457805), (1046, 1, 457860), (61, 1, 748470), (335, 1, 761187), (5, 3, 781794), (233, 2, 808669), (335, 1, 849034), (719, 3, 853704), (335, 1, 904248), (61, 1, 1181160), (61, 1, 1181638), (2079, 3, 1265803), (2079, 3, 1271738), (335, 1, 1290365), (3921, 1, 1302158), (335, 1, 1364724), (335, 1, 1442260), (281, 1, 1495322), (335, 1, 1531929), (89, 2, 1624150), (335, 1, 1730264), (335, 1, 1814627), (335, 1, 1987396), (335, 1, 2047634), (335, 1, 2144060), (402, 2, 2266275), (335, 1, 2429460), (145, 1, 2525690), (145, 1, 2525731), (68, 2, 2526351), (335, 1, 2566364), (476, 1, 2651013), (476, 1, 2651026), (335, 1, 2663507)]"
8466 "[(350, 2, 48938), (885, 3, 138806), (885, 3, 143972), (1185, 2, 199886), (1185, 2, 200296), (1276, 2, 219264), (885, 3, 338503), (1929, 2, 364538), (1897, 2, 401943), (1897, 2, 412991), (1897, 2, 482561), (1897, 2, 482628), (745, 1, 531941), (745, 1, 532000), (1897, 2, 578842), (384, 1, 596693), (384, 1, 629133), (1897, 2, 660209), (227, 2, 781360), (68, 2, 1281207), (2708, 2, 1289606), (2130, 1, 1300871), (322, 2, 1315603), (4019, 3, 1323555), (4019, 3, 1323563), (1007, 3, 1362202), (1007, 3, 1406428), (1007, 3, 1406493), (3592, 3, 1959608), (954, 2, 1972872), (1007, 3, 1976151), (1632, 3, 2223290), (541, 2, 2472011)]"
8325 "[(383, 1, 53563), (331, 2, 144067), (331, 2, 144180), (331, 2, 480218), (1647, 2, 826775), (331, 2, 849804), (331, 2, 864122), (483, 1, 940457), (331, 2, 1106380), (331, 2, 1111427), (331, 2, 1196211), (22, 3, 1362250), (2076, 2, 1407947), (2076, 2, 1408131), (1647, 2, 1521085), (1647, 2, 1521139), (331, 2, 1713334), (552, 1, 1800382), (331, 2, 1851831), (2693, 3, 1923146), (68, 2, 1924111), (331, 2, 1970282), (331, 2, 1979374), (2769, 2, 2148987), (331, 2, 2149566), (2769, 2, 2150095), (6470, 1, 2281723), (331, 2, 2314975), (331, 2, 2469980)]"
443 "[(8331, 3, 61952), (8434, 3, 72482), (8612, 1, 108828), (8390, 3, 156613), (8331, 3, 201960), (8434, 3, 204730), (8282, 1, 331737), (8463, 3, 575131), (8390, 3, 592398), (8390, 3, 592691), (8498, 3, 599426), (8390, 3, 602613), (8434, 3, 809576), (8282, 1, 876673), (8390, 3, 891337), (8390, 3, 972569), (8498, 3, 1010985), (8498, 3, 1402429), (8434, 3, 1613079), (8264, 3, 1710772), (8741, 3, 1873791), (8282, 1, 1985424), (8741, 3, 1986421), (8264, 3, 2125899), (8741, 3, 2126206), (8264, 3, 2126887), (8498, 3, 2224560), (8498, 3, 2224724)]"
8317 "[(450, 1, 62439), (22, 3, 479761), (68, 2, 1394448)]"
8296 "[(68, 2, 63410), (68, 2, 258284), (750, 2, 276605), (2923, 2, 1732012)]"
489 "[(8411, 2, 65693), (8411, 2, 65719), (9131, 2, 2242038), (9131, 2, 2242060), (9131, 2, 2242504)]"
517 "[(8528, 3, 68304), (8528, 3, 68358), (8423, 2, 68660), (8423, 2, 68662), (8482, 3, 81328), (8528, 3, 100675), (8528, 3, 231206), (8528, 3, 367051), (8528, 3, 504704), (8528, 3, 590676), (8528, 3, 590711), (9069, 2, 1174364), (8482, 3, 1174593), (8528, 3, 1284655), (8528, 3, 1470016), (8528, 3, 1717248), (8528, 3, 1717316), (8482, 3, 1803556), (8528, 3, 1898984), (8682, 3, 2065489), (8528, 3, 2258451), (8528, 3, 2258497), (8482, 3, 2258635), (8990, 1, 2258762), (8990, 1, 2258820), (8528, 3, 2417896), (9084, 2, 2653058)]"
518 "[(8423, 2, 68348), (8677, 1, 2492471)]"
8544 "[(541, 2, 71418), (541, 2, 71470), (541, 2, 71565), (541, 2, 71672), (356, 3, 1172592), (4752, 2, 1440137), (627, 1, 1444394), (627, 1, 1444522), (627, 1, 1444595), (5532, 1, 1462579), (1314, 1, 1463915), (1314, 1, 1464023), (1314, 1, 1464265), (1314, 1, 1464317), (423, 1, 1464890), (2495, 1, 1464939), (1314, 1, 1464959), (1314, 1, 1465065), (3238, 3, 1465104), (3238, 3, 1465169), (1314, 1, 1465433), (4065, 1, 1475710), (4065, 1, 1475811), (1570, 2, 1532310)]"
285 "[(8546, 2, 72489), (8546, 2, 72499), (8623, 1, 122257), (8623, 1, 122305), (8623, 1, 122317), (8411, 2, 132632), (8372, 2, 330148), (8959, 1, 671380), (8249, 1, 730046), (8959, 1, 731911), (8623, 1, 738095), (8959, 1, 749535), (8249, 1, 759795), (8249, 1, 759902), (8249, 1, 828497), (8249, 1, 828507), (8249, 1, 849214), (8623, 1, 900889), (8249, 1, 916307), (8249, 1, 916363), (8249, 1, 916389), (8249, 1, 916421), (8249, 1, 917729), (8249, 1, 980074), (9048, 1, 986683), (9048, 1, 986730), (8623, 1, 1075468), (8623, 1, 1090025), (8623, 1, 1090034), (8249, 1, 1091783), (8249, 1, 1152669), (8577, 3, 1165764), (9019, 1, 1173944), (9019, 1, 1174524), (8577, 3, 1174659), (8577, 3, 1174790), (8577, 3, 1177719), (9072, 3, 1178197), (8577, 3, 1194457), (9019, 1, 1237991), (9019, 1, 1238014), (9019, 1, 1238020), (9019, 1, 1238082), (9019, 1, 1238150), (8623, 1, 1239994), (9019, 1, 1240341), (9019, 1, 1240410), (9019, 1, 1246251), (9019, 1, 1246449), (9019, 1, 1246610), (9019, 1, 1246750), (8249, 1, 1337030), (8249, 1, 1337095), (8249, 1, 1337126), (8295, 1, 1341126), (8295, 1, 1341160), (8295, 1, 1341179), (8295, 1, 1341208), (8295, 1, 1341287), (8411, 2, 1344124), (8295, 1, 1346936), (8295, 1, 1346992), (8295, 1, 1347009), (8295, 1, 1347069), (8295, 1, 1347120), (8295, 1, 1347216), (8623, 1, 1352640), (8249, 1, 1420408), (8295, 1, 1436826), (8295, 1, 1452056), (8295, 1, 1500285), (8887, 2, 1511690), (8295, 1, 1587800), (8295, 1, 1605421), (8295, 1, 1605473), (8295, 1, 1675931), (8249, 1, 1711071), (8577, 3, 1776551), (8411, 2, 1885318), (8411, 2, 1936600), (8249, 1, 1967902), (8623, 1, 2361151), (9084, 2, 2629384), (9084, 2, 2629400), (9084, 2, 2629420)]"
532 "[(8554, 2, 75957), (8528, 3, 79475), (8602, 2, 251499), (8722, 1, 255193), (8841, 1, 345482), (8341, 3, 400448), (8548, 3, 577374), (8414, 1, 676513), (8602, 2, 714510), (8237, 3, 755107), (8331, 3, 854924), (8687, 3, 926234), (8295, 1, 934096), (8726, 3, 1015022), (8421, 1, 1022437), (8719, 1, 1022852), (8841, 1, 1091466), (8504, 1, 1095585), (8447, 2, 1111465), (8601, 3, 1128565), (8402, 2, 1213271), (8906, 1, 1449562), (8683, 2, 1491465), (8682, 3, 1522372), (8418, 1, 1995893), (8591, 2, 2008038), (8535, 2, 2047472), (8985, 1, 2229510), (8950, 3, 2350119), (8528, 3, 2392278), (8365, 1, 2397481), (8639, 3, 2479041), (8894, 3, 2485122), (8606, 3, 2525086), (8632, 3, 2594147), (8554, 2, 2596492), (8841, 1, 2597897), (9197, 1, 2645344)]"
8559 "[(596, 1, 78366), (2232, 2, 445502), (2232, 2, 445825), (1471, 3, 447590), (2408, 1, 494840), (2615, 1, 540264), (2408, 1, 658826), (2232, 2, 695565), (3374, 1, 743217), (3374, 1, 743386), (660, 2, 873317), (1268, 2, 900615), (68, 2, 1002003), (45, 1, 1030277), (2232, 2, 1037654), (1853, 2, 1075273), (2232, 2, 1444168), (1726, 3, 1638114), (1268, 2, 1756769), (1268, 2, 1761163), (68, 2, 1824097), (628, 2, 2260092)]"
496 "[(8411, 2, 78878), (8411, 2, 450974)]"
8239 "[(230, 2, 81084), (230, 2, 414595)]"
8572 "[(627, 1, 83039), (384, 1, 325144), (573, 3, 328733), (912, 1, 328826), (1755, 2, 329219), (573, 3, 329671), (318, 2, 331357), (318, 2, 331389), (318, 2, 331695), (318, 2, 335975), (318, 2, 336173), (1831, 2, 340193), (1277, 3, 376310), (1277, 3, 376337), (356, 3, 1000033), (384, 1, 1548042), (1831, 2, 1697358)]"
630 "[(8454, 3, 83396), (8311, 1, 100361), (8458, 1, 284717), (8458, 1, 285126), (8458, 1, 287778), (8311, 1, 575575), (8311, 1, 606302), (8311, 1, 787264), (8539, 3, 862638), (8458, 1, 1372489), (8539, 3, 1480307), (8539, 3, 1724501), (8539, 3, 1987057), (8539, 3, 1995560), (8539, 3, 2051285)]"
8575 "[(635, 2, 84692), (4739, 3, 1209765), (1046, 1, 1332078), (1434, 3, 1336113), (4657, 3, 1347834), (450, 1, 1356964), (2078, 3, 1362296), (2078, 3, 1362540), (2078, 3, 1366704), (664, 3, 1366857), (68, 2, 1374388), (867, 2, 1378366), (5396, 3, 1381680), (5396, 3, 1381716), (5399, 3, 1382581), (3203, 3, 1385916), (3203, 3, 1385996), (1754, 2, 1387098), (4739, 3, 1394088), (4739, 3, 1394140), (4739, 3, 1394448), (4739, 3, 1397452), (5399, 3, 1400257), (2270, 2, 1401045), (2270, 2, 1401062), (3203, 3, 1402793), (2247, 3, 1403097), (5442, 1, 1404738), (2078, 3, 1405476), (2078, 3, 1405530), (4739, 3, 1417701), (4697, 2, 1450449), (5399, 3, 1479048), (4739, 3, 1508100), (5782, 2, 1538974), (5373, 3, 1609131), (4252, 2, 1626508), (1680, 1, 1628791), (1680, 1, 1628819), (1680, 1, 1637609), (4739, 3, 1640745), (4739, 3, 1640769), (5847, 1, 1663216), (4085, 2, 1665266), (3203, 3, 1667487), (3203, 3, 1667711), (3203, 3, 1667774), (3203, 3, 1667908), (635, 2, 1742619), (635, 2, 1745123), (635, 2, 1745916), (4739, 3, 1755117), (4739, 3, 1784021), (5399, 3, 1814940), (499, 1, 1817133), (499, 1, 1903152), (6464, 2, 1989353), (6464, 2, 1990507)]"
8246 "[(664, 3, 90555), (1247, 1, 214172), (1482, 2, 262189), (1482, 2, 262206), (1494, 1, 265859), (156, 1, 465630), (2153, 1, 487364), (2153, 1, 597143), (502, 1, 614373), (68, 2, 673908), (3222, 1, 694147), (1185, 2, 720972), (1835, 3, 757900), (1931, 2, 800270), (3323, 1, 811416), (1835, 3, 838936), (3709, 2, 852487), (2196, 2, 858893), (3756, 1, 867722), (3227, 3, 1012726), (1571, 1, 1315020), (3222, 1, 1448585), (3756, 1, 1792252), (718, 1, 2091819), (7036, 1, 2159790), (383, 1, 2172199), (374, 3, 2215987)]"
8444 "[(671, 3, 91888), (233, 2, 116404), (233, 2, 284483), (233, 2, 545228), (3114, 1, 671266), (233, 2, 721342), (233, 2, 1495594), (3129, 2, 2163318), (233, 2, 2356034)]"
8587 "[(61, 1, 93122), (1046, 1, 456233), (1046, 1, 456323), (912, 1, 514320), (61, 1, 659605), (61, 1, 1180949), (1046, 1, 1216190), (2131, 3, 1264866), (233, 2, 1316209), (3774, 1, 1456240), (1778, 3, 1684013), (4085, 2, 2417198), (26, 2, 2594052), (3718, 1, 2604367)]"
691 "[(8591, 2, 95579), (8676, 3, 1281909), (8676, 3, 2416495), (8355, 1, 2442263), (8355, 1, 2442338), (8355, 1, 2442385), (8355, 1, 2529877), (8298, 3, 2677574)]"
125 "[(8361, 1, 95854), (8591, 2, 96076), (8676, 3, 273368), (8622, 2, 355098), (8356, 2, 360329), (8558, 1, 514057), (8602, 2, 612770), (8874, 3, 688132), (8588, 3, 690275), (8339, 1, 789505), (8421, 1, 880957), (8570, 3, 882705), (8974, 3, 962660), (8974, 3, 963053), (8806, 3, 1120998), (8243, 1, 1121750), (8883, 1, 1276596), (8591, 2, 1744956), (8402, 2, 2001858), (8855, 1, 2002401), (8355, 1, 2107072), (8917, 1, 2173937), (8985, 1, 2259255), (9205, 2, 2415260), (8676, 3, 2606015)]"
8594 "[(703, 3, 99379), (3209, 2, 1098913), (1276, 2, 1270182), (1276, 2, 1270337), (4515, 1, 1618047), (22, 3, 1984549), (4085, 2, 2266112), (367, 2, 2543776), (2892, 1, 2636562)]"
8583 "[(717, 3, 101785), (717, 3, 101900), (717, 3, 102388), (717, 3, 102632), (717, 3, 158186), (148, 1, 159529), (68, 2, 166563), (1479, 2, 261981), (1479, 2, 261998), (1277, 3, 374929), (1277, 3, 374953), (356, 3, 999954), (398, 1, 1028646), (7036, 1, 2092954)]"
730 "[(8283, 1, 104075), (8283, 1, 104095), (8370, 3, 1042434), (8370, 3, 1042451), (8718, 3, 1043001), (8718, 3, 1043021), (8361, 1, 1360368), (8361, 1, 1360387), (8358, 3, 1518085), (8358, 3, 1518103), (9079, 3, 1597974), (9079, 3, 1597992), (9151, 3, 1771449), (9151, 3, 1771467), (8781, 1, 2231630), (8781, 1, 2231651), (8377, 1, 2232445), (8377, 1, 2232465), (8602, 2, 2481472), (8602, 2, 2481495)]"
739 "[(8423, 2, 105669)]"
742 "[(8607, 3, 107196), (8607, 3, 107266), (8607, 3, 107342), (8607, 3, 107396), (8964, 1, 1089860), (8285, 1, 1493964)]"
611 "[(8609, 2, 107660), (8355, 1, 201029), (8586, 1, 247335), (8295, 1, 291334), (8434, 3, 300926), (8434, 3, 302181), (8355, 1, 346964), (8355, 1, 350499), (8847, 1, 381028), (8875, 3, 422221), (8358, 3, 423564), (8837, 3, 423710), (8606, 3, 424068), (8726, 3, 512175), (8606, 3, 512840), (8606, 3, 513116), (8685, 3, 636003), (8777, 3, 636332), (8888, 2, 781330), (8263, 1, 781338), (8620, 3, 810574), (8620, 3, 810774), (8269, 2, 860649), (8561, 3, 880093), (8611, 3, 896002), (8974, 3, 901704), (8339, 1, 965028), (8801, 3, 986435), (8685, 3, 1031099), (8562, 3, 1031100), (8950, 3, 1032368), (8336, 2, 1063459), (8801, 3, 1068280), (8504, 1, 1074040), (8248, 3, 1076133), (8341, 3, 1077038), (8963, 3, 1116072), (8510, 2, 1122197), (8606, 3, 1199146), (8950, 3, 1205391), (8295, 1, 1312393), (8295, 1, 1312506), (8295, 1, 1312574), (8721, 2, 1312708), (8685, 3, 1325532), (8552, 3, 1325615), (8528, 3, 1326664), (8685, 3, 1338720), (9059, 3, 1381663), (9048, 1, 1392472), (8917, 1, 1463793), (8682, 3, 1466932), (8606, 3, 1504154), (8682, 3, 1572924), (8438, 2, 1587934), (8419, 1, 1588048), (8438, 2, 1589109), (8687, 3, 1597456), (8285, 1, 1636311), (8602, 2, 1676466), (8602, 2, 1677639), (9166, 1, 1827940), (9166, 1, 1828066), (8554, 2, 1900010), (8446, 3, 1920028), (8718, 3, 1935019), (8876, 1, 2000694), (8841, 1, 2001216), (8855, 1, 2002317), (9143, 1, 2109691), (9166, 1, 2114069), (8498, 3, 2152841), (8324, 3, 2193663), (9151, 3, 2199968), (8612, 1, 2232545), (8361, 1, 2286855), (8819, 1, 2336443), (8665, 1, 2373242), (8665, 1, 2373455), (8962, 3, 2410003), (8875, 3, 2410805), (8446, 3, 2500356), (8963, 3, 2512751), (8561, 3, 2515779), (8283, 1, 2667393)]"
757 "[(8588, 3, 108677)]"
8388 "[(22, 3, 112307), (555, 3, 208431), (402, 2, 780514), (555, 3, 1889633), (555, 3, 1890019), (555, 3, 2112213), (555, 3, 2220885), (555, 3, 2567076), (555, 3, 2621890)]"
8258 "[(233, 2, 114480), (233, 2, 1921351), (233, 2, 2094310)]"
8618 "[(659, 3, 114640), (146, 3, 869306), (4215, 3, 1013287), (4215, 3, 1013848), (4215, 3, 1013891), (4215, 3, 1183416), (4215, 3, 1184263), (4215, 3, 1184356), (5532, 1, 1446197), (4752, 2, 1449363), (2239, 3, 1463798), (5636, 2, 1473659), (4215, 3, 1634155), (1276, 2, 1708239), (1543, 3, 2079740), (2196, 2, 2080880), (1543, 3, 2081483), (1543, 3, 2083506), (2769, 2, 2083528), (2141, 3, 2083554), (146, 3, 2102084), (146, 3, 2102785), (146, 3, 2103202), (146, 3, 2182965), (1760, 3, 2184745), (1760, 3, 2184773), (146, 3, 2190998), (7466, 3, 2317657), (6369, 2, 2333573), (2196, 2, 2387279), (4085, 2, 2401122), (284, 2, 2404784), (2374, 3, 2413479), (1044, 3, 2570252)]"
39 "[(8434, 3, 117975), (8434, 3, 292810), (8612, 1, 2459831)]"
800 "[(8411, 2, 118419)]"
835 "[(8372, 2, 126515), (8373, 2, 751379), (8324, 3, 997496), (8410, 3, 1168566), (8446, 3, 1327650), (8411, 2, 2634545), (8456, 2, 2637092), (8456, 2, 2638972)]"
8635 "[(659, 3, 127320), (1854, 1, 461127), (233, 2, 626302), (233, 2, 810244)]"
845 "[(8552, 3, 128748)]"
8384 "[(68, 2, 129272), (356, 3, 351818), (423, 1, 351880), (1803, 3, 690631), (423, 1, 1640740), (627, 1, 1724958), (233, 2, 1749641), (912, 1, 1811225), (912, 1, 1811271), (1803, 3, 1965517), (423, 1, 2491156)]"
852 "[(8295, 1, 130165)]"
808 "[(8462, 3, 135518)]"
887 "[(8243, 1, 138885), (8243, 1, 138905), (8676, 3, 1434117), (8243, 1, 2675018)]"
790 "[(8412, 3, 140954), (8412, 3, 154571), (8412, 3, 154609)]"
8667 "[(913, 2, 143745), (45, 1, 602717), (2881, 1, 610805), (45, 1, 647936), (1058, 3, 2135116), (1058, 3, 2135167)]"
924 "[(8412, 3, 145994), (8412, 3, 153805)]"
8422 "[(68, 2, 147073), (233, 2, 282941), (1601, 3, 397396), (1164, 3, 714002)]"
940 "[(8291, 1, 147929), (8470, 1, 152465), (8363, 2, 233801), (8699, 3, 297452)]"
8360 "[(900, 2, 148852)]"
8389 "[(68, 2, 153938), (233, 2, 373865), (659, 3, 877078), (233, 2, 2186343)]"
989 "[(8619, 2, 154653), (8856, 1, 665555)]"
1004 "[(8386, 3, 157319), (8293, 1, 158998), (8238, 3, 162038), (8595, 3, 354369), (8761, 2, 368655), (9040, 2, 1045047), (8591, 2, 1470492)]"
1022 "[(8412, 3, 160380), (8412, 3, 161181), (8412, 3, 161220), (8412, 3, 161415)]"
8633 "[(1043, 3, 163701), (867, 2, 175227), (867, 2, 175277), (867, 2, 256426), (388, 3, 299848), (867, 2, 341588), (388, 3, 395803), (388, 3, 395866), (388, 3, 396098), (388, 3, 396766), (388, 3, 397147), (388, 3, 397261), (388, 3, 397414), (388, 3, 397738), (388, 3, 397794), (388, 3, 397842), (388, 3, 398063), (388, 3, 398331), (388, 3, 399044), (388, 3, 399952), (388, 3, 400031), (2068, 1, 404799), (2068, 1, 404826), (867, 2, 408878), (867, 2, 408885), (388, 3, 413386), (388, 3, 413567), (388, 3, 413679), (388, 3, 415158), (487, 2, 432470), (2293, 2, 471082), (388, 3, 473063), (388, 3, 473127), (388, 3, 495353), (912, 1, 503411), (233, 2, 545443), (2738, 2, 576955), (331, 2, 587006), (484, 2, 598019), (484, 2, 598130), (484, 2, 598169), (484, 2, 598262), (484, 2, 598472), (482, 2, 607091), (43, 2, 616251), (388, 3, 637821), (388, 3, 639290), (388, 3, 639391), (388, 3, 639413), (388, 3, 639560), (388, 3, 643717), (388, 3, 644038), (675, 2, 647133), (482, 2, 659148), (482, 2, 659656), (233, 2, 721501), (388, 3, 772449), (388, 3, 772607), (388, 3, 772733), (388, 3, 816780), (36, 2, 901786), (2447, 2, 910704), (388, 3, 928080), (119, 2, 967064), (388, 3, 1006416), (2836, 1, 1575363)]"
8316 "[(1047, 1, 164441), (1140, 1, 197622), (1066, 1, 279169), (1263, 1, 323336), (1263, 1, 323352), (1263, 1, 323515), (1921, 1, 361878), (346, 1, 408042), (346, 1, 441770), (552, 1, 506544), (527, 1, 559791), (4250, 1, 1022704), (4250, 1, 1023231), (1066, 1, 1498987), (1066, 1, 1561935), (143, 1, 1722410), (1066, 1, 1723470), (1066, 1, 1726388), (1066, 1, 1727044), (1066, 1, 1829375), (1066, 1, 1901531), (2943, 1, 2006087), (2943, 1, 2142471), (1066, 1, 2177218)]"
8568 "[(162, 3, 165301), (162, 3, 354869), (162, 3, 1244773), (162, 3, 1297054), (162, 3, 1297877), (162, 3, 1454918), (162, 3, 1662672)]"
1065 "[(8285, 1, 167151), (8285, 1, 797754), (9198, 1, 2343929), (9198, 1, 2345150), (8285, 1, 2347647), (9198, 1, 2455767)]"
1070 "[(8411, 2, 167811)]"
8274 "[(1007, 3, 168956), (1007, 3, 199437), (745, 1, 531941), (233, 2, 887619), (68, 2, 954363)]"
1103 "[(8566, 2, 174539), (8549, 3, 1255943), (9210, 2, 2279380), (8676, 3, 2308866)]"
8644 "[(198, 3, 180961), (509, 2, 302332), (2179, 3, 429179), (3010, 1, 670630), (3010, 1, 670844), (3010, 1, 670873), (233, 2, 717760), (1046, 1, 880189), (4331, 1, 1052244), (2202, 1, 1125164), (2678, 1, 1155035), (284, 2, 1200394), (227, 2, 1473018), (509, 2, 1515588), (5206, 2, 1584124), (4085, 2, 1595362), (1046, 1, 1645743), (1046, 1, 1660263), (4515, 1, 1681442), (68, 2, 1750109), (227, 2, 1824664), (227, 2, 1824942), (233, 2, 1837020), (4921, 2, 2206778)]"
8660 "[(1137, 3, 185604), (537, 2, 217139)]"
65 "[(8622, 2, 187689)]"
1176 "[(8441, 2, 196426), (8254, 2, 196686), (8734, 1, 431334), (8433, 2, 658044), (8847, 1, 658410), (8623, 1, 1105340), (9140, 2, 1817811), (9140, 2, 1817858), (8937, 1, 2675734)]"
1189 "[(8591, 2, 199972), (8596, 3, 344250), (8596, 3, 344263), (8596, 3, 344295), (8596, 3, 344326), (8596, 3, 344437), (8596, 3, 344481), (8596, 3, 344505), (8596, 3, 344588), (8498, 3, 1146172), (8502, 3, 1633109), (9140, 2, 1799990), (9140, 2, 1800024), (9140, 2, 1800424), (9140, 2, 1800482), (9140, 2, 1800543), (9140, 2, 1849298), (9140, 2, 1849393), (9140, 2, 1849482), (9140, 2, 1849543), (9140, 2, 1850013), (9140, 2, 1850044), (9140, 2, 1850091), (9140, 2, 1850158), (9140, 2, 1850254), (9140, 2, 1850439), (9140, 2, 1850532), (9140, 2, 1850641), (9140, 2, 1850677), (9140, 2, 1850757), (9140, 2, 1850811), (9140, 2, 1850863), (9140, 2, 1850909)]"
8417 "[(799, 2, 203846), (402, 2, 229832), (1471, 3, 260673), (233, 2, 280500), (1184, 3, 419073)]"
328 "[(8234, 1, 206851), (8234, 1, 218905)]"
8736 "[(68, 2, 209251), (196, 2, 551944), (196, 2, 552117), (196, 2, 552902), (196, 2, 553016), (196, 2, 553104), (196, 2, 553187), (196, 2, 553277), (196, 2, 553615), (196, 2, 553731), (196, 2, 554905), (196, 2, 555114), (196, 2, 555197), (196, 2, 555529), (196, 2, 591050), (196, 2, 594364), (196, 2, 641085), (196, 2, 641157), (196, 2, 641233), (196, 2, 641455), (196, 2, 641482), (196, 2, 643028), (196, 2, 643085), (196, 2, 645400), (196, 2, 645504), (196, 2, 645598), (196, 2, 645767), (196, 2, 651242), (196, 2, 652123), (196, 2, 693088), (196, 2, 693211), (196, 2, 850362), (196, 2, 850385), (196, 2, 850824), (196, 2, 850855), (196, 2, 867464), (196, 2, 867545), (196, 2, 867781), (196, 2, 877013), (68, 2, 877720), (196, 2, 950762), (196, 2, 1084810), (196, 2, 1122979), (5032, 3, 1264261), (5032, 3, 1264359), (5032, 3, 1264459), (196, 2, 1309951), (196, 2, 1310349), (233, 2, 1314716), (227, 2, 1396718), (227, 2, 1397876), (233, 2, 1417221), (1501, 1, 1469948), (1501, 1, 1469973), (196, 2, 1571718), (196, 2, 1572779), (196, 2, 1573360), (196, 2, 1575885), (196, 2, 1575906), (196, 2, 1575987), (196, 2, 1576339), (196, 2, 1576369), (196, 2, 1576766), (196, 2, 1579590), (196, 2, 1579674), (196, 2, 1584082), (196, 2, 1616015), (898, 3, 1924527), (898, 3, 1925103), (1007, 3, 1999408), (4736, 2, 2658000), (4736, 2, 2658554), (4736, 2, 2659777), (4736, 2, 2660280)]"
620 "[(8733, 2, 211046), (8733, 2, 1941559)]"
1237 "[(8282, 1, 212684)]"
8397 "[(484, 2, 215570), (484, 2, 219341), (1305, 2, 226966), (156, 1, 360850), (356, 3, 567830), (1305, 2, 739282), (1305, 2, 862910), (2708, 2, 1273978), (1305, 2, 1562097), (1305, 2, 1562191), (1305, 2, 1785630), (4426, 3, 1890423)]"
1266 "[(8741, 3, 217766)]"
1280 "[(8622, 2, 219712), (8888, 2, 822804), (8339, 1, 824092), (8551, 1, 1109219), (8268, 2, 1345302), (8411, 2, 2371566)]"
1290 "[(8622, 2, 223414)]"
604 "[(8693, 2, 226830), (8294, 1, 768694), (8949, 2, 1635987)]"
1306 "[(8469, 1, 227348), (8458, 1, 393127), (8393, 2, 568782), (8469, 1, 666275)]"
1308 "[(8337, 3, 227423), (8337, 3, 238928), (8337, 3, 2472721), (8337, 3, 2472791)]"
1319 "[(8604, 3, 229973), (8604, 3, 311996), (8604, 3, 312120)]"
1320 "[(8514, 3, 230569), (8514, 3, 309497), (8514, 3, 309689), (8514, 3, 310326), (8278, 3, 997936)]"
798 "[(8248, 3, 231012)]"
1325 "[(8638, 3, 231984), (8638, 3, 2223591)]"
1331 "[(8649, 1, 232958), (8649, 1, 233006)]"
1332 "[(8301, 1, 233277)]"
349 "[(8611, 3, 237033), (8248, 3, 468139), (8248, 3, 1175913), (8248, 3, 1241512), (8248, 3, 1416025), (8248, 3, 1769395), (8248, 3, 1782136), (8348, 2, 2218976)]"
8367 "[(1344, 1, 237408), (1184, 3, 348512), (1684, 2, 492689), (1684, 2, 492703), (1684, 2, 501560), (1684, 2, 501593), (1684, 2, 501622), (2457, 2, 504937), (1684, 2, 589995), (1684, 2, 676762), (1684, 2, 1117631), (1663, 2, 1181382), (22, 3, 1182221), (4945, 3, 1271202), (4085, 2, 1320959), (233, 2, 1494723), (1344, 1, 1563766), (4085, 2, 1594754), (1684, 2, 1725329), (4085, 2, 1825682), (233, 2, 2014870), (1684, 2, 2130429), (1684, 2, 2139285), (1684, 2, 2139341), (1684, 2, 2139387), (1684, 2, 2139407), (4085, 2, 2583950)]"
1355 "[(8622, 2, 238339)]"
8625 "[(156, 1, 238989), (1663, 2, 1094596), (4085, 2, 1841765), (233, 2, 2268883), (4085, 2, 2293516)]"
8457 "[(1371, 2, 240672), (385, 2, 253062), (233, 2, 453076), (1371, 2, 633573), (1371, 2, 2303966)]"
1379 "[(8411, 2, 241188)]"
8435 "[(370, 1, 243269), (233, 2, 545192), (2468, 2, 559407), (2468, 2, 559428), (2131, 3, 609534), (1314, 1, 682779), (703, 3, 862657), (703, 3, 1041475), (703, 3, 1042187), (1726, 3, 1295153), (954, 2, 1972787), (233, 2, 2353460)]"
1397 "[(8651, 2, 244775), (8651, 2, 244850), (8541, 1, 498236), (8541, 1, 498437), (8623, 1, 541185), (8241, 3, 688835), (8236, 3, 709904), (8805, 2, 710091), (8805, 2, 710199), (8591, 2, 945891), (9086, 1, 1544482), (8498, 3, 1724131), (8719, 1, 2137195), (8883, 1, 2329374), (8883, 1, 2329798), (8719, 1, 2330869)]"
1449 "[(8300, 3, 255741), (8286, 3, 745284), (8361, 1, 869317), (8545, 2, 923899), (8414, 1, 1459351), (9051, 3, 1476927), (8785, 3, 1658146), (8467, 3, 1966363), (8876, 1, 2325570), (9088, 3, 2382298)]"
8766 "[(437, 2, 263402), (437, 2, 269954), (437, 2, 924652), (246, 2, 986093), (1276, 2, 1106338), (437, 2, 1742574), (437, 2, 2256588), (437, 2, 2306879), (3974, 2, 2413850), (3974, 2, 2495158), (3974, 2, 2498476)]"
8637 "[(1013, 3, 265592), (954, 2, 695761), (3717, 1, 854270), (826, 3, 1470675), (826, 3, 1562295), (826, 3, 1821989), (2769, 2, 2095687), (509, 2, 2117032), (6213, 2, 2367344)]"
8440 "[(938, 3, 265839), (938, 3, 366531), (938, 3, 666970), (938, 3, 739367), (938, 3, 979403), (938, 3, 979462), (233, 2, 1060084), (938, 3, 1136035), (938, 3, 1142562), (938, 3, 1148457), (4085, 2, 1221992), (938, 3, 1488607), (938, 3, 1489091), (938, 3, 1574133), (938, 3, 1582661), (938, 3, 1755919), (938, 3, 1961728), (938, 3, 2447660)]"
1504 "[(8778, 2, 267464), (8778, 2, 267498)]"
8342 "[(425, 1, 271217), (425, 1, 271764), (425, 1, 272044), (425, 1, 272206), (425, 1, 272377), (1359, 1, 646823)]"
1537 "[(8588, 3, 274351), (8588, 3, 321184), (8588, 3, 321221), (8588, 3, 321369), (8588, 3, 322373), (8588, 3, 322839), (8588, 3, 322897), (8588, 3, 323197), (8588, 3, 714370), (8588, 3, 816761)]"
713 "[(8260, 2, 276986), (8320, 2, 341052), (8582, 3, 351151), (8612, 1, 965138), (8414, 1, 1687176), (9197, 1, 2522376)]"
1547 "[(8738, 2, 277378), (8450, 1, 884665), (9182, 3, 1921352), (9182, 3, 1921467)]"
1554 "[(8622, 2, 278669)]"
8313 "[(321, 3, 279996), (321, 3, 285946), (321, 3, 286680), (321, 3, 307821), (156, 1, 1509531)]"
8321 "[(233, 2, 280722), (233, 2, 616842), (61, 1, 1011329), (2079, 3, 1264953), (2079, 3, 1271188), (233, 2, 1661009), (5665, 1, 2604176)]"
1561 "[(8579, 1, 282075), (8262, 1, 297620), (8623, 1, 297749)]"
57 "[(8688, 2, 282770)]"
8692 "[(233, 2, 283067), (233, 2, 368092)]"
400 "[(8785, 3, 283071), (8785, 3, 316596), (8785, 3, 316621), (8785, 3, 317224), (8785, 3, 317453), (8785, 3, 317604), (8785, 3, 317719), (8785, 3, 317768), (8785, 3, 317875), (8785, 3, 323199), (8785, 3, 323238), (8785, 3, 323254), (8785, 3, 334992), (8785, 3, 366562), (8785, 3, 453562), (8785, 3, 536046), (8785, 3, 854319), (8785, 3, 856564), (8785, 3, 857331), (8785, 3, 858726), (8785, 3, 859400), (8785, 3, 860549), (8785, 3, 883103), (8785, 3, 920809), (8785, 3, 921203), (8785, 3, 924651), (8785, 3, 1426013), (8785, 3, 1426038), (8785, 3, 1426053), (8785, 3, 1426603), (8785, 3, 1426755), (8785, 3, 1426799), (8785, 3, 1444351), (8785, 3, 1451583), (8785, 3, 1526706)]"
8426 "[(233, 2, 284466), (3249, 2, 703403), (1471, 3, 876048), (233, 2, 2014448), (233, 2, 2185858), (367, 2, 2300180), (109, 1, 2565117), (109, 1, 2565159), (7205, 3, 2654421), (7205, 3, 2656495)]"
8251 "[(233, 2, 285898), (68, 2, 351039), (445, 2, 513002), (445, 2, 513120), (2936, 3, 861088), (68, 2, 952341), (983, 1, 1124172), (1036, 2, 1386965), (1853, 2, 1424892), (4019, 3, 1638905), (4019, 3, 1638906), (423, 1, 1812398), (68, 2, 1814490), (68, 2, 1894797), (4019, 3, 1908748), (4019, 3, 1909368), (4019, 3, 1923174), (4019, 3, 1923197), (68, 2, 1986006), (4019, 3, 2008050), (68, 2, 2194558), (1726, 3, 2662951)]"
8593 "[(233, 2, 286149), (2105, 1, 463832), (22, 3, 481602), (22, 3, 482064), (53, 1, 534616), (1157, 3, 534949), (2603, 1, 536106), (745, 1, 537565), (745, 1, 537719), (1314, 1, 684399), (912, 1, 684482), (2510, 3, 695318), (2153, 1, 1200529), (4390, 1, 1202183), (423, 1, 1203009), (3402, 1, 1269674), (2153, 1, 1349148), (824, 1, 2668828)]"
8523 "[(233, 2, 286297)]"
8654 "[(233, 2, 286488), (233, 2, 453034), (423, 1, 529248), (2365, 2, 531391)]"
1587 "[(8276, 1, 289131), (9205, 2, 2216176)]"
1594 "[(8331, 3, 291806), (8603, 3, 403251), (8291, 1, 417767), (8720, 2, 1684367), (8663, 2, 1697261), (8573, 1, 2245366), (8623, 1, 2531252)]"
8564 "[(1601, 3, 293402), (1601, 3, 381052), (1601, 3, 381110), (233, 2, 810238), (233, 2, 1319352), (1601, 3, 1513500), (1601, 3, 1513706), (1601, 3, 1514051)]"
1610 "[(8588, 3, 294898), (8588, 3, 295792), (8588, 3, 295834), (8588, 3, 295941), (8588, 3, 296017), (8588, 3, 302059), (8588, 3, 371973), (8411, 2, 381190), (8588, 3, 558084), (8588, 3, 617861), (8588, 3, 618173), (8887, 2, 618758), (8887, 2, 618850)]"
8430 "[(1499, 1, 297162), (233, 2, 452910), (1376, 3, 748774), (4186, 3, 1216437), (456, 3, 1617793), (68, 2, 2076256)]"
8366 "[(731, 3, 307276), (1013, 3, 2409635)]"
8737 "[(1641, 3, 307639), (1641, 3, 307696), (370, 1, 1828526)]"
8716 "[(68, 2, 309807), (3592, 3, 1702518), (4464, 1, 2629143)]"
1678 "[(8814, 2, 314470), (8814, 2, 927708), (8814, 2, 1431369)]"
1583 "[(8433, 2, 315381)]"
8288 "[(1683, 3, 316142), (3755, 3, 867121), (4076, 2, 1093768), (4076, 2, 1096819), (156, 1, 1148474)]"
8297 "[(68, 2, 316704), (1864, 3, 393999), (2708, 2, 729012), (3483, 1, 805220), (68, 2, 1282651)]"
1698 "[(8236, 3, 318409), (8812, 2, 2133572), (8344, 3, 2485058)]"
1702 "[(8411, 2, 319504), (8411, 2, 1244071), (8411, 2, 1517371), (8411, 2, 2128802), (8411, 2, 2130316), (8411, 2, 2130395)]"
8634 "[(1264, 3, 324553), (1264, 3, 416102), (1264, 3, 573865), (1659, 3, 591546), (1264, 3, 598055), (7127, 1, 2133698), (371, 3, 2203666), (371, 3, 2241726), (1264, 3, 2627997)]"
339 "[(8761, 2, 329503), (8761, 2, 329650), (8761, 2, 329922), (8761, 2, 330894), (8761, 2, 330973), (8761, 2, 331072), (8761, 2, 402963), (8761, 2, 861238), (8761, 2, 861647), (8761, 2, 1304050), (8761, 2, 1304168), (8761, 2, 1304609), (8761, 2, 1451138), (8761, 2, 1451468), (8761, 2, 1451855), (8761, 2, 1452291), (8761, 2, 1452490), (9069, 2, 2581770)]"
1780 "[(8319, 2, 332984), (8973, 2, 1401125), (8965, 3, 1401373), (8250, 1, 1401652)]"
1270 "[(8584, 3, 341798), (8887, 2, 675528), (8887, 2, 675637), (8577, 3, 1278985), (8724, 2, 1822392), (8510, 2, 1822781), (8683, 2, 1885953), (8763, 1, 2196592), (9214, 1, 2326062)]"
8839 "[(1218, 3, 343008)]"
1860 "[(8622, 2, 346308), (9041, 2, 1294515), (9041, 2, 1294560), (9041, 2, 1294731), (9041, 2, 1373828), (9165, 2, 1831772), (9165, 2, 1833224), (9165, 2, 1833896), (9165, 2, 1834121), (9165, 2, 1939608), (9165, 2, 2219078), (9165, 2, 2261835)]"
8284 "[(535, 3, 347007), (535, 3, 347211), (535, 3, 347265), (535, 3, 347512), (535, 3, 347691), (535, 3, 347733), (1869, 3, 349381), (1869, 3, 352419), (1869, 3, 352473), (1869, 3, 352558), (996, 2, 441309), (68, 2, 442564), (401, 3, 456631), (2263, 3, 457148), (3323, 1, 808278), (1044, 3, 850236), (1448, 3, 1136521), (2015, 3, 1185668), (1448, 3, 1220149), (1448, 3, 1274516), (535, 3, 1549807), (535, 3, 1890244), (535, 3, 1890626), (535, 3, 1894944), (3779, 3, 2095197), (3779, 3, 2095241), (1448, 3, 2150020), (1448, 3, 2180864), (1448, 3, 2181009), (233, 2, 2184944), (1448, 3, 2241781), (1448, 3, 2241804), (1448, 3, 2241894), (1869, 3, 2263822), (1869, 3, 2340321), (1448, 3, 2418856), (1448, 3, 2419064)]"
8338 "[(659, 3, 353872), (26, 2, 865680), (233, 2, 1144228), (2605, 3, 1293079), (2605, 3, 1293162), (2605, 3, 1406084)]"
8391 "[(1894, 3, 355882), (1894, 3, 356049), (762, 3, 366052), (162, 3, 422543), (762, 3, 495638), (762, 3, 1040068), (68, 2, 1262664), (5193, 3, 1594348), (5193, 3, 1594508), (762, 3, 1738037), (162, 3, 1902261), (925, 1, 2168523), (925, 1, 2169301), (762, 3, 2238866)]"
823 "[(8372, 2, 357190)]"
1903 "[(8710, 3, 357226), (8710, 3, 751738)]"
1857 "[(8755, 1, 358269), (8470, 1, 866765), (8588, 3, 966877), (8702, 2, 1028998), (8702, 2, 1029187), (9166, 1, 1705737), (8585, 3, 2383436)]"
8789 "[(233, 2, 364787), (870, 1, 408311)]"
8811 "[(233, 2, 364855)]"
8822 "[(233, 2, 368838), (608, 3, 2130604)]"
8792 "[(233, 2, 370047), (233, 2, 1234225)]"
1943 "[(8380, 3, 371739), (8703, 3, 1560205), (8351, 3, 1847362)]"
8310 "[(68, 2, 374769), (68, 2, 691562), (68, 2, 2344181), (1713, 1, 2397754), (1713, 1, 2398315), (1713, 1, 2398482)]"
1210 "[(8242, 1, 376811), (8623, 1, 610259)]"
1958 "[(8719, 1, 378266), (8267, 2, 1292594)]"
1992 "[(8588, 3, 387645), (8588, 3, 462006), (8588, 3, 462116), (8588, 3, 535971), (8588, 3, 538593), (8588, 3, 558615), (8588, 3, 558830), (8588, 3, 1115743), (9072, 3, 1297489), (9151, 3, 2058210), (9151, 3, 2058421), (9151, 3, 2059595), (9151, 3, 2059926)]"
8227 "[(2012, 2, 392701), (731, 3, 393985), (938, 3, 463796), (938, 3, 464028), (938, 3, 464054), (938, 3, 529738), (731, 3, 1051083)]"
2028 "[(8777, 3, 395866), (8591, 2, 572769), (8591, 2, 573165), (8777, 3, 1011553), (8777, 3, 1181677)]"
183 "[(8601, 3, 395921), (8601, 3, 398602), (8269, 2, 2408901), (8269, 2, 2408981)]"
2031 "[(8578, 3, 396240)]"
365 "[(8295, 1, 399107), (8962, 3, 1866875), (8962, 3, 1954828), (8962, 3, 2045735), (8962, 3, 2045836), (8962, 3, 2045940), (8962, 3, 2046077), (8962, 3, 2093648), (8962, 3, 2093734), (8962, 3, 2138470), (8962, 3, 2139172), (8962, 3, 2548031), (8962, 3, 2548146), (8962, 3, 2548234), (8962, 3, 2548366), (8962, 3, 2548412), (8962, 3, 2548593)]"
8471 "[(2069, 1, 405119), (826, 3, 444404), (233, 2, 618930), (509, 2, 650277), (1347, 3, 709482), (898, 3, 718105), (291, 3, 734000), (2708, 2, 743126), (497, 3, 758080), (156, 1, 789009), (233, 2, 810888), (537, 2, 1090670), (233, 2, 1417696), (291, 3, 1504201), (291, 3, 1683981), (291, 3, 1784810), (291, 3, 1935717), (1046, 1, 2065554), (2196, 2, 2220213), (2196, 2, 2220294), (2196, 2, 2220367), (233, 2, 2528895)]"
8732 "[(2110, 2, 413481), (2110, 2, 596398), (2110, 2, 598471), (2110, 2, 671630), (4085, 2, 1826748), (628, 2, 2251383)]"
2137 "[(8588, 3, 418140), (8905, 1, 739946), (8721, 2, 756806), (8485, 3, 788564), (8442, 1, 872070), (8624, 2, 872886), (8341, 3, 948033), (8341, 3, 948079), (8941, 1, 1034979), (8832, 2, 1166182)]"
8765 "[(2054, 3, 418687)]"
2200 "[(8468, 3, 433639), (8318, 2, 439873)]"
1267 "[(8842, 2, 434727), (8842, 2, 507701), (8842, 2, 508053), (8842, 2, 598917), (8791, 1, 867131)]"
2209 "[(8257, 3, 435914)]"
8848 "[(1828, 2, 436341), (1828, 2, 437225), (1828, 2, 437443), (1828, 2, 437481), (1828, 2, 437540), (1828, 2, 438212), (233, 2, 454475), (156, 1, 462806), (156, 1, 463135), (156, 1, 463966), (156, 1, 464148), (156, 1, 464304), (156, 1, 464804), (156, 1, 465150), (2374, 3, 489295), (772, 1, 526653), (1828, 2, 530578), (233, 2, 541027), (772, 1, 872044), (1268, 2, 900688), (1268, 2, 1184663), (367, 2, 1606123), (1268, 2, 1624971), (1041, 1, 2239630)]"
8645 "[(826, 3, 444387), (1778, 3, 570892), (1347, 3, 585535), (1347, 3, 585637), (2069, 1, 1521540), (2069, 1, 1521894), (3592, 3, 1701630), (1059, 2, 1766476), (1778, 3, 1792075), (233, 2, 2014876), (68, 2, 2141605), (2390, 2, 2374681), (826, 3, 2555713)]"
1586 "[(8846, 2, 451179), (8231, 2, 451490), (8967, 2, 721158), (8784, 3, 969559), (8832, 2, 1066890), (9123, 1, 1498532), (9155, 2, 1920127), (9197, 1, 2036702), (9210, 2, 2276152)]"
175 "[(8622, 2, 452150), (8733, 2, 813918), (8733, 2, 814035), (8408, 2, 816453), (8260, 2, 1870142), (8590, 2, 2636807)]"
8323 "[(233, 2, 453110), (68, 2, 1117731), (68, 2, 1350114), (68, 2, 1386446), (45, 1, 1790600)]"
8798 "[(233, 2, 456369), (3579, 2, 806009), (3579, 2, 806322), (233, 2, 1150611), (233, 2, 1409932)]"
8760 "[(233, 2, 456732)]"
684 "[(8331, 3, 460483), (8331, 3, 460522), (8632, 3, 1134328), (8632, 3, 1134727), (9051, 3, 1306859), (8632, 3, 1499418), (8632, 3, 1499479), (8632, 3, 2187907), (8632, 3, 2623323), (9051, 3, 2623458)]"
1078 "[(8888, 2, 477507)]"
837 "[(8682, 3, 478186)]"
782 "[(8530, 3, 479726), (8825, 1, 846329), (8530, 3, 975648), (8849, 1, 1176056), (8405, 2, 1537064), (8301, 1, 1573425), (8962, 3, 1577037), (8962, 3, 1577104), (8282, 1, 1619331), (9168, 2, 2302754), (8555, 3, 2532013), (8462, 3, 2553277), (8390, 3, 2553890)]"
994 "[(8286, 3, 484056), (8286, 3, 484218), (8286, 3, 484270), (8733, 2, 586882), (8733, 2, 587116), (8286, 3, 755286), (9054, 2, 1014191), (8733, 2, 1793258), (8733, 2, 1793332), (8733, 2, 1793602), (8733, 2, 2139562), (9084, 2, 2666950), (9084, 2, 2672212), (9084, 2, 2672340), (9084, 2, 2672408), (9084, 2, 2672581), (9084, 2, 2672754), (9084, 2, 2672853)]"
84 "[(8896, 2, 492179), (9224, 2, 2434697)]"
2403 "[(8277, 1, 494104)]"
2427 "[(8854, 2, 499069), (8950, 3, 2491196)]"
8892 "[(318, 2, 503428), (1854, 1, 2333980)]"
8556 "[(1466, 2, 509351), (1224, 2, 721730), (68, 2, 722979), (664, 3, 936180), (3326, 1, 1103277), (4635, 3, 1308479), (367, 2, 1962602), (8119, 1, 2621898)]"
8481 "[(537, 2, 510385)]"
8912 "[(2485, 2, 512397)]"
317 "[(8883, 1, 513154), (8883, 1, 513155), (8260, 2, 1632528), (8260, 2, 1632600), (8665, 1, 2275413)]"
8827 "[(68, 2, 514290), (384, 1, 1555071), (1778, 3, 1781063), (384, 1, 1788281), (384, 1, 1903621), (384, 1, 2217987), (384, 1, 2218031), (384, 1, 2218138), (384, 1, 2241227), (384, 1, 2241472), (384, 1, 2395156), (384, 1, 2400952), (384, 1, 2485177)]"
1772 "[(8761, 2, 515237), (8761, 2, 592010), (8339, 1, 916993), (8761, 2, 1344947), (8761, 2, 1344978), (8761, 2, 1345092), (8761, 2, 1351482), (8761, 2, 1384560), (8761, 2, 1447042), (8761, 2, 1449053), (8761, 2, 1646419), (9166, 1, 1892748), (9166, 1, 1892769), (9166, 1, 1893007), (9166, 1, 1893140), (9166, 1, 1893206), (9166, 1, 1910709), (9166, 1, 1910783), (9166, 1, 1911550), (9166, 1, 1966182), (9166, 1, 1966469), (9166, 1, 1966496), (9166, 1, 1966621), (9166, 1, 1966704), (9166, 1, 1966816), (9166, 1, 1966871), (8761, 2, 1978064), (8761, 2, 1978278), (9166, 1, 2055869)]"
8691 "[(2507, 3, 516290)]"
2508 "[(8231, 2, 516596)]"
8605 "[(750, 2, 520236), (233, 2, 1841179)]"
2526 "[(8582, 3, 520495), (8582, 3, 520738), (8582, 3, 520849), (8411, 2, 1044521), (8590, 2, 1515576), (8683, 2, 1612326), (8683, 2, 1613130), (8683, 2, 1615260), (8683, 2, 1617094), (8683, 2, 1623960), (8683, 2, 1624028), (8683, 2, 1624240), (8683, 2, 1624520), (8683, 2, 1681691), (8590, 2, 1695020), (8590, 2, 2365677)]"
8647 "[(1069, 3, 524336), (1448, 3, 883833), (1448, 3, 884231), (4085, 2, 1139015)]"
2578 "[(8441, 2, 530985), (8441, 2, 531036), (8441, 2, 580302), (8441, 2, 580566), (8441, 2, 583441), (8441, 2, 617031), (9078, 2, 1286315), (8347, 1, 2046411), (8347, 1, 2046616), (8347, 1, 2046756), (8347, 1, 2046953), (8347, 1, 2046989), (8347, 1, 2055527), (9165, 2, 2164484), (9165, 2, 2167680), (9205, 2, 2213358), (9205, 2, 2214980), (9165, 2, 2227070)]"
8670 "[(156, 1, 541788), (3264, 1, 708648), (68, 2, 709868), (506, 1, 817496), (506, 1, 857024), (506, 1, 937972), (506, 1, 990955), (506, 1, 993675), (2365, 2, 1054796), (506, 1, 1077141), (506, 1, 1077193), (920, 3, 1089386), (506, 1, 1697182), (1726, 3, 1880765), (367, 2, 2454599)]"
8401 "[(233, 2, 543472), (2708, 2, 743313), (703, 3, 837633), (703, 3, 839970), (1970, 1, 1049520), (233, 2, 1231871), (1970, 1, 1317214), (68, 2, 1423641), (537, 2, 1448172), (233, 2, 1490748), (68, 2, 1491698), (4100, 1, 1532850), (4085, 2, 1661395), (68, 2, 2377337), (2390, 2, 2557173), (4752, 2, 2627689)]"
2629 "[(8601, 3, 545351)]"
2624 "[(8591, 2, 545451)]"
8803 "[(370, 1, 553347)]"
8671 "[(2671, 1, 558765), (2671, 1, 558850), (233, 2, 885928), (2671, 1, 1167864), (2671, 1, 1167903), (2671, 1, 1177269), (2671, 1, 1255598), (233, 2, 1922798)]"
8265 "[(509, 2, 562303), (22, 3, 1364003), (2708, 2, 1420010), (22, 3, 2345345)]"
2339 "[(8639, 3, 569089), (8421, 1, 651390), (8718, 3, 2118461)]"
103 "[(8504, 1, 573198), (8887, 2, 657729), (8887, 2, 658021), (8380, 3, 919476), (8761, 2, 1343595), (9077, 1, 2014696)]"
2730 "[(8855, 1, 574683), (8855, 1, 574816)]"
2242 "[(8930, 2, 576530), (8373, 2, 579186), (8558, 1, 1732895), (8558, 1, 1750342), (9166, 1, 2001825), (9176, 3, 2006415), (9176, 3, 2006546), (8592, 3, 2253271)]"
2000 "[(8703, 3, 577486), (8703, 3, 1589397), (8703, 3, 1801844), (8703, 3, 1932080), (8703, 3, 2135985), (8703, 3, 2486703)]"
8936 "[(2774, 2, 583564), (119, 2, 593957), (119, 2, 594008), (119, 2, 594053), (119, 2, 594093), (119, 2, 594125), (119, 2, 594152), (119, 2, 594686), (119, 2, 594712), (119, 2, 594823), (119, 2, 594880), (119, 2, 594893), (119, 2, 594912), (119, 2, 594977), (119, 2, 595008), (539, 2, 595682), (831, 2, 596517), (539, 2, 598588), (68, 2, 599795), (938, 3, 614473), (938, 3, 614512), (539, 2, 618485), (119, 2, 623499), (68, 2, 626152), (938, 3, 627908), (539, 2, 703094), (539, 2, 703110), (233, 2, 714563), (3324, 3, 728921), (1835, 3, 728974), (938, 3, 751483), (1647, 2, 828853), (26, 2, 871092), (938, 3, 926892), (331, 2, 928420), (938, 3, 1044149), (938, 3, 1124384), (938, 3, 1166105), (938, 3, 1214967), (938, 3, 1472873), (938, 3, 1854615), (1835, 3, 1957920), (5578, 3, 2626122)]"
1202 "[(8649, 1, 584049)]"
8658 "[(2750, 1, 584167), (752, 3, 1962618)]"
8684 "[(1276, 2, 587852), (1276, 2, 587946), (3899, 3, 918815), (749, 2, 1917532)]"
8873 "[(1778, 3, 591920), (68, 2, 641857), (237, 2, 662775), (237, 2, 663651), (237, 2, 664453), (237, 2, 664664), (237, 2, 665801), (237, 2, 665850), (237, 2, 665974), (237, 2, 666042), (237, 2, 666805), (237, 2, 666941), (237, 2, 667116), (237, 2, 667142), (237, 2, 667640), (237, 2, 667811), (237, 2, 731425), (237, 2, 736388), (237, 2, 798265), (4162, 3, 1000601), (4162, 3, 1000631), (3612, 3, 1001803), (3612, 3, 1001821), (68, 2, 1016863), (68, 2, 1028879), (233, 2, 1059182), (3874, 1, 1086519), (68, 2, 1129370), (68, 2, 1160265), (627, 1, 1235392)]"
768 "[(8411, 2, 594355), (8411, 2, 594371), (8411, 2, 594672), (8411, 2, 594794), (9072, 3, 1527167), (9051, 3, 1855126)]"
2840 "[(8806, 3, 596290)]"
2863 "[(8771, 2, 599507), (9048, 1, 1008980), (8771, 2, 1025118), (9072, 3, 1141969)]"
86 "[(8411, 2, 601267), (8699, 3, 1984054)]"
2899 "[(8351, 3, 606737), (8888, 2, 606940)]"
8487 "[(2923, 2, 612398), (2923, 2, 948925), (2277, 3, 2277231)]"
220 "[(8411, 2, 617136), (8411, 2, 617208), (8794, 3, 637958), (8402, 2, 1219383), (8794, 3, 1913313), (8794, 3, 1979611)]"
8787 "[(233, 2, 624825), (3612, 3, 1003064), (3612, 3, 1003586)]"
8330 "[(233, 2, 626283), (1359, 1, 760227)]"
8614 "[(1173, 3, 630493), (2196, 2, 655072), (233, 2, 716947), (5045, 2, 1268846)]"
3015 "[(8269, 2, 637417), (8269, 2, 637697), (8269, 2, 637721), (8269, 2, 637782), (8504, 1, 2339731), (8355, 1, 2464400)]"
3027 "[(8390, 3, 641143)]"
3036 "[(8241, 3, 643717), (8241, 3, 643813), (9048, 1, 1065025)]"
8266 "[(68, 2, 646298), (68, 2, 650027), (3385, 3, 746400), (68, 2, 941239), (4015, 2, 948552), (4015, 2, 948627), (2654, 1, 998097), (1552, 1, 1023106), (3502, 1, 1121539), (68, 2, 1328498), (628, 2, 2333836), (608, 3, 2427238), (664, 3, 2676698), (664, 3, 2676731)]"
8387 "[(194, 1, 649211), (194, 1, 835434), (233, 2, 884786), (1046, 1, 952812), (1046, 1, 952902), (912, 1, 1050978), (291, 3, 1053254), (233, 2, 1060983), (1726, 3, 1293770), (233, 2, 1314153), (2731, 3, 1504574), (233, 2, 1664563), (233, 2, 1837116), (194, 1, 1957793), (194, 1, 2047313)]"
8627 "[(1641, 3, 652055), (1641, 3, 652075), (68, 2, 701447), (45, 1, 919611), (6470, 1, 2185826), (68, 2, 2371377)]"
8650 "[(2153, 1, 652234), (2881, 1, 1882638), (2881, 1, 1883743), (233, 2, 2095928)]"
8956 "[(2738, 2, 653586), (2738, 2, 653628), (482, 2, 1869412), (2348, 3, 1994349), (552, 1, 2140014), (482, 2, 2174292), (2277, 3, 2282722), (482, 2, 2321452), (233, 2, 2355767), (318, 2, 2393894), (318, 2, 2393920)]"
3046 "[(8962, 3, 668216), (8962, 3, 668249), (8962, 3, 668378), (8962, 3, 669651), (8962, 3, 669803)]"
8807 "[(346, 1, 669066), (671, 3, 724498), (116, 1, 778103), (478, 1, 784155), (116, 1, 1037616), (116, 1, 1172575), (749, 2, 1240928), (116, 1, 1478068), (116, 1, 1478143), (116, 1, 1560482), (116, 1, 1560484), (116, 1, 1560519), (116, 1, 1864716), (346, 1, 1878180), (5538, 1, 1878293), (346, 1, 1878754), (233, 2, 2356217), (346, 1, 2479787)]"
8507 "[(1778, 3, 669600), (68, 2, 729722), (3142, 1, 800439), (3142, 1, 800739), (993, 2, 1145495), (4888, 3, 1207923), (1493, 2, 1208426), (4888, 3, 1277036), (5591, 2, 1462823), (5591, 2, 1466183), (1493, 2, 1544788), (1363, 3, 1804331)]"
2369 "[(8887, 2, 670249), (8526, 2, 1542715)]"
2210 "[(8339, 1, 676039), (8734, 1, 2422632), (8734, 1, 2564667)]"
8932 "[(983, 1, 677316), (233, 2, 715519), (993, 2, 2254063)]"
8970 "[(912, 1, 680058), (3178, 1, 684274), (233, 2, 711967), (233, 2, 1059678), (954, 2, 1129204), (4085, 2, 1220665), (826, 3, 1385864), (233, 2, 1923889)]"
2101 "[(8940, 1, 681137), (8940, 1, 681165), (8940, 1, 681449), (8940, 1, 754403)]"
8492 "[(1778, 3, 684223), (4085, 2, 1754911), (68, 2, 2050206)]"
8662 "[(425, 1, 684860), (68, 2, 1249575), (233, 2, 1662172)]"
8322 "[(703, 3, 687601)]"
3208 "[(8339, 1, 690601)]"
2230 "[(8529, 1, 691130), (8339, 1, 771157), (8339, 1, 774254), (8548, 3, 938388), (8548, 3, 974361), (8771, 2, 1022711), (8771, 2, 1022770), (8355, 1, 1035919), (8257, 3, 1183548), (8603, 3, 1404652), (8603, 3, 1404856), (8695, 2, 1529136), (8298, 3, 1572347), (8806, 3, 1627568), (8243, 1, 1659161), (8502, 3, 1664324), (8476, 1, 1758015), (9166, 1, 1787930), (8341, 3, 2264861), (8355, 1, 2344415), (8937, 1, 2428750), (8676, 3, 2655498)]"
2483 "[(8888, 2, 701403), (8603, 3, 1388132)]"
3269 "[(8973, 2, 710272), (8973, 2, 710304)]"
3273 "[(8887, 2, 711610), (8887, 2, 711717), (8887, 2, 712288), (8887, 2, 712319), (8887, 2, 712507)]"
3043 "[(8434, 3, 713210), (8434, 3, 713261), (8434, 3, 2354617)]"
8508 "[(1164, 3, 715696), (1164, 3, 1484804), (559, 3, 2317205), (996, 2, 2544904), (537, 2, 2664892)]"
3285 "[(8888, 2, 716956)]"
8717 "[(233, 2, 717101), (1647, 2, 838545), (4085, 2, 1077137), (1647, 2, 1103598), (277, 2, 1108429), (277, 2, 1108500), (484, 2, 1286226), (277, 2, 1364084), (277, 2, 1364172), (1647, 2, 1377141), (1647, 2, 1542584)]"
8698 "[(233, 2, 717561)]"
8271 "[(233, 2, 717818)]"
8809 "[(233, 2, 718980), (480, 2, 2540801)]"
8948 "[(233, 2, 721283), (537, 2, 1160300)]"
8797 "[(68, 2, 721701)]"
8989 "[(3317, 1, 727391), (2939, 2, 767102), (2939, 2, 767257), (2939, 2, 767381), (2939, 2, 827480), (2939, 2, 827561), (233, 2, 882436), (233, 2, 970611), (608, 3, 1375008), (608, 3, 1375021), (2907, 2, 1390282), (870, 1, 2376451), (870, 1, 2376616), (870, 1, 2376702)]"
3318 "[(8339, 1, 728095), (9096, 2, 1523552), (9096, 2, 1526517), (9096, 2, 1526780)]"
2114 "[(8687, 3, 736462), (9031, 3, 1170607), (8365, 1, 2042772), (8778, 2, 2045699), (8602, 2, 2299698)]"
8656 "[(537, 2, 740751), (68, 2, 1202397), (68, 2, 2451109), (68, 2, 2556084), (68, 2, 2663467)]"
8747 "[(3385, 3, 746433)]"
8327 "[(1726, 3, 753568)]"
8567 "[(1726, 3, 754452), (45, 1, 759037), (1184, 3, 940316), (26, 2, 1377129)]"
8409 "[(1726, 3, 754678)]"
1884 "[(8565, 3, 759947), (8570, 3, 1913908), (8874, 3, 2061831), (8801, 3, 2095314)]"
8576 "[(242, 2, 759999), (1277, 3, 811210), (1277, 3, 811229), (242, 2, 854295), (242, 2, 854425), (242, 2, 904957), (242, 2, 904986), (242, 2, 1444898), (242, 2, 1451957), (242, 2, 1453922), (242, 2, 1455012), (242, 2, 1456786), (242, 2, 1458211), (242, 2, 1458260), (242, 2, 1459025), (242, 2, 1545887), (242, 2, 1545921), (242, 2, 1546016), (242, 2, 1924305), (242, 2, 2039215), (242, 2, 2051587), (242, 2, 2184333), (2134, 2, 2574502)]"
8770 "[(1359, 1, 760199)]"
3464 "[(8721, 2, 765613)]"
2089 "[(8434, 3, 766254), (8434, 3, 766369), (8434, 3, 768749), (8434, 3, 2604818)]"
9000 "[(497, 3, 772195), (233, 2, 813989), (3722, 3, 855185)]"
8977 "[(1505, 3, 774948)]"
8306 "[(1505, 3, 777935), (2447, 2, 913976), (233, 2, 2097679), (68, 2, 2144676), (3244, 1, 2183708), (233, 2, 2446250)]"
3517 "[(8814, 2, 783680), (9027, 1, 1884115), (8763, 1, 2026900), (9111, 2, 2469735)]"
3542 "[(8408, 2, 792495)]"
8739 "[(233, 2, 810214), (402, 2, 878050)]"
3613 "[(8295, 1, 823406), (9062, 1, 1085071), (8997, 2, 1129845)]"
8486 "[(509, 2, 824234), (4752, 2, 1423181), (938, 3, 2236540)]"
9012 "[(509, 2, 825575), (509, 2, 825746), (1173, 3, 847154), (1173, 3, 847155), (233, 2, 886407)]"
1492 "[(8482, 3, 834435), (8638, 3, 851373), (8638, 3, 1794591), (8638, 3, 2224114)]"
9006 "[(625, 2, 836048), (625, 2, 836069), (625, 2, 836132), (625, 2, 836147), (625, 2, 836179), (625, 2, 836285), (625, 2, 836323), (625, 2, 837085), (625, 2, 837342), (625, 2, 839173), (749, 2, 874460), (233, 2, 886169), (233, 2, 970408), (1552, 1, 1020278), (625, 2, 1880397), (68, 2, 1987653)]"
8382 "[(1069, 3, 851819), (2923, 2, 942261), (2023, 1, 1011915), (2728, 1, 1011951), (1069, 3, 1622138), (1069, 3, 1623195), (1112, 1, 1642351), (233, 2, 1922804)]"
3729 "[(8649, 1, 857333)]"
3735 "[(8649, 1, 858435), (9084, 2, 2661310)]"
9023 "[(402, 2, 867196), (402, 2, 871550), (402, 2, 871580), (874, 1, 913754), (1647, 2, 1007321), (4085, 2, 1653595), (68, 2, 2061492), (799, 2, 2061840), (68, 2, 2074656), (233, 2, 2094933), (4085, 2, 2197456), (402, 2, 2226972), (799, 2, 2278492), (4085, 2, 2292071), (5394, 1, 2464609), (4186, 3, 2647968)]"
3764 "[(8267, 2, 870614)]"
8700 "[(1505, 3, 880754), (233, 2, 887444), (233, 2, 1231881)]"
1644 "[(8623, 1, 890721), (8623, 1, 891004)]"
2133 "[(8623, 1, 892226), (9069, 2, 1169317), (9069, 2, 1169689), (9069, 2, 1170753), (9069, 2, 1172474), (9069, 2, 1173387), (8411, 2, 2625298), (8411, 2, 2625449)]"
3856 "[(8541, 1, 900033)]"
9034 "[(3874, 1, 907200), (3874, 1, 907371), (22, 3, 997942), (22, 3, 998214), (3896, 1, 998276), (4273, 3, 1203156), (22, 3, 1256961), (4266, 2, 1260548), (5020, 1, 1261036), (5020, 1, 1261078), (420, 2, 1264321), (5037, 1, 1265237), (6309, 3, 2139702), (7307, 3, 2211884), (7308, 2, 2211932), (1663, 2, 2303145)]"
3909 "[(8418, 1, 921678)]"
9026 "[(68, 2, 927285), (870, 1, 927420), (68, 2, 928625), (659, 3, 953443), (900, 2, 1616646)]"
3939 "[(8339, 1, 930180)]"
3963 "[(8546, 2, 935037), (8406, 2, 1363884), (8514, 3, 2101191)]"
9038 "[(497, 3, 941269), (4085, 2, 1078316), (233, 2, 1748191)]"
4020 "[(8601, 3, 949408)]"
4025 "[(8411, 2, 951279)]"
4074 "[(8887, 2, 969321)]"
387 "[(8414, 1, 972508), (8550, 1, 1143616), (8414, 1, 1143840), (8577, 3, 1809239), (8577, 3, 1809251), (8908, 2, 2587518)]"
9039 "[(233, 2, 973005)]"
9033 "[(233, 2, 973299), (233, 2, 1233024), (659, 3, 1252805)]"
8824 "[(233, 2, 974536), (2196, 2, 1213962)]"
697 "[(8551, 1, 975750), (8985, 1, 1114883), (9069, 2, 1173889), (9069, 2, 1214307), (9086, 1, 1228677), (8295, 1, 1306335), (8290, 2, 1534141), (8290, 2, 1534210), (8985, 1, 2093155), (8985, 1, 2256012)]"
8460 "[(68, 2, 983398)]"
4112 "[(8733, 2, 984398), (9181, 2, 2008264), (8816, 1, 2424667)]"
8992 "[(350, 2, 988761), (350, 2, 988804), (318, 2, 1026039), (318, 2, 1026135), (318, 2, 1026267), (318, 2, 1026424), (318, 2, 1026500), (318, 2, 1026536), (318, 2, 1026706), (318, 2, 1026926), (318, 2, 1027788), (318, 2, 1027919), (318, 2, 1028000), (318, 2, 1028110), (318, 2, 1028200), (318, 2, 1028375), (318, 2, 1028508), (318, 2, 1028544), (318, 2, 1029139), (318, 2, 1029176), (318, 2, 1029257), (318, 2, 1029482), (318, 2, 1029711), (318, 2, 1029875), (602, 3, 1081858), (423, 1, 1265160), (420, 2, 1361795), (318, 2, 1408047), (1042, 3, 1414698), (233, 2, 1416902), (2390, 2, 1497258), (143, 1, 2482008)]"
4109 "[(8589, 1, 994863), (8812, 2, 1007592), (8257, 3, 1079801), (8883, 1, 1251891), (8887, 2, 2468398)]"
8368 "[(2923, 2, 996103), (423, 1, 1422233), (537, 2, 1696915)]"
9045 "[(347, 2, 1005288), (347, 2, 1005325), (2087, 3, 1023223), (750, 2, 1054641), (318, 2, 1064236), (318, 2, 1064253), (68, 2, 1075396), (68, 2, 1083416), (1804, 1, 1093212), (1804, 1, 1101420), (1804, 1, 1107228), (1804, 1, 1107462), (1804, 1, 1111410), (2973, 2, 1112330), (1804, 1, 1112402), (2973, 2, 1112790), (2973, 2, 1112922), (68, 2, 1114215), (68, 2, 1125794), (2973, 2, 1131748), (233, 2, 1153427), (537, 2, 1157654), (537, 2, 1157720), (4758, 2, 1180272), (1519, 1, 1182593), (2973, 2, 1189321), (1804, 1, 1211732), (3503, 2, 1228377), (233, 2, 1234706), (233, 2, 1240416), (3503, 2, 1301568), (1036, 2, 1315205), (1036, 2, 1315278), (347, 2, 1344062), (3014, 2, 1348523), (1804, 1, 1554770), (6031, 1, 1637812), (4085, 2, 1652200), (750, 2, 1699351), (750, 2, 1699416), (1804, 1, 1706885), (6189, 2, 1818113), (2621, 2, 1879798), (2495, 1, 1978873), (233, 2, 2012865), (2878, 1, 2098858), (2878, 1, 2099852), (2878, 1, 2101080), (2878, 1, 2101168), (2878, 1, 2101419), (2878, 1, 2101762), (2878, 1, 2260383), (859, 3, 2477226), (233, 2, 2528889)]"
9053 "[(1970, 1, 1012518), (497, 3, 1014764), (1970, 1, 1117691), (233, 2, 1152471), (68, 2, 1182190), (870, 1, 1187732), (608, 3, 1204693), (608, 3, 1204769), (608, 3, 1204783), (608, 3, 1204797), (608, 3, 1204872), (608, 3, 1204887), (608, 3, 1204961), (608, 3, 1205036), (608, 3, 1205052), (68, 2, 1210759), (233, 2, 1233958), (537, 2, 1244090), (1726, 3, 1456523), (68, 2, 1529663), (233, 2, 1578531), (608, 3, 1817297), (954, 2, 2428630)]"
8851 "[(4001, 2, 1015767), (1058, 3, 2158358), (44, 2, 2180664), (68, 2, 2653283)]"
2512 "[(8806, 3, 1022591)]"
4259 "[(8339, 1, 1024035), (8252, 1, 2319945), (8683, 2, 2362678)]"
4296 "[(9048, 1, 1034129)]"
9049 "[(497, 3, 1035815), (233, 2, 1150719), (233, 2, 1415157), (233, 2, 1491312), (233, 2, 1837648), (233, 2, 2528006), (233, 2, 2528755)]"
4345 "[(8806, 3, 1043305), (9206, 2, 2155266)]"
4353 "[(8983, 3, 1044474)]"
4380 "[(8752, 2, 1050762)]"
4377 "[(8887, 2, 1052072), (8887, 2, 1052094), (8887, 2, 1052124)]"
8742 "[(749, 2, 1055085)]"
4412 "[(8248, 3, 1060740)]"
104 "[(8585, 3, 1070408), (9072, 3, 1160991), (9072, 3, 1161008)]"
8272 "[(4427, 3, 1071014), (233, 2, 1239619)]"
2659 "[(8749, 2, 1079790), (9089, 1, 1633926), (9117, 1, 1713436)]"
2103 "[(9054, 2, 1081093), (8639, 3, 1167566), (9054, 2, 1178165), (9054, 2, 1178594), (9069, 2, 1257881), (9069, 2, 1339123), (9084, 2, 2635499)]"
4468 "[(8806, 3, 1088661)]"
4473 "[(8588, 3, 1091600), (8520, 1, 2472535)]"
4475 "[(8339, 1, 1092206)]"
3871 "[(8423, 2, 1093167), (8423, 2, 1094525), (8318, 2, 1105810), (8318, 2, 2546632)]"
31 "[(8535, 2, 1093500), (8535, 2, 1093629), (8535, 2, 1948319), (8535, 2, 1948519)]"
9007 "[(2833, 2, 1095257), (2833, 2, 1095301), (480, 2, 1711419), (6743, 2, 1961134)]"
8425 "[(2138, 2, 1097800), (4504, 3, 1099259), (497, 3, 1099586), (2138, 2, 1099625), (2138, 2, 1099698)]"
9063 "[(83, 3, 1099677), (83, 3, 1099794), (954, 2, 1978494), (1124, 3, 2607192), (1124, 3, 2607296), (1124, 3, 2607299), (870, 1, 2642767), (870, 1, 2643002), (870, 1, 2643091), (1124, 3, 2653438)]"
8628 "[(4506, 2, 1100157), (2131, 3, 1347220), (68, 2, 1470944), (233, 2, 1839294), (867, 2, 1983098), (4085, 2, 2100276), (68, 2, 2121954), (68, 2, 2208981)]"
4586 "[(8268, 2, 1124146), (8545, 2, 1534925), (8545, 2, 1535334), (8734, 1, 1729905)]"
2893 "[(8257, 3, 1127027), (8257, 3, 1220544)]"
8723 "[(336, 1, 1128542), (870, 1, 1263787)]"
4621 "[(8983, 3, 1136548), (8590, 2, 1932111)]"
8790 "[(2810, 3, 1144520), (2810, 3, 1144542), (1276, 2, 1425178), (870, 1, 2246670), (870, 1, 2246743)]"
181 "[(9072, 3, 1148904), (9072, 3, 1149048), (9072, 3, 1161667), (9072, 3, 1176770), (8577, 3, 1177257), (9072, 3, 1184509), (9072, 3, 1184556), (9072, 3, 1184620)]"
8686 "[(2595, 3, 1149520), (4464, 1, 1178642), (2708, 2, 1328279), (22, 3, 1367881), (3592, 3, 1701479), (1684, 2, 1703008), (1684, 2, 1891024), (4085, 2, 1997255), (4085, 2, 2187009), (4085, 2, 2360908), (3039, 2, 2442732), (3039, 2, 2443033), (3039, 2, 2476567), (3039, 2, 2476895), (233, 2, 2529824), (1549, 2, 2673220)]"
8280 "[(233, 2, 1150264), (68, 2, 2395863)]"
9065 "[(233, 2, 1153305)]"
4674 "[(8971, 2, 1163513), (8365, 1, 2451414)]"
8850 "[(1674, 3, 1164275), (1726, 3, 2663552)]"
9075 "[(1786, 1, 1167619), (3681, 3, 1211029)]"
1971 "[(9069, 2, 1169079)]"
1183 "[(9069, 2, 1169083)]"
1761 "[(9069, 2, 1169751), (9069, 2, 1170051)]"
3025 "[(9069, 2, 1173556), (8551, 1, 2544669)]"
4742 "[(9069, 2, 1177491)]"
4763 "[(9069, 2, 1180982)]"
3108 "[(8777, 3, 1189408), (8777, 3, 1189410), (8241, 3, 1274521), (8241, 3, 1274525), (8819, 1, 1274762), (8819, 1, 1274763), (9069, 2, 1538020), (9069, 2, 1538042), (9166, 1, 2651697)]"
8907 "[(4822, 3, 1195460), (752, 3, 1395862), (752, 3, 1398933), (4085, 2, 1908055)]"
4825 "[(8841, 1, 1195844), (8462, 3, 1304340), (8411, 2, 2529492)]"
8563 "[(4273, 3, 1197655), (148, 1, 1271263), (423, 1, 1451840), (1726, 3, 1460361), (4697, 2, 1885506), (4697, 2, 1885567), (859, 3, 2496568)]"
3591 "[(8402, 2, 1207659), (9144, 1, 1548614), (9155, 2, 1631166), (9155, 2, 1704964), (9140, 2, 1727840), (9155, 2, 1903774), (9202, 2, 2113772)]"
1616 "[(9048, 1, 1210473), (9048, 1, 1210570)]"
2637 "[(9072, 3, 1213457), (8355, 1, 2442120)]"
4917 "[(9079, 3, 1215497)]"
8780 "[(233, 2, 1233554), (233, 2, 1494938), (233, 2, 2447731)]"
8571 "[(233, 2, 1234208)]"
8517 "[(233, 2, 1235099), (1726, 3, 1458913), (233, 2, 1494716), (6323, 1, 2037470)]"
8626 "[(164, 1, 1243115), (5137, 1, 1293462), (4752, 2, 1423077), (1670, 3, 2190110)]"
8648 "[(391, 3, 1243311), (423, 1, 1451994), (859, 3, 1504113), (233, 2, 1575061), (4085, 2, 1741088)]"
4999 "[(9069, 2, 1251553)]"
1442 "[(9069, 2, 1258297), (9069, 2, 1258382), (9069, 2, 1258456), (9069, 2, 1258549), (9069, 2, 1258880), (9069, 2, 1259072), (9069, 2, 1259558), (9069, 2, 1259729), (9069, 2, 1262114), (9069, 2, 1262215), (9069, 2, 1268681), (9069, 2, 1272582), (9069, 2, 1272669), (9069, 2, 1282475)]"
239 "[(8603, 3, 1260393), (8603, 3, 1346689)]"
5071 "[(9078, 2, 1275519)]"
1649 "[(8454, 3, 1279947)]"
4748 "[(8779, 2, 1283141)]"
50 "[(8604, 3, 1285287)]"
3663 "[(8676, 3, 1294512), (8676, 3, 1294565), (8676, 3, 1294607), (8519, 1, 1559711), (8676, 3, 1640609)]"
8708 "[(4250, 1, 1298677), (5983, 1, 1736184), (3928, 1, 2399741)]"
9095 "[(233, 2, 1316143), (4085, 2, 1671766), (1137, 3, 1823662), (4186, 3, 1874175), (4186, 3, 1874633), (22, 3, 1905599), (1137, 3, 2161878)]"
9099 "[(68, 2, 1316607), (4085, 2, 1320150), (68, 2, 1392665), (233, 2, 1923158), (68, 2, 1988305), (608, 3, 2247541), (608, 3, 2247554), (608, 3, 2247566), (68, 2, 2420231)]"
8369 "[(4085, 2, 1325654), (233, 2, 2095796)]"
8349 "[(4085, 2, 1331792), (242, 2, 2035094), (242, 2, 2109114), (242, 2, 2109350), (384, 1, 2327451)]"
5244 "[(8603, 3, 1342188)]"
5276 "[(8603, 3, 1351824)]"
3472 "[(8917, 1, 1374255), (8917, 1, 1374290)]"
5358 "[(8603, 3, 1374479), (8603, 3, 1374719)]"
75 "[(8356, 2, 1394539)]"
8993 "[(233, 2, 1413420), (2196, 2, 2386514), (2196, 2, 2386738), (233, 2, 2440249), (2708, 2, 2477217), (703, 3, 2499671)]"
8690 "[(233, 2, 1416695)]"
1300 "[(8578, 3, 1422815), (8578, 3, 1423101), (8578, 3, 1423603), (8578, 3, 1423763), (8578, 3, 1423855), (8578, 3, 1424029)]"
210 "[(9103, 3, 1427763)]"
5550 "[(8555, 3, 1451387)]"
702 "[(8540, 3, 1453373)]"
9113 "[(867, 2, 1469400), (2131, 3, 1470343), (68, 2, 1473819), (606, 1, 1484774), (1185, 2, 1497531), (1185, 2, 1497631), (1185, 2, 1497961), (1185, 2, 1498140), (1185, 2, 1498212), (1185, 2, 1498488), (2925, 2, 1596926), (2925, 2, 1597619), (2591, 2, 1625763), (2591, 2, 1625827), (2591, 2, 1625919), (2591, 2, 1625996), (2591, 2, 1627202), (2591, 2, 1627636), (2925, 2, 1789355), (2925, 2, 1809357), (2485, 2, 1976153), (867, 2, 2023614)]"
20 "[(9086, 1, 1474157)]"
5622 "[(9058, 3, 1495966), (8419, 1, 1496002), (8703, 3, 1531454), (9059, 3, 1534147), (8526, 2, 1535054), (9069, 2, 1543434), (8402, 2, 1819884), (9079, 3, 1869184), (8806, 3, 1926095), (8331, 3, 1928475), (9117, 1, 1943483), (8361, 1, 1966891), (8293, 1, 2046684), (8963, 3, 2081492), (8377, 1, 2155304), (9071, 2, 2162495), (8550, 1, 2218330), (8791, 1, 2263882), (8828, 2, 2322098), (8665, 1, 2368928), (9151, 3, 2377915), (9198, 1, 2414506), (8377, 1, 2491969), (8990, 1, 2573550), (8574, 3, 2589084), (8491, 3, 2594589), (8516, 1, 2655731)]"
5699 "[(9096, 2, 1499308)]"
2040 "[(8578, 3, 1512738)]"
3067 "[(8588, 3, 1517241), (8588, 3, 1517266), (9071, 2, 1591073)]"
8925 "[(5751, 2, 1523360), (938, 3, 2043835)]"
8756 "[(68, 2, 1541636)]"
9136 "[(497, 3, 1542872), (799, 2, 1629814), (659, 3, 1731235), (233, 2, 1839656), (4085, 2, 1843797), (799, 2, 1968331)]"
4952 "[(9071, 2, 1548202), (8411, 2, 1548612)]"
1148 "[(8778, 2, 1552585), (8778, 2, 1603310), (8778, 2, 1620524), (8589, 1, 1624762), (8778, 2, 1643181), (8778, 2, 1683383), (8586, 1, 1711445), (8778, 2, 1739371), (8778, 2, 1745791), (8778, 2, 1886482), (8711, 1, 1947866), (8778, 2, 2087214), (8778, 2, 2209359), (8778, 2, 2265418)]"
5827 "[(8295, 1, 1553913)]"
1338 "[(8411, 2, 1555197), (8411, 2, 2642828)]"
9008 "[(4085, 2, 1559225), (68, 2, 2132454)]"
9145 "[(912, 1, 1567716), (233, 2, 1577810), (68, 2, 1640434), (233, 2, 1663177), (890, 2, 2142732), (4085, 2, 2179265)]"
5869 "[(8758, 2, 1570139), (8887, 2, 1623220), (8758, 2, 2311338), (8758, 2, 2321175), (8758, 2, 2321269), (8758, 2, 2325371), (8758, 2, 2415207), (8758, 2, 2415881), (8758, 2, 2507165), (8758, 2, 2522448), (8758, 2, 2588166), (8758, 2, 2589865), (8758, 2, 2590789), (8758, 2, 2591227), (8758, 2, 2591353), (8758, 2, 2591830), (8758, 2, 2592061), (8758, 2, 2592258), (8758, 2, 2652563)]"
5880 "[(8301, 1, 1573095)]"
2958 "[(9071, 2, 1579139), (9224, 2, 2459046)]"
8616 "[(233, 2, 1579486)]"
4411 "[(9144, 1, 1581811)]"
967 "[(8632, 3, 1603962), (9051, 3, 2028455), (9051, 3, 2029541), (8632, 3, 2096358)]"
576 "[(8510, 2, 1611861), (8510, 2, 1921421), (8510, 2, 2428463)]"
8980 "[(5262, 2, 1612034), (954, 2, 1914721), (826, 3, 2329064), (2461, 1, 2649631), (2461, 1, 2649769)]"
8998 "[(68, 2, 1620002), (233, 2, 1748605), (938, 3, 1768838), (938, 3, 1855049), (938, 3, 1855151), (938, 3, 1924173), (938, 3, 2129063), (370, 1, 2225605), (1448, 3, 2232679), (1448, 3, 2232773), (1448, 3, 2232889), (1448, 3, 2233141), (1448, 3, 2233224), (1448, 3, 2233301), (1448, 3, 2234682), (1448, 3, 2235068), (1448, 3, 2235377), (1448, 3, 2238528), (1448, 3, 2238621), (1448, 3, 2238658), (1448, 3, 2238707), (1448, 3, 2239183), (1448, 3, 2239302), (1448, 3, 2239341), (1448, 3, 2239430), (1448, 3, 2239465), (1448, 3, 2239559), (1448, 3, 2239570), (233, 2, 2267275), (1448, 3, 2409779), (1448, 3, 2409815), (1448, 3, 2409855), (1448, 3, 2409877), (1448, 3, 2409904), (1448, 3, 2409940), (1448, 3, 2409963), (1448, 3, 2410036), (1448, 3, 2412227), (1448, 3, 2439690), (938, 3, 2603218)]"
3734 "[(8514, 3, 1628356)]"
9159 "[(45, 1, 1664736), (537, 2, 1674012), (890, 2, 1703825), (745, 1, 1738560), (745, 1, 1738763), (745, 1, 1738908), (745, 1, 1739404), (772, 1, 1829551)]"
215 "[(9163, 2, 1667004)]"
252 "[(8840, 2, 1671575), (8611, 3, 2541830)]"
4164 "[(8591, 2, 1677898), (8591, 2, 1735684), (9135, 3, 2274592), (8665, 1, 2284879)]"
5909 "[(8470, 1, 1679579)]"
6011 "[(8617, 2, 1679763)]"
5017 "[(8390, 3, 1685699)]"
9167 "[(119, 2, 1704738), (119, 2, 1704755), (1647, 2, 1705283), (1647, 2, 1705388), (68, 2, 1706898), (233, 2, 1749773), (1359, 1, 1796247), (1647, 2, 1914022), (1647, 2, 1914050), (1647, 2, 1914098), (1647, 2, 1914636), (1647, 2, 1914678), (1647, 2, 1938862), (1647, 2, 1938935), (1647, 2, 1938969), (1647, 2, 1939780), (749, 2, 1973291)]"
1155 "[(8290, 2, 1708685)]"
777 "[(9151, 3, 1708901), (9151, 3, 1763675), (9151, 3, 2533761)]"
195 "[(8331, 3, 1733614), (8331, 3, 1733714), (8434, 3, 1914695)]"
7 "[(8919, 3, 1742213), (8919, 3, 1745217), (9062, 1, 2267505)]"
96 "[(8348, 2, 1742555), (8348, 2, 1742604), (9163, 2, 1815192), (9163, 2, 1815203), (9163, 2, 1815348), (8529, 1, 2003611), (8348, 2, 2171364)]"
699 "[(8411, 2, 1751628), (8411, 2, 2093670), (8411, 2, 2093709), (8411, 2, 2093747)]"
3967 "[(8677, 1, 1763961)]"
9137 "[(1778, 3, 1791084), (139, 3, 2060319), (890, 2, 2142605), (890, 2, 2142915), (233, 2, 2441714)]"
6385 "[(8682, 3, 1793941), (8985, 1, 2217152), (8595, 3, 2217207)]"
5463 "[(8516, 1, 1798254)]"
6395 "[(8537, 1, 1798608)]"
1460 "[(8868, 2, 1799976)]"
8957 "[(913, 2, 1810125), (1726, 3, 2140521)]"
6423 "[(8532, 1, 1811529)]"
6007 "[(9140, 2, 1813262), (9140, 2, 1813333)]"
8898 "[(233, 2, 1835158)]"
8707 "[(233, 2, 1836113)]"
4666 "[(8347, 1, 1860297)]"
8774 "[(1655, 2, 1863099), (1655, 2, 1863189), (1655, 2, 1863438), (1655, 2, 1863527), (1655, 2, 2014429)]"
5083 "[(8241, 3, 1875461), (8241, 3, 1875573), (8241, 3, 1875689), (8241, 3, 1875859), (9080, 2, 2234704), (9080, 2, 2236224), (9080, 2, 2236369), (9080, 2, 2236663), (9080, 2, 2236811), (9080, 2, 2237946), (9080, 2, 2238121), (9080, 2, 2312494), (9080, 2, 2312864), (9080, 2, 2313915), (9080, 2, 2322160), (9080, 2, 2323124), (9080, 2, 2325557), (9080, 2, 2327230), (9080, 2, 2330238), (9080, 2, 2330309), (9080, 2, 2331015), (9080, 2, 2331413), (9080, 2, 2331553)]"
2478 "[(8293, 1, 1877383)]"
8636 "[(5058, 2, 1881237), (4325, 2, 1921005), (744, 3, 1946140), (744, 3, 1946175), (4494, 1, 1954365)]"
2190 "[(8528, 3, 1888472)]"
6556 "[(9166, 1, 1894084), (9166, 1, 1894193), (9166, 1, 1894276), (9166, 1, 1894398), (9166, 1, 1894503), (9166, 1, 1894686)]"
4861 "[(8815, 3, 1894217)]"
6564 "[(8639, 3, 1909782), (8639, 3, 1909888)]"
6614 "[(8295, 1, 1923466), (8295, 1, 1925450)]"
8704 "[(2819, 3, 1939613), (6368, 2, 2667696)]"
310 "[(8347, 1, 1943053), (8452, 3, 2109848), (9223, 2, 2455600)]"
1003 "[(8400, 2, 1959861)]"
9014 "[(954, 2, 1972729)]"
4599 "[(8887, 2, 1991011)]"
9187 "[(4085, 2, 2007004)]"
9184 "[(233, 2, 2013893), (4085, 2, 2033817)]"
2839 "[(8411, 2, 2018888), (8411, 2, 2018914), (8411, 2, 2019129)]"
6010 "[(8640, 3, 2027882)]"
8877 "[(4085, 2, 2033504)]"
2434 "[(9115, 2, 2070465), (9115, 2, 2070687)]"
2169 "[(8540, 3, 2071512), (8540, 3, 2071576), (8540, 3, 2071670)]"
1160 "[(8248, 3, 2072750), (8248, 3, 2072790), (8248, 3, 2082388)]"
4178 "[(8452, 3, 2078752), (8452, 3, 2078773), (8452, 3, 2078820)]"
9125 "[(4085, 2, 2084187)]"
696 "[(8985, 1, 2090649)]"
9203 "[(450, 1, 2135234), (4085, 2, 2356438)]"
337 "[(8474, 3, 2146420)]"
92 "[(8591, 2, 2147268)]"
5169 "[(8419, 1, 2157129)]"
8354 "[(3129, 2, 2163243)]"
2955 "[(8592, 3, 2165773)]"
154 "[(9124, 1, 2166967)]"
4528 "[(8887, 2, 2171744)]"
9153 "[(383, 1, 2172297), (383, 1, 2256378), (828, 2, 2268610), (828, 2, 2268791), (828, 2, 2268884), (828, 2, 2268920), (828, 2, 2269070), (828, 2, 2269143), (828, 2, 2269171), (828, 2, 2269657), (828, 2, 2269710), (828, 2, 2269753), (828, 2, 2269784), (828, 2, 2271308), (828, 2, 2271522), (383, 1, 2322442)]"
8817 "[(370, 1, 2174988), (370, 1, 2175330), (1921, 1, 2495203)]"
8489 "[(370, 1, 2175435), (370, 1, 2175447), (370, 1, 2312900), (4390, 1, 2490082)]"
8499 "[(233, 2, 2183585), (1359, 1, 2199108)]"
344 "[(9198, 1, 2187258), (9198, 1, 2191938), (9198, 1, 2192091), (9198, 1, 2192170), (9198, 1, 2192201)]"
5698 "[(8632, 3, 2199880)]"
1219 "[(8823, 1, 2217218)]"
5397 "[(8812, 2, 2218534)]"
8451 "[(233, 2, 2266764)]"
7523 "[(9102, 2, 2292833)]"
6191 "[(8371, 3, 2304430)]"
4432 "[(8298, 3, 2308435)]"
2786 "[(9168, 2, 2312654)]"
2438 "[(8706, 2, 2312759)]"
4735 "[(9214, 1, 2319635), (9214, 1, 2320519)]"
5360 "[(8548, 3, 2320109)]"
6147 "[(8324, 3, 2325368)]"
8436 "[(4085, 2, 2372747)]"
9215 "[(1831, 2, 2399996), (1921, 1, 2503965), (318, 2, 2563459), (318, 2, 2563546), (318, 2, 2563565), (318, 2, 2563592), (318, 2, 2563625), (318, 2, 2563800), (318, 2, 2563863), (318, 2, 2564059), (318, 2, 2564081), (318, 2, 2564161), (1134, 3, 2575769), (1134, 3, 2575894), (318, 2, 2575911), (318, 2, 2575955), (1134, 3, 2576412), (318, 2, 2668841)]"
7557 "[(8639, 3, 2419793)]"
2174 "[(9064, 2, 2426103)]"
6753 "[(8347, 1, 2429112)]"
8869 "[(253, 1, 2433684)]"
8853 "[(233, 2, 2440150), (783, 3, 2535695), (6249, 2, 2618472)]"
3105 "[(9205, 2, 2440887), (9205, 2, 2440994), (9205, 2, 2441009)]"
3507 "[(9205, 2, 2463149), (9205, 2, 2463360)]"
5985 "[(8703, 3, 2466052), (8703, 3, 2466077), (8703, 3, 2466447)]"
1673 "[(8555, 3, 2482186)]"
115 "[(9019, 1, 2520517)]"
9028 "[(7488, 1, 2544947), (806, 2, 2545105), (156, 1, 2545170), (156, 1, 2545755), (1277, 3, 2550903), (1277, 3, 2550921), (318, 2, 2553074), (482, 2, 2553457), (482, 2, 2553978), (482, 2, 2563893), (6569, 2, 2577187), (6569, 2, 2577212), (1973, 3, 2610667), (1973, 3, 2610816), (6118, 2, 2635195), (482, 2, 2660042), (482, 2, 2660169)]"
8680 "[(1058, 3, 2555446)]"
5327 "[(8806, 3, 2564565)]"
5319 "[(8603, 3, 2573333)]"
9021 "[(68, 2, 2595191), (3676, 2, 2645437)]"
2837 "[(8632, 3, 2609817)]"
4202 "[(8248, 3, 2624342), (8248, 3, 2628089)]"
2425 "[(9084, 2, 2626614)]"
3352 "[(8772, 2, 2627879)]"
5407 "[(9084, 2, 2635469)]"
5720 "[(8591, 2, 2642718)]"
8914 "[(68, 2, 2644418)]"
5891 "[(8324, 3, 2649793)]"
7787 "[(9084, 2, 2659905)]"
