21 "[(8247, 2, 1314), (8546, 2, 848170)]"
23 "[(8250, 1, 1529)]"
8278 "[(55, 0, 4780), (537, 2, 230884), (4076, 2, 969641), (4076, 2, 969710), (4076, 2, 970057), (745, 1, 973060), (745, 1, 973150), (745, 1, 973216), (745, 1, 973262), (1320, 0, 997936), (233, 2, 1060973), (1552, 1, 1063541), (17, 0, 1118203)]"
22 "[(8285, 1, 5721), (8273, 0, 29543), (8242, 1, 34668), (8320, 2, 57293), (8320, 2, 57310), (8438, 2, 57916), (8229, 2, 83957), (8229, 2, 84050), (8229, 2, 84093), (8243, 1, 85566), (8591, 2, 95449), (8388, 0, 112307), (8622, 2, 179353), (8314, 2, 437135), (8314, 2, 437270), (8243, 1, 441987), (8343, 0, 442228), (8295, 1, 457512), (8317, 0, 479761), (8593, 0, 481602), (8593, 0, 482064), (8909, 2, 499625), (8678, 2, 953408), (8678, 2, 953453), (8339, 1, 996171), (9034, 0, 997942), (9034, 0, 998214), (8812, 2, 999351), (8719, 1, 1023670), (8812, 2, 1025495), (8343, 0, 1050151), (8339, 1, 1050836), (8263, 1, 1051448), (8602, 2, 1064017), (8295, 1, 1065041), (8683, 2, 1075060), (8367, 0, 1182221), (9034, 0, 1256961), (8260, 2, 1286005), (8260, 2, 1286059), (8260, 2, 1286105), (8356, 2, 1296617), (8917, 1, 1305852), (8917, 1, 1305948), (8917, 1, 1305984), (8719, 1, 1334143), (8719, 1, 1334194), (8519, 1, 1344888), (8361, 1, 1348349), (8325, 0, 1362250), (8265, 0, 1364003), (8686, 0, 1367881), (9163, 2, 1901908), (8841, 1, 1905193), (9095, 0, 1905599), (9166, 1, 1905875), (8346, 0, 1958947), (8594, 0, 1984549), (8265, 0, 2345345), (8814, 2, 2347701), (8526, 2, 2378200), (8876, 1, 2419414), (8876, 1, 2419449), (8876, 1, 2419495), (8504, 1, 2420966), (9224, 2, 2424888), (9197, 1, 2511091), (9168, 2, 2568832), (8849, 1, 2569314), (9223, 2, 2587543), (8964, 1, 2589023), (8343, 0, 2613750), (8343, 0, 2613936)]"
8286 "[(62, 1, 5855), (62, 1, 6443), (62, 1, 6476), (62, 1, 6615), (301, 2, 48303), (1800, 2, 335152), (1800, 2, 335841), (1800, 2, 336425), (1800, 2, 341952), (1862, 2, 346675), (1800, 2, 377753), (1800, 2, 378066), (1800, 2, 378131), (1800, 2, 384115), (1800, 2, 430360), (994, 0, 484056), (994, 0, 484218), (994, 0, 484270), (1449, 0, 745284), (994, 0, 755286), (1800, 2, 770644), (1800, 2, 770744), (429, 2, 904484), (429, 2, 904521), (1800, 2, 936961), (537, 2, 982750), (3088, 2, 1014245), (3088, 2, 1072382), (3088, 2, 1072401), (3088, 2, 1072553), (1800, 2, 1113008), (1800, 2, 1113767), (3088, 2, 1116199), (3088, 2, 1157146), (3088, 2, 1158527), (3088, 2, 1159105), (429, 2, 1244643), (429, 2, 1246707), (429, 2, 1262296), (1800, 2, 1466282), (429, 2, 1673145), (429, 2, 1871953), (6593, 1, 1968477), (1800, 2, 2143568), (303, 0, 2150176), (5447, 1, 2214227), (429, 2, 2279617), (68, 2, 2461501), (429, 2, 2545907)]"
8236 "[(67, 0, 6254), (799, 2, 117543), (1698, 0, 318409), (233, 2, 372723), (628, 2, 434380), (1397, 0, 709904), (799, 2, 722335)]"
69 "[(8290, 2, 6359)]"
8298 "[(80, 2, 7564), (207, 2, 228749), (2230, 0, 1572347), (233, 2, 1749647), (73, 0, 2186670), (4432, 0, 2308435), (6828, 2, 2516615), (17, 0, 2516685), (319, 2, 2563121), (691, 0, 2677574)]"
87 "[(8302, 2, 8942)]"
8304 "[(89, 2, 9234), (570, 2, 864060)]"
8341 "[(17, 0, 16814), (143, 1, 17614), (148, 1, 17988), (1276, 2, 397878), (532, 0, 400448), (2591, 2, 533032), (384, 1, 663389), (1775, 1, 669940), (17, 0, 689784), (17, 0, 863564), (17, 0, 947089), (2110, 2, 947390), (2137, 0, 948033), (2137, 0, 948079), (156, 1, 969577), (17, 0, 969832), (2442, 2, 1031279), (2442, 2, 1031418), (2110, 2, 1036859), (611, 0, 1077038), (2110, 2, 1293006), (2230, 0, 2264861)]"
139 "[(8282, 1, 17251), (9168, 2, 1954402), (9168, 2, 2054255), (9137, 0, 2060319)]"
158 "[(8348, 2, 19122)]"
163 "[(8283, 1, 20156), (8283, 1, 424867), (8283, 1, 424929), (8290, 2, 1518109), (9071, 2, 1632451), (9071, 2, 1744503), (8504, 1, 2345031), (8504, 1, 2499354), (8504, 1, 2648661)]"
187 "[(8261, 0, 23332)]"
8264 "[(190, 1, 24014), (925, 1, 146124), (925, 1, 231402), (925, 1, 231458), (925, 1, 231473), (925, 1, 231494), (925, 1, 231788), (378, 1, 233330), (925, 1, 332282), (925, 1, 408186), (925, 1, 418578), (2441, 1, 501351), (2441, 1, 501415), (925, 1, 512302), (761, 2, 523969), (2069, 1, 540254), (2069, 1, 540343), (167, 0, 562251), (925, 1, 592887), (925, 1, 592902), (402, 2, 608647), (925, 1, 679134), (437, 2, 685735), (437, 2, 688035), (925, 1, 750529), (925, 1, 751337), (502, 1, 841651), (925, 1, 939151), (925, 1, 1022920), (925, 1, 1196690), (925, 1, 1197606), (925, 1, 1440322), (925, 1, 1441631), (925, 1, 1635637), (443, 0, 1710772), (925, 1, 1802589), (925, 1, 2046435), (335, 1, 2062358), (443, 0, 2125899), (443, 0, 2126887), (925, 1, 2155217), (4085, 2, 2286341), (233, 2, 2530507), (925, 1, 2650540)]"
235 "[(8235, 0, 30675), (8282, 1, 286661), (8290, 2, 1620287), (8314, 2, 2434516)]"
8434 "[(73, 0, 37961), (443, 0, 72482), (39, 0, 117975), (443, 0, 204730), (39, 0, 292810), (611, 0, 300926), (611, 0, 302181), (3043, 0, 713210), (3043, 0, 713261), (2089, 0, 766254), (2089, 0, 766369), (2089, 0, 768749), (443, 0, 809576), (5751, 2, 1522656), (443, 0, 1613079), (195, 0, 1914695), (6654, 1, 1945264), (6654, 1, 1945268), (233, 2, 2097119), (3043, 0, 2354617), (2089, 0, 2604818)]"
8404 "[(73, 0, 37980), (40, 0, 85908)]"
8446 "[(17, 0, 41785), (68, 2, 161642), (17, 0, 263090), (17, 0, 272005), (17, 0, 281680), (45, 1, 357896), (233, 2, 370482), (2127, 1, 416398), (2272, 2, 461904), (1906, 2, 707234), (480, 2, 919906), (17, 0, 938933), (156, 1, 965742), (68, 2, 1042935), (17, 0, 1134208), (167, 0, 1177281), (167, 0, 1177283), (835, 0, 1327650), (423, 1, 1369084), (17, 0, 1383723), (5971, 1, 1619971), (627, 1, 1624705), (17, 0, 1722039), (611, 0, 1920028), (1314, 1, 1970877), (17, 0, 1982818), (2196, 2, 1989748), (5137, 1, 2002913), (5137, 1, 2003067), (2769, 2, 2074847), (2769, 2, 2081623), (2769, 2, 2086396), (2769, 2, 2161322), (68, 2, 2172805), (2769, 2, 2342937), (2769, 2, 2342962), (2769, 2, 2342976), (2769, 2, 2343002), (17, 0, 2404179), (2244, 1, 2489866), (611, 0, 2500356), (1314, 1, 2503010), (6107, 1, 2504270), (875, 2, 2599887)]"
321 "[(8374, 0, 44562), (8476, 1, 53098), (8374, 0, 109812), (8313, 0, 279996), (8313, 0, 285946), (8313, 0, 286680), (8313, 0, 307821)]"
8410 "[(322, 2, 44650), (322, 2, 44712), (322, 2, 739078), (322, 2, 797501), (322, 2, 797542), (322, 2, 798371), (322, 2, 798553), (322, 2, 798594), (322, 2, 798858), (322, 2, 800286), (322, 2, 800338), (322, 2, 800549), (322, 2, 800928), (322, 2, 801122), (322, 2, 801228), (322, 2, 801431), (322, 2, 801517), (361, 2, 802143), (322, 2, 837972), (322, 2, 841011), (322, 2, 841183), (322, 2, 841471), (322, 2, 841625), (322, 2, 842111), (383, 1, 868245), (322, 2, 882301), (480, 2, 894270), (835, 0, 1168566), (635, 2, 1170961), (4780, 1, 1185798), (635, 2, 1222913), (2923, 2, 1560763), (4587, 2, 1972700), (45, 1, 2066480)]"
8462 "[(335, 1, 46746), (808, 0, 135518), (335, 1, 165484), (476, 1, 232972), (476, 1, 233029), (335, 1, 248425), (1046, 1, 458924), (1046, 1, 459657), (1046, 1, 459684), (1046, 1, 460024), (1046, 1, 460268), (1046, 1, 461193), (2522, 2, 519082), (2573, 1, 529669), (2573, 1, 692442), (2573, 1, 692474), (73, 0, 823861), (335, 1, 942956), (335, 1, 1227028), (335, 1, 1290316), (4825, 0, 1304340), (335, 1, 1364812), (335, 1, 1442325), (335, 1, 1531969), (3049, 1, 1667332), (335, 1, 1814740), (335, 1, 1917538), (3049, 1, 1959466), (335, 1, 1987871), (335, 1, 2047779), (335, 1, 2186691), (335, 1, 2238844), (2522, 2, 2241278), (3981, 2, 2254206), (3981, 2, 2254239), (335, 1, 2429694), (2522, 2, 2485946), (335, 1, 2521723), (782, 0, 2553277), (335, 1, 2566725), (2522, 2, 2646541), (335, 1, 2664095), (89, 2, 2669929), (476, 1, 2672299)]"
8463 "[(335, 1, 46819), (378, 1, 53980), (335, 1, 110779), (335, 1, 165712), (378, 1, 176262), (378, 1, 234023), (476, 1, 241307), (476, 1, 241360), (145, 1, 271966), (435, 1, 316272), (1883, 1, 353307), (233, 2, 367592), (378, 1, 430003), (443, 0, 575131), (1185, 2, 727485), (335, 1, 761223), (3655, 1, 837889), (1046, 1, 953724), (1046, 1, 955396), (335, 1, 1305068), (335, 1, 1365455), (335, 1, 1442787), (476, 1, 1455507), (476, 1, 1455561), (335, 1, 1532266), (335, 1, 1988372), (335, 1, 2048018), (1076, 2, 2059546), (335, 1, 2061483), (17, 0, 2143495), (148, 1, 2143963), (1076, 2, 2246085), (1076, 2, 2279918), (171, 1, 2387220), (1341, 2, 2398925), (5538, 1, 2459612), (335, 1, 2566917), (1625, 1, 2626175), (335, 1, 2664308)]"
351 "[(8438, 2, 49009), (8339, 1, 722589), (8355, 1, 2552855)]"
356 "[(8302, 2, 49518), (8384, 0, 351818), (8299, 0, 481492), (8397, 0, 567830), (8356, 2, 654174), (8734, 1, 913500), (8622, 2, 999928), (8583, 0, 999954), (8572, 0, 1000033), (8544, 0, 1172592), (8550, 1, 2079789), (8277, 1, 2425411)]"
371 "[(8235, 0, 52200), (8235, 0, 54257), (8235, 0, 1167962), (8290, 2, 1343637), (8290, 2, 1461297), (8290, 2, 1461426), (8290, 2, 1702680), (8290, 2, 2068281), (8634, 0, 2203666), (8634, 0, 2241726)]"
8331 "[(443, 0, 61952), (68, 2, 63158), (443, 0, 201960), (1594, 0, 291806), (17, 0, 331428), (684, 0, 460483), (684, 0, 460522), (233, 2, 545051), (532, 0, 854924), (509, 2, 1084265), (233, 2, 1241864), (3114, 1, 1269823), (537, 2, 1609276), (233, 2, 1666025), (195, 0, 1733614), (195, 0, 1733714), (233, 2, 1847493), (5622, 0, 1928475), (367, 2, 1934078), (6654, 1, 1945300), (6654, 1, 1945306), (73, 0, 2356952), (40, 0, 2534798)]"
448 "[(8477, 1, 62112), (8477, 1, 65623), (8477, 1, 146197), (8477, 1, 148499), (8477, 1, 234110), (8477, 1, 242879), (8477, 1, 407407), (8477, 1, 656365), (8477, 1, 757673), (8477, 1, 838906), (8477, 1, 1358375), (8477, 1, 1441573), (8477, 1, 2047271), (8477, 1, 2057155), (8477, 1, 2650377), (8477, 1, 2650757)]"
456 "[(8423, 2, 62993), (8554, 2, 345449), (8554, 2, 1541876), (8430, 0, 1617793)]"
461 "[(8419, 1, 63240), (9020, 2, 903659), (8419, 1, 925118), (9020, 2, 940099), (8419, 1, 1101918), (8419, 1, 1178458), (9020, 2, 1188420), (8419, 1, 1254339), (8419, 1, 1269312), (9020, 2, 1984199), (9020, 2, 2192803), (9020, 2, 2193300), (9020, 2, 2220613), (8419, 1, 2386947), (8419, 1, 2468856), (8419, 1, 2665141)]"
8429 "[(467, 1, 63722), (467, 1, 63894), (17, 0, 396941), (73, 0, 888111), (17, 0, 892574), (73, 0, 979535), (73, 0, 1166122), (233, 2, 1240447), (207, 2, 1314558)]"
8241 "[(483, 1, 66998), (196, 2, 248128), (196, 2, 248197), (196, 2, 248319), (196, 2, 248428), (196, 2, 248521), (196, 2, 248776), (196, 2, 255376), (196, 2, 255449), (695, 1, 594841), (2968, 2, 621964), (3036, 0, 643717), (3036, 0, 643813), (1804, 1, 678535), (1397, 0, 688835), (1959, 1, 715070), (196, 2, 768742), (1729, 2, 822887), (284, 2, 829699), (1804, 1, 842156), (1804, 1, 842319), (483, 1, 871549), (196, 2, 883357), (1959, 1, 902855), (196, 2, 918357), (1959, 1, 939175), (732, 1, 1020189), (45, 1, 1028586), (421, 2, 1046318), (1036, 2, 1049948), (761, 2, 1055165), (732, 1, 1091750), (732, 1, 1091848), (233, 2, 1150600), (421, 2, 1180317), (421, 2, 1180821), (421, 2, 1181296), (423, 1, 1194666), (4835, 1, 1198015), (2442, 2, 1206806), (732, 1, 1219229), (1804, 1, 1255893), (1804, 1, 1256226), (1804, 1, 1257265), (732, 1, 1271203), (732, 1, 1271304), (732, 1, 1271439), (5063, 2, 1273628), (3108, 0, 1274521), (3108, 0, 1274525), (732, 1, 1277050), (732, 1, 1277150), (68, 2, 1278025), (483, 1, 1283759), (483, 1, 1283856), (483, 1, 1284398), (483, 1, 1284536), (483, 1, 1284624), (5063, 2, 1291416), (732, 1, 1292692), (449, 2, 1297900), (732, 1, 1299189), (732, 1, 1299272), (4736, 2, 1346929), (5063, 2, 1355942), (196, 2, 1365454), (196, 2, 1365640), (5063, 2, 1380424), (1959, 1, 1385121), (1959, 1, 1389759), (1959, 1, 1389850), (1959, 1, 1389903), (1959, 1, 1390217), (1959, 1, 1390313), (1959, 1, 1392781), (1959, 1, 1392884), (233, 2, 1417568), (196, 2, 1422830), (196, 2, 1422935), (5063, 2, 1424979), (196, 2, 1430161), (196, 2, 1432443), (196, 2, 1432637), (196, 2, 1432731), (483, 1, 1462832), (483, 1, 1462860), (483, 1, 1463022), (1959, 1, 1467999), (1959, 1, 1468091), (1959, 1, 1468321), (6464, 2, 1826455), (421, 2, 1873047), (421, 2, 1875186), (5083, 0, 1875461), (421, 2, 1875541), (5083, 0, 1875573), (5083, 0, 1875689), (5083, 0, 1875859), (421, 2, 1883946), (196, 2, 1884438), (196, 2, 1884471), (196, 2, 2035905), (196, 2, 2036062), (196, 2, 2036117), (196, 2, 2037796), (2181, 1, 2159849), (196, 2, 2304062), (1959, 1, 2361678), (1959, 1, 2361720), (1959, 1, 2361919), (196, 2, 2405770), (5063, 2, 2480405), (5063, 2, 2480616), (5063, 2, 2480810), (5063, 2, 2480907), (7314, 2, 2494746), (449, 2, 2503122), (449, 2, 2503438), (449, 2, 2504398), (68, 2, 2505211), (5063, 2, 2563279), (449, 2, 2570170)]"
500 "[(8520, 1, 67124), (8339, 1, 805047), (9048, 1, 1014630), (9168, 2, 1961389), (8282, 1, 1962003), (8402, 2, 2067960)]"
508 "[(8423, 2, 67755), (8423, 2, 67889), (8423, 2, 68238), (8423, 2, 68293)]"
8528 "[(517, 0, 68304), (517, 0, 68358), (532, 0, 79475), (517, 0, 100675), (517, 0, 231206), (517, 0, 367051), (517, 0, 504704), (517, 0, 590676), (517, 0, 590711), (517, 0, 1284655), (611, 0, 1326664), (517, 0, 1470016), (517, 0, 1717248), (517, 0, 1717316), (2190, 0, 1888472), (517, 0, 1898984), (517, 0, 2258451), (517, 0, 2258497), (532, 0, 2392278), (517, 0, 2417896), (17, 0, 2546374)]"
8531 "[(506, 1, 69478), (423, 1, 71443), (2203, 1, 434216), (2246, 2, 450134), (2246, 2, 450139), (2894, 1, 605514), (506, 1, 646744), (3534, 2, 789121), (506, 1, 854864), (2974, 2, 873932), (2974, 2, 936120), (506, 1, 937125), (506, 1, 1172771), (506, 1, 1172807), (506, 1, 1172894), (506, 1, 1247408), (506, 1, 1419267), (3534, 2, 1428576)]"
8509 "[(67, 0, 73249), (233, 2, 116698)]"
374 "[(8423, 2, 73476), (8246, 0, 2215987)]"
588 "[(8256, 2, 76877), (8256, 2, 77254), (8479, 1, 565577), (9048, 1, 1028970), (8268, 2, 1175233), (9168, 2, 2051576), (8734, 1, 2305573)]"
590 "[(8427, 1, 77229), (8427, 1, 77265), (8427, 1, 77297), (8888, 2, 473050), (9096, 2, 1309578)]"
8454 "[(68, 2, 78346), (630, 0, 83396), (68, 2, 927591), (1649, 0, 1279947), (2522, 2, 1295155), (4941, 1, 1386335), (4941, 1, 1386371), (4941, 1, 1386526), (4941, 1, 1386594), (4941, 1, 1386740), (233, 2, 1492831), (423, 1, 2304084)]"
608 "[(8291, 1, 79670), (8291, 1, 79687), (8269, 2, 210111), (8602, 2, 525002), (8346, 0, 746290), (8755, 1, 1036712), (8356, 2, 1201065), (8480, 2, 1201105), (8356, 2, 1201337), (8480, 2, 1201352), (9053, 0, 1204693), (9053, 0, 1204769), (9053, 0, 1204783), (9053, 0, 1204797), (9053, 0, 1204872), (9053, 0, 1204887), (9053, 0, 1204961), (9053, 0, 1205036), (9053, 0, 1205052), (8273, 0, 1231942), (8989, 0, 1375008), (8989, 0, 1375021), (8420, 2, 1384584), (8968, 2, 1386548), (8999, 2, 1527196), (8927, 1, 1647574), (8927, 1, 1647648), (8273, 0, 1796135), (9053, 0, 1817297), (8973, 2, 1909523), (8927, 1, 1989141), (8822, 0, 2130604), (8733, 2, 2208593), (9099, 0, 2247541), (9099, 0, 2247554), (9099, 0, 2247566), (8870, 2, 2249004), (8266, 0, 2427238), (8350, 1, 2587360), (8631, 1, 2587380), (8256, 2, 2596705), (8972, 2, 2597282)]"
8482 "[(517, 0, 81328), (17, 0, 417663), (2138, 2, 418375), (1492, 0, 834435), (517, 0, 1174593), (367, 2, 1591436), (517, 0, 1803556), (5398, 1, 1895929), (5398, 1, 2197665), (517, 0, 2258635)]"
8582 "[(614, 1, 86411), (506, 1, 255991), (713, 0, 351151), (506, 1, 481332), (506, 1, 481399), (2365, 2, 488314), (2365, 2, 488413), (2526, 0, 520495), (2526, 0, 520738), (2526, 0, 520849), (506, 1, 555375), (506, 1, 640877), (983, 1, 686674), (3774, 1, 873869), (2365, 2, 875929), (2365, 2, 877326), (1066, 1, 878452), (1066, 1, 878903), (1066, 1, 888056), (506, 1, 906590), (506, 1, 915667), (2365, 2, 933532), (2365, 2, 933695), (506, 1, 937566), (2365, 2, 940304), (506, 1, 992424), (506, 1, 1074578), (2365, 2, 1129315), (506, 1, 1165877), (506, 1, 1210213), (1066, 1, 1362101), (1066, 1, 1362259), (437, 2, 1362433), (2365, 2, 1488488), (2365, 2, 1697895), (506, 1, 1775861), (506, 1, 1935185), (506, 1, 2327564), (2567, 1, 2564278)]"
8358 "[(17, 0, 88465), (1401, 1, 356682), (1401, 1, 396200), (2146, 1, 421244), (2146, 1, 421262), (611, 0, 423564), (45, 1, 721347), (1401, 1, 791356), (2943, 1, 800818), (1401, 1, 854523), (3728, 1, 949136), (4390, 1, 1053599), (17, 0, 1062475), (1382, 2, 1117091), (17, 0, 1207695), (17, 0, 1262198), (233, 2, 1326471), (2458, 1, 1351846), (502, 1, 1365789), (3039, 2, 1488859), (730, 0, 1518085), (730, 0, 1518103), (2933, 1, 1713889), (2933, 1, 1714482), (2933, 1, 1714553), (53, 1, 1726979), (476, 1, 1742421), (718, 1, 2276036), (718, 1, 2276091), (2933, 1, 2675299)]"
664 "[(8246, 0, 90555), (8556, 0, 936180), (8447, 2, 1095314), (8268, 2, 1204566), (8575, 0, 1366857), (8268, 2, 1533213), (8266, 0, 2676698), (8266, 0, 2676731)]"
671 "[(8444, 0, 91888), (8302, 2, 333471), (8302, 2, 647677), (8302, 2, 647682), (8807, 0, 724498), (8273, 0, 1923694)]"
401 "[(8419, 1, 93506), (8284, 0, 456631), (8419, 1, 1012807), (8849, 1, 1092965), (8282, 1, 1925274)]"
682 "[(8414, 1, 93607)]"
8491 "[(627, 1, 94483), (233, 2, 370050), (2728, 1, 574063), (17, 0, 574110), (3323, 1, 775952), (2881, 1, 945201), (17, 0, 945278), (17, 0, 1719479), (1663, 2, 2073956), (2198, 2, 2335432), (2198, 2, 2335509), (2198, 2, 2335582), (2198, 2, 2335814), (2198, 2, 2335848), (2198, 2, 2336215), (17, 0, 2339543), (17, 0, 2388613), (2708, 2, 2390768), (2708, 2, 2390843), (2246, 2, 2407725), (2246, 2, 2407727), (233, 2, 2445052), (5622, 0, 2594589)]"
703 "[(8594, 0, 99379), (8322, 0, 687601), (8401, 0, 837633), (8401, 0, 839970), (8435, 0, 862657), (8435, 0, 1041475), (8435, 0, 1042187), (8545, 2, 1210315), (8545, 2, 1210603), (8545, 2, 1210843), (8928, 1, 1455872), (8928, 1, 1456038), (8275, 2, 1989230), (8275, 2, 1989471), (8348, 2, 2260811), (8340, 2, 2327401), (8993, 0, 2499671)]"
717 "[(8583, 0, 101785), (8583, 0, 101900), (8583, 0, 102388), (8583, 0, 102632), (8583, 0, 158186)]"
731 "[(8602, 2, 104246), (8602, 2, 193453), (8734, 1, 262716), (8734, 1, 263603), (8366, 0, 307276), (8719, 1, 309803), (8529, 1, 324186), (8227, 0, 393985), (8295, 1, 491639), (8602, 2, 499719), (8602, 2, 508435), (8602, 2, 529968), (8602, 2, 530023), (8602, 2, 530081), (8602, 2, 589753), (8602, 2, 607592), (8602, 2, 613006), (8415, 2, 684766), (8515, 1, 695003), (8515, 1, 695117), (8734, 1, 787088), (8719, 1, 940987), (8227, 0, 1051083), (8295, 1, 1054033), (8602, 2, 1822761), (9069, 2, 2141024), (8734, 1, 2259487), (8602, 2, 2350480), (8602, 2, 2422832), (8719, 1, 2495075), (8719, 1, 2495126)]"
8603 "[(733, 2, 104717), (1594, 0, 403251), (635, 2, 425093), (635, 2, 614809), (73, 0, 824163), (635, 2, 1004828), (239, 0, 1260393), (2749, 2, 1314376), (5244, 0, 1342188), (239, 0, 1346689), (480, 2, 1347483), (5276, 0, 1351824), (5358, 0, 1374479), (5358, 0, 1374719), (635, 2, 1381958), (2483, 0, 1388132), (2230, 0, 1404652), (2230, 0, 1404856), (233, 2, 1489350), (40, 0, 1501598), (5725, 1, 1511262), (5209, 2, 1805228), (5209, 2, 1805336), (5188, 2, 1821867), (5188, 2, 1821912), (5262, 2, 1832603), (5262, 2, 1832688), (233, 2, 1923844), (5534, 1, 1925408), (5534, 1, 1925592), (5534, 1, 1925808), (635, 2, 2252300), (635, 2, 2550076), (5319, 0, 2573333), (635, 2, 2596637)]"
8606 "[(749, 2, 107006), (611, 0, 424068), (17, 0, 424239), (611, 0, 512840), (611, 0, 513116), (611, 0, 1199146), (233, 2, 1495116), (611, 0, 1504154), (4085, 2, 1752501), (596, 1, 1906245), (596, 1, 2341517), (4085, 2, 2439151), (17, 0, 2524152), (532, 0, 2525086), (17, 0, 2576448)]"
8607 "[(742, 0, 107196), (742, 0, 107266), (742, 0, 107342), (742, 0, 107396), (246, 2, 654480), (233, 2, 1233492), (233, 2, 1416962), (233, 2, 1838403), (233, 2, 2355830)]"
744 "[(8608, 2, 107597), (8722, 1, 190471), (8447, 2, 392296), (8290, 2, 1355011), (8814, 2, 1578463), (8612, 1, 1945274), (8636, 0, 1946140), (8636, 0, 1946175), (8356, 2, 2311363), (9214, 1, 2355881)]"
8588 "[(754, 1, 108027), (757, 0, 108677), (996, 2, 155797), (996, 2, 155870), (68, 2, 206706), (36, 2, 209832), (228, 2, 209906), (228, 2, 209978), (1537, 0, 274351), (1556, 1, 279237), (1610, 0, 294898), (1610, 0, 295792), (1610, 0, 295834), (1610, 0, 295941), (1610, 0, 296017), (1610, 0, 302059), (480, 2, 311410), (1392, 1, 311614), (480, 2, 311847), (1392, 1, 317047), (1537, 0, 321184), (1537, 0, 321221), (1537, 0, 321369), (1537, 0, 322373), (1537, 0, 322839), (1537, 0, 322897), (1537, 0, 323197), (1793, 1, 334288), (1392, 1, 336137), (1827, 2, 339434), (552, 1, 346614), (164, 1, 349437), (36, 2, 351658), (36, 2, 359642), (1610, 0, 371973), (1992, 0, 387645), (36, 2, 388711), (754, 1, 409519), (2137, 0, 418140), (271, 2, 420947), (271, 2, 421002), (68, 2, 422216), (1992, 0, 462006), (1992, 0, 462116), (935, 1, 497569), (1992, 0, 535971), (1992, 0, 538593), (1610, 0, 558084), (1992, 0, 558615), (1992, 0, 558830), (109, 1, 599441), (109, 1, 599700), (109, 1, 599813), (109, 1, 600057), (109, 1, 600186), (68, 2, 601396), (1610, 0, 617861), (1610, 0, 618173), (125, 0, 690275), (1537, 0, 714370), (1392, 1, 747266), (1392, 1, 753488), (3503, 2, 778431), (450, 1, 799393), (1537, 0, 816761), (1793, 1, 839422), (1793, 1, 839505), (68, 2, 882029), (17, 0, 912007), (3896, 1, 918433), (2505, 1, 926923), (68, 2, 941160), (1036, 2, 949943), (1036, 2, 949982), (1857, 0, 966877), (233, 2, 973081), (4252, 2, 1022823), (4473, 0, 1091600), (1392, 1, 1097892), (1596, 1, 1111082), (1992, 0, 1115743), (109, 1, 1153274), (167, 0, 1184585), (68, 2, 1252356), (3067, 0, 1517241), (3067, 0, 1517266), (2708, 2, 1872657), (912, 1, 1957911)]"
8539 "[(221, 1, 109059), (45, 1, 451841), (221, 1, 526412), (68, 2, 854201), (630, 0, 862638), (73, 0, 1082366), (630, 0, 1480307), (630, 0, 1724501), (630, 0, 1987057), (630, 0, 1995560), (40, 0, 2025646), (630, 0, 2051285), (73, 0, 2357025), (221, 1, 2527424), (221, 1, 2590383)]"
8530 "[(233, 2, 113374), (68, 2, 359728), (233, 2, 370625), (782, 0, 479726), (68, 2, 703819), (782, 0, 975648), (2623, 2, 1002169)]"
659 "[(8618, 0, 114640), (8635, 0, 127320), (8534, 2, 268963), (8525, 2, 269846), (8631, 1, 270194), (8338, 0, 353872), (8854, 2, 453925), (8846, 2, 623523), (8389, 0, 877078), (8290, 2, 879432), (9026, 0, 953443), (9033, 0, 1252805), (9165, 2, 1730960), (9136, 0, 1731235), (8385, 1, 1908364), (8250, 1, 2120096), (9054, 2, 2169676), (8622, 2, 2184658), (9123, 1, 2260859), (8849, 1, 2261034), (9213, 2, 2438559), (8761, 2, 2540714), (9198, 1, 2618335)]"
8238 "[(233, 2, 115074), (1004, 0, 162038), (1840, 1, 1387599), (4085, 2, 2171657)]"
8257 "[(627, 1, 115435), (233, 2, 282951), (68, 2, 365291), (2209, 0, 435914), (233, 2, 453570), (2593, 1, 971619), (2708, 2, 974504), (116, 1, 1046989), (4109, 0, 1079801), (2893, 0, 1127027), (116, 1, 1172027), (116, 1, 1182893), (116, 1, 1183054), (2230, 0, 1183548), (17, 0, 1214745), (2893, 0, 1220544), (233, 2, 1411274), (2708, 2, 1871515), (68, 2, 1988074), (541, 2, 2649147)]"
792 "[(8622, 2, 116052)]"
8407 "[(73, 0, 117998)]"
8620 "[(68, 2, 126664), (233, 2, 281828), (346, 1, 385190), (346, 1, 448303), (346, 1, 666860), (2110, 2, 671734), (2110, 2, 671810), (2110, 2, 672101), (346, 1, 720188), (346, 1, 740613), (346, 1, 784745), (156, 1, 806596), (156, 1, 809135), (156, 1, 809192), (156, 1, 809297), (1276, 2, 809640), (1276, 2, 809741), (1276, 2, 809872), (611, 0, 810574), (611, 0, 810774)]"
8552 "[(845, 0, 128748), (1206, 1, 205258), (1206, 1, 210455), (2063, 1, 404025), (233, 2, 625257), (1206, 1, 752972), (1206, 1, 821502), (1206, 1, 821633), (1206, 1, 928847), (1206, 1, 928875), (1206, 1, 988626), (1206, 1, 988668), (1206, 1, 1010961), (1206, 1, 1011013), (1206, 1, 1011094), (1206, 1, 1011142), (1206, 1, 1011289), (1206, 1, 1011338), (1206, 1, 1011382), (1206, 1, 1034767), (1206, 1, 1075202), (954, 2, 1310574), (611, 0, 1325615), (1206, 1, 1332274), (1206, 1, 1339584), (1206, 1, 1505338), (4085, 2, 2644290), (1206, 1, 2646542)]"
885 "[(8466, 0, 138806), (8466, 0, 143972), (8466, 0, 338503), (9102, 2, 1420090), (8734, 1, 2302756)]"
8412 "[(790, 0, 140954), (924, 0, 145994), (924, 0, 153805), (790, 0, 154571), (790, 0, 154609), (1022, 0, 160380), (1022, 0, 161181), (1022, 0, 161220), (1022, 0, 161415), (233, 2, 280742)]"
898 "[(8243, 1, 141013), (8311, 1, 144202), (8311, 1, 144319), (8295, 1, 717659), (8471, 0, 718105), (8736, 0, 1924527), (8736, 0, 1925103)]"
8643 "[(67, 0, 141988), (913, 2, 297703), (435, 1, 319832), (68, 2, 342986), (68, 2, 428333), (233, 2, 453889), (233, 2, 540349), (233, 2, 624631), (40, 0, 716480), (233, 2, 808735), (375, 1, 2058153)]"
920 "[(8249, 1, 145165), (8816, 1, 409224), (8670, 0, 1089386), (8986, 2, 1519436), (8761, 2, 1865949), (8432, 2, 1899340), (9116, 1, 2034650), (9090, 1, 2474582), (9124, 1, 2484959)]"
8380 "[(45, 1, 146880), (1943, 0, 371739), (103, 0, 919476), (73, 0, 979366), (471, 2, 1645340), (471, 2, 1645420), (471, 2, 1645507), (4065, 1, 2437422)]"
8604 "[(941, 1, 148893), (1014, 2, 158546), (1206, 1, 223082), (1319, 0, 229973), (1319, 0, 311996), (1319, 0, 312120), (8, 1, 428345), (897, 2, 439459), (1206, 1, 1075675), (1206, 1, 1088594), (1206, 1, 1088839), (50, 0, 1285287), (1014, 2, 2253988)]"
8672 "[(943, 1, 149635), (509, 2, 591193), (4390, 1, 1201501), (233, 2, 1664571), (509, 2, 1774234), (233, 2, 1839212), (509, 2, 1858679), (68, 2, 1970615), (233, 2, 2014913), (233, 2, 2096914), (2615, 1, 2331763), (17, 0, 2415713)]"
8610 "[(954, 2, 150828), (233, 2, 885993), (4085, 2, 972864)]"
8676 "[(912, 1, 153267), (983, 1, 153874), (17, 0, 165616), (125, 0, 273368), (2153, 1, 423569), (17, 0, 783903), (17, 0, 881064), (2196, 2, 1130053), (691, 0, 1281909), (2708, 2, 1289623), (3663, 0, 1294512), (3663, 0, 1294565), (3663, 0, 1294607), (598, 1, 1309436), (912, 1, 1314012), (887, 0, 1434117), (1663, 2, 1519843), (17, 0, 1546887), (3663, 0, 1640609), (4085, 2, 1671160), (384, 1, 1721872), (7048, 1, 2097910), (3323, 1, 2238650), (1103, 0, 2308866), (6801, 1, 2309315), (3323, 1, 2337762), (691, 0, 2416495), (1929, 2, 2520925), (125, 0, 2606015), (2230, 0, 2655498), (1856, 2, 2675882), (1856, 2, 2676915), (1856, 2, 2677022), (17, 0, 2678000)]"
8682 "[(17, 0, 153558), (190, 1, 154205), (837, 0, 478186), (552, 1, 608301), (611, 0, 1466932), (17, 0, 1468658), (2390, 2, 1496940), (532, 0, 1522372), (4752, 2, 1540200), (17, 0, 1549470), (17, 0, 1561457), (611, 0, 1572924), (17, 0, 1632837), (2881, 1, 1633221), (17, 0, 1633970), (261, 0, 1643914), (17, 0, 1712999), (5037, 1, 1792059), (6385, 0, 1793941), (627, 1, 1992071), (17, 0, 1992928), (2769, 2, 2060784), (517, 0, 2065489), (17, 0, 2157066), (1813, 1, 2157143), (17, 0, 2189109), (17, 0, 2198183)]"
8424 "[(954, 2, 154913), (3483, 1, 1674394), (3483, 1, 1675669), (3483, 1, 1675828), (233, 2, 1749498)]"
8685 "[(17, 0, 156157), (17, 0, 262248), (611, 0, 636003), (1929, 2, 774704), (611, 0, 1031099), (611, 0, 1325532), (17, 0, 1332614), (17, 0, 1334654), (611, 0, 1338720), (233, 2, 1490761), (17, 0, 2173400)]"
8390 "[(443, 0, 156613), (67, 0, 230961), (319, 2, 242420), (319, 2, 242442), (67, 0, 311396), (1890, 1, 354285), (1962, 1, 378709), (156, 1, 379692), (156, 1, 380532), (156, 1, 381511), (1890, 1, 382775), (1890, 1, 382883), (443, 0, 592398), (443, 0, 592691), (443, 0, 602613), (17, 0, 624975), (3027, 0, 641143), (3496, 1, 776761), (336, 1, 829694), (443, 0, 891337), (944, 1, 903526), (443, 0, 972569), (319, 2, 1186610), (319, 2, 1265394), (6049, 1, 1673576), (5017, 0, 1685699), (40, 0, 1754494), (2069, 1, 1806521), (335, 1, 2062676), (4085, 2, 2285500), (1890, 1, 2416953), (944, 1, 2425511), (944, 1, 2425663), (156, 1, 2443276), (4941, 1, 2457908), (2441, 1, 2477389), (782, 0, 2553890)]"
8386 "[(1004, 0, 157319), (68, 2, 241424), (233, 2, 1666201), (68, 2, 1936614), (233, 2, 2013236)]"
1007 "[(8299, 0, 157696), (8274, 0, 168956), (8411, 2, 186302), (8274, 0, 199437), (8411, 2, 234415), (8411, 2, 236425), (8466, 0, 1362202), (8466, 0, 1406428), (8466, 0, 1406493), (8466, 0, 1976151), (8736, 0, 1999408), (8734, 1, 2076174), (8537, 1, 2677403), (8537, 1, 2677633)]"
8577 "[(799, 2, 160794), (281, 1, 794821), (3921, 1, 925130), (2881, 1, 957100), (1314, 1, 1126530), (285, 0, 1165764), (145, 1, 1173429), (285, 0, 1174659), (285, 0, 1174790), (17, 0, 1177111), (181, 0, 1177257), (3828, 1, 1177423), (285, 0, 1177719), (4140, 1, 1178031), (17, 0, 1178609), (2441, 1, 1179393), (2146, 1, 1186358), (2146, 1, 1186499), (3708, 2, 1193410), (3708, 2, 1193736), (285, 0, 1194457), (2146, 1, 1207718), (467, 1, 1216032), (1066, 1, 1217811), (1066, 1, 1230839), (1066, 1, 1234136), (190, 1, 1234713), (190, 1, 1242878), (190, 1, 1242921), (17, 0, 1274585), (1270, 0, 1278985), (145, 1, 1339786), (145, 1, 1339860), (145, 1, 1339951), (145, 1, 1340021), (145, 1, 1340297), (145, 1, 1346022), (190, 1, 1363133), (4752, 2, 1428909), (4752, 2, 1429449), (17, 0, 1429761), (3708, 2, 1449244), (5665, 1, 1515436), (156, 1, 1557417), (190, 1, 1576254), (190, 1, 1578855), (190, 1, 1579009), (190, 1, 1579072), (190, 1, 1579254), (190, 1, 1579496), (17, 0, 1638104), (167, 0, 1699610), (143, 1, 1720168), (167, 0, 1720290), (2365, 2, 1724976), (285, 0, 1776551), (387, 0, 1809239), (387, 0, 1809251), (1047, 1, 1894041), (549, 1, 2084773), (549, 1, 2084827), (549, 1, 2084919), (549, 1, 2084979), (549, 1, 2090226), (2196, 2, 2153628), (2441, 1, 2294977), (17, 0, 2497857), (190, 1, 2618869), (17, 0, 2631746), (89, 2, 2670394)]"
1013 "[(8695, 2, 163021), (8722, 1, 262118), (8622, 2, 262511), (8637, 0, 265592), (8734, 1, 265872), (8855, 1, 510702), (8602, 2, 937349), (8602, 2, 938087), (8602, 2, 938261), (8545, 2, 1024873), (9069, 2, 1280777), (9069, 2, 1282468), (8442, 1, 1883865), (8841, 1, 1886245), (8402, 2, 1886818), (9166, 1, 1888405), (8849, 1, 2404240), (8366, 0, 2409635), (8917, 1, 2484729)]"
1043 "[(8633, 0, 163701)]"
162 "[(8568, 0, 165301), (8568, 0, 354869), (8391, 0, 422543), (8568, 0, 1244773), (8568, 0, 1297054), (8568, 0, 1297877), (8568, 0, 1454918), (8568, 0, 1662672), (8391, 0, 1902261)]"
198 "[(8644, 0, 180961), (8734, 1, 373159), (8734, 1, 373174)]"
1134 "[(8260, 2, 183174), (8519, 1, 1217344), (9215, 0, 2575769), (9215, 0, 2575894), (9215, 0, 2576412), (9168, 2, 2579789)]"
140 "[(8276, 1, 184565)]"
8240 "[(423, 1, 185352), (423, 1, 185390), (26, 2, 433954), (233, 2, 811488)]"
1137 "[(8660, 0, 185604), (8734, 1, 1644565), (9095, 0, 1823662), (9095, 0, 2161878), (9071, 2, 2288723)]"
1149 "[(8649, 1, 187309)]"
8726 "[(17, 0, 195902), (17, 0, 346243), (611, 0, 512175), (17, 0, 773973), (17, 0, 779528), (17, 0, 878525), (532, 0, 1015022), (890, 2, 1778771), (17, 0, 2321256)]"
1218 "[(8372, 2, 207504), (8372, 2, 235842), (8372, 2, 253069), (8839, 0, 343008), (8972, 2, 853904), (8972, 2, 1245743), (8986, 2, 1709550), (8986, 2, 1721626), (8986, 2, 1761328)]"
555 "[(8388, 0, 208431), (8388, 0, 1889633), (8388, 0, 1890019), (8388, 0, 2112213), (8388, 0, 2220885), (8388, 0, 2567076), (8388, 0, 2621890)]"
8741 "[(1266, 0, 217766), (3039, 2, 645414), (4085, 2, 1573254), (443, 0, 1873791), (443, 0, 1986421), (443, 0, 2126206), (2708, 2, 2137706), (4085, 2, 2436282)]"
1277 "[(8299, 0, 219357), (8299, 0, 219376), (8583, 0, 374929), (8583, 0, 374953), (8572, 0, 376310), (8572, 0, 376337), (8622, 2, 384769), (8622, 2, 384789), (8411, 2, 388982), (8411, 2, 389005), (8622, 2, 397082), (8622, 2, 397107), (8791, 1, 406271), (8791, 1, 406292), (8791, 1, 406308), (8534, 2, 727508), (8534, 2, 727578), (8576, 0, 811210), (8576, 0, 811229), (9048, 1, 1019608), (9048, 1, 1019640), (8269, 2, 1065979), (8269, 2, 1066002), (8749, 2, 2043383), (8749, 2, 2043446), (8749, 2, 2043487), (8975, 1, 2294161), (8975, 1, 2294189), (8975, 1, 2316718), (8975, 1, 2323203), (8975, 1, 2323899), (8516, 1, 2392849), (8516, 1, 2392867), (9071, 2, 2395192), (9071, 2, 2395211), (9028, 0, 2550903), (9028, 0, 2550921)]"
1294 "[(8411, 2, 223645), (8411, 2, 694969), (8411, 2, 1444659), (8529, 1, 1911009)]"
8337 "[(1308, 0, 227423), (1308, 0, 238928), (1308, 0, 2472721), (1308, 0, 2472791)]"
8484 "[(1284, 2, 228495), (1359, 1, 239705), (233, 2, 368361), (537, 2, 408146), (2051, 2, 1902010)]"
8514 "[(1320, 0, 230569), (1320, 0, 309497), (1320, 0, 309689), (1320, 0, 310326), (40, 0, 372218), (233, 2, 461037), (3734, 0, 1628356), (303, 0, 1971049), (3963, 0, 2101191)]"
1102 "[(8448, 0, 230589)]"
8248 "[(798, 0, 231012), (233, 2, 286431), (233, 2, 365573), (233, 2, 374307), (233, 2, 452884), (40, 0, 452952), (349, 0, 468139), (17, 0, 705971), (4412, 0, 1060740), (611, 0, 1076133), (349, 0, 1175913), (349, 0, 1241512), (349, 0, 1416025), (40, 0, 1492249), (349, 0, 1769395), (349, 0, 1782136), (1160, 0, 2072750), (1160, 0, 2072790), (1160, 0, 2082388), (4202, 0, 2624342), (4202, 0, 2628089)]"
8638 "[(1325, 0, 231984), (1492, 0, 851373), (17, 0, 984715), (1492, 0, 1794591), (1325, 0, 2223591), (1492, 0, 2224114), (4390, 1, 2490270)]"
8232 "[(402, 2, 233070), (728, 2, 1473307), (728, 2, 1475547)]"
1058 "[(8753, 2, 235597), (8763, 1, 848674), (8399, 2, 1028343), (8927, 1, 1543295), (8927, 1, 1543513), (8738, 2, 1717611), (8294, 1, 1815614), (8986, 2, 1816073), (8667, 0, 2135116), (8667, 0, 2135167), (9027, 1, 2137111), (8942, 2, 2143061), (8851, 0, 2158358), (8680, 0, 2555446)]"
1347 "[(8488, 2, 236071), (8754, 2, 237938), (8645, 0, 585535), (8645, 0, 585637), (8471, 0, 709482)]"
8611 "[(156, 1, 236748), (156, 1, 236863), (349, 0, 237033), (233, 2, 281729), (40, 0, 340343), (40, 0, 340862), (233, 2, 542268), (611, 0, 896002), (2110, 2, 1019663), (17, 0, 1161499), (4085, 2, 1239186), (233, 2, 1496216), (367, 2, 1854310), (233, 2, 2441705), (749, 2, 2517291), (252, 0, 2541830), (156, 1, 2545495)]"
719 "[(8461, 0, 237486), (8461, 0, 270990), (8461, 0, 271023), (8461, 0, 853704)]"
1376 "[(8302, 2, 241122), (8302, 2, 241132), (8430, 0, 748774), (8314, 2, 1554736), (8314, 2, 1554794), (8314, 2, 1554899), (8314, 2, 1555062), (8314, 2, 1555207), (8314, 2, 1555308), (8314, 2, 1555330), (8314, 2, 1555715)]"
8762 "[(1404, 2, 245632), (537, 2, 319296), (537, 2, 319358), (68, 2, 327024), (233, 2, 364825), (2844, 2, 595950), (537, 2, 984506), (68, 2, 1992078), (68, 2, 2020585), (238, 2, 2025362), (238, 2, 2025761), (238, 2, 2025908), (68, 2, 2030521), (67, 0, 2045099), (233, 2, 2097036), (445, 2, 2224585), (40, 0, 2531795)]"
8581 "[(1145, 1, 248943), (303, 0, 1415688), (1840, 1, 2125150), (17, 0, 2549562)]"
1180 "[(8249, 1, 248982)]"
8332 "[(68, 2, 250300), (68, 2, 627339), (68, 2, 650181), (983, 1, 887074), (537, 2, 896635), (68, 2, 2425804)]"
8300 "[(1449, 0, 255741), (2196, 2, 1224923), (73, 0, 2335504)]"
1471 "[(8553, 2, 260391), (8417, 0, 260673), (8431, 2, 260882), (8559, 0, 447590), (8868, 2, 706778), (8887, 2, 707607), (8426, 0, 876048), (8744, 2, 876234), (8688, 2, 965347), (9116, 1, 1655342), (9177, 1, 1916563), (9090, 1, 2609357)]"
8694 "[(165, 2, 261128), (165, 2, 261155), (165, 2, 261180), (165, 2, 261195), (165, 2, 261232), (165, 2, 261262), (165, 2, 261299), (165, 2, 261325), (165, 2, 266176), (165, 2, 272351), (165, 2, 272385), (68, 2, 1095901), (579, 1, 1119686), (579, 1, 1119804), (579, 1, 1167518), (1721, 1, 1476810), (579, 1, 2317427), (579, 1, 2324937), (579, 1, 2327118)]"
8540 "[(996, 2, 262235), (68, 2, 264033), (303, 0, 830594), (2196, 2, 870667), (303, 0, 917097), (303, 0, 939914), (303, 0, 1025467), (233, 2, 1058753), (702, 0, 1453373), (475, 1, 1471708), (17, 0, 1741585), (2169, 0, 2071512), (2169, 0, 2071576), (2169, 0, 2071670), (2196, 2, 2079545), (2196, 2, 2082347)]"
8613 "[(1490, 1, 264766), (1268, 2, 756144), (45, 1, 830807), (1853, 2, 914699), (40, 0, 939711)]"
938 "[(8440, 0, 265839), (8440, 0, 366531), (8227, 0, 463796), (8227, 0, 464028), (8227, 0, 464054), (8227, 0, 529738), (8936, 0, 614473), (8936, 0, 614512), (8936, 0, 627908), (8440, 0, 666970), (8440, 0, 739367), (8936, 0, 751483), (8936, 0, 926892), (8440, 0, 979403), (8440, 0, 979462), (8936, 0, 1044149), (8936, 0, 1124384), (8440, 0, 1136035), (8440, 0, 1142562), (8440, 0, 1148457), (8936, 0, 1166105), (8936, 0, 1214967), (8936, 0, 1472873), (8440, 0, 1488607), (8440, 0, 1489091), (8440, 0, 1574133), (8440, 0, 1582661), (8440, 0, 1755919), (8998, 0, 1768838), (8936, 0, 1854615), (8998, 0, 1855049), (8998, 0, 1855151), (8998, 0, 1924173), (8440, 0, 1961728), (8925, 0, 2043835), (8998, 0, 2129063), (8486, 0, 2236540), (8440, 0, 2447660), (8998, 0, 2603218)]"
1505 "[(8315, 2, 268003), (8977, 0, 774948), (8306, 0, 777935), (8340, 2, 871973), (8700, 0, 880754), (8418, 1, 881971)]"
8403 "[(68, 2, 268039)]"
8639 "[(552, 1, 269144), (552, 1, 423859), (17, 0, 450448), (552, 1, 471418), (233, 2, 544659), (2339, 0, 569089), (17, 0, 650776), (552, 1, 701858), (552, 1, 772887), (68, 2, 941169), (2103, 0, 1167566), (552, 1, 1208520), (552, 1, 1246255), (552, 1, 1246269), (17, 0, 1289579), (2881, 1, 1295143), (552, 1, 1431083), (552, 1, 1624186), (6564, 0, 1909782), (17, 0, 1909783), (6564, 0, 1909888), (45, 1, 2065252), (17, 0, 2084161), (17, 0, 2239009), (7557, 0, 2419793), (532, 0, 2479041), (17, 0, 2617955), (17, 0, 2672189)]"
1527 "[(8622, 2, 272870), (8622, 2, 273015), (8887, 2, 668767), (9096, 2, 1411609)]"
1536 "[(8545, 2, 274331)]"
8777 "[(261, 0, 275125), (261, 0, 275173), (912, 1, 328707), (2028, 0, 395866), (17, 0, 444777), (246, 2, 468238), (611, 0, 636332), (17, 0, 752573), (17, 0, 825063), (17, 0, 943887), (17, 0, 960272), (2875, 2, 960359), (2028, 0, 1011553), (1663, 2, 1178765), (2028, 0, 1181677), (148, 1, 1184973), (3108, 0, 1189408), (3108, 0, 1189410), (423, 1, 1305379), (423, 1, 1369057), (17, 0, 1390432), (2202, 1, 1391492), (2196, 2, 1992415), (17, 0, 1992469), (2110, 2, 2147421)]"
8555 "[(475, 1, 278081), (475, 1, 853441), (475, 1, 853474), (475, 1, 853505), (475, 1, 853551), (233, 2, 1416278), (5550, 0, 1451387), (475, 1, 1458987), (475, 1, 2084362), (5636, 2, 2147516), (303, 0, 2451026), (1673, 0, 2482186), (782, 0, 2532013), (17, 0, 2583732)]"
8585 "[(596, 1, 279598), (104, 0, 1070408), (233, 2, 1232834), (1857, 0, 2383436), (1921, 1, 2505065)]"
8785 "[(400, 0, 283071), (400, 0, 316596), (400, 0, 316621), (400, 0, 317224), (400, 0, 317453), (400, 0, 317604), (400, 0, 317719), (400, 0, 317768), (400, 0, 317875), (400, 0, 323199), (400, 0, 323238), (400, 0, 323254), (400, 0, 334992), (400, 0, 366562), (400, 0, 453562), (400, 0, 536046), (400, 0, 854319), (400, 0, 856564), (400, 0, 857331), (400, 0, 858726), (400, 0, 859400), (400, 0, 860549), (400, 0, 883103), (400, 0, 920809), (400, 0, 921203), (400, 0, 924651), (17, 0, 1284382), (1856, 2, 1284449), (400, 0, 1426013), (400, 0, 1426038), (400, 0, 1426053), (400, 0, 1426603), (400, 0, 1426755), (400, 0, 1426799), (400, 0, 1444351), (400, 0, 1451583), (400, 0, 1526706), (1449, 0, 1658146), (1813, 1, 2060539)]"
8453 "[(233, 2, 285212), (80, 2, 347516), (233, 2, 370533), (477, 2, 932942), (477, 2, 932966), (233, 2, 1234718), (68, 2, 1311232), (80, 2, 1374340), (80, 2, 1564984), (80, 2, 1648393), (80, 2, 1648632), (80, 2, 1648764), (80, 2, 1648866), (1933, 2, 2046530), (628, 2, 2517705)]"
8735 "[(233, 2, 285651)]"
1601 "[(8564, 0, 293402), (8564, 0, 381052), (8564, 0, 381110), (8422, 0, 397396), (8564, 0, 1513500), (8564, 0, 1513706), (8564, 0, 1514051)]"
8699 "[(940, 0, 297452), (4515, 1, 1537963), (68, 2, 1552348), (86, 0, 1984054), (2622, 1, 2238626), (4085, 2, 2271658)]"
388 "[(8633, 0, 299848), (8633, 0, 395803), (8633, 0, 395866), (8633, 0, 396098), (8633, 0, 396766), (8633, 0, 397147), (8633, 0, 397261), (8633, 0, 397414), (8633, 0, 397738), (8633, 0, 397794), (8633, 0, 397842), (8633, 0, 398063), (8633, 0, 398331), (8633, 0, 399044), (8633, 0, 399952), (8633, 0, 400031), (8633, 0, 413386), (8633, 0, 413567), (8633, 0, 413679), (8633, 0, 415158), (8633, 0, 473063), (8633, 0, 473127), (8633, 0, 495353), (8633, 0, 637821), (8633, 0, 639290), (8633, 0, 639391), (8633, 0, 639413), (8633, 0, 639560), (8633, 0, 643717), (8633, 0, 644038), (8990, 1, 754123), (8990, 1, 754170), (8990, 1, 754330), (8633, 0, 772449), (8633, 0, 772607), (8633, 0, 772733), (8633, 0, 816780), (8633, 0, 928080), (8633, 0, 1006416)]"
8806 "[(509, 2, 305774), (2840, 0, 596290), (2512, 0, 1022591), (4345, 0, 1043305), (995, 1, 1043330), (423, 1, 1045278), (761, 2, 1051466), (68, 2, 1061481), (318, 2, 1066040), (318, 2, 1066587), (318, 2, 1066954), (4339, 2, 1083133), (4468, 0, 1088661), (3874, 1, 1111782), (17, 0, 1115592), (2196, 2, 1117435), (17, 0, 1118243), (125, 0, 1120998), (17, 0, 1125442), (499, 1, 1135295), (1385, 2, 1140645), (233, 2, 1152508), (423, 1, 1179668), (167, 0, 1180021), (167, 0, 1180034), (40, 0, 1236055), (5138, 2, 1293961), (233, 2, 1579450), (2230, 0, 1627568), (5836, 2, 1633261), (5836, 2, 1633768), (5622, 0, 1926095), (17, 0, 2056249), (695, 1, 2073606), (68, 2, 2230588), (1921, 1, 2327400), (5327, 0, 2564565)]"
1646 "[(8372, 2, 307211)]"
1641 "[(8737, 0, 307639), (8737, 0, 307696), (8627, 0, 652055), (8627, 0, 652075), (9069, 2, 1169762)]"
8292 "[(68, 2, 312174), (5028, 1, 1459557), (52, 1, 1461234), (423, 1, 1464923), (233, 2, 1495072), (52, 1, 1528411), (233, 2, 1585778), (52, 1, 1635829), (476, 1, 1655253), (471, 2, 1656443), (3833, 1, 1658182), (3921, 1, 1658813), (3921, 1, 1659005), (476, 1, 1699720), (5028, 1, 1740996), (4941, 1, 1847228), (2198, 2, 1897861), (570, 2, 1915696), (233, 2, 1924508), (256, 1, 2194970), (256, 1, 2195194), (875, 2, 2600695)]"
1674 "[(8411, 2, 313953), (8850, 0, 1164275)]"
1683 "[(8288, 0, 316142)]"
8549 "[(1721, 1, 323590), (1802, 1, 335544), (1802, 1, 335563), (1802, 1, 335586), (233, 2, 364775), (68, 2, 373461), (1802, 1, 571321), (1802, 1, 573298), (1802, 1, 573314), (1802, 1, 630257), (1802, 1, 630317), (1802, 1, 630369), (1802, 1, 630424), (3184, 1, 685976), (1802, 1, 698262), (68, 2, 699481), (402, 2, 750662), (1802, 1, 984108), (1802, 1, 1077485), (1802, 1, 1146688), (1802, 1, 1165607), (1802, 1, 1165625), (68, 2, 1188686), (1802, 1, 1204786), (1802, 1, 1206022), (1802, 1, 1207231), (1802, 1, 1209145), (1802, 1, 1209164), (1103, 0, 1255943), (1802, 1, 1502257), (68, 2, 1503468), (1802, 1, 1561723), (983, 1, 1617271), (1802, 1, 1685242), (3748, 2, 1691329), (1802, 1, 1771483), (1802, 1, 1771535), (1802, 1, 2085423), (1802, 1, 2090859), (1802, 1, 2233963), (1802, 1, 2234104), (1802, 1, 2234142), (1802, 1, 2241654), (1802, 1, 2242947), (1802, 1, 2243228), (1802, 1, 2383923), (1802, 1, 2383998), (1802, 1, 2384014), (1802, 1, 2384102), (1802, 1, 2384121), (1802, 1, 2493326), (1802, 1, 2573542), (1802, 1, 2573580), (1802, 1, 2588994), (1802, 1, 2664116)]"
1670 "[(8470, 1, 324494), (8755, 1, 380054), (8373, 2, 712278), (8445, 2, 896050), (8973, 2, 1354031), (8626, 0, 2190110), (8520, 1, 2478596), (8779, 2, 2581161), (9041, 2, 2621762)]"
1264 "[(8634, 0, 324553), (8634, 0, 416102), (8634, 0, 573865), (8634, 0, 598055), (8634, 0, 2627997), (9084, 2, 2628678), (9084, 2, 2628699)]"
1184 "[(8385, 1, 324640), (8738, 2, 339175), (8738, 2, 339255), (8738, 2, 339267), (8367, 0, 348512), (8854, 2, 410596), (8417, 0, 419073), (8393, 2, 439100), (8235, 0, 588843), (8622, 2, 591151), (8567, 0, 940316), (8990, 1, 1069893), (8990, 1, 1069949), (8990, 1, 1100181), (8990, 1, 1100203), (9168, 2, 2142418), (8952, 2, 2165110), (9223, 2, 2419495)]"
1726 "[(8256, 2, 325298), (8291, 1, 751615), (8375, 2, 751706), (8327, 0, 753568), (8567, 0, 754452), (8409, 0, 754678), (8668, 1, 948593), (8537, 1, 1041295), (8812, 2, 1284907), (8908, 2, 1285258), (8295, 1, 1292885), (8387, 0, 1293770), (8536, 1, 1294003), (8435, 0, 1295153), (9053, 0, 1456523), (8517, 0, 1458913), (8563, 0, 1460361), (8754, 2, 1460809), (8559, 0, 1638114), (8688, 2, 1878070), (8670, 0, 1880765), (8260, 2, 2071528), (8771, 2, 2137028), (8734, 1, 2137107), (8545, 2, 2139362), (8347, 1, 2139769), (8957, 0, 2140521), (8438, 2, 2146823), (8268, 2, 2146844), (8537, 1, 2147052), (8470, 1, 2147102), (8251, 0, 2662951), (8850, 0, 2663552), (8260, 2, 2666480)]"
573 "[(8572, 0, 328733), (8572, 0, 329671), (8419, 1, 1179252)]"
8687 "[(1754, 2, 329149), (1793, 1, 499541), (1840, 1, 501349), (1840, 1, 501456), (68, 2, 516862), (2153, 1, 652371), (2153, 1, 653004), (2153, 1, 655088), (1314, 1, 684403), (1314, 1, 684669), (2114, 0, 736462), (3636, 1, 832374), (156, 1, 874602), (532, 0, 926234), (2153, 1, 1017017), (233, 2, 1058027), (2923, 2, 1123078), (4752, 2, 1376092), (4304, 1, 1424886), (2153, 1, 1439202), (912, 1, 1566872), (611, 0, 1597456), (68, 2, 1642200), (233, 2, 1750535), (17, 0, 1790433), (1813, 1, 2313130), (2153, 1, 2400587), (4390, 1, 2423938)]"
1756 "[(8415, 2, 329386)]"
8826 "[(1786, 1, 333076)]"
1812 "[(8734, 1, 336823)]"
8370 "[(1817, 1, 337587), (1972, 2, 381107), (2025, 1, 394812), (2127, 1, 416480), (2127, 1, 416656), (695, 1, 532016), (476, 1, 601690), (476, 1, 601900), (476, 1, 601984), (552, 1, 664263), (1970, 1, 710208), (17, 0, 1039706), (730, 0, 1042434), (730, 0, 1042451), (423, 1, 1097240), (68, 2, 1099348), (3874, 1, 1114260), (156, 1, 1138690), (68, 2, 1181851), (4879, 2, 1206195), (4879, 2, 1211811), (4879, 2, 1212386), (233, 2, 1315903), (4752, 2, 1422835), (17, 0, 1422914), (17, 0, 1522895), (728, 2, 1547400), (1187, 1, 1670502), (1187, 1, 1670521), (1187, 1, 1670625), (1187, 1, 1673761), (1187, 1, 1674128), (1187, 1, 1674147), (1187, 1, 1674194), (1187, 1, 1681880), (68, 2, 1757340), (1972, 2, 2018254)]"
1820 "[(8733, 2, 338051), (8245, 2, 1728127), (8318, 2, 2396372), (8318, 2, 2399944), (8318, 2, 2676693)]"
8584 "[(1270, 0, 341798), (552, 1, 2475060)]"
8838 "[(1844, 2, 342578), (5685, 1, 1490344)]"
8703 "[(16, 0, 343521), (16, 0, 343564), (16, 0, 343648), (16, 0, 343901), (16, 0, 344026), (16, 0, 344062), (16, 0, 344093), (16, 0, 344212), (2000, 0, 577486), (17, 0, 609019), (16, 0, 618383), (16, 0, 837241), (16, 0, 837871), (16, 0, 842936), (16, 0, 843234), (16, 0, 844185), (5622, 0, 1531454), (248, 2, 1540991), (1943, 0, 1560205), (248, 2, 1562586), (718, 1, 1589055), (718, 1, 1589094), (718, 1, 1589116), (718, 1, 1589332), (2000, 0, 1589397), (718, 1, 1589537), (248, 2, 1750732), (2000, 0, 1801844), (346, 1, 1880741), (2000, 0, 1932080), (725, 1, 2011923), (2000, 0, 2135985), (17, 0, 2158645), (476, 1, 2173084), (45, 1, 2206007), (6107, 1, 2239179), (6107, 1, 2239181), (3921, 1, 2252220), (5985, 0, 2466052), (5985, 0, 2466077), (5985, 0, 2466447), (2000, 0, 2486703)]"
8596 "[(68, 2, 343575), (1189, 0, 344250), (1189, 0, 344263), (1189, 0, 344295), (1189, 0, 344326), (625, 2, 344416), (1189, 0, 344437), (1189, 0, 344481), (1189, 0, 344505), (1189, 0, 344588), (233, 2, 368247), (40, 0, 1153210)]"
535 "[(8284, 0, 347007), (8284, 0, 347211), (8284, 0, 347265), (8284, 0, 347512), (8284, 0, 347691), (8284, 0, 347733), (8284, 0, 1549807), (8284, 0, 1890244), (8284, 0, 1890626), (8284, 0, 1894944)]"
1869 "[(8284, 0, 349381), (8284, 0, 352419), (8284, 0, 352473), (8284, 0, 352558), (8284, 0, 2263822), (8284, 0, 2340321)]"
8595 "[(1004, 0, 354369), (17, 0, 771247), (6385, 0, 2217207)]"
1894 "[(8391, 0, 355882), (8391, 0, 356049)]"
8710 "[(1903, 0, 357226), (1903, 0, 751738), (475, 1, 1210320)]"
1912 "[(8249, 1, 358270), (8249, 1, 968795), (8295, 1, 1227487), (8295, 1, 1232275), (8249, 1, 1270459), (8295, 1, 1319983), (8295, 1, 1447814), (8295, 1, 1535373), (8249, 1, 1650953), (8249, 1, 1661956), (8249, 1, 1701657), (8249, 1, 1914154), (8295, 1, 2077574), (8740, 1, 2176868), (8243, 1, 2227196)]"
1157 "[(8622, 2, 358362), (8622, 2, 358528), (8849, 1, 359289), (8593, 0, 534949)]"
8804 "[(233, 2, 365407), (40, 0, 454937), (233, 2, 617645), (233, 2, 713130), (749, 2, 765112)]"
762 "[(8391, 0, 366052), (8391, 0, 495638), (8391, 0, 1040068), (8391, 0, 1738037), (8391, 0, 2238866)]"
8376 "[(156, 1, 366555), (1795, 2, 1368539), (1795, 2, 1369752)]"
1866 "[(8318, 2, 367928), (8318, 2, 1651479)]"
8524 "[(233, 2, 368038), (233, 2, 617390), (68, 2, 834917), (68, 2, 929940), (1268, 2, 1670416), (1268, 2, 1670591)]"
8835 "[(233, 2, 368197), (423, 1, 426417), (547, 2, 438625), (547, 2, 438728), (547, 2, 438809), (547, 2, 470496), (547, 2, 491492), (547, 2, 491655), (547, 2, 491796), (547, 2, 495514), (547, 2, 502080), (547, 2, 502237), (547, 2, 502298), (547, 2, 502407), (547, 2, 502436), (547, 2, 502503), (547, 2, 502707), (547, 2, 583198), (547, 2, 583652), (547, 2, 583718), (367, 2, 733790), (547, 2, 2398583), (547, 2, 2400074), (547, 2, 2401028), (547, 2, 2405806), (547, 2, 2405885), (547, 2, 2487513)]"
8468 "[(233, 2, 368651), (2200, 0, 433639), (68, 2, 578617)]"
1951 "[(8536, 1, 375683), (9069, 2, 1170909), (9071, 2, 1594736), (9080, 2, 2276264), (9080, 2, 2276327), (9080, 2, 2276419), (9080, 2, 2276452), (9080, 2, 2276484), (9080, 2, 2276497), (9080, 2, 2276514)]"
8601 "[(1961, 2, 378700), (183, 0, 395921), (183, 0, 398602), (2629, 0, 545351), (1961, 2, 604405), (1933, 2, 766651), (4020, 0, 949408), (532, 0, 1128565), (17, 0, 1235203)]"
8474 "[(1827, 2, 379106), (5424, 1, 1396190), (5424, 1, 1396737), (5424, 1, 1396796), (5424, 1, 1396859), (870, 1, 1628219), (870, 1, 1628367), (17, 0, 1980603), (51, 2, 2093031), (337, 0, 2146420)]"
8629 "[(537, 2, 381199), (68, 2, 1610370), (68, 2, 1642959), (68, 2, 1717355), (68, 2, 2146532), (68, 2, 2149225)]"
1981 "[(8408, 2, 384089), (9069, 2, 1235441), (9163, 2, 1927837), (9163, 2, 1929775), (9163, 2, 1929889)]"
826 "[(8846, 2, 386798), (8645, 0, 444387), (8471, 0, 444404), (8346, 0, 700090), (8619, 2, 782746), (8846, 2, 1130165), (8970, 0, 1385864), (8637, 0, 1470675), (8637, 0, 1562295), (8526, 2, 1735034), (8637, 0, 1821989), (8623, 1, 2078905), (8980, 0, 2329064), (9133, 2, 2429742), (8645, 0, 2555713), (8343, 0, 2602552)]"
8801 "[(68, 2, 388622), (2105, 1, 412537), (17, 0, 425109), (2198, 2, 433286), (2198, 2, 433352), (2198, 2, 433379), (2198, 2, 456392), (611, 0, 986435), (611, 0, 1068280), (148, 1, 1190802), (2708, 2, 1363307), (17, 0, 1385013), (17, 0, 1393972), (17, 0, 1527274), (1647, 2, 1598178), (1647, 2, 1598419), (233, 2, 1662708), (233, 2, 2013889), (628, 2, 2060440), (17, 0, 2066927), (17, 0, 2085862), (2769, 2, 2090971), (1884, 0, 2095314), (17, 0, 2108109), (17, 0, 2108498), (17, 0, 2108531), (17, 0, 2110795), (2769, 2, 2146996), (2769, 2, 2147154), (2769, 2, 2154213), (2769, 2, 2157479), (6470, 1, 2167665), (17, 0, 2173608), (17, 0, 2180112), (16, 0, 2234765), (68, 2, 2270673), (167, 0, 2325040), (6107, 1, 2329528), (6107, 1, 2329533), (4085, 2, 2362270)]"
8592 "[(68, 2, 392710), (233, 2, 454655), (167, 0, 1748549), (80, 2, 1912233), (80, 2, 1912331), (80, 2, 1913057), (80, 2, 1913415), (80, 2, 1913652), (6654, 1, 1917715), (6654, 1, 1917718), (6654, 1, 1917795), (2955, 0, 2165773), (233, 2, 2183788), (40, 0, 2241592), (2242, 0, 2253271), (537, 2, 2317235), (402, 2, 2332950)]"
2013 "[(8299, 0, 392842)]"
8852 "[(1206, 1, 393225), (1206, 1, 644573), (17, 0, 679787), (109, 1, 759526), (17, 0, 926450), (17, 0, 1161250), (233, 2, 1576859), (1713, 1, 1677011), (1713, 1, 1677446), (1713, 1, 1677479), (1713, 1, 1677510), (1713, 1, 1677552), (233, 2, 1837552), (1206, 1, 2113678), (3748, 2, 2127447), (233, 2, 2184345), (1206, 1, 2481993), (1206, 1, 2670794), (1206, 1, 2670884), (1206, 1, 2670969)]"
1864 "[(8297, 0, 393999)]"
8578 "[(2031, 0, 396240), (1268, 2, 591829), (1300, 0, 1422815), (1300, 0, 1423101), (1300, 0, 1423603), (1300, 0, 1423763), (1300, 0, 1423855), (1300, 0, 1424029), (2040, 0, 1512738), (4001, 2, 2151751)]"
2035 "[(8295, 1, 396677), (8295, 1, 650397), (8295, 1, 651109), (8418, 1, 2287603), (8418, 1, 2287645)]"
291 "[(8295, 1, 399376), (8235, 0, 575216), (8471, 0, 734000), (8295, 1, 908807), (8387, 0, 1053254), (8295, 1, 1180025), (8471, 0, 1504201), (8612, 1, 1521904), (8471, 0, 1683981), (8964, 1, 1762960), (8471, 0, 1784810), (8471, 0, 1935717), (8311, 1, 2184868)]"
8505 "[(734, 1, 406992), (233, 2, 461523), (734, 1, 1187601), (983, 1, 1305092), (1970, 1, 1367541), (734, 1, 1878449), (734, 1, 2429787)]"
2079 "[(8295, 1, 407257), (8295, 1, 407506), (8295, 1, 671218), (8321, 0, 1264953), (8461, 0, 1265803), (8321, 0, 1271188), (8461, 0, 1271738), (8917, 1, 2392658), (8917, 1, 2394073)]"
2093 "[(8872, 2, 410307), (8722, 1, 496826), (8711, 1, 771881), (8339, 1, 927790), (8442, 1, 928028), (9054, 2, 1015117), (8952, 2, 1274397), (8506, 2, 2140209)]"
1040 "[(8235, 0, 416625)]"
2054 "[(8765, 0, 418687), (8231, 2, 930111), (8231, 2, 930116), (8978, 1, 1099741), (8668, 1, 2400415)]"
2141 "[(8551, 1, 419712), (8551, 1, 419774), (8551, 1, 419811), (8235, 0, 573160), (8618, 0, 2083554)]"
8875 "[(611, 0, 422221), (68, 2, 432917), (1970, 1, 447511), (233, 2, 461072), (68, 2, 463950), (68, 2, 490777), (68, 2, 498460), (233, 2, 540729), (233, 2, 1313737), (233, 2, 1838386), (611, 0, 2410805), (233, 2, 2445734)]"
2152 "[(8590, 2, 423375)]"
8837 "[(611, 0, 423710), (3394, 1, 750498), (68, 2, 797140), (233, 2, 1750485), (954, 2, 2075188)]"
2157 "[(8377, 1, 424055), (9086, 1, 1278121)]"
8371 "[(1064, 2, 424648), (17, 0, 1158969), (350, 2, 1160113), (471, 2, 1561501), (471, 2, 1561626), (5731, 2, 1913176), (6191, 0, 2304430)]"
2078 "[(8557, 2, 429090), (8526, 2, 930153), (8402, 2, 1205346), (8261, 0, 1288623), (8575, 0, 1362296), (8575, 0, 1362540), (8575, 0, 1366704), (8575, 0, 1405476), (8575, 0, 1405530), (8733, 2, 1563916)]"
2179 "[(8644, 0, 429179), (8683, 2, 1004294), (9140, 2, 1789928), (9140, 2, 1808056), (9140, 2, 1876390), (9140, 2, 1890398), (9140, 2, 1890416), (9140, 2, 1892510), (9140, 2, 1893070), (9140, 2, 1893177)]"
2186 "[(8293, 1, 430540), (8293, 1, 613680)]"
1042 "[(8320, 2, 432039), (8992, 0, 1414698), (8411, 2, 2661695)]"
2216 "[(8535, 2, 438700), (8623, 1, 643718), (8893, 1, 1413699), (8623, 1, 1424193), (8328, 2, 1476832), (8535, 2, 1818268), (8535, 2, 1818308), (8985, 1, 2085964), (8985, 1, 2085981), (8328, 2, 2527256), (8414, 1, 2631727)]"
8312 "[(383, 1, 439465), (303, 0, 917154), (233, 2, 974931), (68, 2, 1625436), (68, 2, 1630263), (6356, 2, 1782781), (4877, 1, 2148324), (68, 2, 2353522), (870, 1, 2377003), (870, 1, 2377270), (148, 1, 2655934)]"
8548 "[(423, 1, 445500), (423, 1, 445677), (423, 1, 445758), (423, 1, 445799), (17, 0, 577042), (532, 0, 577374), (89, 2, 599611), (350, 2, 655456), (1276, 2, 661020), (233, 2, 887025), (3905, 1, 920896), (2230, 0, 938388), (2230, 0, 974361), (1672, 2, 1055177), (4443, 1, 1077203), (4390, 1, 1201629), (2769, 2, 2087718), (5360, 0, 2320109), (3725, 1, 2348838)]"
1384 "[(8477, 1, 446859)]"
1438 "[(8483, 1, 448942), (8483, 1, 449017), (8285, 1, 449152)]"
8565 "[(1552, 1, 449674), (1552, 1, 449953), (1884, 0, 759947), (4065, 1, 1828336), (4065, 1, 1829706), (2198, 2, 2505191), (2198, 2, 2505245), (5711, 1, 2574393), (5711, 1, 2574476)]"
8500 "[(233, 2, 452293), (68, 2, 517836), (68, 2, 523996)]"
8661 "[(233, 2, 454450), (68, 2, 483725), (68, 2, 487136), (537, 2, 640715), (68, 2, 888360), (68, 2, 975334), (68, 2, 977267), (68, 2, 978672), (68, 2, 1038056), (233, 2, 1233655), (68, 2, 1487392), (68, 2, 1655395)]"
2263 "[(8284, 0, 457148)]"
1367 "[(8888, 2, 472198), (8888, 2, 472260), (9048, 1, 984280), (9048, 1, 984347), (9048, 1, 984839), (9048, 1, 985028), (9048, 1, 985888), (9048, 1, 986036), (9048, 1, 986418), (9048, 1, 986532), (9048, 1, 986788), (9048, 1, 987012), (9048, 1, 987157), (9048, 1, 987318), (9048, 1, 987428), (9048, 1, 987505), (9048, 1, 987519), (9048, 1, 988012), (9048, 1, 1008608), (9048, 1, 1009281), (9048, 1, 1009709), (9048, 1, 1010155), (9048, 1, 1010273), (9048, 1, 1010286), (9048, 1, 1010536), (9048, 1, 1010788), (9048, 1, 1011258), (9048, 1, 1011297), (9048, 1, 1011317), (9048, 1, 1012106), (9048, 1, 1012601), (9048, 1, 1028528), (9163, 2, 1676406), (9163, 2, 1676684), (9163, 2, 1676735), (9163, 2, 1676833), (9163, 2, 1676913), (9163, 2, 1677088), (9163, 2, 1677276), (9163, 2, 1677291), (9163, 2, 1677848), (9163, 2, 1678112), (9163, 2, 1679119), (9163, 2, 1679241), (9163, 2, 1684211), (9163, 2, 1694254)]"
1778 "[(8423, 2, 472495), (8423, 2, 499936), (8754, 2, 567141), (8645, 0, 570892), (8873, 0, 591920), (8507, 0, 669600), (8492, 0, 684223), (8573, 1, 786940), (9010, 2, 800296), (8772, 2, 959392), (8234, 1, 978997), (8971, 2, 1013612), (8343, 0, 1053278), (8781, 1, 1066411), (8490, 1, 1140559), (8260, 2, 1266731), (8343, 0, 1313240), (8587, 0, 1684013), (8350, 1, 1719408), (8827, 0, 1781063), (9137, 0, 1791084), (8645, 0, 1792075), (8308, 1, 2062639), (8421, 1, 2159419), (8526, 2, 2245809)]"
2344 "[(8896, 2, 484149), (8308, 1, 1095408), (9090, 1, 1269066)]"
2374 "[(8848, 0, 489295), (8854, 2, 498613), (8339, 1, 955814), (8535, 2, 1021580), (8618, 0, 2413479)]"
2388 "[(8314, 2, 492045), (8314, 2, 493699), (8541, 1, 587179)]"
2507 "[(8691, 0, 516290)]"
1069 "[(8647, 0, 524336), (8382, 0, 851819), (8382, 0, 1622138), (8382, 0, 1623195), (9168, 2, 1899899), (9168, 2, 1912343), (9168, 2, 1912386), (9168, 2, 1912453), (9168, 2, 1912495)]"
600 "[(8887, 2, 524872), (8683, 2, 1020321)]"
8879 "[(68, 2, 537791), (303, 0, 566463), (233, 2, 2268923)]"
2628 "[(8598, 1, 545230), (8526, 2, 1740120)]"
2660 "[(8888, 2, 555656), (8888, 2, 558398), (8888, 2, 591224), (8888, 2, 591950), (8888, 2, 676836)]"
2726 "[(8888, 2, 573999), (8734, 1, 658728), (8734, 1, 659698)]"
2042 "[(8377, 1, 575424), (8612, 1, 2522313), (8612, 1, 2522712), (8612, 1, 2522782)]"
8782 "[(1853, 2, 577293)]"
2764 "[(8876, 1, 581354)]"
497 "[(8339, 1, 584439), (8888, 2, 596949), (8471, 0, 758080), (9000, 0, 772195), (8346, 0, 845799), (9038, 0, 941269), (9053, 0, 1014764), (8545, 2, 1024783), (9049, 0, 1035815), (8425, 0, 1099586), (8318, 2, 1188173), (8295, 1, 1367455), (8506, 2, 1535714), (8506, 2, 1535831), (8506, 2, 1535865), (9136, 0, 1542872), (8504, 1, 1630661), (8705, 2, 2495893)]"
2810 "[(8456, 2, 591420), (8456, 2, 591486), (8790, 0, 1144520), (8790, 0, 1144542), (9117, 1, 1415107)]"
1659 "[(8634, 0, 591546)]"
2065 "[(8415, 2, 594057)]"
8351 "[(2708, 2, 595117), (2899, 0, 606737), (17, 0, 1697586), (1943, 0, 1847362), (68, 2, 1941102), (2138, 2, 1969877), (17, 0, 2217986), (17, 0, 2218106), (2196, 2, 2220250), (2196, 2, 2220388), (2591, 2, 2539991)]"
8352 "[(17, 0, 597249)]"
1975 "[(8622, 2, 598268)]"
8498 "[(443, 0, 599426), (68, 2, 679200), (749, 2, 712832), (443, 0, 1010985), (1189, 0, 1146172), (443, 0, 1402429), (1397, 0, 1724131), (611, 0, 2152841), (443, 0, 2224560), (443, 0, 2224724), (4085, 2, 2256451)]"
2577 "[(8887, 2, 602339), (8949, 2, 960833), (8343, 0, 1044134), (8343, 0, 1044144), (8291, 1, 1304469), (8411, 2, 1462318), (8411, 2, 2263044), (8411, 2, 2264052)]"
2877 "[(8872, 2, 603032), (8872, 2, 603060)]"
2889 "[(8336, 2, 604273)]"
2131 "[(8435, 0, 609534), (8587, 0, 1264866), (8734, 1, 1291599), (8628, 0, 1347220), (9113, 0, 1470343)]"
2936 "[(8854, 2, 613965), (8251, 0, 861088), (8986, 2, 1719987)]"
267 "[(8414, 1, 621864), (8343, 0, 1320546), (9168, 2, 1937018), (9168, 2, 1937113), (9168, 2, 1937179), (8480, 2, 2614547), (8253, 2, 2614556)]"
8485 "[(233, 2, 624411), (799, 2, 765447), (2137, 0, 788564)]"
8653 "[(233, 2, 624906), (749, 2, 701036), (2923, 2, 954397)]"
8237 "[(233, 2, 625629), (17, 0, 704521), (167, 0, 706671), (167, 0, 706752), (167, 0, 707249), (167, 0, 707584), (532, 0, 755107), (563, 1, 778155), (17, 0, 793047), (17, 0, 797183), (233, 2, 810807), (68, 2, 839626), (17, 0, 1018203), (912, 1, 1023815), (17, 0, 1035624), (2046, 1, 1083485), (1577, 2, 1115220), (4651, 1, 1150645), (912, 1, 1189208), (4946, 2, 1228888), (4946, 2, 1229483), (4946, 2, 1229539), (4946, 2, 1229617), (4946, 2, 1230190), (4946, 2, 1230954), (423, 1, 1703256)]"
1173 "[(8614, 0, 630493), (8543, 1, 677181), (8930, 2, 677505), (8939, 1, 678921), (9012, 0, 847154), (9012, 0, 847155), (8968, 2, 969909), (9107, 1, 2101505), (9198, 1, 2173997)]"
8954 "[(3002, 2, 633066)]"
3004 "[(8411, 2, 633244), (8411, 2, 633318), (8622, 2, 717431), (8411, 2, 1132406), (8411, 2, 1233186), (9168, 2, 2085068)]"
8547 "[(53, 1, 634267), (3427, 1, 874941), (3774, 1, 874944), (1389, 1, 876048), (53, 1, 912067), (1389, 1, 1271580), (2881, 1, 1285812), (3774, 1, 1482450), (17, 0, 1566855), (1389, 1, 2068344), (8105, 1, 2604770), (8105, 1, 2606628)]"
8561 "[(156, 1, 635675), (611, 0, 880093), (17, 0, 1496593), (17, 0, 2299797), (17, 0, 2343821), (4065, 1, 2347544), (611, 0, 2515779)]"
8794 "[(220, 0, 637958), (5197, 1, 1318308), (220, 0, 1913313), (912, 1, 1914566), (220, 0, 1979611), (319, 2, 2305386), (319, 2, 2395155), (319, 2, 2397142), (4887, 2, 2513808)]"
8640 "[(537, 2, 660785), (233, 2, 717959), (233, 2, 809843), (537, 2, 918941), (233, 2, 1059554), (3833, 1, 1081987), (3833, 1, 1082110), (596, 1, 1353859), (6170, 2, 1703898), (6170, 2, 1703956), (6170, 2, 1704033), (537, 2, 1704589), (3009, 1, 1983111), (6010, 0, 2027882)]"
488 "[(8872, 2, 664745)]"
8962 "[(3046, 0, 668216), (3046, 0, 668249), (3046, 0, 668378), (3046, 0, 669651), (3046, 0, 669803), (233, 2, 1150358), (954, 2, 1309836), (782, 0, 1577037), (782, 0, 1577104), (233, 2, 1749466), (233, 2, 1838383), (365, 0, 1866875), (40, 0, 1932066), (365, 0, 1954828), (365, 0, 2045735), (365, 0, 2045836), (365, 0, 2045940), (365, 0, 2046077), (365, 0, 2093648), (365, 0, 2093734), (233, 2, 2097114), (365, 0, 2138470), (365, 0, 2139172), (68, 2, 2185064), (56, 2, 2235712), (2365, 2, 2327795), (611, 0, 2410003), (365, 0, 2548031), (365, 0, 2548146), (365, 0, 2548234), (365, 0, 2548366), (365, 0, 2548412), (365, 0, 2548593)]"
441 "[(8964, 1, 669121), (8477, 1, 835761), (9086, 1, 1259689), (9086, 1, 1259941), (9086, 1, 1260007), (9086, 1, 1260060), (9086, 1, 1260894), (9086, 1, 1260934), (9086, 1, 1260968), (9086, 1, 1261056), (9086, 1, 1261275), (9086, 1, 1261303), (9086, 1, 1268690), (9086, 1, 1268717), (9086, 1, 1375816), (9086, 1, 1445853)]"
2128 "[(8969, 1, 676136), (9069, 2, 1175116), (8805, 2, 1517471), (9144, 1, 1535527), (9177, 1, 1852250), (8805, 2, 2211782), (8805, 2, 2211817), (8805, 2, 2211872)]"
3146 "[(8339, 1, 676435), (8816, 1, 1509668), (8964, 1, 2246631), (8975, 1, 2384562)]"
3055 "[(8477, 1, 676474)]"
1952 "[(8906, 1, 681175), (8551, 1, 951705), (8551, 1, 951800), (8551, 1, 951981), (8551, 1, 952061), (8906, 1, 952236), (8906, 1, 952483), (8906, 1, 952544), (8906, 1, 1026694), (8906, 1, 1027093), (8906, 1, 1326994), (8906, 1, 1327010), (8906, 1, 1901352)]"
8413 "[(1314, 1, 684063), (1314, 1, 684114), (1314, 1, 684371), (1314, 1, 684429), (2708, 2, 743853), (73, 0, 824051), (16, 0, 854631), (16, 0, 854698), (4085, 2, 1741096), (40, 0, 1824093)]"
8874 "[(912, 1, 685023), (125, 0, 688132), (80, 2, 938287), (80, 2, 943788), (80, 2, 944905), (80, 2, 949022), (80, 2, 949288), (80, 2, 949362), (80, 2, 1630652), (80, 2, 1678700), (1884, 0, 2061831)]"
1803 "[(8384, 0, 690631), (8374, 0, 1565013), (8384, 0, 1965517), (8374, 0, 1966342)]"
2510 "[(8593, 0, 695318)]"
3227 "[(8678, 2, 698711), (8246, 0, 1012726)]"
3242 "[(8295, 1, 700214), (8295, 1, 700787)]"
3255 "[(8887, 2, 705610)]"
8501 "[(68, 2, 708908), (68, 2, 2503122), (68, 2, 2510387)]"
8965 "[(233, 2, 713638), (233, 2, 808231), (1359, 1, 814266), (233, 2, 885235), (1780, 0, 1401373), (68, 2, 1447084), (1865, 2, 2249347)]"
1164 "[(8422, 0, 714002), (8508, 0, 715696), (8508, 0, 1484804)]"
8981 "[(68, 2, 715190), (68, 2, 726444), (68, 2, 727594), (5279, 2, 1352858), (4001, 2, 2139724)]"
8815 "[(233, 2, 717756), (4085, 2, 1306267), (367, 2, 1582677), (4861, 0, 1894217)]"
8464 "[(233, 2, 718001), (40, 0, 2356433)]"
3295 "[(8339, 1, 721217)]"
3324 "[(8936, 0, 728921), (8734, 1, 2347561)]"
1835 "[(8936, 0, 728974), (8246, 0, 757900), (8246, 0, 838936), (9071, 2, 1548372), (9071, 2, 1548453), (9071, 2, 1548497), (9071, 2, 1548621), (8936, 0, 1957920), (9004, 2, 2546787)]"
3379 "[(8263, 1, 744128), (8402, 2, 2080994), (8402, 2, 2081161)]"
1829 "[(8887, 2, 746062), (8591, 2, 2425555), (8883, 1, 2602960), (8883, 1, 2603034)]"
3385 "[(8266, 0, 746400), (8747, 0, 746433)]"
3404 "[(8569, 2, 752322), (8569, 2, 752347), (8569, 2, 752878), (8569, 2, 753447), (8569, 2, 753527), (8569, 2, 753612)]"
1917 "[(8282, 1, 756116), (8282, 1, 756136)]"
3495 "[(8888, 2, 776646), (8722, 1, 777172), (8734, 1, 777586), (8969, 1, 956873), (8887, 2, 1137490), (9149, 1, 1713278), (9132, 2, 1713319), (8883, 1, 2308310), (8937, 1, 2512695)]"
479 "[(8543, 1, 781002), (8543, 1, 781004)]"
3512 "[(8263, 1, 781704), (8985, 1, 1710655), (9163, 2, 1894896), (9163, 2, 1895199), (8346, 0, 1900513), (8791, 1, 2326666)]"
5 "[(8461, 0, 781794)]"
8950 "[(912, 1, 783701), (912, 1, 863147), (1856, 2, 906643), (1856, 2, 906807), (3874, 1, 906906), (611, 0, 1032368), (983, 1, 1112487), (17, 0, 1191265), (611, 0, 1205391), (532, 0, 2350119), (2427, 0, 2491196)]"
3509 "[(8311, 1, 786949), (8311, 1, 839150)]"
3557 "[(8988, 2, 796839)]"
512 "[(8339, 1, 798295)]"
9001 "[(233, 2, 805202), (233, 2, 807244), (233, 2, 2015432)]"
8966 "[(233, 2, 805310), (233, 2, 810826)]"
562 "[(8261, 0, 822731), (8261, 0, 822912), (8261, 0, 854183), (8261, 0, 1410276)]"
8784 "[(68, 2, 823374), (68, 2, 838525), (68, 2, 875328), (289, 1, 915577), (45, 1, 922389), (1586, 0, 969559), (5429, 1, 1398007), (5429, 1, 1398266)]"
8996 "[(303, 0, 830782), (303, 0, 1334600), (4085, 2, 2175715)]"
3641 "[(8569, 2, 833616)]"
3681 "[(8534, 2, 844766), (9075, 0, 1211029), (8273, 0, 1274729), (8273, 0, 1275228), (8273, 0, 1968275), (8273, 0, 1968423), (8295, 1, 2054456)]"
3694 "[(8612, 1, 848752), (8456, 2, 853390), (8253, 2, 858887)]"
1044 "[(8284, 0, 850236), (8318, 2, 2030461), (8618, 0, 2570252)]"
3722 "[(9000, 0, 855185)]"
8467 "[(935, 1, 856863), (935, 1, 856878), (935, 1, 856912), (935, 1, 856923), (17, 0, 1080478), (17, 0, 1400037), (935, 1, 1452391), (477, 2, 1590777), (5959, 1, 1615673), (17, 0, 1966071), (1449, 0, 1966363), (17, 0, 2044507), (3323, 1, 2258543), (971, 1, 2497967), (971, 1, 2498292), (971, 1, 2594481), (971, 1, 2594759)]"
1973 "[(8423, 2, 859891), (8423, 2, 1112449), (9069, 2, 1195880), (9069, 2, 1195957), (9069, 2, 1921298), (9069, 2, 1921434), (9028, 0, 2610667), (9028, 0, 2610816), (9084, 2, 2625823), (9084, 2, 2625876), (9084, 2, 2626019), (9084, 2, 2626093), (9084, 2, 2626137), (9084, 2, 2626233), (9084, 2, 2626264), (9084, 2, 2626290), (9084, 2, 2635776), (9084, 2, 2636405), (9084, 2, 2637021), (9084, 2, 2638157), (9084, 2, 2638283), (9084, 2, 2638429), (9084, 2, 2639835), (9084, 2, 2640462), (9084, 2, 2642003), (9084, 2, 2642198)]"
3716 "[(8339, 1, 861170), (8243, 1, 1056118), (8591, 2, 1056229), (8421, 1, 1133376)]"
8562 "[(80, 2, 862662), (611, 0, 1031100), (627, 1, 1896265), (233, 2, 2096572)]"
3743 "[(8771, 2, 863407), (9084, 2, 1201928)]"
3755 "[(8288, 0, 867121)]"
146 "[(8618, 0, 869306), (8618, 0, 2102084), (8618, 0, 2102785), (8618, 0, 2103202), (8618, 0, 2182965), (8618, 0, 2190998)]"
3763 "[(8249, 1, 870492)]"
8570 "[(125, 0, 882705), (4085, 2, 1049225), (4085, 2, 1049296), (1884, 0, 1913908), (2196, 2, 2153359), (2196, 2, 2153467), (17, 0, 2412625), (627, 1, 2425145)]"
1448 "[(8647, 0, 883833), (8647, 0, 884231), (8229, 2, 936041), (8229, 2, 936059), (8229, 2, 936218), (8229, 2, 936827), (8229, 2, 936844), (8284, 0, 1136521), (8284, 0, 1220149), (8284, 0, 1274516), (8229, 2, 1554309), (8229, 2, 1720107), (8229, 2, 1720194), (8229, 2, 1720401), (8229, 2, 1737511), (8229, 2, 1737627), (8229, 2, 1737685), (8229, 2, 1742548), (8229, 2, 1742902), (8229, 2, 1742954), (8284, 0, 2150020), (8229, 2, 2150830), (8229, 2, 2150850), (8229, 2, 2150935), (8229, 2, 2150972), (8229, 2, 2151013), (8229, 2, 2151048), (8229, 2, 2151083), (8229, 2, 2151099), (8229, 2, 2151147), (8229, 2, 2151219), (8229, 2, 2151254), (8229, 2, 2151271), (8229, 2, 2151309), (8229, 2, 2151572), (8229, 2, 2151601), (8284, 0, 2180864), (8284, 0, 2181009), (8229, 2, 2231157), (8229, 2, 2231219), (8229, 2, 2231296), (8998, 0, 2232679), (8998, 0, 2232773), (8998, 0, 2232889), (8998, 0, 2233141), (8998, 0, 2233224), (8998, 0, 2233301), (8998, 0, 2234682), (8998, 0, 2235068), (8998, 0, 2235377), (8998, 0, 2238528), (8998, 0, 2238621), (8998, 0, 2238658), (8998, 0, 2238707), (8998, 0, 2239183), (8998, 0, 2239302), (8998, 0, 2239341), (8998, 0, 2239430), (8998, 0, 2239465), (8998, 0, 2239559), (8998, 0, 2239570), (8284, 0, 2241781), (8284, 0, 2241804), (8284, 0, 2241894), (8229, 2, 2259960), (8229, 2, 2260102), (8229, 2, 2260178), (8998, 0, 2409779), (8998, 0, 2409815), (8998, 0, 2409855), (8998, 0, 2409877), (8998, 0, 2409904), (8998, 0, 2409940), (8998, 0, 2409963), (8998, 0, 2410036), (8998, 0, 2412227), (8284, 0, 2418856), (8284, 0, 2419064), (8998, 0, 2439690)]"
2595 "[(8622, 2, 893889), (8686, 0, 1149520), (8923, 2, 1150970)]"
8974 "[(611, 0, 901704), (125, 0, 962660), (17, 0, 962914), (125, 0, 963053), (4065, 1, 966152), (4065, 1, 970181), (17, 0, 1517603), (2196, 2, 2083435), (17, 0, 2176182), (4065, 1, 2311436), (627, 1, 2419664)]"
3592 "[(8339, 1, 909349), (8339, 1, 1000343), (8686, 0, 1701479), (8645, 0, 1701630), (8716, 0, 1702518), (8466, 0, 1959608)]"
1635 "[(8318, 2, 910858)]"
8513 "[(238, 2, 915711), (445, 2, 1008906), (2708, 2, 1526426)]"
3899 "[(8684, 0, 918815)]"
3903 "[(8968, 2, 919907)]"
3966 "[(8250, 1, 935624), (8250, 1, 1008667), (8250, 1, 1010025)]"
1720 "[(8941, 1, 947743), (9168, 2, 1986479)]"
8727 "[(484, 2, 947839), (484, 2, 947860), (233, 2, 973204), (804, 2, 1135843), (233, 2, 1232925)]"
4027 "[(8276, 1, 951804), (8849, 1, 1293542), (8477, 1, 1561377)]"
2816 "[(8261, 0, 965663), (8261, 0, 1012774)]"
3697 "[(8282, 1, 967786)]"
8324 "[(835, 0, 997496), (611, 0, 2193663), (4085, 2, 2285731), (6147, 0, 2325368), (303, 0, 2585211), (5891, 0, 2649793)]"
4162 "[(8873, 0, 1000601), (8873, 0, 1000631)]"
3612 "[(8873, 0, 1001803), (8873, 0, 1001821), (8787, 0, 1003064), (8787, 0, 1003586)]"
735 "[(9048, 1, 1003559)]"
2953 "[(8308, 1, 1005907), (8320, 2, 1006257), (8755, 1, 1143787), (8683, 2, 2147357), (9054, 2, 2387615)]"
4186 "[(8438, 2, 1007299), (8430, 0, 1216437), (8591, 2, 1721207), (9095, 0, 1874175), (9095, 0, 1874633), (8990, 1, 2172843), (8985, 1, 2439008), (8971, 2, 2645834), (9023, 0, 2647968)]"
4209 "[(8450, 1, 1011001), (8450, 1, 1011061), (8450, 1, 1011166), (8450, 1, 1011219)]"
4215 "[(8618, 0, 1013287), (8618, 0, 1013848), (8618, 0, 1013891), (8618, 0, 1183416), (8618, 0, 1184263), (8618, 0, 1184356), (8618, 0, 1634155)]"
1942 "[(9054, 2, 1015247)]"
1057 "[(9054, 2, 1016182)]"
8935 "[(3905, 1, 1019502)]"
2087 "[(9045, 0, 1023223), (8247, 2, 1191719), (8433, 2, 1625773), (8433, 2, 2285112), (8267, 2, 2287613)]"
4279 "[(8243, 1, 1028211)]"
4311 "[(8408, 2, 1036677)]"
8527 "[(68, 2, 1038103), (68, 2, 1094732)]"
4327 "[(8339, 1, 1039631)]"
8718 "[(17, 0, 1040206), (730, 0, 1043001), (730, 0, 1043021), (611, 0, 1935019), (2196, 2, 2079825), (2196, 2, 2088697), (17, 0, 2089045), (2196, 2, 2089309), (2196, 2, 2089441), (2196, 2, 2089659), (2196, 2, 2089904), (2196, 2, 2090071), (2196, 2, 2091781), (2339, 0, 2118461), (2708, 2, 2139370), (2769, 2, 2139577)]"
4329 "[(8550, 1, 1042465), (9086, 1, 1380637), (8550, 1, 1387161), (8550, 1, 1397123)]"
8983 "[(4353, 0, 1044474), (4621, 0, 1136548), (68, 2, 1181547), (233, 2, 1325912), (68, 2, 2254433)]"
3061 "[(8343, 0, 1047803)]"
4336 "[(8343, 0, 1048101)]"
8287 "[(4085, 2, 1049710), (367, 2, 1689135)]"
8502 "[(434, 1, 1053389), (68, 2, 1252398), (68, 2, 1261644), (423, 1, 1302201), (423, 1, 1335677), (1189, 0, 1633109), (2230, 0, 1664324), (6828, 2, 2170961), (56, 2, 2235030), (350, 2, 2303235)]"
8899 "[(233, 2, 1059874)]"
4427 "[(8272, 0, 1071014)]"
602 "[(8992, 0, 1081858)]"
2277 "[(8343, 0, 1084772), (8487, 0, 2277231), (8956, 0, 2282722), (8314, 2, 2454777), (8314, 2, 2454880)]"
4504 "[(8425, 0, 1099259), (8828, 2, 1496886), (8828, 2, 1497822)]"
83 "[(9063, 0, 1099677), (9063, 0, 1099794), (9140, 2, 1528351)]"
1506 "[(8377, 1, 1101464)]"
4541 "[(8411, 2, 1110544)]"
9066 "[(68, 2, 1110770), (5665, 1, 2602889)]"
8963 "[(611, 0, 1116072), (1033, 2, 1206735), (1033, 2, 1206933), (1033, 2, 1207126), (1033, 2, 1207189), (1033, 2, 1207409), (1033, 2, 1207638), (4688, 2, 1208537), (233, 2, 1314995), (17, 0, 1470771), (68, 2, 1535276), (4773, 2, 1547152), (5622, 0, 2081492), (17, 0, 2512326), (611, 0, 2512751)]"
3238 "[(8526, 2, 1117061), (8402, 2, 1202276), (8402, 2, 1202377), (8544, 0, 1465104), (8544, 0, 1465169), (8526, 2, 2040322)]"
8632 "[(684, 0, 1134328), (684, 0, 1134727), (4085, 2, 1331442), (684, 0, 1499418), (684, 0, 1499479), (233, 2, 1577430), (967, 0, 1603962), (967, 0, 2096358), (684, 0, 2187907), (5698, 0, 2199880), (532, 0, 2594147), (2837, 0, 2609817), (684, 0, 2623323)]"
9072 "[(2234, 2, 1139251), (2234, 2, 1139347), (2234, 2, 1139463), (2234, 2, 1139495), (675, 2, 1139935), (492, 1, 1139982), (492, 1, 1140205), (492, 1, 1140294), (675, 2, 1140543), (492, 1, 1140910), (2234, 2, 1141319), (2234, 2, 1141342), (492, 1, 1141477), (492, 1, 1141682), (2863, 0, 1141969), (492, 1, 1142124), (492, 1, 1142162), (492, 1, 1142344), (492, 1, 1142528), (480, 2, 1144480), (492, 1, 1145405), (450, 1, 1146981), (181, 0, 1148904), (181, 0, 1149048), (1343, 1, 1149849), (3855, 2, 1157878), (3855, 2, 1157896), (1235, 1, 1158978), (1284, 2, 1159400), (1284, 2, 1159424), (104, 0, 1160991), (104, 0, 1161008), (181, 0, 1161667), (4672, 2, 1162590), (1284, 2, 1171608), (1284, 2, 1174881), (2012, 2, 1175262), (181, 0, 1176770), (285, 0, 1178197), (754, 1, 1180774), (181, 0, 1184509), (181, 0, 1184556), (181, 0, 1184620), (935, 1, 1186860), (935, 1, 1186869), (935, 1, 1186912), (2134, 2, 1187747), (2134, 2, 1187797), (4278, 1, 1196548), (3360, 2, 1196632), (4278, 1, 1196772), (2559, 1, 1198090), (4278, 1, 1199151), (4859, 2, 1203573), (1680, 1, 1205269), (1680, 1, 1205632), (1680, 1, 1205741), (1680, 1, 1205913), (1680, 1, 1206306), (2265, 2, 1206528), (2265, 2, 1206541), (1680, 1, 1206792), (2265, 2, 1206839), (2265, 2, 1207143), (2265, 2, 1207421), (996, 2, 1209987), (996, 2, 1210132), (996, 2, 1210159), (996, 2, 1210189), (996, 2, 1210217), (996, 2, 1210360), (2265, 2, 1210713), (2265, 2, 1211107), (68, 2, 1212313), (4910, 2, 1212713), (4910, 2, 1213042), (2637, 0, 1213457), (4506, 2, 1213866), (2270, 2, 1237429), (2270, 2, 1237448), (2213, 2, 1254169), (2213, 2, 1254230), (2213, 2, 1256177), (2213, 2, 1256795), (2012, 2, 1261825), (2012, 2, 1262067), (1992, 0, 1297489), (1284, 2, 1337978), (675, 2, 1340622), (675, 2, 1341074), (1276, 2, 1348615), (2012, 2, 1350396), (68, 2, 1363998), (2923, 2, 1370331), (2541, 2, 1394563), (68, 2, 1418682), (2134, 2, 1430170), (2797, 2, 1454963), (233, 2, 1491604), (2012, 2, 1522455), (768, 0, 1527167), (233, 2, 1750747), (51, 2, 1838344)]"
9068 "[(179, 2, 1142550), (233, 2, 1149275), (233, 2, 1492714), (4085, 2, 1570546), (4085, 2, 2010711), (233, 2, 2185734), (73, 0, 2186487)]"
4647 "[(8612, 1, 1149659)]"
8696 "[(233, 2, 1153126)]"
8866 "[(233, 2, 1153476), (467, 1, 1981068), (68, 2, 1989368), (2153, 1, 2572917), (2153, 1, 2573038)]"
4630 "[(8545, 2, 1153601)]"
4657 "[(8268, 2, 1153806), (8575, 0, 1347834)]"
4663 "[(8612, 1, 1158267), (8612, 1, 1158771)]"
859 "[(8319, 2, 1164122), (8319, 2, 1164178), (8648, 0, 1504113), (8990, 1, 1767704), (8506, 2, 2228281), (9045, 0, 2477226), (8563, 0, 2496568)]"
9031 "[(2114, 0, 1170607), (68, 2, 1178634), (233, 2, 1321454), (233, 2, 2011868)]"
4709 "[(9069, 2, 1172605)]"
4145 "[(9069, 2, 1175249)]"
3072 "[(9069, 2, 1175717)]"
3782 "[(8295, 1, 1180753), (8295, 1, 1180819)]"
2015 "[(8284, 0, 1185668)]"
1239 "[(9069, 2, 1191341)]"
4822 "[(8907, 0, 1195460)]"
4827 "[(8249, 1, 1196284), (8249, 1, 1196311)]"
4273 "[(8563, 0, 1197655), (8402, 2, 1202822), (9034, 0, 1203156)]"
4837 "[(8235, 0, 1198380)]"
9079 "[(286, 1, 1205606), (286, 1, 1205771), (4917, 0, 1215497), (233, 2, 1240036), (286, 1, 1355677), (4443, 1, 1369311), (286, 1, 1375503), (233, 2, 1495482), (730, 0, 1597974), (730, 0, 1597992), (5622, 0, 1869184), (2833, 2, 2287128), (233, 2, 2448709)]"
4888 "[(8507, 0, 1207923), (8507, 0, 1277036)]"
4403 "[(9069, 2, 1208774)]"
1779 "[(9069, 2, 1209492)]"
4739 "[(8575, 0, 1209765), (8575, 0, 1394088), (8575, 0, 1394140), (8575, 0, 1394448), (8575, 0, 1397452), (8575, 0, 1417701), (8575, 0, 1508100), (8575, 0, 1640745), (8575, 0, 1640769), (8575, 0, 1755117), (8575, 0, 1784021)]"
4019 "[(8402, 2, 1213433), (8402, 2, 1213434), (8419, 1, 1322668), (8419, 1, 1322670), (8350, 1, 1322736), (8350, 1, 1322743), (8466, 0, 1323555), (8466, 0, 1323563), (8251, 0, 1638905), (8251, 0, 1638906), (8251, 0, 1908748), (8251, 0, 1909368), (8251, 0, 1923174), (8251, 0, 1923197), (8695, 2, 2004306), (8251, 0, 2008050)]"
3453 "[(8357, 1, 1230386), (8357, 1, 1230455), (8357, 1, 1271881), (8357, 1, 1271928), (8357, 1, 1282535), (8357, 1, 1282566), (8357, 1, 1601393), (8357, 1, 1601495), (8917, 1, 1643459)]"
9082 "[(233, 2, 1230939), (5943, 1, 1609741)]"
9059 "[(233, 2, 1231009), (233, 2, 1231847), (40, 0, 1233284), (954, 2, 1309383), (611, 0, 1381663), (17, 0, 1382073), (5622, 0, 1534147), (233, 2, 1579547), (17, 0, 2049669)]"
9043 "[(233, 2, 1232009), (40, 0, 1291908)]"
8335 "[(233, 2, 1232455), (4173, 1, 2147850)]"
2414 "[(9086, 1, 1232541), (9086, 1, 1268719), (9086, 1, 1269079)]"
9083 "[(233, 2, 1235186), (4085, 2, 1597319)]"
63 "[(8411, 2, 1238824), (8411, 2, 1240414)]"
8255 "[(233, 2, 1240378), (367, 2, 1690550)]"
391 "[(8648, 0, 1243311)]"
9087 "[(68, 2, 1260537)]"
5032 "[(8736, 0, 1264261), (8736, 0, 1264359), (8736, 0, 1264459)]"
422 "[(8235, 0, 1265067), (8235, 0, 1265661), (8235, 0, 1265736)]"
4945 "[(8367, 0, 1271202)]"
430 "[(8290, 2, 1272576), (8290, 2, 1352464), (8290, 2, 1352515)]"
9091 "[(4688, 2, 1276681), (68, 2, 1359289), (233, 2, 2015283)]"
2867 "[(8402, 2, 1279887), (8536, 1, 1711971)]"
3195 "[(8532, 1, 1283610)]"
601 "[(8295, 1, 1291560), (8411, 2, 2146849), (8411, 2, 2146890), (8411, 2, 2152594)]"
2605 "[(8338, 0, 1293079), (8338, 0, 1293162), (8338, 0, 1406084)]"
9088 "[(2923, 2, 1296152), (68, 2, 1330323), (233, 2, 1495507), (1449, 0, 2382298), (17, 0, 2623433), (1276, 2, 2623596)]"
2781 "[(9086, 1, 1304858)]"
9051 "[(684, 0, 1306859), (4085, 2, 1331472), (1449, 0, 1476927), (768, 0, 1855126), (967, 0, 2028455), (967, 0, 2029541), (684, 0, 2623458)]"
5175 "[(9086, 1, 1308039), (9086, 1, 1308102)]"
4635 "[(8556, 0, 1308479), (9096, 2, 1321202), (8245, 2, 1928677), (8245, 2, 1928938), (8245, 2, 1929902), (8245, 2, 2022005), (8245, 2, 2168736), (8245, 2, 2206716), (8245, 2, 2245428), (8245, 2, 2330661), (8245, 2, 2331181), (8245, 2, 2419253), (8245, 2, 2508060), (8245, 2, 2593944)]"
5182 "[(8250, 1, 1310605)]"
3085 "[(8247, 2, 1313083), (9096, 2, 1518428), (9096, 2, 1627914), (9096, 2, 1667127), (9096, 2, 1667972)]"
8894 "[(68, 2, 1321452), (68, 2, 1340050), (68, 2, 1513266), (4085, 2, 1564217), (233, 2, 1749220), (532, 0, 2485122)]"
9103 "[(238, 2, 1335614), (233, 2, 1417188), (210, 0, 1427763), (233, 2, 1494964)]"
1434 "[(8575, 0, 1336113), (9163, 2, 1662603), (9163, 2, 1662616), (9163, 2, 1662655), (9163, 2, 1662664)]"
5215 "[(9100, 1, 1357033)]"
514 "[(8551, 1, 1359157)]"
8364 "[(68, 2, 1359230), (68, 2, 1360677), (68, 2, 1365013), (68, 2, 1384132), (68, 2, 1393109), (68, 2, 1438041), (4085, 2, 1755165), (68, 2, 2052815)]"
4334 "[(8261, 0, 1367476), (8406, 2, 1442770)]"
3532 "[(8411, 2, 1368002), (9168, 2, 2422580)]"
5396 "[(8575, 0, 1381680), (8575, 0, 1381716), (8683, 2, 2161486), (8683, 2, 2503208), (8347, 1, 2505539), (8347, 1, 2505663)]"
5399 "[(8575, 0, 1382581), (8575, 0, 1400257), (8575, 0, 1479048), (8575, 0, 1814940)]"
3567 "[(9092, 1, 1384556), (9092, 1, 1384618), (8545, 2, 1386924), (8545, 2, 1386979), (9166, 1, 1752678), (9168, 2, 2002929), (8937, 1, 2522978)]"
3203 "[(8575, 0, 1385916), (8575, 0, 1385996), (8575, 0, 1402793), (8575, 0, 1667487), (8575, 0, 1667711), (8575, 0, 1667774), (8575, 0, 1667908)]"
9104 "[(635, 2, 1386313), (4085, 2, 1451911), (635, 2, 1475126), (635, 2, 2558088), (635, 2, 2664170)]"
1405 "[(8290, 2, 1386346)]"
752 "[(8907, 0, 1395862), (8907, 0, 1398933), (8658, 0, 1962618)]"
2247 "[(8575, 0, 1403097)]"
2239 "[(8618, 0, 1463798)]"
4402 "[(8415, 2, 1466264)]"
9129 "[(1254, 1, 1469549), (1254, 1, 1469609), (179, 2, 1500809), (993, 2, 1550548), (993, 2, 1550629), (233, 2, 1576490), (2196, 2, 1651288), (4085, 2, 1662923), (156, 1, 1663717), (993, 2, 2507816)]"
751 "[(8269, 2, 1472250), (9102, 2, 1472347)]"
5633 "[(8849, 1, 1472929), (8849, 1, 1474009), (8849, 1, 1474062), (8849, 1, 1495706), (8849, 1, 1495767), (8849, 1, 1496289), (8849, 1, 1496411), (8849, 1, 1496482), (9168, 2, 1972189), (9168, 2, 1973108), (9168, 2, 2265692)]"
9118 "[(3774, 1, 1475486), (68, 2, 1893479), (5137, 1, 2028138), (233, 2, 2269414), (537, 2, 2279320), (68, 2, 2568088)]"
3523 "[(8290, 2, 1484383)]"
853 "[(9096, 2, 1487961), (9163, 2, 1692580), (9163, 2, 1694698), (9163, 2, 1694966), (9166, 1, 1835399), (8347, 1, 2037047), (9205, 2, 2175166), (8937, 1, 2543232)]"
5677 "[(9133, 2, 1488034), (8964, 1, 2546434)]"
9126 "[(233, 2, 1495443), (4085, 2, 1563066)]"
9058 "[(5622, 0, 1495966), (233, 2, 1579431)]"
4343 "[(8343, 0, 1501613), (8343, 0, 1887466)]"
9135 "[(40, 0, 1504368), (745, 1, 1804668), (5356, 2, 1809699), (1036, 2, 1818454), (4164, 0, 2274592)]"
2731 "[(8387, 0, 1504574)]"
1948 "[(8273, 0, 1511366), (8273, 0, 2118332)]"
8901 "[(1009, 2, 1522473)]"
4063 "[(8591, 2, 1531888), (8504, 1, 1632134)]"
1124 "[(9140, 2, 1535951), (9063, 0, 2607192), (9063, 0, 2607296), (9063, 0, 2607299), (9063, 0, 2653438)]"
5383 "[(8519, 1, 1548005), (8295, 1, 1574195), (8418, 1, 1968378)]"
1511 "[(9071, 2, 1548315), (9071, 2, 1550904), (9071, 2, 1556049), (9071, 2, 1556633)]"
4964 "[(9071, 2, 1550953)]"
3183 "[(9071, 2, 1554915)]"
5583 "[(8477, 1, 1560960), (8477, 1, 1561069), (8477, 1, 1561123)]"
4645 "[(8343, 0, 1561476)]"
5854 "[(9071, 2, 1565524)]"
5872 "[(8602, 2, 1570440)]"
1950 "[(8374, 0, 1578535), (8374, 0, 1578707), (8374, 0, 1578725)]"
8731 "[(233, 2, 1578944), (40, 0, 2251643), (73, 0, 2335968), (233, 2, 2529274)]"
8344 "[(303, 0, 1585575), (1698, 0, 2485058)]"
8675 "[(367, 2, 1590872)]"
5193 "[(8391, 0, 1594348), (8391, 0, 1594508)]"
3751 "[(8314, 2, 1603613)]"
5373 "[(8575, 0, 1609131)]"
8333 "[(67, 0, 1610701), (17, 0, 1892392), (1663, 2, 2073863), (954, 2, 2076268), (17, 0, 2211443), (26, 2, 2339597), (156, 1, 2442533), (17, 0, 2666260)]"
1075 "[(8590, 2, 1613251)]"
211 "[(8314, 2, 1614293)]"
4401 "[(8683, 2, 1614540), (8683, 2, 1968195), (8683, 2, 2306298), (8683, 2, 2306315), (8683, 2, 2436582), (8683, 2, 2479874), (8683, 2, 2493181)]"
8669 "[(499, 1, 1622568), (68, 2, 1897831), (17, 0, 2606863)]"
5993 "[(8612, 1, 1626552)]"
2761 "[(8510, 2, 1633883), (8590, 2, 1962902), (8590, 2, 1963120), (8314, 2, 2421766)]"
5853 "[(8356, 2, 1640716), (9223, 2, 2427773)]"
1848 "[(8314, 2, 1643466), (8314, 2, 1644176)]"
4489 "[(8260, 2, 1646469), (8849, 1, 2131058), (8849, 1, 2131138), (8849, 1, 2243854)]"
561 "[(8411, 2, 1661339)]"
8452 "[(233, 2, 1661949), (482, 2, 2059573), (482, 2, 2059799), (482, 2, 2060758), (8, 1, 2066828), (4178, 0, 2078752), (4178, 0, 2078773), (4178, 0, 2078820), (310, 0, 2109848), (3065, 2, 2130354), (1680, 1, 2222732), (1680, 1, 2223083), (1680, 1, 2223541), (1680, 1, 2223744), (480, 2, 2231829), (480, 2, 2277005), (1680, 1, 2320371), (1680, 1, 2320497), (1680, 1, 2320582), (68, 2, 2332035)]"
8951 "[(233, 2, 1662212)]"
8878 "[(233, 2, 1662794)]"
8862 "[(233, 2, 1663839), (40, 0, 1667376), (233, 2, 1921760), (728, 2, 2016504), (728, 2, 2016588), (728, 2, 2016651)]"
8574 "[(68, 2, 1666461), (2495, 1, 1972497), (5622, 0, 2589084)]"
9151 "[(4100, 1, 1673132), (5871, 1, 1682900), (1596, 1, 1691754), (68, 2, 1692971), (17, 0, 1696480), (777, 0, 1708901), (233, 2, 1749962), (40, 0, 1752426), (777, 0, 1763675), (730, 0, 1771449), (730, 0, 1771467), (4100, 1, 1773602), (4100, 1, 1774028), (4100, 1, 1774124), (2390, 2, 1872723), (5767, 2, 1884371), (233, 2, 1923830), (4100, 1, 1957275), (4100, 1, 1957651), (4100, 1, 1957969), (1596, 1, 1980631), (68, 2, 1988978), (1992, 0, 2058210), (1992, 0, 2058421), (1992, 0, 2059595), (1992, 0, 2059926), (611, 0, 2199968), (68, 2, 2274363), (5622, 0, 2377915), (315, 1, 2468816), (777, 0, 2533761), (4325, 2, 2563116), (4325, 2, 2563148)]"
6093 "[(9163, 2, 1674778), (9163, 2, 1968064), (9197, 1, 2039100), (9197, 1, 2453519), (9197, 1, 2471251)]"
6164 "[(9069, 2, 1701993)]"
4756 "[(9163, 2, 1715519)]"
8919 "[(7, 0, 1742213), (7, 0, 1745217), (2495, 1, 1892792), (233, 2, 2268996), (4085, 2, 2672925)]"
1814 "[(8964, 1, 1775832)]"
4997 "[(8590, 2, 1778592)]"
8764 "[(2802, 1, 1792525), (3525, 1, 1871655), (6544, 1, 1874147), (725, 1, 1925946), (346, 1, 2436009), (346, 1, 2469491), (346, 1, 2473287), (346, 1, 2480724), (346, 1, 2482276), (346, 1, 2530865), (346, 1, 2636246), (346, 1, 2662690)]"
4634 "[(8591, 2, 1800082), (8591, 2, 2077183)]"
1363 "[(8418, 1, 1804243), (8507, 0, 1804331), (8418, 1, 2320462)]"
5300 "[(8876, 1, 1820508), (8876, 1, 2312502)]"
3779 "[(8250, 1, 1829743), (8284, 0, 2095197), (8284, 0, 2095241)]"
2606 "[(9102, 2, 1835368), (9102, 2, 1835474)]"
8836 "[(51, 2, 1835832), (51, 2, 1838230), (68, 2, 1848395), (51, 2, 2092365), (17, 0, 2193725)]"
1562 "[(8260, 2, 1838631), (8883, 1, 2270327)]"
8995 "[(233, 2, 1839442)]"
3305 "[(8411, 2, 1841663)]"
4665 "[(9102, 2, 1872501)]"
6549 "[(8554, 2, 1878937)]"
4426 "[(8397, 0, 1890423)]"
1806 "[(8876, 1, 1894963), (8876, 1, 1904062), (8876, 1, 1904407), (8876, 1, 1904606), (8475, 1, 2110718), (8740, 1, 2242653), (8740, 1, 2242726)]"
4751 "[(9086, 1, 1896599), (9086, 1, 1896809), (9086, 1, 1896836)]"
4554 "[(9168, 2, 1898607), (9205, 2, 2258225), (9205, 2, 2258237), (8734, 1, 2328036), (8734, 1, 2597331)]"
5561 "[(9166, 1, 1900192)]"
6612 "[(8374, 0, 1903497), (9163, 2, 1903812)]"
9182 "[(1547, 0, 1921352), (1547, 0, 1921467), (4789, 2, 2269195)]"
9176 "[(233, 2, 1922464), (68, 2, 1995475), (2242, 0, 2006415), (2242, 0, 2006546), (4085, 2, 2088097)]"
2693 "[(8325, 0, 1923146)]"
2429 "[(8849, 1, 1928589), (8849, 1, 2080787), (8849, 1, 2080823)]"
2819 "[(8704, 0, 1939613)]"
9093 "[(509, 2, 1947941), (5917, 2, 2053274)]"
3930 "[(8591, 2, 1958890), (9062, 1, 2111886), (8598, 1, 2212439)]"
9179 "[(367, 2, 1960191), (68, 2, 2138841)]"
9150 "[(367, 2, 1963276), (4085, 2, 2181557)]"
2185 "[(9168, 2, 1974682), (9168, 2, 1974913), (9168, 2, 1974965), (9168, 2, 1987391), (9168, 2, 1987507), (9168, 2, 1987672), (9168, 2, 1987749), (9168, 2, 1988111), (9168, 2, 1988242), (9168, 2, 1988284), (9168, 2, 2005766), (9168, 2, 2012687), (9168, 2, 2058637)]"
566 "[(9168, 2, 1978590)]"
2074 "[(9133, 2, 1988518)]"
2348 "[(8956, 0, 1994349)]"
8309 "[(4085, 2, 1997767)]"
4604 "[(8612, 1, 1997932)]"
9180 "[(4085, 2, 2002380), (4085, 2, 2169719), (4085, 2, 2185580)]"
6534 "[(9168, 2, 2008436)]"
9189 "[(233, 2, 2011893), (233, 2, 2012214), (68, 2, 2559421)]"
9073 "[(233, 2, 2013955), (233, 2, 2269051)]"
9097 "[(233, 2, 2014798), (4085, 2, 2353620)]"
8538 "[(4085, 2, 2033384)]"
1474 "[(8590, 2, 2043738), (8408, 2, 2169527), (8476, 1, 2601209), (8476, 1, 2601304), (8476, 1, 2601946), (8476, 1, 2601967)]"
9194 "[(303, 0, 2048575), (233, 2, 2094201), (233, 2, 2445369)]"
6920 "[(8411, 2, 2054894)]"
6446 "[(9168, 2, 2073566)]"
1543 "[(8618, 0, 2079740), (8618, 0, 2081483), (8618, 0, 2083506)]"
7095 "[(8441, 2, 2116971)]"
4263 "[(9166, 1, 2120632)]"
6309 "[(9034, 0, 2139702)]"
7038 "[(8336, 2, 2145557)]"
3863 "[(9163, 2, 2148424)]"
8379 "[(2769, 2, 2154142)]"
313 "[(8734, 1, 2158692)]"
3042 "[(8348, 2, 2178268)]"
1171 "[(9185, 1, 2178917)]"
7251 "[(8937, 1, 2179588)]"
9204 "[(233, 2, 2183672), (40, 0, 2186337)]"
1760 "[(8618, 0, 2184745), (8618, 0, 2184773)]"
7283 "[(8411, 2, 2198909)]"
7307 "[(9034, 0, 2211884), (8602, 2, 2292794)]"
3459 "[(8262, 1, 2214231), (8262, 1, 2214267)]"
6530 "[(8260, 2, 2220063)]"
428 "[(9168, 2, 2221952), (9168, 2, 2222121), (9168, 2, 2222339)]"
7344 "[(8488, 2, 2223218)]"
1632 "[(8466, 0, 2223290)]"
3699 "[(8591, 2, 2233598)]"
6741 "[(9166, 1, 2240171)]"
2885 "[(9168, 2, 2245639)]"
3731 "[(9080, 2, 2259518)]"
7466 "[(8243, 1, 2265961), (8618, 0, 2317657), (8734, 1, 2317735)]"
4510 "[(9168, 2, 2269380)]"
9154 "[(1268, 2, 2278360), (1268, 2, 2290639)]"
9122 "[(4085, 2, 2292588)]"
9036 "[(1268, 2, 2295373)]"
8497 "[(4862, 2, 2316428), (233, 2, 2527976)]"
559 "[(8508, 0, 2317205), (8551, 1, 2395445)]"
4538 "[(8260, 2, 2323303), (8260, 2, 2333386), (8591, 2, 2342532)]"
9164 "[(73, 0, 2335486), (73, 0, 2356141), (233, 2, 2448340), (233, 2, 2531006)]"
6065 "[(8275, 2, 2344279)]"
1999 "[(8318, 2, 2367889)]"
2240 "[(8740, 1, 2391418)]"
5808 "[(8347, 1, 2391546)]"
6957 "[(8937, 1, 2399855)]"
572 "[(8612, 1, 2417495)]"
3471 "[(8269, 2, 2419816)]"
692 "[(9168, 2, 2435771)]"
6851 "[(8964, 1, 2445757)]"
9222 "[(233, 2, 2447750)]"
9074 "[(383, 1, 2467512), (2892, 1, 2621662), (4441, 1, 2652928)]"
5976 "[(8347, 1, 2474230)]"
5525 "[(8526, 2, 2483786)]"
1107 "[(8683, 2, 2494841)]"
8472 "[(2196, 2, 2496696), (2196, 2, 2496703)]"
4319 "[(8418, 1, 2498839)]"
5528 "[(8734, 1, 2501601)]"
1200 "[(8314, 2, 2502168)]"
5413 "[(8841, 1, 2509114)]"
1001 "[(8418, 1, 2516293), (8418, 1, 2516416), (8418, 1, 2558196)]"
6045 "[(8406, 2, 2518100)]"
1797 "[(8477, 1, 2518252)]"
8496 "[(233, 2, 2527966), (4862, 2, 2586060)]"
783 "[(8853, 0, 2535695)]"
9032 "[(367, 2, 2542403)]"
8689 "[(7782, 1, 2550002)]"
1039 "[(8881, 1, 2567285)]"
9060 "[(1647, 2, 2567636)]"
4075 "[(8586, 1, 2587202)]"
3218 "[(8612, 1, 2587828), (8612, 1, 2587886), (8612, 1, 2654253)]"
3862 "[(9084, 2, 2624889), (9084, 2, 2637319), (9084, 2, 2638028)]"
5578 "[(8936, 0, 2626122)]"
7205 "[(9084, 2, 2631706), (8295, 1, 2647257), (8339, 1, 2653694), (8426, 0, 2654421), (8426, 0, 2656495)]"
4455 "[(8402, 2, 2669436)]"
