8242 "[(16, 0, 1153), (22, 3, 34668), (1210, 0, 376811), (537, 2, 385827), (804, 2, 1202033), (4085, 2, 1590806)]"
8243 "[(17, 0, 1177), (22, 3, 85566), (887, 0, 138885), (887, 0, 138905), (898, 3, 141013), (17, 0, 205623), (17, 0, 430636), (22, 3, 441987), (17, 0, 505770), (233, 2, 541505), (2708, 2, 771582), (17, 0, 873642), (17, 0, 944414), (4279, 3, 1028211), (4315, 2, 1037151), (3716, 3, 1056118), (125, 0, 1121750), (4752, 2, 1205828), (17, 0, 1290879), (17, 0, 1318486), (167, 0, 1469597), (420, 2, 1527099), (17, 0, 1646341), (2230, 0, 1659161), (17, 0, 2109754), (17, 0, 2142325), (17, 0, 2218961), (1912, 3, 2227196), (17, 0, 2264647), (7466, 3, 2265961), (1276, 2, 2624182), (887, 0, 2675018)]"
8249 "[(17, 0, 1451), (16, 0, 2022), (16, 0, 2131), (16, 0, 2367), (16, 0, 2471), (16, 0, 2521), (16, 0, 2570), (16, 0, 2900), (16, 0, 2915), (16, 0, 3017), (16, 0, 3108), (16, 0, 3229), (16, 0, 3422), (16, 0, 3559), (16, 0, 3767), (16, 0, 3835), (16, 0, 3851), (16, 0, 3994), (16, 0, 4030), (16, 0, 4058), (16, 0, 4442), (16, 0, 4505), (16, 0, 4584), (16, 0, 4755), (16, 0, 4813), (16, 0, 4899), (16, 0, 4925), (16, 0, 4968), (16, 0, 5066), (16, 0, 5101), (68, 2, 6344), (920, 3, 145165), (471, 2, 155351), (16, 0, 174963), (16, 0, 175019), (1191, 2, 200136), (1180, 3, 248982), (16, 0, 268066), (16, 0, 268097), (1912, 3, 358270), (761, 2, 515858), (285, 0, 730046), (285, 0, 759795), (285, 0, 759902), (285, 0, 828497), (285, 0, 828507), (165, 2, 841280), (165, 2, 841314), (165, 2, 841356), (165, 2, 841380), (165, 2, 841392), (165, 2, 841468), (285, 0, 849214), (16, 0, 861189), (3763, 3, 870492), (285, 0, 916307), (285, 0, 916363), (285, 0, 916389), (285, 0, 916421), (285, 0, 917729), (1912, 3, 968795), (285, 0, 980074), (285, 0, 1091783), (285, 0, 1152669), (509, 2, 1173182), (4827, 3, 1196284), (4827, 3, 1196311), (165, 2, 1221328), (165, 2, 1221453), (165, 2, 1221578), (165, 2, 1221751), (165, 2, 1221867), (165, 2, 1221892), (165, 2, 1221940), (165, 2, 1222276), (165, 2, 1222300), (165, 2, 1222340), (165, 2, 1222374), (1912, 3, 1270459), (16, 0, 1291466), (16, 0, 1292233), (16, 0, 1292341), (285, 0, 1337030), (285, 0, 1337095), (285, 0, 1337126), (285, 0, 1420408), (16, 0, 1638516), (16, 0, 1642914), (1912, 3, 1650953), (1912, 3, 1661956), (40, 0, 1672011), (17, 0, 1672796), (1912, 3, 1701657), (285, 0, 1711071), (1912, 3, 1914154), (285, 0, 1967902), (16, 0, 2085959), (165, 2, 2153668), (165, 2, 2153726), (165, 2, 2153772), (16, 0, 2306108)]"
8250 "[(23, 3, 1529), (3367, 2, 741841), (3367, 2, 741987), (3966, 3, 935624), (3966, 3, 1008667), (3966, 3, 1010025), (5182, 3, 1310605), (466, 2, 1385995), (1780, 0, 1401652), (1452, 2, 1404122), (1452, 2, 1404211), (1023, 2, 1432041), (1023, 2, 1449456), (1023, 2, 1449812), (43, 2, 1533630), (43, 2, 1533642), (43, 2, 1533659), (43, 2, 1533674), (1023, 2, 1545051), (3360, 2, 1561697), (3360, 2, 1561872), (1023, 2, 1568426), (761, 2, 1742604), (761, 2, 1744594), (761, 2, 1744987), (4085, 2, 1751163), (4248, 2, 1817605), (3779, 3, 1829743), (40, 0, 1840992), (1023, 2, 1952245), (1023, 2, 1962160), (3173, 2, 2059955), (659, 3, 2120096), (68, 2, 2140308), (2011, 2, 2158755), (228, 2, 2159393), (73, 0, 2186485), (2196, 2, 2221106), (2591, 2, 2260554), (1729, 2, 2318229), (1023, 2, 2332261), (17, 0, 2351229), (17, 0, 2406176), (1023, 2, 2422878), (1023, 2, 2427252), (1023, 2, 2458517), (17, 0, 2477785), (1661, 2, 2507475), (3360, 2, 2521744), (3360, 2, 2521973), (3360, 2, 2522046), (1023, 2, 2672924)]"
33 "[(8260, 2, 2079), (8260, 2, 27442), (8260, 2, 607745), (8260, 2, 1089140), (8260, 2, 2457190)]"
8263 "[(36, 2, 2382), (477, 2, 64628), (1362, 2, 602137), (17, 0, 688553), (36, 2, 692834), (3379, 3, 744128), (611, 0, 781338), (3512, 3, 781704), (22, 3, 1051448), (17, 0, 1137392), (4850, 2, 1554735), (3985, 2, 1633881), (1185, 2, 2610015), (1185, 2, 2610645)]"
8285 "[(22, 3, 5721), (433, 2, 60942), (1065, 0, 167151), (1438, 3, 449152), (233, 2, 538301), (17, 0, 580995), (1065, 0, 797754), (4085, 2, 1333248), (509, 2, 1349324), (4085, 2, 1470349), (742, 0, 1493964), (611, 0, 1636311), (1305, 2, 1778607), (233, 2, 2015103), (1065, 0, 2347647), (4085, 2, 2363236)]"
62 "[(8286, 3, 5855), (8286, 3, 6443), (8286, 3, 6476), (8286, 3, 6615)]"
8294 "[(73, 0, 6937), (207, 2, 26296), (233, 2, 713821), (604, 0, 768694), (73, 0, 1077676), (207, 2, 1236324), (40, 0, 1579799), (1058, 3, 1815614)]"
8234 "[(73, 0, 7128), (367, 2, 51685), (328, 0, 206851), (328, 0, 218905), (17, 0, 463581), (1778, 3, 978997), (996, 2, 1670066)]"
8308 "[(68, 2, 10918), (68, 2, 245496), (68, 2, 323973), (68, 2, 589436), (68, 2, 762759), (2953, 3, 1005907), (2344, 3, 1095408), (829, 2, 1144297), (829, 2, 1259849), (829, 2, 1260224), (829, 2, 1260535), (829, 2, 1261390), (829, 2, 1261562), (68, 2, 1262272), (829, 2, 1269298), (17, 0, 1449232), (68, 2, 1706706), (829, 2, 1725933), (68, 2, 1727327), (829, 2, 2028547), (1778, 3, 2062639), (56, 2, 2234855)]"
8295 "[(67, 0, 15845), (852, 0, 130165), (17, 0, 280653), (611, 0, 291334), (2035, 3, 396677), (365, 0, 399107), (291, 3, 399376), (2079, 3, 407257), (2079, 3, 407506), (22, 3, 457512), (731, 3, 491639), (437, 2, 497178), (426, 2, 599956), (2035, 3, 650397), (2035, 3, 651109), (2079, 3, 671218), (3242, 3, 700214), (3242, 3, 700787), (898, 3, 717659), (67, 0, 756441), (17, 0, 774571), (1276, 2, 822586), (17, 0, 822677), (3613, 0, 823406), (68, 2, 839437), (68, 2, 854162), (2196, 2, 880418), (3837, 2, 892200), (291, 3, 908807), (532, 0, 934096), (68, 2, 944604), (68, 2, 974058), (731, 3, 1054033), (22, 3, 1065041), (3605, 2, 1101608), (68, 2, 1117964), (17, 0, 1143093), (291, 3, 1180025), (3782, 3, 1180753), (3782, 3, 1180819), (4769, 2, 1183589), (806, 2, 1204653), (1912, 3, 1227487), (1912, 3, 1232275), (601, 3, 1291560), (1726, 3, 1292885), (697, 0, 1306335), (2365, 2, 1311437), (611, 0, 1312393), (611, 0, 1312506), (2365, 2, 1312535), (611, 0, 1312574), (1912, 3, 1319983), (285, 0, 1341126), (285, 0, 1341160), (285, 0, 1341179), (285, 0, 1341208), (285, 0, 1341287), (285, 0, 1346936), (285, 0, 1346992), (285, 0, 1347009), (285, 0, 1347069), (285, 0, 1347120), (285, 0, 1347216), (2365, 2, 1352558), (2365, 2, 1352754), (497, 3, 1367455), (2365, 2, 1374425), (167, 0, 1386572), (285, 0, 1436826), (68, 2, 1442294), (1912, 3, 1447814), (285, 0, 1452056), (233, 2, 1495083), (285, 0, 1500285), (1912, 3, 1535373), (5827, 0, 1553913), (5383, 3, 1574195), (5206, 2, 1582612), (5206, 2, 1582899), (285, 0, 1587800), (17, 0, 1595274), (4085, 2, 1595378), (285, 0, 1605421), (285, 0, 1605473), (285, 0, 1675931), (6614, 0, 1923466), (6614, 0, 1925450), (3681, 3, 2054456), (1912, 3, 2077574), (17, 0, 2108938), (402, 2, 2268086), (402, 2, 2268210), (402, 2, 2268326), (402, 2, 2268437), (73, 0, 2356298), (537, 2, 2365526), (2196, 2, 2385765), (2196, 2, 2385791), (17, 0, 2395533), (17, 0, 2568572), (875, 2, 2599708), (7205, 3, 2647257)]"
130 "[(8302, 2, 16406), (8302, 2, 220836), (8814, 2, 2397584), (8591, 2, 2428344), (8591, 2, 2428560), (8526, 2, 2484486), (8591, 2, 2583430)]"
8282 "[(139, 3, 17251), (1237, 0, 212684), (235, 3, 286661), (1577, 2, 287689), (443, 0, 331737), (2196, 2, 432811), (2196, 2, 433037), (1577, 2, 605751), (1917, 3, 756116), (1917, 3, 756136), (2591, 2, 757893), (2591, 2, 809147), (2196, 2, 873526), (443, 0, 876673), (3697, 3, 967786), (17, 0, 1097572), (17, 0, 1185294), (17, 0, 1307327), (17, 0, 1609607), (782, 0, 1619331), (17, 0, 1737907), (401, 3, 1925274), (5731, 2, 1940037), (500, 3, 1962003), (443, 0, 1985424), (3129, 2, 2163928), (3129, 2, 2215695), (2591, 2, 2260990), (2591, 2, 2452435)]"
141 "[(8343, 0, 17281)]"
95 "[(8336, 2, 17435), (8261, 0, 17757), (8702, 2, 553353), (8336, 2, 622384), (8336, 2, 647154), (8336, 2, 703892), (8336, 2, 809016), (8336, 2, 898672), (8336, 2, 937953), (8336, 2, 967053), (8336, 2, 983358), (8336, 2, 1024147), (8336, 2, 1069425), (8336, 2, 1155722), (8336, 2, 1196858), (9078, 2, 1197316), (9078, 2, 1197365), (9078, 2, 1197397), (8336, 2, 1232482), (8406, 2, 1232701), (8406, 2, 1233194), (8381, 2, 1722949)]"
143 "[(8341, 3, 17614), (9163, 2, 1718425), (8577, 3, 1720168), (8316, 0, 1722410), (8602, 2, 2165272), (9205, 2, 2423175), (9205, 2, 2423198), (8992, 0, 2482008), (9069, 2, 2568045), (8591, 2, 2670788)]"
148 "[(8341, 3, 17988), (8583, 0, 159529), (8343, 0, 415910), (8871, 2, 418079), (8314, 2, 485950), (8343, 0, 578211), (8777, 3, 1184973), (8801, 3, 1190802), (8563, 0, 1271263), (8463, 3, 2143963), (9223, 2, 2481304), (8312, 3, 2655934)]"
152 "[(8261, 0, 18547)]"
156 "[(8346, 0, 18882), (8611, 3, 236748), (8611, 3, 236863), (8625, 0, 238989), (8343, 0, 247291), (8346, 0, 276685), (8622, 2, 289805), (8397, 0, 360850), (8376, 3, 366555), (8390, 3, 379692), (8390, 3, 380532), (8390, 3, 381511), (8273, 0, 381855), (8848, 0, 462806), (8848, 0, 463135), (8848, 0, 463966), (8848, 0, 464148), (8848, 0, 464304), (8848, 0, 464804), (8848, 0, 465150), (8246, 0, 465630), (8670, 0, 541788), (8561, 3, 635675), (8471, 0, 789009), (8620, 3, 806596), (8620, 3, 809135), (8620, 3, 809192), (8620, 3, 809297), (8687, 3, 874602), (8446, 3, 965742), (8341, 3, 969577), (8370, 3, 1138690), (8288, 0, 1148474), (8313, 0, 1509531), (8577, 3, 1557417), (9129, 3, 1663717), (8343, 0, 1840813), (8952, 2, 2147567), (8333, 3, 2442533), (8390, 3, 2443276), (9028, 0, 2545170), (8611, 3, 2545495), (9028, 0, 2545755)]"
161 "[(8314, 2, 19842), (8314, 2, 19904), (8591, 2, 1644995), (8591, 2, 1645135), (8591, 2, 1646089), (8591, 2, 1648254), (8591, 2, 1650635), (8591, 2, 1650746), (8510, 2, 2205094), (8510, 2, 2205446), (8526, 2, 2206559), (8510, 2, 2210835), (8510, 2, 2211145), (8510, 2, 2303316)]"
8283 "[(163, 3, 20156), (730, 0, 104075), (730, 0, 104095), (73, 0, 118041), (17, 0, 170050), (68, 2, 254466), (163, 3, 424867), (163, 3, 424929), (2365, 2, 706887), (2365, 2, 1043729), (2365, 2, 1096054), (2365, 2, 1357561), (17, 0, 1482699), (509, 2, 1522238), (509, 2, 1522761), (509, 2, 1556156), (611, 0, 2667393)]"
8355 "[(167, 0, 20569), (437, 2, 61091), (437, 2, 61266), (437, 2, 156423), (611, 0, 201029), (611, 0, 346964), (611, 0, 350499), (437, 2, 517748), (437, 2, 682592), (2708, 2, 735957), (248, 2, 961187), (2230, 0, 1035919), (2196, 2, 1219873), (125, 0, 2107072), (2230, 0, 2344415), (2637, 0, 2442120), (691, 0, 2442263), (691, 0, 2442338), (691, 0, 2442385), (3015, 0, 2464400), (691, 0, 2529877), (351, 3, 2552855)]"
190 "[(8264, 3, 24014), (8411, 2, 89763), (8682, 3, 154205), (8411, 2, 199359), (8411, 2, 250713), (8411, 2, 336446), (8577, 3, 1234713), (8577, 3, 1242878), (8577, 3, 1242921), (8577, 3, 1363133), (8577, 3, 1576254), (8577, 3, 1578855), (8577, 3, 1579009), (8577, 3, 1579072), (8577, 3, 1579254), (8577, 3, 1579496), (8577, 3, 2618869)]"
221 "[(8302, 2, 27897), (8302, 2, 100339), (8539, 3, 109059), (8302, 2, 109251), (8302, 2, 113986), (8302, 2, 192109), (8302, 2, 197426), (8302, 2, 240453), (8302, 2, 243370), (8302, 2, 243394), (8302, 2, 249062), (8539, 3, 526412), (9096, 2, 1400664), (9096, 2, 1400829), (9096, 2, 1458388), (9096, 2, 1471760), (9096, 2, 1478893), (9096, 2, 1479578), (9096, 2, 1554934), (9096, 2, 1556923), (9096, 2, 1557034), (9096, 2, 1557367), (9096, 2, 1557472), (9096, 2, 1557551), (9096, 2, 1562211), (9096, 2, 1563762), (9096, 2, 1564315), (9096, 2, 1653345), (9096, 2, 1656790), (9096, 2, 1661503), (9096, 2, 1662539), (9096, 2, 1663530), (9096, 2, 1663924), (9096, 2, 1735127), (9096, 2, 1822074), (9096, 2, 1906021), (8539, 3, 2527424), (8539, 3, 2590383)]"
241 "[(8302, 2, 31670)]"
8339 "[(233, 2, 32675), (497, 3, 584439), (2210, 0, 676039), (3146, 3, 676435), (68, 2, 680993), (17, 0, 684551), (1378, 2, 685439), (867, 2, 686897), (3208, 0, 690601), (2636, 2, 695795), (2636, 2, 697384), (2636, 2, 697941), (17, 0, 698451), (2636, 2, 698822), (17, 0, 715913), (477, 2, 720686), (477, 2, 720713), (3295, 3, 721217), (351, 3, 722589), (3318, 0, 728095), (17, 0, 737406), (318, 2, 738459), (68, 2, 740237), (2636, 2, 767551), (2230, 0, 771157), (2230, 0, 774254), (125, 0, 789505), (512, 3, 798295), (477, 2, 803927), (477, 2, 803971), (477, 2, 804042), (477, 2, 804136), (500, 3, 805047), (2636, 2, 806063), (2636, 2, 806970), (477, 2, 809331), (73, 0, 823982), (1280, 0, 824092), (1261, 2, 848785), (421, 2, 851377), (421, 2, 854917), (421, 2, 858821), (3716, 3, 861170), (421, 2, 861567), (3748, 2, 864342), (421, 2, 865580), (17, 0, 879534), (2234, 2, 880088), (2353, 2, 895829), (3592, 3, 909349), (1853, 2, 910841), (17, 0, 916514), (1772, 0, 916993), (1856, 2, 923283), (2093, 3, 927790), (68, 2, 928886), (3939, 0, 930180), (17, 0, 932185), (421, 2, 933035), (421, 2, 933217), (421, 2, 934679), (421, 2, 935796), (421, 2, 936074), (421, 2, 939955), (17, 0, 940838), (17, 0, 952992), (2374, 3, 955814), (421, 2, 960539), (611, 0, 965028), (17, 0, 986486), (22, 3, 996171), (17, 0, 1000228), (3592, 3, 1000343), (2196, 2, 1010081), (17, 0, 1010178), (2708, 2, 1010580), (4259, 0, 1024035), (1188, 2, 1031436), (4327, 3, 1039631), (22, 3, 1050836), (4475, 0, 1092206), (17, 0, 1092220), (17, 0, 1098852), (2110, 2, 1104597), (421, 2, 1123072), (233, 2, 1146415), (3091, 2, 1296498), (421, 2, 1359495), (421, 2, 1359747), (421, 2, 1360072), (367, 2, 1587435), (7205, 3, 2653694)]"
8385 "[(233, 2, 32801), (303, 0, 42627), (233, 2, 282985), (799, 2, 290469), (1184, 3, 324640), (799, 2, 333616), (233, 2, 460443), (40, 0, 461582), (233, 2, 1494739), (233, 2, 1576281), (659, 3, 1908364)]"
8414 "[(40, 0, 33281), (682, 3, 93607), (267, 3, 621864), (532, 0, 676513), (89, 2, 795077), (3709, 2, 853810), (387, 0, 972508), (233, 2, 974291), (387, 0, 1143840), (4085, 2, 1161797), (1449, 0, 1459351), (713, 0, 1687176), (2216, 3, 2631727)]"
8291 "[(233, 2, 33454), (608, 3, 79670), (608, 3, 79687), (940, 0, 147929), (1594, 0, 417767), (1726, 3, 751615), (2577, 3, 1304469), (233, 2, 2014165), (954, 2, 2095795)]"
8427 "[(40, 0, 35299), (68, 2, 45737), (590, 3, 77229), (590, 3, 77265), (590, 3, 77297), (68, 2, 504692), (40, 0, 544038), (68, 2, 2105073), (17, 0, 2243303)]"
8350 "[(68, 2, 40290), (284, 2, 40549), (233, 2, 116757), (68, 2, 274376), (68, 2, 339947), (68, 2, 536703), (2246, 2, 596211), (2246, 2, 596218), (2708, 2, 1272535), (2708, 2, 1278853), (2708, 2, 1293709), (4019, 3, 1322736), (4019, 3, 1322743), (3039, 2, 1328826), (2923, 2, 1387795), (1778, 3, 1719408), (233, 2, 1921564), (284, 2, 2048932), (4085, 2, 2257880), (608, 3, 2587360)]"
302 "[(8448, 0, 42618)]"
8450 "[(303, 0, 43022), (68, 2, 182552), (402, 2, 607270), (402, 2, 612275), (1547, 0, 884665), (4209, 3, 1011001), (4209, 3, 1011061), (4209, 3, 1011166), (4209, 3, 1011219), (68, 2, 1012468), (68, 2, 1039078)]"
335 "[(8461, 0, 46642), (8462, 3, 46746), (8463, 3, 46819), (8463, 3, 110779), (8461, 0, 111400), (8461, 0, 165426), (8462, 3, 165484), (8463, 3, 165712), (8461, 0, 248381), (8462, 3, 248425), (8461, 0, 761187), (8463, 3, 761223), (8461, 0, 849034), (8461, 0, 904248), (8462, 3, 942956), (8462, 3, 1227028), (8462, 3, 1290316), (8461, 0, 1290365), (8463, 3, 1305068), (8461, 0, 1364724), (8462, 3, 1364812), (8463, 3, 1365455), (8461, 0, 1442260), (8462, 3, 1442325), (8463, 3, 1442787), (8461, 0, 1531929), (8462, 3, 1531969), (8463, 3, 1532266), (8461, 0, 1730264), (8461, 0, 1814627), (8462, 3, 1814740), (8462, 3, 1917538), (8461, 0, 1987396), (8462, 3, 1987871), (8463, 3, 1988372), (8461, 0, 2047634), (8462, 3, 2047779), (8463, 3, 2048018), (8463, 3, 2061483), (8264, 3, 2062358), (8390, 3, 2062676), (8461, 0, 2144060), (8462, 3, 2186691), (8462, 3, 2238844), (8461, 0, 2429460), (8462, 3, 2429694), (8462, 3, 2521723), (8461, 0, 2566364), (8462, 3, 2566725), (8463, 3, 2566917), (8461, 0, 2663507), (8462, 3, 2664095), (8463, 3, 2664308)]"
8476 "[(321, 3, 53098), (2230, 0, 1758015), (6401, 2, 2146990), (68, 2, 2355758), (477, 2, 2409462), (477, 2, 2409479), (233, 2, 2531304), (477, 2, 2551093), (1474, 3, 2601209), (1474, 3, 2601304), (1474, 3, 2601946), (1474, 3, 2601967)]"
8479 "[(381, 2, 53414), (588, 3, 565577), (2234, 2, 611873), (233, 2, 973136), (233, 2, 1577469), (233, 2, 1662769), (233, 2, 1922849)]"
383 "[(8325, 0, 53563), (8312, 3, 439465), (8410, 3, 868245), (8757, 2, 1959840), (8423, 2, 2062771), (8246, 0, 2172199), (9153, 0, 2172297), (9153, 0, 2256378), (8886, 2, 2315092), (9153, 0, 2322442), (9074, 3, 2467512), (8456, 2, 2511285)]"
378 "[(8463, 3, 53980), (8463, 3, 176262), (8264, 3, 233330), (8463, 3, 234023), (8463, 3, 430003)]"
386 "[(8256, 2, 54878), (8752, 2, 672943)]"
384 "[(8261, 0, 56581), (8411, 2, 162157), (8372, 2, 163344), (8572, 0, 325144), (8887, 2, 447521), (8466, 0, 596693), (8887, 2, 599423), (8466, 0, 629133), (8341, 3, 663389), (8572, 0, 1548042), (8827, 0, 1555071), (8676, 3, 1721872), (8827, 0, 1788281), (8827, 0, 1903621), (8827, 0, 2217987), (8827, 0, 2218031), (8827, 0, 2218138), (8827, 0, 2241227), (8827, 0, 2241472), (8349, 0, 2327451), (8827, 0, 2395156), (8827, 0, 2400952), (8827, 0, 2485177)]"
423 "[(8318, 2, 59854), (8531, 3, 71443), (8240, 3, 185352), (8240, 3, 185390), (8622, 2, 239259), (8384, 0, 351880), (8835, 3, 426417), (8346, 0, 437468), (8548, 3, 445500), (8548, 3, 445677), (8548, 3, 445758), (8548, 3, 445799), (8654, 0, 529248), (8346, 0, 604030), (8423, 2, 681330), (8591, 2, 696122), (8887, 2, 851053), (8374, 0, 878115), (8273, 0, 1018836), (8806, 3, 1045278), (8370, 3, 1097240), (8806, 3, 1179668), (8241, 3, 1194666), (8593, 0, 1203009), (8992, 0, 1265160), (8502, 3, 1302201), (8777, 3, 1305379), (8502, 3, 1335677), (8777, 3, 1369057), (8446, 3, 1369084), (8368, 0, 1422233), (8563, 0, 1451840), (8648, 0, 1451994), (8544, 0, 1464890), (8292, 3, 1464923), (8384, 0, 1640740), (8237, 3, 1703256), (8251, 0, 1812398), (8454, 3, 2304084), (8384, 0, 2491156), (8988, 2, 2646356)]"
8477 "[(448, 3, 62112), (448, 3, 65623), (448, 3, 146197), (448, 3, 148499), (448, 3, 234110), (448, 3, 242879), (750, 2, 271077), (448, 3, 407407), (1384, 3, 446859), (2818, 2, 592288), (448, 3, 656365), (3055, 3, 676474), (437, 2, 685877), (437, 2, 687586), (448, 3, 757673), (441, 3, 835761), (3652, 2, 837450), (448, 3, 838906), (448, 3, 1358375), (3652, 2, 1402026), (448, 3, 1441573), (5583, 3, 1560960), (5583, 3, 1561069), (5583, 3, 1561123), (4027, 3, 1561377), (448, 3, 2047271), (448, 3, 2057155), (1797, 3, 2518252), (448, 3, 2650377), (448, 3, 2650757)]"
450 "[(8317, 0, 62439), (8619, 2, 165080), (8588, 3, 799393), (9072, 3, 1146981), (8575, 0, 1356964), (9203, 0, 2135234)]"
8419 "[(461, 3, 63240), (401, 3, 93506), (2875, 2, 602681), (17, 0, 871402), (461, 3, 925118), (401, 3, 1012807), (461, 3, 1101918), (461, 3, 1178458), (573, 3, 1179252), (17, 0, 1229217), (461, 3, 1254339), (461, 3, 1269312), (2365, 2, 1291701), (2365, 2, 1291937), (4019, 3, 1322668), (4019, 3, 1322670), (5279, 2, 1354803), (5622, 0, 1496002), (611, 0, 1588048), (5169, 0, 2157129), (461, 3, 2386947), (461, 3, 2468856), (461, 3, 2665141)]"
467 "[(8429, 3, 63722), (8429, 3, 63894), (8433, 2, 438413), (8433, 2, 439349), (8779, 2, 589460), (8745, 2, 683816), (8619, 2, 918217), (8619, 2, 918375), (8577, 3, 1216032), (9183, 2, 1972368), (8866, 3, 1981068), (8854, 2, 2588334)]"
116 "[(8423, 2, 64397), (8807, 0, 778103), (8807, 0, 1037616), (8257, 3, 1046989), (8257, 3, 1172027), (8807, 0, 1172575), (8257, 3, 1182893), (8257, 3, 1183054), (8807, 0, 1478068), (8807, 0, 1478143), (8807, 0, 1560482), (8807, 0, 1560484), (8807, 0, 1560519), (8807, 0, 1864716)]"
499 "[(8423, 2, 66727), (8423, 2, 66765), (8806, 3, 1135295), (8669, 3, 1622568), (8575, 0, 1817133), (8575, 0, 1903152)]"
483 "[(8241, 3, 66998), (8591, 2, 277077), (8828, 2, 341987), (8828, 2, 342042), (8828, 2, 342171), (8828, 2, 343333), (8591, 2, 399882), (8828, 2, 691427), (8260, 2, 708960), (8241, 3, 871549), (8325, 0, 940457), (8545, 2, 1024655), (8591, 2, 1026237), (8545, 2, 1178501), (8241, 3, 1283759), (8241, 3, 1283856), (8241, 3, 1284398), (8241, 3, 1284536), (8241, 3, 1284624), (8952, 2, 1444795), (8952, 2, 1444861), (8952, 2, 1444914), (8241, 3, 1462832), (8241, 3, 1462860), (8241, 3, 1463022), (8260, 2, 1463144), (8591, 2, 1981669)]"
8520 "[(500, 3, 67124), (537, 2, 71270), (4473, 0, 2472535), (1670, 3, 2478596)]"
506 "[(8531, 3, 69478), (8582, 3, 255991), (8582, 3, 481332), (8582, 3, 481399), (8582, 3, 555375), (8582, 3, 640877), (8531, 3, 646744), (8670, 0, 817496), (8531, 3, 854864), (8670, 0, 857024), (8582, 3, 906590), (8582, 3, 915667), (8531, 3, 937125), (8582, 3, 937566), (8670, 0, 937972), (8670, 0, 990955), (8582, 3, 992424), (8670, 0, 993675), (8582, 3, 1074578), (8670, 0, 1077141), (8670, 0, 1077193), (8582, 3, 1165877), (8531, 3, 1172771), (8531, 3, 1172807), (8531, 3, 1172894), (8582, 3, 1210213), (8531, 3, 1247408), (8531, 3, 1419267), (8670, 0, 1697182), (8582, 3, 1775861), (8582, 3, 1935185), (8582, 3, 2327564)]"
8276 "[(554, 2, 72965), (140, 3, 184565), (233, 2, 284225), (1587, 0, 289131), (233, 2, 618613), (68, 2, 796450), (4027, 3, 951804), (167, 0, 1173719)]"
563 "[(8423, 2, 73675), (8411, 2, 157316), (8237, 3, 778155)]"
8551 "[(68, 2, 75644), (2141, 3, 419712), (2141, 3, 419774), (2141, 3, 419811), (1952, 3, 951705), (1952, 3, 951800), (1952, 3, 951981), (1952, 3, 952061), (697, 0, 975750), (1280, 0, 1109219), (514, 3, 1359157), (559, 3, 2395445), (3025, 0, 2544669)]"
596 "[(8559, 0, 78366), (8585, 3, 279598), (8640, 3, 1353859), (8268, 2, 1555242), (8606, 3, 1906245), (8606, 3, 2341517)]"
614 "[(8423, 2, 80647), (8582, 3, 86411)]"
627 "[(8572, 0, 83039), (8491, 3, 94483), (8257, 3, 115435), (8873, 0, 1235392), (8544, 0, 1444394), (8544, 0, 1444522), (8544, 0, 1444595), (8446, 3, 1624705), (8384, 0, 1724958), (8562, 3, 1896265), (8682, 3, 1992071), (8510, 2, 2149006), (8974, 3, 2419664), (8570, 3, 2425145), (9205, 2, 2427895)]"
8293 "[(40, 0, 85656), (1004, 0, 158998), (167, 0, 319472), (2186, 3, 430540), (2186, 3, 613680), (3518, 2, 1614342), (3518, 2, 1614384), (2478, 0, 1877383), (5622, 0, 2046684)]"
61 "[(8587, 0, 93122), (8461, 0, 106836), (8461, 0, 106918), (8587, 0, 659605), (8461, 0, 748470), (8321, 0, 1011329), (8587, 0, 1180949), (8461, 0, 1181160), (8461, 0, 1181638)]"
8361 "[(17, 0, 95431), (125, 0, 95854), (17, 0, 675391), (1449, 0, 869317), (17, 0, 1338845), (17, 0, 1340223), (2138, 2, 1342417), (22, 3, 1348349), (17, 0, 1353110), (730, 0, 1360368), (730, 0, 1360387), (5622, 0, 1966891), (17, 0, 2071333), (17, 0, 2235673), (17, 0, 2249684), (17, 0, 2250936), (17, 0, 2251075), (17, 0, 2251370), (17, 0, 2251959), (17, 0, 2252579), (17, 0, 2257817), (611, 0, 2286855)]"
710 "[(8423, 2, 100159)]"
8311 "[(630, 0, 100361), (898, 3, 144202), (898, 3, 144319), (630, 0, 575575), (630, 0, 606302), (3509, 3, 786949), (630, 0, 787264), (3509, 3, 839150), (5091, 2, 1886841), (68, 2, 2070883), (291, 3, 2184868)]"
732 "[(8356, 2, 104419), (8241, 3, 1020189), (8241, 3, 1091750), (8241, 3, 1091848), (8241, 3, 1219229), (8241, 3, 1271203), (8241, 3, 1271304), (8241, 3, 1271439), (8241, 3, 1277050), (8241, 3, 1277150), (8241, 3, 1292692), (8241, 3, 1299189), (8241, 3, 1299272)]"
734 "[(8256, 2, 105130), (8505, 3, 406992), (8505, 3, 1187601), (8505, 3, 1878449), (8505, 3, 2429787)]"
8589 "[(17, 0, 106658), (68, 2, 387912), (4109, 0, 994863), (4085, 2, 1585291), (1148, 0, 1624762)]"
8598 "[(750, 2, 107343), (2628, 3, 545230), (1754, 2, 999593), (5761, 2, 1647181), (68, 2, 1659333), (3720, 2, 2069116), (3720, 2, 2097040), (3720, 2, 2097077), (3720, 2, 2097157), (3720, 2, 2097204), (3720, 2, 2097229), (3720, 2, 2097295), (3720, 2, 2097337), (4157, 2, 2149957), (3720, 2, 2159905), (3930, 3, 2212439), (3129, 2, 2220113), (1461, 2, 2612293)]"
754 "[(8588, 3, 108027), (8588, 3, 409519), (9072, 3, 1180774)]"
8612 "[(443, 0, 108828), (3694, 3, 848752), (713, 0, 965138), (4647, 3, 1149659), (4663, 3, 1158267), (4663, 3, 1158771), (350, 2, 1159257), (68, 2, 1281570), (68, 2, 1283810), (291, 3, 1521904), (5993, 3, 1626552), (89, 2, 1702639), (744, 3, 1945274), (4604, 3, 1997932), (611, 0, 2232545), (572, 3, 2417495), (39, 0, 2459831), (4506, 2, 2480389), (68, 2, 2483394), (2042, 3, 2522313), (2042, 3, 2522712), (2042, 3, 2522782), (2138, 2, 2563570), (3218, 3, 2587828), (3218, 3, 2587886), (17, 0, 2629352), (4752, 2, 2631421), (3218, 3, 2654253)]"
772 "[(8260, 2, 111393), (8848, 0, 526653), (8526, 2, 870602), (8848, 0, 872044), (8260, 2, 1490748), (9159, 0, 1829551), (8591, 2, 1974511), (8260, 2, 2003112), (8591, 2, 2059442), (8526, 2, 2168724), (8526, 2, 2261160), (8253, 2, 2269262), (8253, 2, 2269906), (8253, 2, 2269964), (8590, 2, 2611364)]"
8334 "[(233, 2, 115106), (1933, 2, 596920), (233, 2, 1492122)]"
8518 "[(233, 2, 116338), (402, 2, 754140)]"
8623 "[(285, 0, 122257), (285, 0, 122305), (285, 0, 122317), (1561, 0, 297749), (1397, 0, 541185), (68, 2, 598812), (1210, 0, 610259), (2216, 3, 643718), (68, 2, 666478), (165, 2, 676121), (165, 2, 676181), (165, 2, 676291), (165, 2, 676402), (165, 2, 676455), (749, 2, 697548), (285, 0, 738095), (1644, 0, 890721), (1644, 0, 891004), (2133, 0, 892226), (761, 2, 892704), (761, 2, 892718), (761, 2, 892741), (761, 2, 892756), (761, 2, 892770), (761, 2, 892787), (761, 2, 892816), (761, 2, 892837), (761, 2, 892852), (285, 0, 900889), (482, 2, 920727), (482, 2, 920756), (233, 2, 975034), (844, 2, 1057352), (285, 0, 1075468), (285, 0, 1090025), (285, 0, 1090034), (1176, 0, 1105340), (285, 0, 1239994), (271, 2, 1275525), (749, 2, 1313130), (285, 0, 1352640), (482, 2, 1369635), (482, 2, 1369768), (482, 2, 1369917), (2216, 3, 1424193), (4887, 2, 1478887), (482, 2, 1549867), (482, 2, 1549923), (844, 2, 1789200), (826, 3, 2078905), (749, 2, 2178172), (285, 0, 2361151), (1594, 0, 2531252)]"
870 "[(8411, 2, 135193), (8256, 2, 139659), (8789, 0, 408311), (8896, 2, 480456), (8896, 2, 480569), (8896, 2, 480677), (8411, 2, 493387), (8526, 2, 679389), (8411, 2, 753123), (8411, 2, 848292), (9026, 0, 927420), (8343, 0, 1033103), (8343, 0, 1033261), (8438, 2, 1126041), (8438, 2, 1126191), (8438, 2, 1126464), (8438, 2, 1126578), (9053, 0, 1187732), (8314, 2, 1205299), (8314, 2, 1205440), (8314, 2, 1205611), (8314, 2, 1205799), (8723, 0, 1263787), (8411, 2, 1273006), (8526, 2, 1276608), (8411, 2, 1464154), (9071, 2, 1558795), (8474, 3, 1628219), (8474, 3, 1628367), (8535, 2, 1952144), (8535, 2, 1952439), (8790, 0, 2246670), (8790, 0, 2246743), (8411, 2, 2325229), (8989, 0, 2376451), (8989, 0, 2376616), (8989, 0, 2376702), (8312, 3, 2377003), (8312, 3, 2377270), (9224, 2, 2472473), (8411, 2, 2473436), (9063, 0, 2642767), (9063, 0, 2643002), (9063, 0, 2643091)]"
8470 "[(537, 2, 135319), (940, 0, 152465), (1670, 3, 324494), (402, 2, 742787), (3187, 2, 851641), (1857, 0, 866765), (537, 2, 1112800), (233, 2, 1315867), (233, 2, 1418730), (2390, 2, 1493038), (233, 2, 1666036), (5909, 0, 1679579), (233, 2, 1750456), (537, 2, 1945564), (1726, 3, 2147102), (4085, 2, 2170819)]"
8652 "[(433, 2, 136552), (433, 2, 137339), (433, 2, 149777), (17, 0, 409723), (248, 2, 446600), (248, 2, 451642), (248, 2, 1458686), (248, 2, 1543417), (248, 2, 1543475), (248, 2, 1543513), (248, 2, 1544476), (248, 2, 1544641), (248, 2, 1733252), (248, 2, 1793952), (248, 2, 1794549), (248, 2, 1794689), (248, 2, 2172776), (248, 2, 2173234), (17, 0, 2234795)]"
892 "[(8423, 2, 140252)]"
8665 "[(350, 2, 142828), (17, 0, 2272941), (17, 0, 2274740), (317, 0, 2275413), (17, 0, 2278000), (17, 0, 2279923), (17, 0, 2280758), (17, 0, 2281415), (17, 0, 2281720), (4164, 0, 2284879), (5622, 0, 2368928), (611, 0, 2373242), (611, 0, 2373455), (36, 2, 2528707), (36, 2, 2546850), (36, 2, 2547015), (36, 2, 2547045)]"
925 "[(8264, 3, 146124), (8264, 3, 231402), (8264, 3, 231458), (8264, 3, 231473), (8264, 3, 231494), (8264, 3, 231788), (8264, 3, 332282), (8264, 3, 408186), (8264, 3, 418578), (8264, 3, 512302), (8264, 3, 592887), (8264, 3, 592902), (8264, 3, 679134), (8264, 3, 750529), (8264, 3, 751337), (8264, 3, 939151), (8264, 3, 1022920), (8264, 3, 1196690), (8264, 3, 1197606), (8264, 3, 1440322), (8264, 3, 1441631), (8264, 3, 1635637), (8264, 3, 1802589), (8264, 3, 2046435), (8264, 3, 2155217), (8391, 0, 2168523), (8391, 0, 2169301), (8264, 3, 2650540)]"
45 "[(8380, 3, 146880), (8843, 2, 357128), (8446, 3, 357896), (8539, 3, 451841), (8651, 2, 595998), (8667, 0, 602717), (8667, 0, 647936), (8358, 3, 721347), (8567, 0, 759037), (8613, 3, 830807), (8627, 0, 919611), (8346, 0, 919970), (8784, 3, 922389), (8241, 3, 1028586), (8559, 0, 1030277), (9159, 0, 1664736), (8268, 2, 1781927), (8323, 0, 1790600), (8639, 3, 2065252), (8410, 3, 2066480), (9141, 2, 2112776), (8415, 2, 2121872), (9141, 2, 2175135), (8703, 3, 2206007), (8269, 2, 2244165), (8423, 2, 2616618)]"
912 "[(8411, 2, 148365), (8676, 3, 153267), (8777, 3, 328707), (8572, 0, 328826), (8633, 0, 503411), (8587, 0, 514320), (8970, 0, 680058), (8593, 0, 684482), (8874, 3, 685023), (8950, 3, 783701), (8950, 3, 863147), (8237, 3, 1023815), (8387, 0, 1050978), (8237, 3, 1189208), (8676, 3, 1314012), (8411, 2, 1440611), (8411, 2, 1440735), (8411, 2, 1485956), (9102, 2, 1486656), (8687, 3, 1566872), (9145, 0, 1567716), (8384, 0, 1811225), (8384, 0, 1811271), (8794, 3, 1914566), (8588, 3, 1957911)]"
941 "[(8604, 3, 148893)]"
943 "[(8672, 3, 149635)]"
983 "[(8676, 3, 153874), (8447, 2, 188893), (8557, 2, 188975), (8510, 2, 675231), (8932, 0, 677316), (8582, 3, 686674), (8244, 0, 687499), (8991, 2, 758436), (8991, 2, 758535), (8332, 3, 887074), (8526, 2, 887806), (8254, 2, 963100), (8950, 3, 1112487), (8251, 0, 1124172), (8813, 2, 1192763), (8505, 3, 1305092), (8818, 2, 1447994), (8651, 2, 1471735), (8549, 3, 1617271), (8268, 2, 2589195)]"
990 "[(8545, 2, 154776), (8545, 2, 660189), (8545, 2, 660457), (8545, 2, 660607), (8545, 2, 739388), (8545, 2, 766521), (8545, 2, 930892), (8545, 2, 931031), (8545, 2, 931262), (8545, 2, 996488), (8887, 2, 996681), (8887, 2, 996791), (8887, 2, 996951), (8545, 2, 1549573), (8545, 2, 1555390), (8545, 2, 2247145), (8545, 2, 2247195), (8545, 2, 2248047), (8545, 2, 2248088), (8545, 2, 2248741), (8545, 2, 2249978), (8545, 2, 2298873), (8545, 2, 2299008), (8545, 2, 2299466)]"
1038 "[(8630, 2, 162366), (8630, 2, 162378), (8630, 2, 162465), (8630, 2, 162986), (8630, 2, 163929), (8630, 2, 164010), (8926, 2, 591219), (8926, 2, 591684), (8926, 2, 591705), (8926, 2, 591911), (8926, 2, 593556), (8926, 2, 593714), (8926, 2, 594363), (8926, 2, 663021), (8926, 2, 697060), (8926, 2, 714534), (8967, 2, 761444), (8967, 2, 761729), (8967, 2, 761920), (8967, 2, 762348), (8967, 2, 762417), (8967, 2, 762632), (8967, 2, 762725), (8967, 2, 762967), (9223, 2, 2496490), (9223, 2, 2496503), (9223, 2, 2496528), (9223, 2, 2496673)]"
1047 "[(8316, 0, 164441), (8577, 3, 1894041)]"
1083 "[(8447, 2, 169858), (8447, 2, 170391), (8447, 2, 171260), (8447, 2, 171624), (9205, 2, 2239260)]"
8516 "[(654, 2, 172785), (654, 2, 258097), (654, 2, 348730), (2196, 2, 789088), (233, 2, 1410815), (5463, 0, 1798254), (17, 0, 2387964), (1277, 3, 2392849), (1277, 3, 2392867), (5622, 0, 2655731)]"
8579 "[(68, 2, 173024), (1561, 0, 282075), (304, 2, 337141), (402, 2, 1126260), (402, 2, 1133943), (402, 2, 1134267), (68, 2, 1209997), (233, 2, 1234391)]"
8701 "[(68, 2, 185644), (233, 2, 2354316)]"
8649 "[(1149, 3, 187309), (1331, 0, 232958), (1331, 0, 233006), (1202, 0, 584049), (3729, 0, 857333), (3735, 0, 858435)]"
1158 "[(8602, 2, 188724)]"
8301 "[(68, 2, 189156), (1332, 0, 233277), (233, 2, 373731), (68, 2, 453590), (17, 0, 522829), (68, 2, 580792), (2522, 2, 601576), (537, 2, 660046), (68, 2, 673673), (2522, 2, 686092), (17, 0, 747410), (2196, 2, 789087), (509, 2, 1165076), (17, 0, 1165148), (5880, 0, 1573095), (782, 0, 1573425), (17, 0, 1738253)]"
346 "[(8721, 2, 189281), (8721, 2, 207219), (8620, 3, 385190), (8316, 0, 408042), (8316, 0, 441770), (8620, 3, 448303), (8620, 3, 666860), (8807, 0, 669066), (8620, 3, 720188), (8620, 3, 740613), (8620, 3, 784745), (8807, 0, 1878180), (8807, 0, 1878754), (8703, 3, 1880741), (8764, 3, 2436009), (8764, 3, 2469491), (8764, 3, 2473287), (8807, 0, 2479787), (8764, 3, 2480724), (8764, 3, 2482276), (8764, 3, 2530865), (8764, 3, 2636246), (8764, 3, 2662690)]"
8722 "[(744, 3, 190471), (532, 0, 255193), (471, 2, 255600), (167, 0, 257299), (1013, 3, 262118), (17, 0, 270554), (68, 2, 273144), (2093, 3, 496826), (3495, 3, 777172), (3518, 2, 783719), (3518, 2, 783759), (3360, 2, 2163243), (3981, 2, 2304739)]"
8537 "[(107, 2, 193909), (107, 2, 279218), (107, 2, 539475), (107, 2, 539566), (233, 2, 540660), (68, 2, 589624), (107, 2, 632718), (107, 2, 887931), (107, 2, 888187), (1726, 3, 1041295), (17, 0, 1177025), (107, 2, 1309726), (107, 2, 1610564), (107, 2, 1610681), (6395, 0, 1798608), (1726, 3, 2147052), (1007, 3, 2677403), (1007, 3, 2677633)]"
935 "[(8622, 2, 194790), (8588, 3, 497569), (8888, 2, 577004), (8888, 2, 675169), (8467, 3, 856863), (8467, 3, 856878), (8467, 3, 856912), (8467, 3, 856923), (9072, 3, 1186860), (9072, 3, 1186869), (9072, 3, 1186912), (9069, 2, 1215522), (9096, 2, 1384260), (9096, 2, 1386969), (8467, 3, 1452391), (9096, 2, 1555521), (9163, 2, 1717489), (9163, 2, 1717505), (9163, 2, 1814631), (9020, 2, 1979127), (9168, 2, 1986780), (9140, 2, 2064234), (9140, 2, 2064244), (9223, 2, 2520731), (9223, 2, 2520755)]"
1140 "[(8316, 0, 197622), (8411, 2, 976254), (8411, 2, 1023397)]"
8421 "[(1185, 2, 198690), (2339, 0, 651390), (449, 2, 753186), (449, 2, 753246), (3476, 2, 768999), (17, 0, 780099), (125, 0, 880957), (532, 0, 1022437), (3716, 3, 1133376), (17, 0, 1593742), (1778, 3, 2159419), (68, 2, 2402152), (68, 2, 2503889), (68, 2, 2575403)]"
1206 "[(8552, 3, 205258), (8552, 3, 210455), (8604, 3, 223082), (8852, 3, 393225), (8852, 3, 644573), (8552, 3, 752972), (8552, 3, 821502), (8552, 3, 821633), (8552, 3, 928847), (8552, 3, 928875), (8552, 3, 988626), (8552, 3, 988668), (8552, 3, 1010961), (8552, 3, 1011013), (8552, 3, 1011094), (8552, 3, 1011142), (8552, 3, 1011289), (8552, 3, 1011338), (8552, 3, 1011382), (8552, 3, 1034767), (8552, 3, 1075202), (8604, 3, 1075675), (8604, 3, 1088594), (8604, 3, 1088839), (8552, 3, 1332274), (8552, 3, 1339584), (8552, 3, 1505338), (8852, 3, 2113678), (8852, 3, 2481993), (9084, 2, 2627443), (8552, 3, 2646542), (8852, 3, 2670794), (8852, 3, 2670884), (8852, 3, 2670969)]"
8615 "[(248, 2, 205677), (248, 2, 339119), (68, 2, 1792352)]"
8734 "[(228, 2, 208977), (1362, 2, 238978), (1443, 2, 253655), (1443, 2, 253708), (1443, 2, 253783), (1443, 2, 253899), (1443, 2, 253968), (1443, 2, 254035), (1443, 2, 254522), (897, 2, 254662), (1443, 2, 255126), (1443, 2, 255275), (1443, 2, 255593), (1443, 2, 255789), (471, 2, 256143), (1443, 2, 256387), (471, 2, 256534), (471, 2, 256641), (1443, 2, 256732), (471, 2, 256856), (1443, 2, 257264), (167, 0, 257410), (471, 2, 257833), (471, 2, 258199), (731, 3, 262716), (731, 3, 263603), (1013, 3, 265872), (1443, 2, 269228), (1443, 2, 269773), (1443, 2, 270253), (897, 2, 293344), (897, 2, 293938), (897, 2, 294944), (897, 2, 297167), (68, 2, 326679), (1443, 2, 334749), (1443, 2, 335005), (1443, 2, 335079), (1443, 2, 336700), (1812, 3, 336823), (1443, 2, 337168), (1911, 2, 358027), (198, 3, 373159), (198, 3, 373174), (68, 2, 402134), (974, 2, 411165), (974, 2, 411331), (974, 2, 411451), (1443, 2, 422474), (1176, 0, 431334), (68, 2, 432593), (233, 2, 456800), (68, 2, 514748), (897, 2, 568542), (68, 2, 574031), (1378, 2, 578016), (68, 2, 588173), (2726, 3, 658728), (2726, 3, 659698), (1443, 2, 669984), (3495, 3, 777586), (731, 3, 787088), (1443, 2, 845186), (356, 3, 913500), (233, 2, 1058196), (4085, 2, 1235032), (2131, 3, 1291599), (233, 2, 1316028), (68, 2, 1577759), (1137, 3, 1644565), (68, 2, 1681635), (17, 0, 1729681), (4586, 0, 1729905), (68, 2, 1788860), (1647, 2, 1969891), (1036, 2, 1974144), (68, 2, 1988906), (67, 0, 2076076), (1007, 3, 2076174), (1911, 2, 2084615), (4001, 2, 2129699), (3360, 2, 2133745), (3360, 2, 2133957), (1726, 3, 2137107), (313, 3, 2158692), (3360, 2, 2163161), (3360, 2, 2235822), (3360, 2, 2235992), (3360, 2, 2236048), (3360, 2, 2236198), (731, 3, 2259487), (1220, 2, 2262959), (4085, 2, 2274712), (2335, 2, 2276255), (480, 2, 2288360), (885, 3, 2302756), (588, 3, 2305573), (3360, 2, 2310536), (7466, 3, 2317735), (68, 2, 2321959), (3360, 2, 2323046), (761, 2, 2325298), (4554, 3, 2328036), (2769, 2, 2341334), (3360, 2, 2343334), (3324, 3, 2347561), (68, 2, 2353693), (73, 0, 2356418), (40, 0, 2360038), (3360, 2, 2403857), (4248, 2, 2418639), (2210, 0, 2422632), (3360, 2, 2428393), (3360, 2, 2487955), (3360, 2, 2487999), (5528, 3, 2501601), (8010, 2, 2558453), (2210, 0, 2564667), (4554, 3, 2597331), (4085, 2, 2632919)]"
8719 "[(1245, 2, 213789), (1261, 2, 216998), (471, 2, 255985), (68, 2, 288264), (897, 2, 295343), (731, 3, 309803), (1729, 2, 325551), (1958, 0, 378266), (68, 2, 446261), (68, 2, 564751), (897, 2, 569259), (731, 3, 940987), (2708, 2, 1008291), (532, 0, 1022852), (17, 0, 1023542), (22, 3, 1023670), (22, 3, 1334143), (22, 3, 1334194), (68, 2, 1577037), (4752, 2, 1978573), (1397, 0, 2137195), (509, 2, 2291335), (1663, 2, 2302967), (1397, 0, 2330869), (731, 3, 2495075), (731, 3, 2495126)]"
8709 "[(331, 2, 213992), (331, 2, 214101), (331, 2, 214242), (480, 2, 2644373)]"
1247 "[(8246, 0, 214172), (8955, 2, 1318453)]"
307 "[(8721, 2, 214780)]"
8541 "[(68, 2, 219158), (248, 2, 451079), (248, 2, 451179), (1397, 0, 498236), (1397, 0, 498437), (2388, 3, 587179), (3856, 0, 900033), (68, 2, 1229371), (17, 0, 1730306), (2365, 2, 1903485), (17, 0, 2068785), (1663, 2, 2071506), (17, 0, 2223062), (248, 2, 2467766)]"
8469 "[(1306, 0, 227348), (233, 2, 461136), (1306, 0, 666275), (2246, 2, 1789927), (2246, 2, 1789929), (68, 2, 2012472), (68, 2, 2436184)]"
476 "[(8461, 0, 232934), (8461, 0, 232947), (8462, 3, 232972), (8462, 3, 233029), (8463, 3, 241307), (8463, 3, 241360), (8370, 3, 601690), (8370, 3, 601900), (8370, 3, 601984), (9069, 2, 1181053), (9069, 2, 1181097), (8463, 3, 1455507), (8463, 3, 1455561), (9071, 2, 1548900), (8292, 3, 1655253), (8292, 3, 1699720), (8358, 3, 1742421), (8703, 3, 2173084), (8461, 0, 2651013), (8461, 0, 2651026), (8462, 3, 2672299)]"
1344 "[(8367, 0, 237408), (8367, 0, 1563766)]"
1359 "[(8484, 3, 239705), (8290, 2, 325328), (8342, 0, 646823), (8770, 0, 760199), (8330, 0, 760227), (8965, 3, 814266), (8812, 2, 1416391), (9167, 0, 1796247), (8987, 2, 1946811), (8499, 0, 2199108)]"
370 "[(8435, 0, 243269), (8803, 0, 553347), (8737, 0, 1828526), (8817, 0, 2174988), (8817, 0, 2175330), (8489, 0, 2175435), (8489, 0, 2175447), (8998, 0, 2225605), (8489, 0, 2312900)]"
1401 "[(8245, 2, 245186), (8245, 2, 245364), (8245, 2, 245439), (8245, 2, 309601), (8358, 3, 356682), (8358, 3, 396200), (8526, 2, 531022), (8358, 3, 791356), (8358, 3, 854523)]"
695 "[(8318, 2, 245484), (8887, 2, 525417), (8370, 3, 532016), (8318, 2, 580909), (8241, 3, 594841), (9069, 2, 1184143), (8591, 2, 1894472), (8806, 3, 2073606), (9080, 2, 2233669), (9080, 2, 2233696), (8591, 2, 2328548), (9224, 2, 2425396)]"
8586 "[(611, 0, 247335), (4866, 2, 1566232), (402, 2, 1604055), (402, 2, 1604428), (402, 2, 1604508), (402, 2, 1604589), (6015, 2, 1633363), (6015, 2, 1633504), (1148, 0, 1711445), (4075, 3, 2587202)]"
1419 "[(8622, 2, 247872)]"
1145 "[(8581, 3, 248943)]"
680 "[(8622, 2, 251311)]"
1490 "[(8613, 3, 264766), (8868, 2, 954038)]"
1494 "[(8246, 0, 265859)]"
552 "[(8639, 3, 269144), (8622, 2, 303999), (8247, 2, 324234), (8247, 2, 324290), (8588, 3, 346614), (8639, 3, 423859), (8639, 3, 471418), (8316, 0, 506544), (8682, 3, 608301), (8370, 3, 664263), (8320, 2, 665477), (8639, 3, 701858), (8639, 3, 772887), (8887, 2, 986782), (8639, 3, 1208520), (8639, 3, 1246255), (8639, 3, 1246269), (8639, 3, 1431083), (8639, 3, 1624186), (8325, 0, 1800382), (8260, 2, 1908310), (8260, 2, 1908351), (8545, 2, 2032607), (8956, 0, 2140014), (8584, 3, 2475060)]"
8631 "[(659, 3, 270194), (68, 2, 288583), (68, 2, 321146), (233, 2, 454548), (537, 2, 827175), (4085, 2, 1313329), (67, 0, 1611273), (107, 2, 1679131), (107, 2, 1714657), (4085, 2, 1755578), (4085, 2, 2257891), (233, 2, 2356083), (1378, 2, 2389102), (2134, 2, 2574492), (608, 3, 2587380)]"
1516 "[(8622, 2, 270343)]"
1519 "[(8411, 2, 270950), (8411, 2, 270973), (9045, 0, 1182593), (8887, 2, 1824836)]"
425 "[(8342, 0, 271217), (8342, 0, 271764), (8342, 0, 272044), (8342, 0, 272206), (8342, 0, 272377), (8662, 0, 684860), (9096, 2, 1646178)]"
145 "[(8463, 3, 271966), (8577, 3, 1173429), (8577, 3, 1339786), (8577, 3, 1339860), (8577, 3, 1339951), (8577, 3, 1340021), (8577, 3, 1340297), (8577, 3, 1346022), (8461, 0, 2525690), (8461, 0, 2525731)]"
475 "[(8555, 3, 278081), (8555, 3, 853441), (8555, 3, 853474), (8555, 3, 853505), (8555, 3, 853551), (8710, 3, 1210320), (8555, 3, 1458987), (8540, 3, 1471708), (8555, 3, 2084362)]"
1552 "[(8302, 2, 278256), (8622, 2, 280259), (8302, 2, 280461), (8565, 3, 449674), (8565, 3, 449953), (8302, 2, 763735), (9006, 0, 1020278), (8266, 0, 1023106), (8278, 3, 1063541), (9069, 2, 1239895), (9223, 2, 2421197), (8545, 2, 2445435), (8545, 2, 2445475), (8545, 2, 2445501), (9223, 2, 2530435)]"
1066 "[(8316, 0, 279169), (8582, 3, 878452), (8582, 3, 878903), (8582, 3, 888056), (8577, 3, 1217811), (8577, 3, 1230839), (8577, 3, 1234136), (8582, 3, 1362101), (8582, 3, 1362259), (8316, 0, 1498987), (8316, 0, 1561935), (8316, 0, 1723470), (8316, 0, 1726388), (8316, 0, 1727044), (8316, 0, 1829375), (8316, 0, 1901531), (8316, 0, 2177218)]"
1556 "[(8588, 3, 279237)]"
1567 "[(8273, 0, 283017)]"
8791 "[(1570, 2, 284084), (1570, 2, 284729), (897, 2, 296986), (897, 2, 322093), (1277, 3, 406271), (1277, 3, 406292), (1277, 3, 406308), (1267, 0, 867131), (2196, 2, 1116683), (2196, 2, 1116724), (2196, 2, 1116791), (2246, 2, 1620703), (2246, 2, 1620705), (5622, 0, 2263882), (3512, 3, 2326666), (1856, 2, 2326930)]"
8458 "[(630, 0, 284717), (630, 0, 285126), (630, 0, 287778), (233, 2, 365139), (1306, 0, 393127), (4085, 2, 1320989), (630, 0, 1372489), (233, 2, 2097701)]"
8755 "[(233, 2, 285323), (1857, 0, 358269), (233, 2, 369232), (1670, 3, 380054), (233, 2, 454927), (68, 2, 464426), (233, 2, 542147), (68, 2, 687587), (233, 2, 717462), (68, 2, 759497), (233, 2, 887094), (73, 0, 888158), (608, 3, 1036712), (2953, 3, 1143787), (68, 2, 1663576), (68, 2, 1690195), (233, 2, 1748600), (233, 2, 1838995)]"
8573 "[(233, 2, 285372), (1778, 3, 786940), (1594, 0, 2245366), (385, 2, 2502526)]"
1572 "[(8793, 2, 285748)]"
1499 "[(8430, 0, 297162), (8846, 2, 717269), (8846, 2, 718916), (8254, 2, 723254), (8254, 2, 724120)]"
8262 "[(1561, 0, 297620), (68, 2, 337326), (233, 2, 539385), (367, 2, 1705569), (3459, 3, 2214231), (3459, 3, 2214267), (1647, 2, 2575945)]"
1392 "[(8588, 3, 311614), (8588, 3, 317047), (8588, 3, 336137), (8888, 2, 488988), (8588, 3, 747266), (8588, 3, 753488), (8588, 3, 1097892), (9163, 2, 1666814), (9163, 2, 1666908), (9096, 2, 1666990), (9096, 2, 1667566), (9096, 2, 1668748), (9163, 2, 1675273), (9133, 2, 2651008)]"
435 "[(8463, 3, 316272), (8643, 3, 319832)]"
109 "[(8247, 2, 320938), (8247, 2, 321022), (8588, 3, 599441), (8588, 3, 599700), (8588, 3, 599813), (8588, 3, 600057), (8588, 3, 600186), (8852, 3, 759526), (8733, 2, 951015), (8588, 3, 1153274), (8733, 2, 1325170), (9069, 2, 1483193), (9069, 2, 1487359), (9163, 2, 1675607), (8733, 2, 1839201), (8260, 2, 2519313), (8426, 0, 2565117), (8426, 0, 2565159), (9084, 2, 2632421), (9084, 2, 2634335), (9084, 2, 2636254), (9084, 2, 2652328)]"
1263 "[(8316, 0, 323336), (8316, 0, 323352), (8316, 0, 323515)]"
1721 "[(8549, 3, 323590), (8694, 3, 1476810)]"
8529 "[(731, 3, 324186), (1382, 2, 612086), (1382, 2, 616804), (3168, 2, 680027), (3168, 2, 680112), (437, 2, 680196), (2230, 0, 691130), (80, 2, 1375479), (1294, 3, 1911009), (96, 0, 2003611)]"
1786 "[(8826, 3, 333076), (9075, 0, 1167619), (9206, 2, 2154074)]"
1793 "[(8588, 3, 334288), (8423, 2, 401170), (8423, 2, 404319), (8411, 2, 479801), (8687, 3, 499541), (8588, 3, 839422), (8588, 3, 839505), (9080, 2, 2232525)]"
1802 "[(8549, 3, 335544), (8549, 3, 335563), (8549, 3, 335586), (8549, 3, 571321), (8549, 3, 573298), (8549, 3, 573314), (8549, 3, 630257), (8549, 3, 630317), (8549, 3, 630369), (8549, 3, 630424), (8549, 3, 698262), (8549, 3, 984108), (8549, 3, 1077485), (8549, 3, 1146688), (8549, 3, 1165607), (8549, 3, 1165625), (8549, 3, 1204786), (8549, 3, 1206022), (8549, 3, 1207231), (8549, 3, 1209145), (8549, 3, 1209164), (8549, 3, 1502257), (8549, 3, 1561723), (8549, 3, 1685242), (8549, 3, 1771483), (8549, 3, 1771535), (8549, 3, 2085423), (8549, 3, 2090859), (8549, 3, 2233963), (8549, 3, 2234104), (8549, 3, 2234142), (8549, 3, 2241654), (8549, 3, 2242947), (8549, 3, 2243228), (8549, 3, 2383923), (8549, 3, 2383998), (8549, 3, 2384014), (8549, 3, 2384102), (8549, 3, 2384121), (8549, 3, 2493326), (8549, 3, 2573542), (8549, 3, 2573580), (8549, 3, 2588994), (8549, 3, 2664116)]"
1817 "[(8370, 3, 337587)]"
8841 "[(532, 0, 345482), (532, 0, 1091466), (4825, 0, 1195844), (1013, 3, 1886245), (17, 0, 1899807), (22, 3, 1905193), (17, 0, 1913664), (68, 2, 1990211), (611, 0, 2001216), (5413, 3, 2509114), (532, 0, 2597897)]"
164 "[(8588, 3, 349437), (8888, 2, 518705), (8626, 0, 1243115), (8395, 2, 1256785), (8395, 2, 1257097), (8395, 2, 1257673), (8395, 2, 1257891), (8395, 2, 1258142), (8395, 2, 1258577)]"
1883 "[(8463, 3, 353307)]"
1890 "[(8390, 3, 354285), (8390, 3, 382775), (8390, 3, 382883), (8390, 3, 2416953)]"
8849 "[(1157, 3, 359289), (17, 0, 966052), (401, 3, 1092965), (782, 0, 1176056), (4027, 3, 1293542), (40, 0, 1324236), (227, 2, 1372334), (227, 2, 1372496), (227, 2, 1373039), (4752, 2, 1412050), (5633, 3, 1472929), (227, 2, 1473421), (5633, 3, 1474009), (5633, 3, 1474062), (227, 2, 1488915), (227, 2, 1489719), (227, 2, 1489762), (227, 2, 1490303), (5633, 3, 1495706), (5633, 3, 1495767), (5633, 3, 1496289), (5633, 3, 1496411), (5633, 3, 1496482), (227, 2, 1527512), (227, 2, 1530065), (227, 2, 1530595), (227, 2, 1565178), (227, 2, 1565339), (227, 2, 1574818), (227, 2, 1712472), (227, 2, 1742110), (227, 2, 1742172), (227, 2, 1836208), (2429, 3, 1928589), (17, 0, 1951655), (3649, 2, 1953177), (3649, 2, 1953222), (3649, 2, 1953783), (3649, 2, 1953970), (3649, 2, 1954024), (3649, 2, 1954242), (3649, 2, 1957136), (227, 2, 1979432), (227, 2, 1979603), (227, 2, 1979690), (227, 2, 1979788), (227, 2, 1979825), (2429, 3, 2080787), (2429, 3, 2080823), (227, 2, 2083359), (227, 2, 2083951), (227, 2, 2084466), (227, 2, 2129112), (4489, 3, 2131058), (4489, 3, 2131138), (227, 2, 2133333), (227, 2, 2133816), (227, 2, 2173132), (4489, 3, 2243854), (659, 3, 2261034), (17, 0, 2261258), (227, 2, 2357966), (1013, 3, 2404240), (227, 2, 2430344), (227, 2, 2434831), (3649, 2, 2563245), (3649, 2, 2563352), (3649, 2, 2565651), (22, 3, 2569314), (3649, 2, 2653134), (3649, 2, 2653315), (3649, 2, 2654083)]"
1921 "[(8316, 0, 361878), (8602, 2, 435748), (9078, 2, 1282242), (8806, 3, 2327400), (8817, 0, 2495203), (9215, 0, 2503965), (8585, 3, 2505065)]"
1928 "[(8622, 2, 364328), (8622, 2, 365952)]"
8483 "[(233, 2, 364770), (1438, 3, 448942), (1438, 3, 449017), (233, 2, 451871), (233, 2, 971880), (40, 0, 1029149), (248, 2, 1043613), (248, 2, 1061256), (303, 0, 1257216), (233, 2, 1319361), (233, 2, 2447470)]"
8781 "[(17, 0, 368350), (233, 2, 453807), (1185, 2, 912527), (1778, 3, 1066411), (4266, 2, 2230547), (4266, 2, 2230830), (4266, 2, 2230891), (730, 0, 2231630), (730, 0, 2231651), (284, 2, 2647745)]"
8823 "[(303, 0, 374062), (4085, 2, 1235175), (26, 2, 2078606), (233, 2, 2184952), (1219, 0, 2217218)]"
8536 "[(1951, 3, 375683), (233, 2, 807982), (1726, 3, 1294003), (2867, 3, 1711971), (2246, 2, 2327839), (68, 2, 2454233), (68, 2, 2464333), (482, 2, 2587079)]"
1959 "[(8591, 2, 378380), (8260, 2, 380752), (8260, 2, 380845), (8260, 2, 380943), (8260, 2, 381091), (8260, 2, 381239), (8260, 2, 381375), (8260, 2, 381593), (8260, 2, 381711), (8260, 2, 392181), (8241, 3, 715070), (8241, 3, 902855), (8241, 3, 939175), (8241, 3, 1385121), (8241, 3, 1389759), (8241, 3, 1389850), (8241, 3, 1389903), (8241, 3, 1390217), (8241, 3, 1390313), (8241, 3, 1392781), (8241, 3, 1392884), (8241, 3, 1467999), (8241, 3, 1468091), (8241, 3, 1468321), (8241, 3, 2361678), (8241, 3, 2361720), (8241, 3, 2361919), (8260, 2, 2362495), (8260, 2, 2362560)]"
1962 "[(8390, 3, 378709)]"
8847 "[(611, 0, 381028), (1176, 0, 658410), (890, 2, 681742), (233, 2, 1316162), (4085, 2, 1319398), (890, 2, 1778504), (4085, 2, 2004544), (67, 0, 2045486), (4085, 2, 2273931), (4085, 2, 2417601)]"
2025 "[(8370, 3, 394812)]"
1970 "[(8569, 2, 400679), (8875, 3, 447511), (8569, 2, 486515), (8370, 3, 710208), (8318, 2, 757695), (9053, 0, 1012518), (8401, 0, 1049520), (9053, 0, 1117691), (8423, 2, 1176439), (8401, 0, 1317214), (8505, 3, 1367541), (8510, 2, 1485287), (8314, 2, 2460188)]"
2063 "[(8552, 3, 404025)]"
2068 "[(8633, 0, 404799), (8633, 0, 404826), (8749, 2, 2239477), (8749, 2, 2239995), (9084, 2, 2632941)]"
2069 "[(8471, 0, 405119), (8346, 0, 483887), (8346, 0, 483964), (8264, 3, 540254), (8264, 3, 540343), (8645, 0, 1521540), (8645, 0, 1521894), (8390, 3, 1806521)]"
2085 "[(8749, 2, 408920)]"
8816 "[(920, 3, 409224), (233, 2, 624275), (3224, 2, 694312), (3224, 2, 716112), (3146, 3, 1509668), (303, 0, 1577662), (4112, 0, 2424667), (233, 2, 2531528)]"
2105 "[(8801, 3, 412537), (8593, 0, 463832)]"
2127 "[(8446, 3, 416398), (8370, 3, 416480), (8370, 3, 416656)]"
2130 "[(8319, 2, 416667), (8319, 2, 416997), (8466, 0, 1300871)]"
8855 "[(2134, 2, 417897), (2134, 2, 418087), (68, 2, 423601), (40, 0, 437070), (233, 2, 453545), (40, 0, 460481), (1013, 3, 510702), (68, 2, 523852), (2730, 0, 574683), (2730, 0, 574816), (68, 2, 896038), (68, 2, 994269), (2923, 2, 1017879), (233, 2, 1058755), (40, 0, 1060865), (890, 2, 1215520), (233, 2, 1232818), (68, 2, 1322015), (233, 2, 1489480), (68, 2, 1615939), (611, 0, 2002317), (125, 0, 2002401)]"
2146 "[(8358, 3, 421244), (8358, 3, 421262), (9069, 2, 1185913), (8577, 3, 1186358), (8577, 3, 1186499), (8577, 3, 1207718), (8411, 2, 1638145), (8411, 2, 1638322)]"
2153 "[(8676, 3, 423569), (8246, 0, 487364), (8246, 0, 597143), (8650, 0, 652234), (8687, 3, 652371), (8687, 3, 653004), (8687, 3, 655088), (8687, 3, 1017017), (8812, 2, 1188702), (8593, 0, 1200529), (8593, 0, 1349148), (8812, 2, 1362202), (8687, 3, 1439202), (8687, 3, 2400587), (8866, 3, 2572917), (8866, 3, 2573038)]"
8377 "[(2157, 3, 424055), (698, 2, 445987), (698, 2, 446016), (2042, 3, 575424), (1506, 3, 1101464), (2708, 2, 1418742), (2708, 2, 1419228), (5622, 0, 2155304), (509, 2, 2174867), (730, 0, 2232445), (730, 0, 2232465), (89, 2, 2309312), (5622, 0, 2491969)]"
2098 "[(8318, 2, 425498), (8411, 2, 713107), (8411, 2, 713126), (8411, 2, 852921), (8411, 2, 1178772), (8411, 2, 2389402), (8411, 2, 2477804)]"
8 "[(8604, 3, 428345), (9096, 2, 1290524), (9096, 2, 1290726), (9096, 2, 1290872), (9096, 2, 1291134), (9096, 2, 1291215), (9096, 2, 1291257), (9096, 2, 1291534), (9096, 2, 1291702), (9096, 2, 1291717), (9096, 2, 1291736), (9096, 2, 1291980), (9096, 2, 1292492), (9096, 2, 1292565), (9096, 2, 1292890), (9096, 2, 1292935), (9096, 2, 1293495), (9096, 2, 1294506), (9096, 2, 1294637), (9096, 2, 1296695), (9096, 2, 1297451), (9096, 2, 1297717), (9096, 2, 1298564), (9096, 2, 1298975), (9096, 2, 1300620), (9096, 2, 1300659), (9096, 2, 1300730), (9096, 2, 1301134), (9096, 2, 1301673), (9096, 2, 1336497), (9096, 2, 1357354), (9096, 2, 1357430), (9096, 2, 1359872), (9096, 2, 1359898), (9096, 2, 1359994), (9096, 2, 1362149), (9096, 2, 1363088), (9096, 2, 1363178), (9096, 2, 1425540), (9096, 2, 1430921), (9096, 2, 1508888), (9096, 2, 1610949), (9096, 2, 1673359), (9096, 2, 1931295), (9168, 2, 1934141), (9168, 2, 1934323), (9168, 2, 1934698), (9168, 2, 1934864), (9168, 2, 1963893), (9168, 2, 1963957), (9168, 2, 1964071), (9168, 2, 1964103), (9168, 2, 1964218), (9168, 2, 1970022), (9168, 2, 1970190), (8275, 2, 1989207), (9168, 2, 2025378), (8452, 3, 2066828)]"
2181 "[(8275, 2, 429757), (8241, 3, 2159849)]"
2203 "[(8531, 3, 434216)]"
2096 "[(8888, 2, 447455)]"
8856 "[(233, 2, 452500), (989, 0, 665555), (2923, 2, 947092), (233, 2, 1494830)]"
1046 "[(8587, 0, 456233), (8587, 0, 456323), (8461, 0, 457178), (8461, 0, 457587), (8461, 0, 457675), (8461, 0, 457805), (8461, 0, 457860), (8462, 3, 458924), (8462, 3, 459657), (8462, 3, 459684), (8462, 3, 460024), (8462, 3, 460268), (8462, 3, 461193), (8752, 2, 630076), (8644, 0, 880189), (8245, 2, 903234), (8387, 0, 952812), (8387, 0, 952902), (8463, 3, 953724), (8463, 3, 955396), (8590, 2, 1110027), (9069, 2, 1213700), (8587, 0, 1216190), (9069, 2, 1233281), (8411, 2, 1249019), (8575, 0, 1332078), (8260, 2, 1340143), (8260, 2, 1340211), (8260, 2, 1340239), (8260, 2, 1340299), (8683, 2, 1340483), (8535, 2, 1546485), (9071, 2, 1553458), (8644, 0, 1645743), (8644, 0, 1660263), (8471, 0, 2065554), (8590, 2, 2145629), (8590, 2, 2145656), (8590, 2, 2145996), (9224, 2, 2448973), (9224, 2, 2449300)]"
1854 "[(8635, 0, 461127), (8892, 0, 2333980)]"
2334 "[(8888, 2, 482462)]"
8532 "[(2349, 2, 485167), (246, 2, 985678), (3195, 3, 1283610), (2365, 2, 1652591), (6423, 0, 1811529)]"
2373 "[(8329, 2, 489281), (9140, 2, 1788994), (9140, 2, 1789243), (9140, 2, 1874082)]"
8277 "[(2403, 0, 494104), (5321, 2, 1714804), (68, 2, 1716009), (2365, 2, 2342006), (356, 3, 2425411)]"
2408 "[(8559, 0, 494840), (8559, 0, 658826)]"
8881 "[(17, 0, 495688), (68, 2, 685679), (68, 2, 2311128), (68, 2, 2405481), (68, 2, 2425951), (68, 2, 2528815), (233, 2, 2531311), (1039, 3, 2567285)]"
8677 "[(17, 0, 500223), (3967, 0, 1763961), (17, 0, 2315568), (518, 0, 2492471)]"
1840 "[(8687, 3, 501349), (8687, 3, 501456), (8238, 3, 1387599), (8581, 3, 2125150)]"
2441 "[(8264, 3, 501351), (8264, 3, 501415), (8577, 3, 1179393), (8778, 2, 1601414), (8577, 3, 2294977), (8390, 3, 2477389)]"
411 "[(8896, 2, 501469), (8896, 2, 501597)]"
8883 "[(761, 2, 510299), (761, 2, 510363), (17, 0, 512569), (317, 0, 513154), (317, 0, 513155), (4109, 0, 1251891), (125, 0, 1276596), (167, 0, 1786643), (1911, 2, 2262334), (1562, 3, 2270327), (17, 0, 2275900), (1305, 2, 2290376), (17, 0, 2300364), (3495, 3, 2308310), (3360, 2, 2322961), (4769, 2, 2326167), (1397, 0, 2329374), (1397, 0, 2329798), (1305, 2, 2548678), (1829, 3, 2602960), (1829, 3, 2603034)]"
2486 "[(8888, 2, 512481)]"
8558 "[(125, 0, 514057), (17, 0, 1277732), (1853, 2, 1359672), (482, 2, 1711625), (482, 2, 1711809), (482, 2, 1715079), (482, 2, 1715341), (482, 2, 1725976), (2242, 0, 1732895), (2231, 2, 1733628), (2242, 0, 1750342), (2143, 2, 1753641), (5176, 2, 1780939), (482, 2, 1788468), (1823, 2, 1873776), (482, 2, 2215237), (482, 2, 2215396)]"
2500 "[(8888, 2, 515090), (8888, 2, 515456), (8888, 2, 721814)]"
2545 "[(8318, 2, 523920)]"
2551 "[(8526, 2, 525778)]"
2552 "[(8888, 2, 525892), (8888, 2, 619079), (8888, 2, 877729)]"
492 "[(8887, 2, 529128), (9072, 3, 1139982), (9072, 3, 1140205), (9072, 3, 1140294), (9072, 3, 1140910), (9072, 3, 1141477), (9072, 3, 1141682), (9072, 3, 1142124), (9072, 3, 1142162), (9072, 3, 1142344), (9072, 3, 1142528), (9072, 3, 1145405), (9096, 2, 1293414), (9096, 2, 1293722), (9096, 2, 1294746), (9096, 2, 1294875), (9096, 2, 1296238), (9096, 2, 1296446), (9096, 2, 1299844), (9096, 2, 1313829), (9096, 2, 1317627), (9096, 2, 1357553), (9096, 2, 1639297), (9163, 2, 1724173)]"
2573 "[(8462, 3, 529669), (8462, 3, 692442), (8462, 3, 692474)]"
745 "[(8273, 0, 531852), (8273, 0, 531880), (8274, 0, 531941), (8466, 0, 531941), (8466, 0, 532000), (8593, 0, 537565), (8593, 0, 537719), (8278, 3, 973060), (8278, 3, 973150), (8278, 3, 973216), (8278, 3, 973262), (9159, 0, 1738560), (9159, 0, 1738763), (9159, 0, 1738908), (9159, 0, 1739404), (9135, 3, 1804668), (8952, 2, 2173051), (8952, 2, 2173322), (8952, 2, 2215428), (8952, 2, 2220769), (8952, 2, 2221007)]"
8365 "[(2591, 2, 533206), (2591, 2, 533295), (233, 2, 540180), (4736, 2, 1261412), (4736, 2, 1347152), (233, 2, 1577575), (68, 2, 1597258), (2114, 0, 2042772), (532, 0, 2397481), (233, 2, 2445205), (4674, 0, 2451414), (68, 2, 2516276)]"
53 "[(8593, 0, 534616), (8547, 3, 634267), (8547, 3, 912067), (8358, 3, 1726979)]"
2603 "[(8593, 0, 536106)]"
2615 "[(8559, 0, 540264), (8858, 2, 2063865), (8305, 2, 2065501), (8672, 3, 2331763)]"
8763 "[(233, 2, 541556), (660, 2, 567419), (2923, 2, 774099), (1058, 3, 848674), (40, 0, 1058888), (233, 2, 1578776), (1789, 2, 2018910), (3517, 0, 2026900), (1270, 0, 2196592)]"
8928 "[(1268, 2, 553131), (1268, 2, 653789), (233, 2, 886256), (1185, 2, 913972), (68, 2, 1190442), (703, 3, 1455872), (703, 3, 1456038), (68, 2, 1506524), (68, 2, 1920649), (5129, 2, 2635248), (5129, 2, 2639962)]"
2654 "[(8411, 2, 553989), (8888, 2, 669690), (8887, 2, 681742), (8752, 2, 735363), (8752, 2, 773232), (8411, 2, 900556), (8411, 2, 932717), (8266, 0, 998097), (9054, 2, 1026469), (8411, 2, 2564856), (9223, 2, 2567453)]"
2671 "[(8671, 0, 558765), (8671, 0, 558850), (8671, 0, 1167864), (8671, 0, 1167903), (8671, 0, 1177269), (8671, 0, 1255598)]"
527 "[(8316, 0, 559791)]"
1314 "[(8888, 2, 563305), (8435, 0, 682779), (8413, 3, 684063), (8413, 3, 684114), (8413, 3, 684371), (8593, 0, 684399), (8687, 3, 684403), (8413, 3, 684429), (8687, 3, 684669), (8971, 2, 684996), (8577, 3, 1126530), (8952, 2, 1363492), (8544, 0, 1463915), (8544, 0, 1464023), (8544, 0, 1464265), (8544, 0, 1464317), (8544, 0, 1464959), (8544, 0, 1465065), (8544, 0, 1465433), (9071, 2, 1551444), (8446, 3, 1970877), (8346, 0, 1970898), (8346, 0, 1971083), (9080, 2, 2419188), (8446, 3, 2503010)]"
8504 "[(103, 0, 573198), (17, 0, 760194), (68, 2, 873885), (611, 0, 1074040), (532, 0, 1095585), (497, 3, 1630661), (2138, 2, 1631758), (4063, 3, 1632134), (3015, 0, 2339731), (163, 3, 2345031), (22, 3, 2420966), (2365, 2, 2430209), (2134, 2, 2480150), (2365, 2, 2496665), (163, 3, 2499354), (233, 2, 2528158), (2365, 2, 2556940), (2365, 2, 2557200), (163, 3, 2648661)]"
2728 "[(8491, 3, 574063), (8382, 0, 1011951)]"
1764 "[(8373, 2, 575904)]"
8876 "[(2764, 3, 581354), (17, 0, 1097091), (17, 0, 1204189), (5300, 3, 1820508), (3129, 2, 1869892), (1806, 3, 1894963), (1806, 3, 1904062), (1806, 3, 1904407), (1806, 3, 1904606), (611, 0, 2000694), (17, 0, 2246265), (5300, 3, 2312502), (1449, 0, 2325570), (17, 0, 2418867), (22, 3, 2419414), (22, 3, 2419449), (22, 3, 2419495)]"
2750 "[(8658, 0, 584167)]"
8937 "[(2134, 2, 584878), (2134, 2, 1419433), (2134, 2, 1419482), (2134, 2, 2019402), (2134, 2, 2019429), (4672, 2, 2050415), (4672, 2, 2050939), (974, 2, 2051702), (974, 2, 2051740), (2134, 2, 2058205), (2134, 2, 2058690), (2134, 2, 2059644), (2134, 2, 2059698), (2134, 2, 2059775), (4859, 2, 2072655), (4910, 2, 2092473), (4962, 2, 2126399), (4248, 2, 2126488), (4248, 2, 2126630), (68, 2, 2127873), (2134, 2, 2134086), (7251, 3, 2179588), (2134, 2, 2191479), (2134, 2, 2191690), (271, 2, 2241424), (271, 2, 2241538), (233, 2, 2269801), (4672, 2, 2294468), (2390, 2, 2355591), (660, 2, 2384100), (2134, 2, 2384750), (6957, 3, 2399855), (2230, 0, 2428750), (462, 2, 2434284), (2134, 2, 2460500), (2134, 2, 2460653), (3495, 3, 2512695), (3567, 3, 2522978), (7850, 2, 2527078), (853, 3, 2543232), (6828, 2, 2608571), (1296, 2, 2629922), (1296, 2, 2630025), (68, 2, 2631231), (2134, 2, 2639671), (1176, 0, 2675734)]"
8542 "[(890, 2, 588557), (40, 0, 1548219)]"
2855 "[(8887, 2, 597784), (8887, 2, 597922), (8887, 2, 598023), (8887, 2, 745698)]"
2864 "[(8609, 2, 600016), (8373, 2, 684724), (8373, 2, 684758), (8609, 2, 742186), (8590, 2, 1204593), (8590, 2, 1204890), (8590, 2, 1204923), (8590, 2, 1275153), (8651, 2, 1521586), (8590, 2, 1700692), (8590, 2, 1736209), (8609, 2, 1959289), (8609, 2, 2062082), (8609, 2, 2076236), (8609, 2, 2167725), (8609, 2, 2168048), (8609, 2, 2303156), (8609, 2, 2303190), (8609, 2, 2597595), (8609, 2, 2597869)]"
1998 "[(8887, 2, 601836), (8887, 2, 601876)]"
2894 "[(8531, 3, 605514)]"
2908 "[(8887, 2, 609507), (8887, 2, 660386), (8887, 2, 696894), (8887, 2, 696929), (8887, 2, 923156), (8887, 2, 994769), (8887, 2, 1026301), (8887, 2, 1026338), (8887, 2, 1026440), (8887, 2, 1026649)]"
2881 "[(8667, 0, 610805), (8491, 3, 945201), (8577, 3, 957100), (8547, 3, 1285812), (8639, 3, 1295143), (8682, 3, 1633221), (8650, 0, 1882638), (8650, 0, 1883743), (9022, 2, 1896290)]"
502 "[(8246, 0, 614373), (8264, 3, 841651), (8358, 3, 1365789)]"
8347 "[(68, 2, 616824), (233, 2, 714087), (68, 2, 717527), (17, 0, 1039949), (2110, 2, 1040572), (233, 2, 1234774), (68, 2, 1309464), (68, 2, 1321702), (3605, 2, 1452863), (233, 2, 1495120), (68, 2, 1541884), (68, 2, 1654923), (68, 2, 1719466), (233, 2, 1750145), (68, 2, 1753787), (4666, 0, 1860297), (310, 0, 1943053), (749, 2, 2003971), (853, 3, 2037047), (2578, 0, 2046411), (2578, 0, 2046616), (2578, 0, 2046756), (2578, 0, 2046953), (2578, 0, 2046989), (2578, 0, 2055527), (2134, 2, 2059386), (2134, 2, 2059887), (660, 2, 2070727), (1792, 2, 2070774), (4859, 2, 2072383), (5774, 2, 2096621), (3748, 2, 2115364), (1726, 3, 2139769), (7265, 2, 2187870), (17, 0, 2215625), (17, 0, 2225381), (660, 2, 2231376), (271, 2, 2241341), (246, 2, 2297627), (56, 2, 2298754), (350, 2, 2301992), (1754, 2, 2304109), (17, 0, 2318254), (1276, 2, 2318321), (17, 0, 2344697), (2468, 2, 2371292), (17, 0, 2385390), (2024, 2, 2388251), (17, 0, 2389871), (5808, 3, 2391546), (6753, 0, 2429112), (233, 2, 2446502), (68, 2, 2452339), (5976, 3, 2474230), (17, 0, 2494672), (68, 2, 2499502), (17, 0, 2502584), (5396, 3, 2505539), (5396, 3, 2505663), (1446, 2, 2545919), (2134, 2, 2554059), (829, 2, 2576345), (2134, 2, 2586732), (4410, 2, 2601867), (68, 2, 2602933), (829, 2, 2634029)]"
8750 "[(233, 2, 624757), (1647, 2, 660194), (1647, 2, 660467), (1647, 2, 660490), (1647, 2, 664451), (1647, 2, 664580), (1647, 2, 664624), (1647, 2, 664721), (1647, 2, 665153), (3152, 2, 677299), (3152, 2, 677930), (1647, 2, 679083), (1647, 2, 679191), (1647, 2, 679217), (1647, 2, 679339), (1647, 2, 679383), (1647, 2, 679424), (1647, 2, 680649), (233, 2, 715349), (760, 2, 978304)]"
2981 "[(8887, 2, 626056)]"
2989 "[(8447, 2, 628192)]"
8905 "[(660, 2, 632686), (2137, 0, 739946), (233, 2, 810269), (4085, 2, 1235299)]"
194 "[(8387, 0, 649211), (8387, 0, 835434), (8387, 0, 1957793), (8387, 0, 2047313)]"
1804 "[(8887, 2, 658912), (8887, 2, 659123), (8887, 2, 659226), (8887, 2, 659326), (8887, 2, 659452), (8887, 2, 659533), (8241, 3, 678535), (8887, 2, 839105), (8887, 2, 840035), (8241, 3, 842156), (8241, 3, 842319), (9045, 0, 1093212), (8887, 2, 1096424), (9045, 0, 1101420), (9045, 0, 1107228), (9045, 0, 1107462), (9045, 0, 1111410), (9045, 0, 1112402), (9045, 0, 1211732), (8241, 3, 1255893), (8241, 3, 1256226), (8241, 3, 1257265), (8772, 2, 1266844), (9045, 0, 1554770), (8590, 2, 1600484), (9045, 0, 1706885), (8590, 2, 1736003), (8590, 2, 1738124), (8590, 2, 1770301), (8590, 2, 1770357), (8590, 2, 1780769), (8590, 2, 1781045), (8590, 2, 1781998), (8590, 2, 1782027), (8356, 2, 1884146), (8356, 2, 1884163), (8356, 2, 1886369), (8510, 2, 2155385), (8510, 2, 2156718), (8590, 2, 2396323), (8590, 2, 2409121)]"
3100 "[(8609, 2, 668676)]"
8964 "[(441, 3, 669121), (742, 0, 1089860), (2342, 2, 1204961), (17, 0, 1371820), (291, 3, 1762960), (1814, 3, 1775832), (233, 2, 1923852), (233, 2, 2012023), (4845, 2, 2156481), (4845, 2, 2156556), (4845, 2, 2175536), (3146, 3, 2246631), (4845, 2, 2247624), (6851, 3, 2445757), (5677, 3, 2546434), (22, 3, 2589023)]"
1775 "[(8341, 3, 669940)]"
3010 "[(8644, 0, 670630), (8644, 0, 670844), (8644, 0, 670873)]"
1026 "[(8887, 2, 671064), (8887, 2, 798994)]"
3114 "[(8444, 0, 671266), (8331, 3, 1269823), (9071, 2, 1589631), (9071, 2, 1595179), (9071, 2, 1595810), (9071, 2, 1596023), (9071, 2, 1596068), (9071, 2, 1619503), (9071, 2, 1622316), (8319, 2, 1963493), (9071, 2, 2027623), (9084, 2, 2638684), (9084, 2, 2639705), (9084, 2, 2667805), (9084, 2, 2671521), (9084, 2, 2671872), (9084, 2, 2672910)]"
8959 "[(285, 0, 671380), (285, 0, 731911), (537, 2, 740606), (285, 0, 749535)]"
3121 "[(8887, 2, 672486), (8887, 2, 1043586)]"
3130 "[(8814, 2, 674259), (8814, 2, 674525)]"
8946 "[(402, 2, 674648)]"
3142 "[(8888, 2, 675937), (8507, 0, 800439), (8507, 0, 800739)]"
3144 "[(8554, 2, 676096)]"
8969 "[(2128, 3, 676136), (2930, 2, 695510), (2930, 2, 695583), (2930, 2, 695792), (2973, 2, 699895), (2011, 2, 759391), (2011, 2, 759503), (2011, 2, 759546), (2797, 2, 761812), (303, 0, 808898), (3495, 3, 956873), (4248, 2, 1532685), (4248, 2, 1532714), (233, 2, 1579624), (4248, 2, 1722595)]"
8543 "[(1173, 3, 677181), (479, 3, 781002), (479, 3, 781004), (73, 0, 887975)]"
8939 "[(1173, 3, 678921), (2708, 2, 684580), (660, 2, 1632623), (5917, 2, 2107603), (5917, 2, 2126610), (5917, 2, 2127046), (5917, 2, 2127092), (5917, 2, 2265737), (5917, 2, 2265738), (233, 2, 2356124), (4085, 2, 2447703)]"
8940 "[(2101, 0, 681137), (2101, 0, 681165), (2101, 0, 681449), (2101, 0, 754403), (233, 2, 973525), (68, 2, 1061779), (233, 2, 1315504), (233, 2, 2440220), (233, 2, 2445457)]"
8906 "[(1952, 3, 681175), (1952, 3, 952236), (1952, 3, 952483), (1952, 3, 952544), (1952, 3, 1026694), (1952, 3, 1027093), (17, 0, 1233299), (1952, 3, 1326994), (1952, 3, 1327010), (17, 0, 1398969), (532, 0, 1449562), (1952, 3, 1901352), (537, 2, 1958624), (537, 2, 1958782), (68, 2, 1989198)]"
3178 "[(8970, 0, 684274)]"
3184 "[(8549, 3, 685976)]"
3222 "[(8246, 0, 694147), (8246, 0, 1448585)]"
8515 "[(731, 3, 695003), (731, 3, 695117), (1036, 2, 857644), (625, 2, 1383344), (233, 2, 1418828), (233, 2, 1465605), (625, 2, 1562828), (625, 2, 1563207), (625, 2, 2332603)]"
3026 "[(8254, 2, 696637)]"
3264 "[(8670, 0, 708648)]"
8975 "[(1185, 2, 710156), (1185, 2, 710657), (1185, 2, 710731), (1185, 2, 710974), (17, 0, 2164279), (1277, 3, 2294161), (1277, 3, 2294189), (1277, 3, 2316718), (1277, 3, 2323203), (1277, 3, 2323899), (1865, 2, 2337179), (1865, 2, 2349271), (3146, 3, 2384562), (1865, 2, 2402743), (1865, 2, 2402778), (1865, 2, 2664012)]"
3293 "[(8988, 2, 721056)]"
254 "[(8244, 0, 723314), (8244, 0, 724830), (8244, 0, 725059)]"
3317 "[(8989, 0, 727391), (8805, 2, 1190057), (8721, 2, 2579476)]"
8990 "[(537, 2, 741685), (388, 3, 754123), (388, 3, 754170), (388, 3, 754330), (799, 2, 765437), (67, 0, 776806), (67, 0, 777076), (67, 0, 777091), (3506, 2, 779487), (233, 2, 806915), (40, 0, 811213), (2923, 2, 951866), (799, 2, 1067855), (1184, 3, 1069893), (1184, 3, 1069949), (1184, 3, 1100181), (1184, 3, 1100203), (799, 2, 1111096), (233, 2, 1146388), (859, 3, 1767704), (233, 2, 1839179), (40, 0, 1843595), (233, 2, 1922418), (2246, 2, 1962046), (2246, 2, 1962047), (4186, 3, 2172843), (517, 0, 2258762), (517, 0, 2258820), (5622, 0, 2573550)]"
3374 "[(8559, 0, 743217), (8559, 0, 743386)]"
2495 "[(8880, 2, 749208), (8544, 0, 1464939), (8919, 3, 1892792), (8574, 3, 1972497), (9045, 0, 1978873), (8933, 2, 2071973)]"
3394 "[(8837, 3, 750498)]"
3407 "[(8545, 2, 752607), (8545, 2, 847112), (8260, 2, 1812178), (8260, 2, 1862250), (8545, 2, 1900847), (8247, 2, 1952082), (8247, 2, 2216049), (8247, 2, 2369387), (8247, 2, 2473020), (8247, 2, 2485230)]"
995 "[(8318, 2, 763979), (8806, 3, 1043330)]"
8711 "[(2093, 3, 771881), (1148, 0, 1947866)]"
3482 "[(8320, 2, 772280)]"
3323 "[(8491, 3, 775952), (8284, 0, 808278), (8246, 0, 811416), (8676, 3, 2238650), (9205, 2, 2239714), (8467, 3, 2258543), (8676, 3, 2337762), (9080, 2, 2428809)]"
3496 "[(8390, 3, 776761)]"
3497 "[(8590, 2, 776852), (9069, 2, 1216589), (9069, 2, 1216619), (8411, 2, 2390089), (8683, 2, 2662023), (8683, 2, 2674723)]"
3508 "[(8888, 2, 780186)]"
1343 "[(8260, 2, 783756), (8260, 2, 784273), (9072, 3, 1149849), (8260, 2, 1902237), (8591, 2, 2173298), (8591, 2, 2173409), (9205, 2, 2640062), (9205, 2, 2643214)]"
478 "[(8807, 0, 784155)]"
8889 "[(954, 2, 785121), (4085, 2, 1076879), (954, 2, 1433584)]"
8985 "[(3541, 2, 792221), (68, 2, 866018), (68, 2, 940756), (68, 2, 945262), (697, 0, 1114883), (233, 2, 1153424), (68, 2, 1185933), (68, 2, 1284400), (68, 2, 1708116), (3512, 3, 1710655), (4085, 2, 1799290), (2216, 3, 2085964), (2216, 3, 2085981), (696, 0, 2090649), (697, 0, 2093155), (2769, 2, 2094146), (2198, 2, 2095226), (2198, 2, 2095294), (4085, 2, 2109921), (68, 2, 2150947), (2365, 2, 2184764), (2196, 2, 2208949), (2196, 2, 2209031), (68, 2, 2209710), (2196, 2, 2211849), (6385, 0, 2217152), (532, 0, 2229510), (2196, 2, 2254173), (697, 0, 2256012), (125, 0, 2259255), (68, 2, 2261296), (17, 0, 2318770), (4186, 3, 2439008), (68, 2, 2482895), (4085, 2, 2643044)]"
281 "[(8577, 3, 794821), (8461, 0, 1495322)]"
2943 "[(8358, 3, 800818), (8316, 0, 2006087), (8316, 0, 2142471), (8423, 2, 2653180), (8402, 2, 2653198)]"
3483 "[(8297, 0, 805220), (8424, 3, 1674394), (8424, 3, 1675669), (8424, 3, 1675828)]"
9003 "[(233, 2, 805380)]"
8978 "[(233, 2, 809893), (2054, 3, 1099741), (68, 2, 1208001), (4085, 2, 1840051)]"
3594 "[(8896, 2, 817134)]"
3614 "[(8814, 2, 823613)]"
336 "[(8390, 3, 829694), (8723, 0, 1128542)]"
3636 "[(8687, 3, 832374), (9084, 2, 2634275)]"
3655 "[(8463, 3, 837889)]"
3670 "[(8395, 2, 841618), (8395, 2, 841913), (8395, 2, 849173), (8395, 2, 849287), (8885, 2, 2080167), (8885, 2, 2080577)]"
3682 "[(8439, 2, 845149), (8439, 2, 845261), (8439, 2, 845279), (8857, 2, 1970454), (8857, 2, 2124183)]"
8825 "[(782, 0, 846329)]"
3717 "[(8637, 0, 854270)]"
3756 "[(8246, 0, 867722), (9096, 2, 1330600), (9069, 2, 1501383), (9069, 2, 1501903), (8246, 0, 1792252), (9069, 2, 2652008)]"
8442 "[(2137, 0, 872070), (2093, 3, 928028), (68, 2, 964495), (1013, 3, 1883865), (40, 0, 2533878)]"
3774 "[(8582, 3, 873869), (8547, 3, 874944), (8587, 0, 1456240), (9118, 3, 1475486), (8547, 3, 1482450)]"
3427 "[(8547, 3, 874941)]"
1389 "[(8547, 3, 876048), (8547, 3, 1271580), (8547, 3, 2068344)]"
8418 "[(1505, 3, 881971), (3909, 0, 921678), (1363, 3, 1804243), (5383, 3, 1968378), (532, 0, 1995893), (2035, 3, 2287603), (2035, 3, 2287645), (1363, 3, 2320462), (4319, 3, 2498839), (1001, 3, 2516293), (1001, 3, 2516416), (1001, 3, 2558196)]"
8927 "[(233, 2, 884572), (233, 2, 975804), (1058, 3, 1543295), (1058, 3, 1543513), (608, 3, 1647574), (608, 3, 1647648), (233, 2, 1661076), (608, 3, 1989141)]"
3819 "[(8600, 2, 886303), (8651, 2, 1476097), (8651, 2, 1476388), (8651, 2, 1494816), (8651, 2, 1494995), (8651, 2, 1495702), (8651, 2, 1495819), (8651, 2, 1533897), (8441, 2, 2077040)]"
9013 "[(233, 2, 886888), (233, 2, 2097252)]"
8941 "[(233, 2, 887562), (40, 0, 942531), (1720, 3, 947743), (2137, 0, 1034979)]"
8521 "[(233, 2, 887809), (1647, 2, 1440227)]"
9018 "[(233, 2, 888098), (3320, 2, 1035348), (3320, 2, 1035481), (233, 2, 1315899), (4085, 2, 1659453)]"
944 "[(8390, 3, 903526), (8390, 3, 2425511), (8390, 3, 2425663)]"
3874 "[(8950, 3, 906906), (9034, 0, 907200), (9034, 0, 907371), (8873, 0, 1086519), (8806, 3, 1111782), (8370, 3, 1114260)]"
874 "[(9023, 0, 913754), (8778, 2, 1615021)]"
289 "[(8784, 3, 915577)]"
3896 "[(8588, 3, 918433), (9034, 0, 998276), (9069, 2, 1260436)]"
3905 "[(8548, 3, 920896), (8935, 3, 1019502)]"
3920 "[(8733, 2, 925062), (8733, 2, 941831), (8733, 2, 942787)]"
3921 "[(8577, 3, 925130), (8461, 0, 1302158), (8292, 3, 1658813), (8292, 3, 1659005), (8703, 3, 2252220)]"
8511 "[(142, 2, 926058), (142, 2, 926088), (68, 2, 1988082), (68, 2, 2012545), (509, 2, 2463017)]"
2505 "[(8588, 3, 926923)]"
8893 "[(277, 2, 944874), (3748, 2, 946317), (277, 2, 982667), (246, 2, 985265), (17, 0, 1000847), (1663, 2, 1001321), (484, 2, 1001626), (277, 2, 1013052), (480, 2, 1029181), (277, 2, 1029995), (484, 2, 1112737), (277, 2, 1369407), (2216, 3, 1413699), (17, 0, 1511272), (2365, 2, 1646734)]"
8668 "[(1726, 3, 948593), (4085, 2, 1038335), (233, 2, 1315871), (4085, 2, 1910040), (119, 2, 2270109), (119, 2, 2270206), (119, 2, 2270233), (119, 2, 2270526), (119, 2, 2270554), (119, 2, 2270614), (119, 2, 2270782), (119, 2, 2270876), (119, 2, 2271158), (119, 2, 2271420), (119, 2, 2271638), (119, 2, 2271749), (119, 2, 2271799), (119, 2, 2271848), (119, 2, 2271931), (119, 2, 2272101), (119, 2, 2272150), (119, 2, 2272267), (119, 2, 2272312), (119, 2, 2272374), (119, 2, 2272421), (119, 2, 2272485), (68, 2, 2273702), (2054, 3, 2400415), (119, 2, 2572448), (119, 2, 2572608), (119, 2, 2640960), (119, 2, 2641006), (119, 2, 2641065)]"
3728 "[(8358, 3, 949136)]"
4039 "[(8887, 2, 954744)]"
4065 "[(8974, 3, 966152), (8974, 3, 970181), (8544, 0, 1475710), (8544, 0, 1475811), (8565, 3, 1828336), (8565, 3, 1829706), (8974, 3, 2311436), (8561, 3, 2347544), (8380, 3, 2437422)]"
2593 "[(8257, 3, 971619)]"
9048 "[(1367, 3, 984280), (1367, 3, 984347), (1367, 3, 984839), (1367, 3, 985028), (1367, 3, 985888), (1367, 3, 986036), (1367, 3, 986418), (1367, 3, 986532), (285, 0, 986683), (285, 0, 986730), (1367, 3, 986788), (1367, 3, 987012), (1367, 3, 987157), (1367, 3, 987318), (1367, 3, 987428), (1367, 3, 987505), (1367, 3, 987519), (1367, 3, 988012), (2134, 2, 992383), (2134, 2, 992409), (2134, 2, 992465), (675, 2, 1000858), (806, 2, 1000916), (675, 2, 1001423), (735, 3, 1003559), (4016, 2, 1006793), (1367, 3, 1008608), (2863, 0, 1008980), (2196, 2, 1009045), (1367, 3, 1009281), (1367, 3, 1009709), (1367, 3, 1010155), (1367, 3, 1010273), (1367, 3, 1010286), (1367, 3, 1010536), (1367, 3, 1010788), (4016, 2, 1011055), (1367, 3, 1011258), (1367, 3, 1011297), (1367, 3, 1011317), (1367, 3, 1012106), (1367, 3, 1012601), (500, 3, 1014630), (974, 2, 1014640), (974, 2, 1014758), (974, 2, 1014788), (2134, 2, 1015621), (4016, 2, 1017030), (4016, 2, 1017412), (4016, 2, 1017483), (4016, 2, 1017642), (4016, 2, 1017684), (4016, 2, 1017722), (1143, 2, 1017986), (4016, 2, 1018047), (4016, 2, 1018109), (1277, 3, 1019608), (1277, 3, 1019640), (4248, 2, 1022019), (4248, 2, 1022102), (4248, 2, 1022229), (4248, 2, 1022632), (2320, 2, 1025222), (3360, 2, 1026704), (1367, 3, 1028528), (588, 3, 1028970), (68, 2, 1031226), (4296, 0, 1034129), (2119, 2, 1058123), (646, 2, 1063408), (2119, 2, 1064707), (3036, 0, 1065025), (2119, 2, 1065045), (2119, 2, 1065201), (4436, 2, 1073166), (73, 0, 1077626), (1342, 2, 1096311), (1342, 2, 1096407), (2706, 2, 1108412), (4549, 2, 1112710), (2848, 2, 1122102), (43, 2, 1125466), (43, 2, 1125497), (1616, 0, 1210473), (1616, 0, 1210570), (4766, 2, 1260266), (611, 0, 1392472)]"
8252 "[(2708, 2, 1008966), (233, 2, 1664810), (4259, 0, 2319945)]"
2023 "[(8382, 0, 1011915)]"
4250 "[(8316, 0, 1022704), (8316, 0, 1023231), (8708, 0, 1298677)]"
4258 "[(8279, 2, 1023712)]"
4269 "[(8411, 2, 1026261)]"
398 "[(8583, 0, 1028646), (8346, 0, 1292778), (8346, 0, 1292820), (9041, 2, 1468180), (9041, 2, 1468221)]"
4292 "[(9054, 2, 1033485), (9054, 2, 1033637)]"
2202 "[(8343, 0, 1037627), (8644, 0, 1125164), (8777, 3, 1391492)]"
9015 "[(993, 2, 1040772)]"
8550 "[(4329, 3, 1042465), (387, 0, 1143616), (4329, 3, 1387161), (4329, 3, 1397123), (356, 3, 2079789), (5622, 0, 2218330)]"
4331 "[(8644, 0, 1052244), (8260, 2, 2427035)]"
434 "[(8502, 3, 1053389)]"
4390 "[(8358, 3, 1053599), (8260, 2, 1201240), (8672, 3, 1201501), (8548, 3, 1201629), (8593, 0, 1202183), (9168, 2, 2423336), (8526, 2, 2423667), (8687, 3, 2423938), (8489, 0, 2490082), (8638, 3, 2490270)]"
8230 "[(40, 0, 1067701)]"
3349 "[(8503, 2, 1069295)]"
4443 "[(8548, 3, 1077203), (9079, 3, 1369311)]"
3833 "[(8640, 3, 1081987), (8640, 3, 1082110), (8292, 3, 1658182)]"
2046 "[(8237, 3, 1083485)]"
9062 "[(3613, 0, 1085071), (4157, 2, 1726922), (68, 2, 2023084), (68, 2, 2106364), (3930, 3, 2111886), (7, 0, 2267505), (1023, 2, 2302270), (1023, 2, 2333738)]"
4464 "[(8733, 2, 1087596), (8686, 0, 1178642), (8716, 0, 2629143)]"
3326 "[(8556, 0, 1103277)]"
8819 "[(89, 2, 1110521), (2365, 2, 1140064), (2365, 2, 1213948), (2365, 2, 1222459), (3108, 0, 1274762), (3108, 0, 1274763), (2365, 2, 1275735), (68, 2, 1388823), (233, 2, 1492594), (40, 0, 1497798), (2365, 2, 1813948), (2365, 2, 1820847), (611, 0, 2336443)]"
1596 "[(8588, 3, 1111082), (9151, 3, 1691754), (9151, 3, 1980631)]"
579 "[(8694, 3, 1119686), (8694, 3, 1119804), (8694, 3, 1167518), (8694, 3, 2317427), (8694, 3, 2324937), (8694, 3, 2327118)]"
2878 "[(8438, 2, 1119906), (8438, 2, 1120002), (8438, 2, 1120107), (8438, 2, 1120258), (8438, 2, 1120392), (8438, 2, 1120898), (8438, 2, 1121148), (8438, 2, 1121425), (8438, 2, 1121502), (8438, 2, 1137543), (8438, 2, 1137575), (8887, 2, 1141712), (8887, 2, 1141819), (8438, 2, 1142875), (8438, 2, 1145026), (8438, 2, 1145178), (8438, 2, 1469111), (8438, 2, 1909454), (8438, 2, 1915211), (8438, 2, 1916875), (8438, 2, 1916924), (8438, 2, 1917093), (8438, 2, 1917227), (8438, 2, 1917803), (8438, 2, 1917988), (8438, 2, 1918653), (8438, 2, 1923620), (8438, 2, 1923987), (8438, 2, 1924034), (8438, 2, 1924080), (9045, 0, 2098858), (9045, 0, 2099852), (9045, 0, 2101080), (9045, 0, 2101168), (9045, 0, 2101419), (9045, 0, 2101762), (9045, 0, 2260383)]"
3502 "[(8266, 0, 1121539)]"
8357 "[(17, 0, 1126298), (3453, 3, 1230386), (3453, 3, 1230455), (3453, 3, 1271881), (3453, 3, 1271928), (3453, 3, 1282535), (3453, 3, 1282566), (68, 2, 1533947), (3453, 3, 1601393), (3453, 3, 1601495), (17, 0, 2077717)]"
8490 "[(1778, 3, 1140559)]"
4651 "[(8237, 3, 1150645)]"
8917 "[(233, 2, 1150739), (22, 3, 1305852), (22, 3, 1305948), (22, 3, 1305984), (3472, 0, 1374255), (3472, 0, 1374290), (80, 2, 1457798), (611, 0, 1463793), (3453, 3, 1643459), (471, 2, 1819771), (471, 2, 1820073), (471, 2, 1820090), (233, 2, 2016084), (125, 0, 2173937), (17, 0, 2239094), (2110, 2, 2317348), (2110, 2, 2317472), (2079, 3, 2392658), (2079, 3, 2394073), (1013, 3, 2484729)]"
2678 "[(8644, 0, 1155035)]"
1235 "[(9072, 3, 1158978)]"
9019 "[(285, 0, 1173944), (285, 0, 1174524), (285, 0, 1237991), (285, 0, 1238014), (285, 0, 1238020), (285, 0, 1238082), (285, 0, 1238150), (285, 0, 1240341), (285, 0, 1240410), (537, 2, 1242597), (285, 0, 1246251), (285, 0, 1246449), (285, 0, 1246610), (285, 0, 1246750), (4085, 2, 1598683), (115, 0, 2520517), (480, 2, 2542084), (480, 2, 2542149)]"
3828 "[(8577, 3, 1177423)]"
4140 "[(8577, 3, 1178031)]"
3893 "[(8268, 2, 1178259)]"
4780 "[(8410, 3, 1185798)]"
1427 "[(9069, 2, 1192279)]"
1680 "[(8268, 2, 1193754), (9072, 3, 1205269), (9072, 3, 1205632), (9072, 3, 1205741), (9072, 3, 1205913), (9072, 3, 1206306), (9072, 3, 1206792), (8575, 0, 1628791), (8575, 0, 1628819), (8575, 0, 1637609), (8452, 3, 2222732), (8452, 3, 2223083), (8452, 3, 2223541), (8452, 3, 2223744), (8452, 3, 2320371), (8452, 3, 2320497), (8452, 3, 2320582)]"
4278 "[(9072, 3, 1196548), (9072, 3, 1196772), (9072, 3, 1199151)]"
4835 "[(8241, 3, 1198015)]"
2559 "[(9072, 3, 1198090), (9168, 2, 2167307)]"
286 "[(9079, 3, 1205606), (9079, 3, 1205771), (9079, 3, 1355677), (9079, 3, 1375503), (8609, 2, 2033200), (8609, 2, 2060366)]"
1412 "[(8402, 2, 1213899)]"
2887 "[(9069, 2, 1217045)]"
8519 "[(1134, 3, 1217344), (22, 3, 1344888), (5383, 3, 1548005), (3663, 0, 1559711), (89, 2, 1661540), (3099, 2, 1815851), (3099, 2, 1815918)]"
3194 "[(8415, 2, 1218313), (8415, 2, 1221664), (8415, 2, 1261143), (8415, 2, 1297516), (8415, 2, 1868708)]"
9086 "[(697, 0, 1228677), (2414, 3, 1232541), (17, 0, 1239819), (17, 0, 1240203), (17, 0, 1240486), (17, 0, 1240628), (17, 0, 1240676), (17, 0, 1241046), (17, 0, 1241074), (441, 3, 1259689), (441, 3, 1259941), (441, 3, 1260007), (441, 3, 1260060), (441, 3, 1260894), (441, 3, 1260934), (441, 3, 1260968), (441, 3, 1261056), (441, 3, 1261275), (441, 3, 1261303), (68, 2, 1262570), (441, 3, 1268690), (441, 3, 1268717), (2414, 3, 1268719), (2414, 3, 1269079), (2157, 3, 1278121), (2781, 3, 1304858), (5175, 3, 1308039), (5175, 3, 1308102), (233, 2, 1319344), (441, 3, 1375816), (4329, 3, 1380637), (441, 3, 1445853), (20, 0, 1474157), (1397, 0, 1544482), (4752, 2, 1672914), (4751, 3, 1896599), (4751, 3, 1896809), (4751, 3, 1896836)]"
5000 "[(9069, 2, 1253138)]"
5020 "[(9034, 0, 1261036), (9034, 0, 1261078), (8887, 2, 1421045)]"
3757 "[(8363, 2, 1264490), (8363, 2, 1264721), (8510, 2, 2337570), (8510, 2, 2338162)]"
5037 "[(9034, 0, 1265237), (8260, 2, 1285923), (8346, 0, 1751593), (8682, 3, 1792059)]"
5039 "[(8411, 2, 1265724)]"
9090 "[(2344, 3, 1269066), (68, 2, 2133430), (68, 2, 2232048), (829, 2, 2240245), (829, 2, 2240328), (68, 2, 2252319), (829, 2, 2288308), (829, 2, 2385241), (829, 2, 2389401), (68, 2, 2430966), (920, 3, 2474582), (233, 2, 2530631), (1471, 3, 2609357)]"
3402 "[(8593, 0, 1269674)]"
256 "[(8402, 2, 1272133), (8402, 2, 1272199), (8402, 2, 1272270), (8292, 3, 2194970), (8292, 3, 2195194)]"
4633 "[(9069, 2, 1283297), (9069, 2, 1283365), (9069, 2, 1665340), (8778, 2, 2201278), (8778, 2, 2201390)]"
9089 "[(421, 2, 1283328), (421, 2, 1291407), (421, 2, 1291565), (421, 2, 1292666), (421, 2, 1295412), (421, 2, 1295479), (480, 2, 1333472), (421, 2, 1344867), (421, 2, 1345011), (421, 2, 1427919), (421, 2, 1427983), (480, 2, 1428159), (480, 2, 1428196), (480, 2, 1428263), (421, 2, 1450979), (233, 2, 1494732), (421, 2, 1546181), (421, 2, 1582870), (660, 2, 1595887), (660, 2, 1597907), (2387, 2, 1623515), (2659, 0, 1633926)]"
1711 "[(9069, 2, 1283457)]"
8715 "[(68, 2, 1290538)]"
5137 "[(8626, 0, 1293462), (8446, 3, 2002913), (8446, 3, 2003067), (9118, 3, 2028138)]"
9085 "[(4085, 2, 1301038), (68, 2, 1995222), (233, 2, 2096772), (68, 2, 2294447), (750, 2, 2348443)]"
9092 "[(68, 2, 1304488), (3567, 3, 1384556), (3567, 3, 1384618), (233, 2, 1416418), (68, 2, 1465130), (233, 2, 1837895), (233, 2, 1922930), (68, 2, 2009970), (68, 2, 2122625), (68, 2, 2168340), (233, 2, 2180823), (73, 0, 2336054), (233, 2, 2354200), (1296, 2, 2592482), (1296, 2, 2592611), (1296, 2, 2592718), (1296, 2, 2592775), (1296, 2, 2592812), (1296, 2, 2592973), (1296, 2, 2593032), (1296, 2, 2593094), (68, 2, 2594298), (1296, 2, 2602652), (1296, 2, 2630564)]"
598 "[(8676, 3, 1309436)]"
1571 "[(8246, 0, 1315020)]"
9027 "[(233, 2, 1315476), (3517, 0, 1884115), (1058, 3, 2137111)]"
5197 "[(8794, 3, 1318308)]"
2458 "[(8358, 3, 1351846)]"
9100 "[(5215, 3, 1357033), (40, 0, 1667275), (233, 2, 1749567), (40, 0, 1820501), (233, 2, 1930981), (233, 2, 2014390), (1647, 2, 2038425), (1647, 2, 2038481), (1647, 2, 2039657), (1647, 2, 2039722), (1647, 2, 2039914), (1647, 2, 2041013), (1647, 2, 2041097), (1647, 2, 2041715), (1647, 2, 2041760), (1647, 2, 2046305), (1647, 2, 2046685), (1647, 2, 2046756)]"
4941 "[(8454, 3, 1386335), (8454, 3, 1386371), (8454, 3, 1386526), (8454, 3, 1386594), (8454, 3, 1386740), (8292, 3, 1847228), (8390, 3, 2457908)]"
5424 "[(8474, 3, 1396190), (8474, 3, 1396737), (8474, 3, 1396796), (8474, 3, 1396859), (8761, 2, 1752021), (8761, 2, 1752045), (8761, 2, 1753882), (8761, 2, 1754210), (8761, 2, 1754372), (8761, 2, 1754824), (8761, 2, 1755095)]"
5429 "[(8784, 3, 1398007), (8784, 3, 1398266)]"
5442 "[(8575, 0, 1404738), (9205, 2, 2334483), (9205, 2, 2334791)]"
9117 "[(2810, 3, 1415107), (2659, 0, 1713436), (539, 2, 1820224), (570, 2, 1823127), (570, 2, 1823142), (5622, 0, 1943483)]"
9106 "[(233, 2, 1417053), (233, 2, 2015143), (40, 0, 2019351)]"
4304 "[(8687, 3, 1424886), (9205, 2, 2223115)]"
5532 "[(8618, 0, 1446197), (8544, 0, 1462579)]"
8473 "[(402, 2, 1446329), (4085, 2, 2192865)]"
5028 "[(8292, 3, 1459557), (8292, 3, 1740996)]"
52 "[(8292, 3, 1461234), (8292, 3, 1528411), (8292, 3, 1635829)]"
1254 "[(9129, 3, 1469549), (9129, 3, 1469609)]"
1501 "[(8736, 0, 1469948), (8736, 0, 1469973)]"
5151 "[(8268, 2, 1471656), (8268, 2, 1529392), (8268, 2, 1551309)]"
606 "[(9113, 0, 1484774), (8590, 2, 2180562)]"
5669 "[(8260, 2, 1485881), (8260, 2, 1486104), (8260, 2, 1486277), (8260, 2, 1486408), (8260, 2, 1486562), (8260, 2, 1486598), (8260, 2, 1486920), (8260, 2, 1486976), (8260, 2, 1487353), (8260, 2, 1487774), (8260, 2, 1487835), (8260, 2, 1488374), (8260, 2, 1531588), (8260, 2, 1531799), (8260, 2, 1532009), (8260, 2, 1532177), (8260, 2, 1532245), (8260, 2, 1532347), (8260, 2, 1532492), (8260, 2, 1532636), (8260, 2, 1533354), (8260, 2, 1533449), (8260, 2, 1533586), (8260, 2, 1533624), (8260, 2, 1534308), (8260, 2, 1534369), (8260, 2, 1534705), (8260, 2, 1534845), (8260, 2, 1534902), (8260, 2, 1534930), (8260, 2, 1534989), (8260, 2, 1535082), (8260, 2, 1535130), (8260, 2, 1535193), (8260, 2, 1535389), (8260, 2, 1535504), (8260, 2, 1535609), (8260, 2, 1535711), (8260, 2, 1535844), (8260, 2, 1537105), (8260, 2, 1537135), (8260, 2, 1541248), (8260, 2, 1642104), (8683, 2, 1795512), (8683, 2, 1795710), (8683, 2, 1795841), (8683, 2, 1795884), (8683, 2, 1796158), (8683, 2, 1796269), (8683, 2, 1796459), (8683, 2, 1796587), (8683, 2, 1796632), (8683, 2, 1796680), (8683, 2, 1796971), (8683, 2, 1797237), (8683, 2, 1797771), (8683, 2, 1797825), (8683, 2, 1797900), (8683, 2, 1797954), (8683, 2, 1798442), (8683, 2, 1798474), (8356, 2, 1978047), (8356, 2, 1978087), (8356, 2, 1978203), (8356, 2, 1978284), (8356, 2, 1978479), (8356, 2, 1978587), (8356, 2, 1978659), (8356, 2, 1978697), (8356, 2, 1978786), (8356, 2, 1978861), (8356, 2, 1978944), (8356, 2, 1979023), (8356, 2, 1979073), (8356, 2, 1979117), (8356, 2, 1979185), (8356, 2, 1979295), (8356, 2, 1979374), (8356, 2, 1979472), (8356, 2, 1979581), (8356, 2, 1979652), (8356, 2, 1979686), (8356, 2, 1979769), (8356, 2, 1979820), (8356, 2, 1979877), (8356, 2, 1979955), (8356, 2, 1980293), (8356, 2, 1980382), (8356, 2, 1980446), (8356, 2, 1980460), (8356, 2, 1980573), (8356, 2, 1980671), (8356, 2, 1980689), (8356, 2, 1980744), (8356, 2, 1980788), (8356, 2, 1980820), (8356, 2, 1980839), (8590, 2, 1981132), (8590, 2, 1981213), (8590, 2, 1981318), (8590, 2, 1981395), (8590, 2, 1981501), (8590, 2, 1981567), (8590, 2, 1981669), (8356, 2, 1981782), (8356, 2, 1981858), (8356, 2, 1982049), (8590, 2, 1982224), (8590, 2, 1982362), (8590, 2, 1982430), (8590, 2, 1982498), (8590, 2, 1982534), (8590, 2, 1982818), (8590, 2, 1982914), (8683, 2, 2260229), (8683, 2, 2260382), (8683, 2, 2260564), (8683, 2, 2260770), (8683, 2, 2260921), (8683, 2, 2262441)]"
5685 "[(8838, 3, 1490344)]"
9120 "[(233, 2, 1491329)]"
5453 "[(9132, 2, 1491639)]"
9123 "[(1586, 0, 1498532), (659, 3, 2260859)]"
5725 "[(8603, 3, 1511262)]"
5665 "[(8577, 3, 1515436), (9066, 3, 2602889), (8321, 0, 2604176)]"
5491 "[(8602, 2, 1524250), (8602, 2, 1968071)]"
4100 "[(8401, 0, 1532850), (9151, 3, 1673132), (9151, 3, 1773602), (9151, 3, 1774028), (9151, 3, 1774124), (9151, 3, 1957275), (9151, 3, 1957651), (9151, 3, 1957969)]"
9144 "[(2128, 3, 1535527), (3591, 0, 1548614), (804, 2, 1559021), (4411, 0, 1581811), (68, 2, 2313101), (68, 2, 2319468), (68, 2, 2326083), (4137, 2, 2374771), (4137, 2, 2375650), (4137, 2, 2376291), (4137, 2, 2406982), (4137, 2, 2425917)]"
4515 "[(8699, 3, 1537963), (8594, 0, 1618047), (8644, 0, 1681442), (8545, 2, 2129992)]"
5813 "[(8778, 2, 1548704)]"
3752 "[(9071, 2, 1559053)]"
5847 "[(9069, 2, 1562802), (8575, 0, 1663216)]"
2836 "[(8633, 0, 1575363)]"
9149 "[(68, 2, 1579230), (3495, 3, 1713278), (68, 2, 2297324)]"
9107 "[(233, 2, 1580724), (1173, 3, 2101505)]"
718 "[(8703, 3, 1589055), (8703, 3, 1589094), (8703, 3, 1589116), (8703, 3, 1589332), (8703, 3, 1589537), (8246, 0, 2091819), (8358, 3, 2276036), (8358, 3, 2276091)]"
5943 "[(9082, 3, 1609741)]"
1811 "[(8411, 2, 1612146), (8411, 2, 1616845)]"
5959 "[(8467, 3, 1615673)]"
5971 "[(8446, 3, 1619971)]"
6031 "[(9045, 0, 1637812)]"
1112 "[(8382, 0, 1642351)]"
2892 "[(9055, 2, 1642369), (9074, 3, 2621662), (8594, 0, 2636562), (8602, 2, 2665075)]"
9116 "[(1471, 3, 1655342), (920, 3, 2034650)]"
9142 "[(233, 2, 1662851), (68, 2, 1989128), (68, 2, 2136739)]"
3049 "[(8462, 3, 1667332), (8462, 3, 1959466)]"
1187 "[(8370, 3, 1670502), (8370, 3, 1670521), (8370, 3, 1670625), (8370, 3, 1673761), (8370, 3, 1674128), (8370, 3, 1674147), (8370, 3, 1674194), (8370, 3, 1681880)]"
6049 "[(8390, 3, 1673576)]"
6091 "[(9163, 2, 1674096)]"
6041 "[(9096, 2, 1675320)]"
1713 "[(8852, 3, 1677011), (8852, 3, 1677446), (8852, 3, 1677479), (8852, 3, 1677510), (8852, 3, 1677552), (8310, 0, 2397754), (8310, 0, 2398315), (8310, 0, 2398482)]"
8666 "[(303, 0, 1678804)]"
5871 "[(9151, 3, 1682900)]"
6108 "[(9163, 2, 1683225)]"
9166 "[(1857, 0, 1705737), (5176, 2, 1708014), (482, 2, 1712028), (482, 2, 1712080), (482, 2, 1712146), (482, 2, 1712175), (482, 2, 1712266), (482, 2, 1712308), (482, 2, 1714616), (482, 2, 1714717), (1188, 2, 1719754), (1188, 2, 1720246), (1188, 2, 1721734), (1188, 2, 1721810), (867, 2, 1722126), (462, 2, 1724019), (2143, 2, 1726265), (3581, 2, 1730754), (482, 2, 1731052), (482, 2, 1731131), (482, 2, 1731442), (482, 2, 1731489), (482, 2, 1731615), (482, 2, 1731641), (482, 2, 1731731), (2231, 2, 1733577), (482, 2, 1734335), (482, 2, 1739501), (2143, 2, 1739606), (482, 2, 1739988), (482, 2, 1740963), (68, 2, 1743739), (482, 2, 1744082), (3567, 3, 1752678), (1305, 2, 1777001), (1305, 2, 1778878), (5176, 2, 1780901), (17, 0, 1783816), (1305, 2, 1784332), (2230, 0, 1787930), (6368, 2, 1787960), (421, 2, 1788797), (421, 2, 1789248), (482, 2, 1789328), (482, 2, 1789370), (482, 2, 1789784), (421, 2, 1791107), (974, 2, 1794040), (2024, 2, 1798907), (482, 2, 1799943), (482, 2, 1800042), (482, 2, 1800069), (482, 2, 1800163), (1305, 2, 1803288), (1305, 2, 1803669), (6411, 2, 1805769), (6411, 2, 1806322), (1305, 2, 1809107), (167, 0, 1810192), (482, 2, 1821902), (3715, 2, 1824599), (3715, 2, 1824931), (1036, 2, 1825807), (1036, 2, 1825915), (1036, 2, 1825969), (1036, 2, 1825990), (1036, 2, 1826093), (1036, 2, 1826230), (611, 0, 1827940), (611, 0, 1828066), (853, 3, 1835399), (466, 2, 1855037), (482, 2, 1876273), (1013, 3, 1888405), (421, 2, 1892545), (1772, 0, 1892748), (1772, 0, 1892769), (1772, 0, 1893007), (1772, 0, 1893140), (1772, 0, 1893206), (6556, 0, 1894084), (6556, 0, 1894193), (6556, 0, 1894276), (6556, 0, 1894398), (6556, 0, 1894503), (6556, 0, 1894686), (6019, 2, 1897031), (5561, 3, 1900192), (22, 3, 1905875), (1772, 0, 1910709), (1772, 0, 1910783), (1772, 0, 1911550), (233, 2, 1925640), (1305, 2, 1950000), (1188, 2, 1959309), (1772, 0, 1966182), (1772, 0, 1966469), (1772, 0, 1966496), (1772, 0, 1966621), (1772, 0, 1966704), (1772, 0, 1966816), (1772, 0, 1966871), (17, 0, 1981308), (4266, 2, 1982166), (2242, 0, 2001825), (6411, 2, 2036130), (6411, 2, 2036238), (6411, 2, 2036723), (6411, 2, 2053449), (6411, 2, 2053578), (6411, 2, 2053724), (6411, 2, 2054018), (6411, 2, 2054188), (1772, 0, 2055869), (1188, 2, 2059594), (6411, 2, 2065775), (6411, 2, 2066634), (6411, 2, 2067538), (660, 2, 2068703), (1792, 2, 2068857), (67, 0, 2069764), (246, 2, 2070825), (246, 2, 2070920), (68, 2, 2101614), (51, 2, 2103092), (51, 2, 2103281), (51, 2, 2103781), (51, 2, 2104130), (51, 2, 2104836), (51, 2, 2105285), (2091, 2, 2105808), (611, 0, 2114069), (51, 2, 2117627), (51, 2, 2118069), (4263, 3, 2120632), (6019, 2, 2124895), (17, 0, 2139030), (6411, 2, 2150416), (6411, 2, 2151568), (6411, 2, 2151676), (6411, 2, 2152135), (6411, 2, 2152215), (6411, 2, 2152465), (1382, 2, 2153028), (1382, 2, 2158809), (1382, 2, 2158833), (73, 0, 2186705), (6741, 3, 2240171), (482, 2, 2240356), (482, 2, 2240717), (482, 2, 2240894), (51, 2, 2283675), (51, 2, 2283700), (51, 2, 2283798), (51, 2, 2283833), (51, 2, 2285777), (51, 2, 2285956), (51, 2, 2285969), (51, 2, 2285985), (660, 2, 2376016), (5838, 2, 2417835), (5838, 2, 2418503), (7813, 2, 2432204), (482, 2, 2432462), (482, 2, 2432567), (482, 2, 2432622), (482, 2, 2467246), (482, 2, 2482939), (482, 2, 2483017), (482, 2, 2483073), (482, 2, 2483107), (482, 2, 2483161), (482, 2, 2483219), (482, 2, 2483379), (482, 2, 2483423), (68, 2, 2516860), (233, 2, 2530052), (3108, 0, 2651697)]"
2933 "[(8358, 3, 1713889), (8358, 3, 1714482), (8358, 3, 1714553), (8358, 3, 2675299)]"
4895 "[(9163, 2, 1715438)]"
5289 "[(9155, 2, 1719421), (9155, 2, 1719708), (9155, 2, 1719924), (9155, 2, 1720328)]"
5983 "[(8708, 0, 1736184)]"
6258 "[(8590, 2, 1738085)]"
9148 "[(233, 2, 1751688), (68, 2, 2611045)]"
6316 "[(8944, 2, 1765482)]"
6358 "[(9163, 2, 1783723)]"
2802 "[(8764, 3, 1792525)]"
6383 "[(9163, 2, 1795092)]"
1114 "[(8290, 2, 1799299)]"
6410 "[(8885, 2, 1804571)]"
5855 "[(9163, 2, 1816637)]"
6470 "[(8356, 2, 1829581), (8801, 3, 2167665), (8812, 2, 2168291), (8627, 0, 2185826), (9080, 2, 2233598), (8325, 0, 2281723), (8245, 2, 2351568)]"
1813 "[(8602, 2, 1829625), (8785, 3, 2060539), (8682, 3, 2157143), (8687, 3, 2313130), (8545, 2, 2352337), (9168, 2, 2352355), (8260, 2, 2584031)]"
9077 "[(233, 2, 1838870), (103, 0, 2014696), (233, 2, 2094349), (7358, 2, 2226107), (7358, 2, 2226213), (7358, 2, 2227478), (7358, 2, 2227849), (4707, 2, 2310564), (5958, 2, 2335857), (2930, 2, 2336164), (2930, 2, 2336204), (4707, 2, 2342510), (68, 2, 2347883), (1036, 2, 2417513), (40, 0, 2501791)]"
6256 "[(8348, 2, 1842760), (8348, 2, 1873050)]"
9177 "[(2128, 3, 1852250), (68, 2, 1875928), (1471, 3, 1916563), (233, 2, 1923856), (4085, 2, 1942045)]"
3525 "[(8764, 3, 1871655)]"
6544 "[(8764, 3, 1874147)]"
5538 "[(8807, 0, 1878293), (8463, 3, 2459612)]"
4230 "[(9155, 2, 1884307)]"
1737 "[(9168, 2, 1889571), (9168, 2, 1889657)]"
5398 "[(8482, 3, 1895929), (8482, 3, 2197665)]"
8775 "[(40, 0, 1899722)]"
9185 "[(1220, 2, 1905802), (1220, 2, 1905974), (1220, 2, 1906042), (1220, 2, 1908136), (1220, 2, 1908341), (1220, 2, 1908378), (1220, 2, 1908468), (1220, 2, 1908485), (1220, 2, 1908570), (3849, 2, 1920787), (4085, 2, 1939704), (1220, 2, 1969568), (1220, 2, 1971431), (1220, 2, 1971619), (1220, 2, 1971822), (1220, 2, 1971943), (1220, 2, 1973529), (1220, 2, 2004925), (1220, 2, 2005156), (1220, 2, 2069437), (1220, 2, 2069524), (1220, 2, 2071869), (1220, 2, 2075473), (1220, 2, 2090192), (1220, 2, 2090218), (1171, 3, 2178917), (1220, 2, 2233093), (1220, 2, 2233190), (1220, 2, 2249020), (1220, 2, 2251501), (1220, 2, 2329486), (1220, 2, 2329524), (1220, 2, 2343977), (1220, 2, 2344529), (1220, 2, 2345118), (1220, 2, 2356171), (1220, 2, 2356324), (1220, 2, 2356407), (1220, 2, 2432577), (1220, 2, 2448145), (1220, 2, 2448374), (1220, 2, 2448514)]"
6654 "[(8592, 3, 1917715), (8592, 3, 1917718), (8592, 3, 1917795), (8434, 3, 1945264), (8434, 3, 1945268), (8331, 3, 1945300), (8331, 3, 1945306)]"
6664 "[(8374, 0, 1922831)]"
5534 "[(8603, 3, 1925408), (8603, 3, 1925592), (8603, 3, 1925808)]"
725 "[(8764, 3, 1925946), (8703, 3, 2011923)]"
3070 "[(8988, 2, 1950366), (8988, 2, 1950519), (8988, 2, 1969436), (8988, 2, 1969633), (8988, 2, 1969688), (8988, 2, 1969879), (8988, 2, 1970452), (8988, 2, 1970604), (8988, 2, 1970637), (8988, 2, 1971115), (8988, 2, 1971194), (8988, 2, 2219103), (8988, 2, 2235803), (8988, 2, 2484577), (8988, 2, 2484626), (8988, 2, 2484694), (8988, 2, 2484792)]"
4494 "[(8636, 0, 1954365)]"
533 "[(8526, 2, 1961022), (8526, 2, 1961145), (8526, 2, 1962124), (8526, 2, 1962188)]"
6593 "[(8286, 3, 1968477)]"
3831 "[(8260, 2, 1980670)]"
1602 "[(9168, 2, 1981767), (9168, 2, 1981792), (9168, 2, 1982288)]"
3009 "[(8640, 3, 1983111)]"
494 "[(9168, 2, 2001267), (9168, 2, 2001297)]"
9197 "[(1586, 0, 2036702), (6093, 3, 2039100), (6093, 3, 2453519), (6093, 3, 2471251), (17, 0, 2493185), (22, 3, 2511091), (713, 0, 2522376), (233, 2, 2530829), (509, 2, 2640473), (532, 0, 2645344)]"
6323 "[(8517, 0, 2037470), (9223, 2, 2473114)]"
1985 "[(8896, 2, 2040659)]"
8307 "[(761, 2, 2042725), (17, 0, 2265161), (3740, 2, 2279471), (17, 0, 2341699)]"
8861 "[(537, 2, 2053892), (4001, 2, 2151849)]"
375 "[(8643, 3, 2058153)]"
6646 "[(8441, 2, 2083006), (8441, 2, 2083026)]"
549 "[(8577, 3, 2084773), (8577, 3, 2084827), (8577, 3, 2084919), (8577, 3, 2084979), (8577, 3, 2090226)]"
5552 "[(8590, 2, 2091115), (9202, 2, 2144016), (9202, 2, 2144093)]"
7036 "[(8583, 0, 2092954), (8246, 0, 2159790)]"
7048 "[(8676, 3, 2097910)]"
8642 "[(68, 2, 2099271)]"
9200 "[(367, 2, 2108004)]"
9143 "[(611, 0, 2109691)]"
8475 "[(1806, 3, 2110718)]"
9201 "[(1647, 2, 2114223), (331, 2, 2118116)]"
6088 "[(8411, 2, 2116762)]"
2038 "[(9202, 2, 2119236)]"
6113 "[(9168, 2, 2122245), (9168, 2, 2125337), (8590, 2, 2413748), (8590, 2, 2673757)]"
7127 "[(8634, 0, 2133698), (8411, 2, 2159906), (8411, 2, 2227101)]"
9198 "[(2116, 2, 2145080), (1173, 3, 2173997), (344, 0, 2187258), (17, 0, 2191837), (344, 0, 2191938), (344, 0, 2192091), (344, 0, 2192170), (344, 0, 2192201), (1065, 0, 2343929), (1065, 0, 2345150), (5622, 0, 2414506), (1065, 0, 2455767), (659, 3, 2618335)]"
4173 "[(8335, 3, 2147850)]"
4877 "[(8312, 3, 2148324)]"
8740 "[(68, 2, 2162003), (1912, 3, 2176868), (1806, 3, 2242653), (1806, 3, 2242726), (68, 2, 2306425), (4707, 2, 2328901), (2240, 3, 2391418), (6376, 2, 2424372), (6376, 2, 2424488), (165, 2, 2587443), (165, 2, 2587461)]"
9124 "[(154, 0, 2166967), (920, 3, 2484959), (385, 2, 2501143)]"
6489 "[(9205, 2, 2172340)]"
7236 "[(8480, 2, 2174292)]"
3244 "[(8306, 0, 2183708)]"
486 "[(8952, 2, 2187191)]"
1095 "[(9205, 2, 2200854)]"
9152 "[(331, 2, 2207364)]"
5447 "[(8286, 3, 2214227)]"
6787 "[(8609, 2, 2216309)]"
4521 "[(8683, 2, 2224499)]"
6734 "[(8506, 2, 2227734)]"
5995 "[(9080, 2, 2230337)]"
2622 "[(8699, 3, 2238626), (9224, 2, 2437992), (9224, 2, 2439990)]"
6107 "[(8703, 3, 2239179), (8703, 3, 2239181), (8801, 3, 2329528), (8801, 3, 2329533), (8446, 3, 2504270)]"
1041 "[(8848, 0, 2239630)]"
5846 "[(9071, 2, 2250568)]"
2237 "[(9080, 2, 2254849), (9080, 2, 2255376)]"
3968 "[(8411, 2, 2273758)]"
6801 "[(8676, 3, 2309315)]"
2461 "[(8456, 2, 2315260), (8456, 2, 2315648), (8980, 0, 2649631), (8980, 0, 2649769)]"
4441 "[(9080, 2, 2317516), (9074, 3, 2652928)]"
6442 "[(8591, 2, 2318439)]"
9214 "[(4735, 0, 2319635), (4735, 0, 2320519), (1270, 0, 2326062), (744, 3, 2355881), (2196, 2, 2386646), (2365, 2, 2430551), (4281, 2, 2456144), (2134, 2, 2480127)]"
9160 "[(73, 0, 2336192), (68, 2, 2552284)]"
5394 "[(8535, 2, 2343927), (9023, 0, 2464609)]"
3725 "[(8548, 3, 2348838)]"
6306 "[(9205, 2, 2365915)]"
5216 "[(8602, 2, 2385962)]"
171 "[(8463, 3, 2387220)]"
3928 "[(8708, 0, 2399741)]"
7769 "[(9205, 2, 2404585)]"
1739 "[(9223, 2, 2405696)]"
1432 "[(8260, 2, 2407660)]"
6396 "[(9224, 2, 2425916), (9224, 2, 2426020), (9224, 2, 2495776)]"
253 "[(8869, 0, 2433684)]"
3839 "[(8411, 2, 2449818)]"
7848 "[(8260, 2, 2455737)]"
7711 "[(8886, 2, 2468191)]"
315 "[(9151, 3, 2468816)]"
6919 "[(9223, 2, 2477101)]"
2244 "[(8446, 3, 2489866)]"
8345 "[(1933, 2, 2492440)]"
4842 "[(8695, 2, 2497789)]"
971 "[(8467, 3, 2497967), (8467, 3, 2498292), (8467, 3, 2594481), (8467, 3, 2594759)]"
5480 "[(8314, 2, 2500858)]"
9218 "[(68, 2, 2515340)]"
1159 "[(8590, 2, 2518506), (8590, 2, 2518622)]"
7488 "[(9028, 0, 2544947)]"
7782 "[(8689, 3, 2550002)]"
6523 "[(8743, 2, 2554612)]"
2567 "[(8582, 3, 2564278)]"
916 "[(8545, 2, 2573165), (8545, 2, 2573222)]"
5711 "[(8565, 3, 2574393), (8565, 3, 2574476)]"
4029 "[(8872, 2, 2584722)]"
3718 "[(8587, 0, 2604367)]"
8105 "[(8547, 3, 2604770), (8547, 3, 2606628)]"
5168 "[(8423, 2, 2606077)]"
8119 "[(8556, 0, 2621898)]"
1625 "[(8463, 3, 2626175)]"
7756 "[(9084, 2, 2627591)]"
249 "[(8814, 2, 2628189)]"
6209 "[(9084, 2, 2643135)]"
824 "[(8593, 0, 2668828)]"
4251 "[(9205, 2, 2669800), (9084, 2, 2671118), (9084, 2, 2671633)]"
9209 "[(890, 2, 2670173)]"
6417 "[(8590, 2, 2670176), (8590, 2, 2673452)]"
2019 "[(9223, 2, 2676672)]"
