21 "[(8247, 3, 1314), (8484, 1, 220462)]"
8249 "[(17, 0, 1451), (52, 1, 4669), (68, 3, 6344), (335, 0, 46153), (476, 0, 65514), (335, 0, 105675), (920, 1, 145165), (476, 0, 146265), (471, 3, 155351), (1046, 0, 164032), (335, 0, 168097), (1046, 0, 168143), (1046, 0, 169099), (1046, 0, 169431), (1046, 0, 169485), (1046, 0, 169511), (1046, 0, 169515), (1046, 0, 169562), (1046, 0, 169656), (1046, 0, 169680), (1046, 0, 169739), (1046, 0, 169894), (1046, 0, 169933), (1140, 0, 185796), (476, 0, 219052), (476, 0, 231728), (476, 0, 233381), (1180, 1, 248982), (335, 0, 300295), (476, 0, 338910), (476, 0, 338970), (1912, 0, 358270), (1625, 0, 408363), (476, 0, 418603), (476, 0, 418625), (1038, 3, 428678), (1038, 3, 484765), (1038, 3, 513573), (912, 0, 514092), (476, 0, 514300), (2495, 0, 514394), (335, 0, 533573), (1038, 3, 536857), (1038, 3, 536883), (281, 0, 556036), (476, 0, 592878), (476, 0, 596559), (1038, 3, 600191), (1038, 3, 600226), (1038, 3, 600253), (3011, 0, 637744), (476, 0, 679161), (476, 0, 679192), (1432, 0, 708086), (285, 1, 730046), (2649, 0, 736489), (476, 0, 750001), (1432, 0, 757492), (285, 1, 759795), (285, 1, 759902), (285, 1, 828497), (285, 1, 828507), (476, 0, 836783), (285, 1, 849214), (281, 0, 857918), (281, 0, 857953), (3763, 0, 870492), (3791, 0, 875650), (335, 0, 904180), (285, 1, 916307), (285, 1, 916363), (285, 1, 916389), (285, 1, 916421), (285, 1, 917729), (1485, 1, 936379), (335, 0, 942509), (1912, 0, 968795), (285, 1, 980074), (476, 0, 1026584), (335, 0, 1032710), (285, 1, 1091783), (476, 0, 1135058), (285, 1, 1152669), (509, 3, 1173182), (476, 0, 1187403), (4827, 0, 1196284), (4827, 0, 1196311), (944, 1, 1209021), (2887, 0, 1260315), (1912, 0, 1270459), (335, 0, 1307487), (285, 1, 1337030), (285, 1, 1337095), (285, 1, 1337126), (285, 1, 1420408), (335, 0, 1441994), (476, 0, 1442480), (335, 0, 1531622), (476, 0, 1619192), (1912, 0, 1650953), (5532, 0, 1651785), (1912, 0, 1661956), (3049, 3, 1667412), (40, 1, 1672011), (17, 0, 1672796), (1912, 0, 1701657), (285, 1, 1711071), (6323, 1, 1769734), (335, 0, 1892122), (627, 0, 1896374), (1912, 0, 1914154), (281, 0, 1937504), (285, 1, 1967902), (476, 0, 2042807), (476, 0, 2042838), (476, 0, 2047529), (476, 0, 2047552), (476, 0, 2047681), (1046, 0, 2072019)]"
36 "[(8263, 3, 2382), (8588, 1, 209832), (8588, 1, 351658), (8588, 1, 359642), (8588, 1, 388711), (8263, 3, 692834)]"
50 "[(8274, 1, 4497), (8274, 1, 4568), (8604, 3, 1285287)]"
8284 "[(17, 0, 5670), (535, 0, 347007), (535, 0, 347211), (535, 0, 347265), (535, 0, 347512), (535, 0, 347691), (535, 0, 347733), (1869, 0, 349381), (1869, 0, 352419), (1869, 0, 352473), (1869, 0, 352558), (17, 0, 369969), (68, 3, 442564), (401, 0, 456631), (2263, 3, 457148), (2305, 1, 474741), (3323, 0, 808278), (1044, 0, 850236), (1448, 0, 1136521), (2015, 0, 1185668), (1673, 1, 1213999), (1448, 0, 1220149), (1448, 0, 1274516), (17, 0, 1358485), (535, 0, 1549807), (535, 0, 1890244), (535, 0, 1890626), (535, 0, 1894944)]"
8286 "[(62, 3, 5855), (62, 3, 6443), (62, 3, 6476), (62, 3, 6615), (301, 3, 48303), (1800, 3, 335152), (1800, 3, 335841), (1800, 3, 336425), (1800, 3, 341952), (1800, 3, 377753), (1800, 3, 378066), (1800, 3, 378131), (1800, 3, 384115), (1800, 3, 430360), (1449, 1, 745284), (1800, 3, 770644), (1800, 3, 770744), (1800, 3, 936961), (537, 1, 982750), (1800, 3, 1113008), (1800, 3, 1113767), (1800, 3, 1466282), (6593, 0, 1968477)]"
8323 "[(17, 0, 12817), (233, 3, 453110), (68, 3, 1117731), (68, 3, 1350114), (68, 3, 1386446), (40, 1, 1930807)]"
115 "[(8325, 3, 14097)]"
8336 "[(95, 1, 17435), (2889, 0, 604273), (95, 1, 622384), (95, 1, 647154), (95, 1, 703892), (1188, 3, 769889), (95, 1, 809016), (95, 1, 898672), (95, 1, 937953), (1188, 3, 964021), (95, 1, 967053), (95, 1, 983358), (95, 1, 1024147), (611, 1, 1063459), (95, 1, 1069425), (95, 1, 1155722), (95, 1, 1196858), (95, 1, 1232482)]"
8261 "[(95, 1, 17757), (220, 1, 29756), (220, 1, 29795), (220, 1, 33411), (220, 1, 40149), (384, 3, 56581), (823, 1, 123585), (823, 1, 202697), (823, 1, 261726), (823, 1, 484721), (318, 3, 617452), (233, 3, 618702), (823, 1, 701586), (2816, 3, 965663), (823, 1, 986161), (2816, 3, 1012774), (2196, 0, 1554290), (823, 1, 1685211), (823, 1, 1685305)]"
8299 "[(68, 3, 18679), (630, 1, 88044), (713, 0, 100746), (630, 1, 111793), (630, 1, 133198), (630, 1, 133286), (630, 1, 152535), (630, 1, 152819), (630, 1, 154481), (1007, 1, 157696), (1390, 3, 243366), (1390, 3, 243430), (1399, 1, 245065), (103, 1, 318984), (1390, 3, 541272), (1390, 3, 579279), (4085, 3, 1468910), (750, 3, 1826666)]"
8264 "[(190, 0, 24014), (659, 3, 111317), (2069, 0, 540254), (2069, 0, 540343), (167, 0, 562251), (443, 1, 1710772), (659, 3, 1826637), (22, 3, 1904911), (335, 0, 2062358)]"
8242 "[(194, 1, 24708), (194, 1, 24819), (194, 1, 24919), (194, 1, 28575), (194, 1, 30311), (194, 1, 31503), (22, 3, 34668), (335, 0, 47137), (335, 0, 49991), (194, 1, 113962), (552, 0, 135057), (335, 0, 166484), (335, 0, 249400), (1210, 0, 376811), (537, 1, 385827), (335, 0, 603823), (335, 0, 604049), (1027, 0, 682866), (1027, 0, 682976), (1027, 0, 683259), (335, 0, 697746), (725, 1, 752841), (335, 0, 761283), (335, 0, 849200), (335, 0, 943138), (335, 0, 1133274), (335, 0, 1209100), (335, 0, 1209167), (190, 0, 1217149), (335, 0, 1305132), (335, 0, 1365704), (335, 0, 1442759), (335, 0, 1532238), (4085, 3, 1590806), (335, 0, 1645407), (335, 0, 1730554), (335, 0, 1775133), (335, 0, 1814910), (335, 0, 1853978), (335, 0, 1988132), (335, 0, 2047904)]"
8402 "[(17, 0, 30558), (3238, 0, 1202276), (3238, 0, 1202377), (2198, 3, 1202700), (4273, 0, 1202822), (4019, 3, 1213433), (4019, 3, 1213434), (220, 1, 1219383), (3270, 3, 1235096), (2867, 0, 1279887), (1185, 3, 1331847), (1185, 3, 1332083), (1185, 3, 1332171), (1185, 3, 1512414), (40, 1, 1579546), (5622, 1, 1819884), (233, 3, 1847633), (1013, 0, 1886818), (17, 0, 1889772), (6170, 1, 1894915), (6170, 1, 1894980), (2485, 1, 1976550), (125, 0, 2001858), (500, 0, 2067960), (3379, 1, 2080994), (3379, 1, 2081161)]"
235 "[(8235, 1, 30675), (8282, 0, 286661), (8549, 3, 1109916), (8290, 3, 1620287)]"
238 "[(8315, 1, 31188), (8968, 1, 854953), (8968, 1, 855107), (9103, 0, 1335614)]"
241 "[(8302, 3, 31670)]"
8374 "[(17, 0, 32797), (730, 0, 180391), (730, 0, 180409), (233, 3, 365385), (1853, 3, 609175), (423, 3, 878115), (125, 0, 881385), (233, 3, 1321157), (17, 0, 1485436), (233, 3, 1661205), (68, 3, 1687869), (17, 0, 1922905), (68, 3, 1988914)]"
8414 "[(40, 1, 33281), (682, 0, 93607), (695, 3, 98001), (695, 3, 147806), (695, 3, 331358), (695, 3, 331378), (695, 3, 496961), (695, 3, 496975), (695, 3, 500861), (2639, 3, 546760), (267, 0, 621864), (1494, 3, 694086), (89, 3, 795077), (383, 3, 830362), (3709, 0, 853810), (383, 3, 864014), (2146, 0, 867072), (387, 0, 972508), (233, 3, 974291), (695, 3, 1102383), (2146, 0, 1138030), (387, 0, 1143840), (4085, 3, 1161797), (1449, 1, 1459351), (713, 0, 1687176)]"
8427 "[(40, 1, 35299), (68, 3, 45737), (68, 3, 504692), (40, 1, 544038)]"
8405 "[(233, 3, 35444), (233, 3, 36128), (40, 1, 36339), (782, 1, 1537064), (233, 3, 1924485)]"
8296 "[(40, 1, 35678), (68, 3, 63410), (68, 3, 258284), (750, 3, 276605), (1189, 1, 619728), (73, 1, 1166141)]"
8423 "[(261, 0, 35682), (331, 3, 60959), (331, 3, 61356), (331, 3, 61406), (456, 3, 62993), (471, 3, 64218), (471, 3, 64277), (116, 3, 64397), (482, 3, 65069), (482, 3, 65128), (482, 3, 65416), (499, 3, 66727), (499, 3, 66765), (508, 3, 67755), (508, 3, 67889), (508, 3, 68238), (508, 3, 68293), (261, 0, 68343), (518, 3, 68348), (261, 0, 68376), (543, 3, 71534), (404, 0, 72634), (404, 0, 72665), (374, 3, 73476), (68, 3, 76041), (68, 3, 79594), (614, 0, 80647), (68, 3, 87042), (421, 3, 90449), (68, 3, 137210), (892, 3, 140252), (749, 1, 157105), (233, 3, 286442), (1793, 3, 401170), (1793, 3, 404319), (1778, 0, 472495), (1778, 0, 499936), (423, 3, 681330), (1973, 3, 859891), (1973, 3, 1112449), (1970, 1, 1176439), (4085, 3, 1222842), (383, 3, 2062771)]"
262 "[(8302, 3, 35966)]"
8318 "[(17, 0, 37052), (423, 3, 59854), (482, 3, 143901), (537, 1, 155163), (537, 1, 212085), (695, 3, 245484), (1866, 3, 367928), (2098, 0, 425498), (17, 0, 519929), (233, 3, 540814), (695, 3, 580909), (233, 3, 626705), (482, 3, 682481), (1970, 1, 757695), (995, 0, 763979), (17, 0, 766357), (68, 3, 777361), (233, 3, 810582), (537, 1, 824981), (537, 1, 834833), (350, 3, 908010), (3994, 1, 942519), (537, 1, 1010961), (537, 1, 1067866), (2833, 1, 1088569), (537, 1, 1113556), (497, 0, 1188173), (17, 0, 1262916), (4752, 0, 1436321), (4016, 1, 1519458), (1866, 3, 1651479), (537, 1, 1792445), (5155, 0, 2002309), (1044, 0, 2030461)]"
8433 "[(73, 1, 37800), (68, 3, 55555), (68, 3, 117370), (233, 3, 283737), (68, 3, 295531), (233, 3, 452780), (628, 3, 501202), (68, 3, 533119), (1929, 1, 547516), (1929, 1, 614964), (1176, 1, 658044), (233, 3, 805225), (233, 3, 807270), (68, 3, 1355710), (2087, 3, 1625773), (233, 3, 1751755)]"
8434 "[(73, 1, 37961), (443, 1, 72482), (443, 1, 204730), (611, 1, 300926), (611, 1, 302181), (443, 1, 809576), (443, 1, 1613079), (898, 0, 1940696)]"
8350 "[(68, 3, 40290), (284, 3, 40549), (8, 1, 67421), (233, 3, 116757), (68, 3, 274376), (68, 3, 339947), (68, 3, 536703), (423, 3, 1202977), (5119, 1, 1289299), (772, 3, 1309865), (4019, 3, 1322736), (4019, 3, 1322743), (423, 3, 1422452), (8, 1, 1672139), (1778, 0, 1719408), (772, 3, 1820340), (772, 3, 1820388), (772, 3, 1820602), (772, 3, 1820717), (772, 3, 1821253), (233, 3, 1921564), (284, 3, 2048932)]"
8411 "[(331, 3, 45592), (331, 3, 51598), (487, 1, 65417), (496, 1, 78878), (190, 0, 89763), (285, 1, 132632), (870, 3, 135193), (912, 0, 148365), (17, 0, 148451), (17, 0, 150750), (384, 3, 162157), (1070, 0, 167811), (17, 0, 186170), (1007, 1, 186302), (190, 0, 199359), (1294, 0, 223645), (1007, 1, 234415), (1007, 1, 236425), (17, 0, 250645), (190, 0, 250713), (1466, 3, 259672), (68, 3, 263314), (1519, 3, 270950), (1519, 3, 270973), (17, 0, 302573), (17, 0, 316136), (1702, 1, 319504), (190, 0, 336446), (17, 0, 347927), (1610, 1, 381190), (17, 0, 386921), (496, 1, 450974), (1793, 3, 479801), (870, 3, 493387), (220, 1, 617136), (220, 1, 617208), (487, 1, 640966), (1294, 0, 694969), (2098, 0, 713107), (2098, 0, 713126), (870, 3, 753123), (870, 3, 848292), (2098, 0, 852921), (1140, 0, 976254), (2198, 3, 1019404), (1140, 0, 1023397), (2526, 3, 1044521), (4541, 0, 1110544), (1493, 1, 1170439), (509, 3, 1173223), (2098, 0, 1178772), (63, 3, 1238824), (233, 3, 1239809), (63, 3, 1240414), (1702, 1, 1244071), (1046, 0, 1249019), (870, 3, 1273006), (285, 1, 1344124), (3532, 0, 1368002), (1723, 3, 1422610), (1723, 3, 1422748), (1723, 3, 1423110), (912, 0, 1440611), (912, 0, 1440735), (1294, 0, 1444659), (2577, 0, 1462318), (870, 3, 1464154), (912, 0, 1485956), (1702, 1, 1517371), (1811, 3, 1612146), (1811, 3, 1616845), (2146, 0, 1638145), (2146, 0, 1638322), (68, 3, 1666469), (487, 1, 1705721), (67, 1, 1868142), (285, 1, 1885318), (285, 1, 1936600)]"
336 "[(8295, 0, 46237), (8723, 1, 1128542)]"
356 "[(8302, 3, 49518), (8592, 0, 222227), (8588, 1, 654153), (8356, 3, 654174), (8404, 0, 870370), (8734, 3, 913500), (8446, 1, 913535), (8583, 0, 999954), (8572, 1, 1000033), (8544, 0, 1172592)]"
367 "[(8234, 1, 51685), (8447, 3, 479731), (8815, 1, 1582677), (8339, 3, 1587435), (9002, 3, 1588456), (9041, 1, 1594631), (8832, 3, 1594691), (8848, 3, 1606123), (8287, 1, 1689135), (8255, 0, 1690550), (8262, 0, 1705569), (8904, 3, 1756193), (8611, 0, 1854310), (8556, 1, 1962602)]"
321 "[(8476, 1, 53098)]"
378 "[(8463, 0, 53980), (8463, 0, 176262), (8357, 0, 176586), (8463, 0, 234023), (8551, 1, 334901), (8551, 1, 429809), (8463, 0, 430003)]"
437 "[(8355, 0, 61091), (8355, 0, 61266), (8355, 0, 156423), (8695, 1, 205541), (8766, 1, 263402), (8766, 1, 269954), (8295, 0, 497178), (8355, 0, 517748), (8355, 0, 682592), (8766, 1, 924652), (9080, 1, 1208764), (8582, 0, 1362433), (8766, 1, 1742574), (9140, 1, 1800234), (9140, 1, 1800283), (9080, 1, 1808914), (9140, 1, 1914706)]"
8331 "[(443, 1, 61952), (68, 3, 63158), (443, 1, 201960), (17, 0, 331428), (233, 3, 545051), (509, 3, 1084265), (233, 3, 1241864), (5117, 0, 1290739), (4019, 3, 1323069), (4019, 3, 1323072), (537, 1, 1609276), (233, 3, 1666025), (233, 3, 1847493), (5622, 1, 1928475)]"
8317 "[(450, 1, 62439), (22, 3, 479761), (68, 3, 1394448)]"
467 "[(8429, 0, 63722), (8429, 0, 63894), (8927, 1, 966519), (8577, 0, 1216032), (8365, 3, 1817140), (9183, 3, 1972368), (8866, 0, 1981068)]"
492 "[(8520, 1, 65869), (8520, 1, 66583), (8520, 1, 66901), (8520, 1, 68423), (8470, 1, 72518), (8520, 1, 73208), (8520, 1, 73234), (8520, 1, 80407), (8520, 1, 80513), (8520, 1, 80683), (8520, 1, 80835), (8520, 1, 81109), (8520, 1, 81155), (8520, 1, 159033), (8470, 1, 195460), (8887, 3, 529128), (8470, 1, 682960), (8520, 1, 683073), (8969, 3, 749375), (9048, 1, 1009133), (8470, 1, 1009266), (8470, 1, 1056183), (8470, 1, 1125267), (8470, 1, 1125825), (8969, 3, 1133408), (8470, 1, 1133715), (8470, 1, 1135455), (8470, 1, 1144886), (8470, 1, 1295187), (8470, 1, 1299771), (8470, 1, 1299805), (8470, 1, 1357780), (8470, 1, 1450399), (8470, 1, 1450430), (8470, 1, 1660607), (8470, 1, 1661294), (8470, 1, 1664707), (8470, 1, 1724607), (8470, 1, 1746148), (8470, 1, 1820035), (9185, 3, 1899122), (9185, 3, 1899284), (9185, 3, 1899736), (9185, 3, 1901149), (9185, 3, 1902544), (9185, 3, 1904301), (9185, 3, 1904539), (9185, 3, 1905805), (9185, 3, 1906636), (9185, 3, 1906681), (9185, 3, 1906728), (9185, 3, 1907261), (9185, 3, 1907359), (9185, 3, 1907570), (9185, 3, 1907609), (9185, 3, 1911227), (9185, 3, 1912253), (9185, 3, 1912927)]"
502 "[(8276, 3, 67263), (8276, 3, 71201), (8246, 0, 614373), (8476, 1, 793503), (8551, 1, 864095)]"
532 "[(8499, 0, 70467), (8554, 3, 75957), (8722, 3, 255193), (8841, 0, 345482), (8435, 1, 373784), (8341, 0, 400448), (8732, 1, 404747), (8461, 0, 492371), (8273, 1, 544487), (8625, 1, 574270), (8548, 3, 577374), (8401, 1, 714336), (8237, 0, 755107), (8437, 1, 890209), (8687, 3, 926234), (8295, 0, 934096), (8726, 0, 1015022), (8367, 3, 1018684), (8719, 3, 1022852), (8841, 0, 1091466), (8504, 0, 1095585), (8447, 3, 1111465), (8601, 3, 1128565), (8644, 0, 1279910), (8401, 1, 1320384), (8644, 0, 1359842), (8906, 0, 1449562), (8683, 3, 1491465), (8418, 0, 1995893), (8591, 3, 2008038), (8535, 3, 2047472), (8827, 1, 2070994)]"
541 "[(8544, 0, 71418), (8544, 0, 71470), (8544, 0, 71565), (8544, 0, 71672)]"
8546 "[(285, 1, 72489), (285, 1, 72499), (303, 1, 207147), (233, 3, 372712), (233, 3, 452020), (233, 3, 624301), (68, 3, 849420), (3963, 1, 935037), (1188, 3, 1138786)]"
554 "[(8276, 3, 72965)]"
8256 "[(588, 3, 76877), (588, 3, 77254), (734, 3, 105130), (68, 3, 107459), (870, 3, 139659), (1188, 3, 199955), (1726, 1, 325298)]"
8529 "[(35, 0, 77886), (35, 0, 77952), (35, 0, 77988), (476, 0, 90728), (2230, 1, 691130), (3169, 0, 1187979), (80, 0, 1375479), (1294, 0, 1911009)]"
8358 "[(17, 0, 88465), (22, 3, 88552), (1040, 3, 163133), (1401, 3, 356682), (1401, 3, 396200), (2042, 3, 399059), (2146, 0, 421244), (2146, 0, 421262), (611, 1, 423564), (764, 3, 672339), (1040, 3, 687683), (1040, 3, 707562), (1401, 3, 791356), (2943, 0, 800818), (1401, 3, 854523), (4390, 3, 1053599), (17, 0, 1062475), (291, 3, 1070854), (17, 0, 1207695), (22, 3, 1207738), (17, 0, 1262198), (72, 3, 1264036), (22, 3, 1287835), (233, 3, 1326471), (730, 0, 1518085), (730, 0, 1518103), (2042, 3, 1572778), (2933, 3, 1713889), (6194, 0, 1713988), (2933, 3, 1714482), (2933, 3, 1714553), (53, 3, 1726979), (476, 0, 1742421), (6164, 1, 1763754)]"
8441 "[(660, 3, 89795), (68, 3, 115037), (1059, 1, 166292), (1059, 1, 166335), (1059, 1, 166373), (1176, 1, 196426), (1364, 1, 239428), (233, 3, 887475), (660, 3, 1196856), (6646, 3, 2083006), (6646, 3, 2083026)]"
664 "[(8246, 0, 90555), (8588, 1, 572038), (8556, 1, 936180), (8447, 3, 1095314)]"
680 "[(8263, 3, 92922)]"
8593 "[(697, 1, 98226), (233, 3, 286149), (1237, 0, 317865), (1492, 0, 341051), (2105, 3, 463832), (22, 3, 481602), (22, 3, 482064), (125, 0, 531536), (125, 0, 531915), (53, 3, 534616), (745, 0, 537565), (745, 0, 537719), (1332, 0, 581471), (1314, 3, 684399), (912, 0, 684482), (261, 0, 685183), (2510, 0, 695318), (4390, 3, 1202183), (423, 3, 1203009), (261, 0, 1208205), (261, 0, 1208227), (261, 0, 1208254), (3434, 0, 1311612), (4742, 1, 1390466), (3464, 0, 1609625)]"
479 "[(8300, 1, 102737)]"
8603 "[(733, 3, 104717), (3495, 3, 776802), (73, 1, 824163), (239, 1, 1260393), (239, 1, 1346689), (2230, 1, 1404652), (2230, 1, 1404856), (871, 3, 1425641), (3495, 3, 1466663), (826, 1, 1472135), (871, 3, 1487549), (233, 3, 1489350), (40, 1, 1501598), (5209, 3, 1805228), (5209, 3, 1805336), (5188, 3, 1821867), (5188, 3, 1821912), (5262, 3, 1832603), (5262, 3, 1832688), (671, 0, 1889275), (671, 0, 1889303), (233, 3, 1923844)]"
8594 "[(742, 1, 106530), (3209, 3, 1098913), (1276, 0, 1270182), (1276, 0, 1270337), (17, 0, 1617883), (4515, 3, 1618047), (17, 0, 1942183), (2687, 1, 1942426), (742, 1, 1977059), (742, 1, 1983226), (22, 3, 1984549)]"
8622 "[(792, 0, 116052), (284, 3, 132863), (284, 3, 135885), (17, 0, 138587), (421, 3, 138670), (421, 3, 138697), (318, 3, 153166), (318, 3, 164278), (318, 3, 164404), (1101, 3, 173692), (22, 3, 179353), (17, 0, 182370), (935, 3, 194790), (68, 3, 196959), (68, 3, 220527), (1290, 1, 223414), (284, 3, 238938), (423, 3, 239259), (1419, 3, 247872), (17, 0, 259231), (1013, 0, 262511), (17, 0, 264623), (552, 0, 303999), (17, 0, 327702), (660, 3, 334138), (1792, 0, 334265), (17, 0, 341903), (1860, 1, 346308), (17, 0, 349161), (17, 0, 349446), (17, 0, 349463), (125, 0, 355098), (482, 3, 359228), (1928, 3, 364328), (1928, 3, 365952), (233, 3, 368885), (537, 1, 387284), (2005, 0, 391094), (482, 3, 401179), (482, 3, 401310), (482, 3, 401371), (482, 3, 401486), (482, 3, 401811), (482, 3, 401988), (828, 3, 451391), (828, 3, 451515), (828, 3, 451971), (175, 1, 452150), (2274, 1, 463188), (2005, 0, 499902), (1184, 1, 591151), (2848, 3, 596545), (1975, 0, 598268), (284, 3, 678255), (3187, 1, 686611), (2595, 0, 893889)]"
8522 "[(40, 1, 117105), (233, 3, 1839421), (233, 3, 2014344)]"
804 "[(8363, 1, 119281), (8439, 1, 1478986)]"
8275 "[(17, 0, 124186), (68, 3, 315918), (233, 3, 452161), (284, 3, 1892554), (8, 1, 1989207)]"
8631 "[(8, 1, 124694), (659, 3, 270194), (68, 3, 288583), (8, 1, 301739), (8, 1, 301822), (8, 1, 306357), (8, 1, 306596), (8, 1, 306857), (8, 1, 306927), (8, 1, 306969), (8, 1, 307326), (990, 1, 311684), (990, 1, 311875), (990, 1, 313420), (68, 3, 321146), (233, 3, 454548), (8, 1, 464241), (8, 1, 820128), (537, 1, 827175), (8, 1, 829280), (1392, 1, 837999), (4085, 3, 1313329), (67, 1, 1611273), (4085, 3, 1755578), (8, 1, 1963125)]"
8372 "[(487, 1, 127948), (487, 1, 127979), (487, 1, 128080), (318, 3, 152603), (384, 3, 163344), (1218, 3, 207504), (1218, 3, 235842), (1218, 3, 253069), (1646, 0, 307211), (285, 1, 330148), (823, 1, 357190), (40, 1, 506058)]"
845 "[(8552, 3, 128748)]"
8384 "[(68, 3, 129272), (423, 3, 351880), (17, 0, 355509), (611, 1, 1340332), (423, 3, 1640740), (17, 0, 1724016), (627, 0, 1724958), (233, 3, 1749641), (912, 0, 1811225), (912, 0, 1811271), (730, 0, 1886105), (730, 0, 1886126)]"
853 "[(8588, 1, 130883), (9166, 3, 1835399), (8347, 3, 2037047)]"
859 "[(8446, 1, 131866), (8648, 1, 1504113)]"
8657 "[(890, 3, 139887), (2143, 3, 1131098), (2143, 3, 1216139)]"
917 "[(8247, 3, 144782)]"
8619 "[(150, 1, 145712), (450, 1, 165080), (150, 1, 183053), (233, 3, 374583), (826, 1, 782746), (233, 3, 1059650), (233, 3, 1664177)]"
45 "[(8380, 0, 146880), (8843, 3, 357128), (8446, 1, 357896), (8539, 3, 451841), (8667, 1, 602717), (8667, 1, 647936), (8847, 3, 721008), (8567, 1, 759037), (8847, 3, 768125), (8613, 3, 830807), (8784, 3, 922389), (8241, 3, 1028586), (8559, 3, 1030277), (8536, 0, 1787915), (9090, 3, 1938261)]"
8670 "[(365, 1, 147833), (365, 1, 370229), (365, 1, 370362), (3264, 0, 708648), (68, 3, 709868), (969, 1, 728923), (969, 1, 729019), (969, 1, 753766), (506, 0, 817496), (365, 1, 834836), (1593, 1, 841501), (506, 0, 857024), (506, 0, 937972), (365, 1, 972524), (506, 0, 990955), (506, 0, 993675), (2365, 0, 1054796), (365, 1, 1063979), (365, 1, 1075335), (506, 0, 1077141), (506, 0, 1077193), (920, 1, 1089386), (365, 1, 1339503), (969, 1, 1355249), (506, 0, 1697182), (365, 1, 1756042), (1726, 1, 1880765)]"
420 "[(8438, 3, 150741), (9034, 0, 1264321), (8992, 0, 1361795), (8243, 3, 1527099)]"
954 "[(8624, 1, 150904), (8424, 1, 154913), (8637, 1, 695761), (8923, 0, 783157), (8725, 3, 784175), (8970, 1, 1129204), (9059, 0, 1309383), (8552, 3, 1310574), (8908, 3, 1311926), (8431, 3, 1312615), (8314, 3, 1742886), (8980, 1, 1914721), (8887, 3, 1962412), (8435, 1, 1972787), (8466, 1, 1972872), (8591, 3, 2007524), (8837, 0, 2075188), (8333, 0, 2076268)]"
8682 "[(17, 0, 153558), (190, 0, 154205), (22, 3, 154344), (22, 3, 154617), (552, 0, 608301), (611, 1, 1466932), (17, 0, 1468658), (2390, 0, 1496940), (497, 0, 1536029), (4752, 0, 1540200), (17, 0, 1549470), (17, 0, 1561457), (611, 1, 1572924), (17, 0, 1632837), (2881, 0, 1633221), (17, 0, 1633970), (261, 0, 1643914), (17, 0, 1712999), (3238, 0, 1713392), (3238, 0, 1713511), (5037, 3, 1792059), (627, 0, 1992071), (17, 0, 1992928)]"
867 "[(8683, 3, 154082), (8887, 3, 493825), (8339, 3, 686897), (9113, 1, 1469400), (9166, 3, 1722126), (8628, 1, 1983098), (9113, 1, 2023614)]"
8545 "[(990, 1, 154776), (68, 3, 165089), (1536, 0, 274331), (233, 3, 454000), (2024, 3, 509369), (2024, 3, 611380), (2024, 3, 611523), (233, 3, 626501), (990, 1, 660189), (990, 1, 660457), (990, 1, 660607), (3237, 3, 698718), (3237, 3, 698787), (3237, 3, 698881), (3237, 3, 708211), (3237, 3, 708320), (990, 1, 739388), (990, 1, 766521), (2806, 3, 838765), (537, 1, 919517), (1449, 1, 923899), (990, 1, 930892), (990, 1, 931031), (990, 1, 931262), (990, 1, 996488), (17, 0, 1024462), (483, 3, 1024655), (497, 0, 1024783), (1013, 0, 1024873), (3237, 3, 1145926), (17, 0, 1177348), (483, 3, 1178501), (284, 3, 1360871), (233, 3, 1492055), (17, 0, 1534863), (4586, 0, 1534925), (4586, 0, 1535334), (17, 0, 1540077), (990, 1, 1549573), (990, 1, 1555390), (68, 3, 1614544), (68, 3, 1684414), (6696, 3, 1940570), (6696, 3, 1940763), (6696, 3, 1941005), (6696, 3, 1941449), (552, 0, 2032607), (5412, 1, 2048333)]"
996 "[(8588, 1, 155797), (8588, 1, 155870), (8540, 0, 262235), (8591, 3, 329492), (8591, 3, 329644), (8591, 3, 329851), (8591, 3, 329904), (8510, 3, 330465), (8510, 3, 330508), (8887, 3, 1313265), (8887, 3, 1313315), (8887, 3, 1313375), (8887, 3, 1313423), (8887, 3, 1313480), (8234, 1, 1670066)]"
8390 "[(443, 1, 156613), (67, 1, 230961), (67, 1, 311396), (1962, 0, 378709), (443, 1, 592398), (443, 1, 592691), (443, 1, 602613), (17, 0, 624975), (3027, 1, 641143), (3496, 0, 776761), (443, 1, 891337), (944, 1, 903526), (2079, 0, 929186), (443, 1, 972569), (2079, 0, 1099355), (2079, 0, 1181549), (2079, 0, 1188846), (2079, 0, 1188962), (5237, 1, 1581518), (5237, 1, 1581643), (6049, 0, 1673576), (40, 1, 1754494), (2069, 0, 1806521), (335, 0, 2062676)]"
8553 "[(660, 3, 156783), (1471, 3, 260391), (660, 3, 1019474)]"
8686 "[(691, 1, 157096), (2230, 1, 445412), (2595, 0, 1149520), (22, 3, 1367881), (17, 0, 1605856), (3592, 0, 1701479), (1684, 3, 1703008), (17, 0, 1774007), (292, 3, 1883755), (1684, 3, 1891024), (17, 0, 1907631), (4085, 3, 1997255)]"
1014 "[(8604, 3, 158546)]"
934 "[(8679, 1, 158727), (8679, 1, 168816), (8658, 1, 228497), (8658, 1, 237928), (8679, 1, 241674), (8900, 3, 482195), (8900, 3, 501329), (8900, 3, 510539), (8900, 3, 761086), (8900, 3, 771167), (8900, 3, 827486), (8900, 3, 835266), (8658, 1, 1030421), (8658, 1, 1115848), (8658, 1, 1349366), (8900, 3, 1354196), (8658, 1, 1372327), (8658, 1, 1449093), (8900, 3, 1449387), (8658, 1, 1549656), (8900, 3, 1724032), (8658, 1, 1954898), (8900, 3, 1969192), (8658, 1, 1971154), (8900, 3, 1979204), (8900, 3, 2037201), (8900, 3, 2049720), (8658, 1, 2051596), (8679, 1, 2052480), (8900, 3, 2065677)]"
8486 "[(443, 1, 159563), (443, 1, 585277), (509, 3, 824234), (4752, 0, 1423181), (17, 0, 1780722)]"
96 "[(8583, 0, 165359), (8348, 0, 1742555), (8348, 0, 1742604)]"
8702 "[(68, 3, 167269), (95, 1, 553353), (1857, 1, 1028998), (1857, 1, 1029187), (303, 1, 1330488), (68, 3, 1370110)]"
8528 "[(1039, 3, 167563), (611, 1, 1326664), (5614, 0, 1466228)]"
8557 "[(68, 3, 170816), (983, 3, 188975), (233, 3, 281939), (68, 3, 319258), (40, 1, 338539), (68, 3, 340975)]"
16 "[(8325, 3, 171819), (8325, 3, 840127), (8325, 3, 861486), (8325, 3, 870417), (8325, 3, 2046539), (8325, 3, 2046566), (8325, 3, 2046583)]"
1126 "[(8466, 1, 180995), (8466, 1, 181028), (8466, 1, 370472), (8273, 1, 379154)]"
1127 "[(8535, 3, 181046), (8535, 3, 225212), (8888, 0, 852554), (8888, 0, 912945), (8888, 0, 919201), (8991, 1, 1202243), (8991, 1, 1202401), (8991, 1, 1435460), (8991, 1, 1435494), (8991, 1, 1983168)]"
1133 "[(8263, 3, 182536)]"
8703 "[(430, 3, 186060), (430, 3, 190424), (291, 3, 209048), (291, 3, 209083), (291, 3, 357547), (430, 3, 407715), (430, 3, 408052), (430, 3, 408092), (430, 3, 579697), (17, 0, 609019), (1641, 1, 650881), (1641, 1, 650923), (2524, 3, 717521), (5622, 1, 1531454), (1943, 0, 1560205), (291, 3, 1567505), (291, 3, 1567581), (291, 3, 1568627), (291, 3, 1586236), (4647, 3, 1635828), (291, 3, 1673138), (430, 3, 1714957), (430, 3, 1800855), (430, 3, 1825740), (291, 3, 1851560), (346, 0, 1880741), (22, 3, 1903552), (22, 3, 1906125), (5070, 3, 1983546), (725, 1, 2011923), (430, 3, 2050674), (430, 3, 2084987)]"
322 "[(8247, 3, 189505), (8466, 1, 1315603), (8247, 3, 1686995)]"
1166 "[(8235, 1, 191458)]"
1167 "[(8320, 0, 191581)]"
107 "[(8537, 1, 193909), (8537, 1, 279218), (8537, 1, 539475), (8537, 1, 539566), (8537, 1, 632718), (8537, 1, 887931), (8537, 1, 888187), (8537, 1, 1309726), (8537, 1, 1610564), (8537, 1, 1610681)]"
8416 "[(433, 0, 195491)]"
8254 "[(1176, 1, 196686), (660, 3, 789924), (983, 3, 963100), (233, 3, 973629)]"
8421 "[(1185, 3, 198690), (3476, 1, 768999), (3508, 0, 780071), (17, 0, 780099), (125, 0, 880957), (3716, 3, 1133376), (17, 0, 1593742)]"
775 "[(8282, 0, 201107), (8282, 0, 202697), (8357, 0, 1302970)]"
1199 "[(8327, 1, 202923), (8327, 1, 203208)]"
248 "[(8615, 0, 205677), (8615, 0, 339119), (8652, 0, 446600), (8541, 0, 451079), (8541, 0, 451179), (8652, 0, 451642), (8355, 0, 961187), (8483, 0, 1043613), (8483, 0, 1061256), (9069, 1, 1235641), (9020, 0, 1421435), (8652, 0, 1458686), (8652, 0, 1543417), (8652, 0, 1543475), (8652, 0, 1543513), (8652, 0, 1544476), (8652, 0, 1544641), (9069, 1, 1563931), (8652, 0, 1733252), (8652, 0, 1793952), (8652, 0, 1794549), (8652, 0, 1794689)]"
328 "[(8234, 1, 206851), (8234, 1, 218905)]"
228 "[(8734, 3, 208977), (8588, 1, 209906), (8588, 1, 209978)]"
1235 "[(8234, 1, 212489), (8234, 1, 831626)]"
1245 "[(8719, 3, 213789)]"
71 "[(8687, 3, 214532), (8278, 0, 253000), (8687, 3, 345515), (8687, 3, 496774), (8687, 3, 722912), (8278, 0, 936335), (8687, 3, 1206345), (8983, 0, 1302798), (8983, 0, 1312069), (9059, 0, 1372209), (8806, 0, 1482720), (8806, 0, 1482789), (8806, 0, 1533530)]"
1260 "[(8588, 1, 216983), (8588, 1, 366835), (8588, 1, 463683), (8588, 1, 463829)]"
1261 "[(8719, 3, 216998), (8339, 3, 848785)]"
8397 "[(1267, 3, 217767), (1267, 3, 347774), (1267, 3, 350241), (1267, 3, 776841), (4426, 3, 1890423)]"
1277 "[(8601, 3, 220598), (8601, 3, 220627), (8583, 0, 374929), (8583, 0, 374953), (8572, 1, 376310), (8572, 1, 376337), (8588, 1, 389280), (8588, 1, 389321), (8791, 3, 406271), (8791, 3, 406292), (8791, 3, 406308), (8534, 3, 727508), (8534, 3, 727578), (9048, 1, 1019608), (9048, 1, 1019640), (8269, 3, 1065979), (8269, 3, 1066002), (8237, 0, 1096831), (8237, 0, 1096858), (8404, 0, 1105929), (8404, 0, 1105951), (8292, 3, 1673824), (8292, 3, 1673875), (8292, 3, 1673898), (8588, 1, 1874698), (8588, 1, 1874720), (8588, 1, 1874737), (8749, 0, 2043383), (8749, 0, 2043446), (8749, 0, 2043487)]"
8745 "[(68, 3, 225674), (233, 3, 616569), (68, 3, 669242), (1185, 3, 967684)]"
8227 "[(798, 1, 226236), (798, 1, 226300), (349, 1, 581486), (189, 1, 976456), (189, 1, 1050297), (189, 1, 1050334), (189, 1, 1050622), (189, 1, 1051003), (189, 1, 1051343), (1588, 1, 1757672), (4202, 1, 1805272), (1598, 1, 1929263), (1598, 1, 1929477)]"
1306 "[(8469, 0, 227348), (8458, 0, 393127), (8807, 3, 649808), (8469, 0, 666275)]"
1317 "[(8534, 3, 228689)]"
402 "[(8417, 3, 229832), (8247, 3, 232293), (8450, 3, 607270), (8450, 3, 612275), (8470, 1, 742787), (8549, 3, 750662), (8518, 3, 754140), (8388, 3, 780514), (8749, 0, 785920), (9023, 1, 867196), (9023, 1, 871550), (9023, 1, 871580), (8363, 1, 875699), (8739, 3, 878050), (8260, 3, 957177), (8579, 3, 1126260), (8579, 3, 1133943), (8579, 3, 1134267), (8473, 1, 1446329), (8609, 1, 1708164), (8609, 1, 1708272), (8609, 1, 1911708), (8609, 1, 1911745), (8609, 1, 1912040), (8887, 3, 1979159)]"
8457 "[(940, 1, 232754), (233, 3, 453076), (17, 0, 1480405)]"
156 "[(8611, 0, 236748), (8611, 0, 236863), (8625, 1, 238989), (8343, 0, 247291), (8722, 3, 267609), (8376, 0, 366555), (8273, 1, 381855), (8848, 3, 462806), (8848, 3, 463135), (8848, 3, 463966), (8848, 3, 464148), (8848, 3, 464304), (8848, 3, 464804), (8848, 3, 465150), (8246, 0, 465630), (8561, 0, 635675), (8471, 1, 789009), (8620, 0, 806596), (8620, 0, 809135), (8620, 0, 809192), (8620, 0, 809297), (8687, 3, 874602), (8355, 0, 961100), (8446, 1, 965742), (8341, 0, 969577), (8623, 0, 1055436), (8263, 3, 1138306), (8370, 0, 1138690), (9086, 3, 1240373), (9086, 3, 1240643), (8577, 0, 1557417), (8791, 3, 1558148), (9129, 3, 1663717), (8343, 0, 1840813)]"
8413 "[(1375, 3, 241045), (1314, 3, 684063), (1314, 3, 684114), (1314, 3, 684371), (1314, 3, 684429), (1375, 3, 728285), (73, 1, 824051), (762, 3, 959594), (1375, 3, 1303535), (1375, 3, 1303712), (1670, 0, 1333159), (22, 3, 1362221), (1670, 0, 1408145), (4085, 3, 1741096), (40, 1, 1824093), (22, 3, 1906541)]"
8346 "[(17, 0, 241163), (611, 1, 247435), (1004, 1, 261817), (1004, 1, 273888), (1004, 1, 277064), (233, 3, 281150), (611, 1, 299264), (611, 1, 339066), (1004, 1, 346675), (611, 1, 426639), (1004, 1, 431284), (423, 3, 437468), (2069, 0, 483887), (2069, 0, 483964), (423, 3, 604030), (826, 1, 700090), (17, 0, 742683), (608, 0, 746290), (497, 0, 845799), (1185, 3, 1004756), (1185, 3, 1084837), (1185, 3, 1085171), (1185, 3, 1155889), (782, 1, 1436937), (1185, 3, 1583268), (1185, 3, 1585239), (1185, 3, 1585339), (5037, 3, 1751593), (1185, 3, 1782761), (22, 3, 1958947), (1314, 3, 1970898), (1314, 3, 1971083), (611, 1, 1984972)]"
8576 "[(1219, 1, 241734), (1313, 1, 242001), (1313, 1, 242089), (1313, 1, 242323), (1313, 1, 242533), (1219, 1, 302395), (1313, 1, 328764), (1313, 1, 328885), (1313, 1, 328958), (1313, 1, 330461), (2476, 1, 752018), (1219, 1, 760036), (623, 1, 765548), (623, 1, 768001), (623, 1, 768044), (623, 1, 768084), (1219, 1, 839904), (1219, 1, 849487), (1219, 1, 1360449), (1219, 1, 1367204), (2476, 1, 1459859), (1219, 1, 1515735), (1219, 1, 1545780), (1219, 1, 1545861), (1219, 1, 1545895), (4178, 1, 1642406), (2020, 1, 1869241)]"
1412 "[(8365, 3, 246615)]"
8586 "[(611, 1, 247335), (1389, 3, 1601366), (307, 0, 1606317), (307, 0, 1606333), (596, 1, 1741331), (1389, 3, 1863714)]"
1417 "[(8260, 3, 247693), (8526, 3, 1046796)]"
385 "[(8408, 3, 253184)]"
1443 "[(8734, 3, 253655), (8734, 3, 253708), (8734, 3, 253783), (8734, 3, 253899), (8734, 3, 253968), (8734, 3, 254035), (8734, 3, 254522), (8734, 3, 255126), (8734, 3, 255275), (8734, 3, 255593), (8734, 3, 255789), (8734, 3, 256387), (8734, 3, 256732), (8734, 3, 257264), (8734, 3, 269228), (8734, 3, 269773), (8734, 3, 270253), (8734, 3, 334749), (8734, 3, 335005), (8734, 3, 335079), (8734, 3, 336700), (8734, 3, 337168), (8734, 3, 422474), (8734, 3, 669984), (8356, 3, 675638), (8356, 3, 679198), (8734, 3, 845186), (8356, 3, 865535), (8356, 3, 865645), (8356, 3, 1297167), (8356, 3, 1297406), (8356, 3, 1298251), (8590, 3, 1487614), (8356, 3, 1487799), (8356, 3, 1557159), (8356, 3, 1558897), (8356, 3, 1559059), (8356, 3, 1559305), (8356, 3, 1614342), (8356, 3, 1614560), (8590, 3, 1622155), (8590, 3, 1748242), (8590, 3, 1828029), (8590, 3, 1829152), (8356, 3, 1874531), (8356, 3, 1884464), (8356, 3, 1898831), (8356, 3, 2057569), (8356, 3, 2057930)]"
1458 "[(8375, 3, 257789)]"
8772 "[(571, 3, 261095), (246, 3, 409561), (68, 3, 566854), (1778, 0, 959392), (571, 3, 965753), (571, 3, 965976), (571, 3, 967417), (571, 3, 967495), (571, 3, 967893), (571, 3, 968302), (571, 3, 968763), (571, 3, 969209), (571, 3, 970242), (4085, 3, 1226017), (1804, 3, 1266844), (571, 3, 1456936), (4085, 3, 1599277)]"
165 "[(8694, 3, 261128), (8694, 3, 261155), (8694, 3, 261180), (8694, 3, 261195), (8694, 3, 261232), (8694, 3, 261262), (8694, 3, 261299), (8694, 3, 261325), (8694, 3, 266176), (8694, 3, 272351), (8694, 3, 272385), (8623, 0, 676121), (8623, 0, 676181), (8623, 0, 676291), (8623, 0, 676402), (8623, 0, 676455), (8260, 3, 1024689), (8260, 3, 1024810), (8260, 3, 1024885), (8260, 3, 1024979), (8260, 3, 1025131), (8260, 3, 1025213), (8260, 3, 1025267), (8260, 3, 1025405), (8260, 3, 1025481), (8260, 3, 1025589)]"
1482 "[(8246, 0, 262189), (8246, 0, 262206)]"
731 "[(8734, 3, 262716), (8734, 3, 263603), (8719, 3, 309803), (8295, 0, 491639), (8801, 0, 671409), (8515, 3, 695003), (8515, 3, 695117), (8734, 3, 787088), (8719, 3, 940987), (8295, 0, 1054033), (8241, 3, 1100054), (8241, 3, 1396602), (8241, 3, 1396812)]"
1382 "[(8260, 3, 266344), (8260, 3, 266393), (8260, 3, 316961), (8260, 3, 317462), (8260, 3, 317744), (8260, 3, 317893), (8260, 3, 335153), (8260, 3, 335295), (8260, 3, 336006), (8260, 3, 336119), (8896, 3, 698433)]"
8639 "[(552, 0, 269144), (2131, 3, 416689), (2131, 3, 423690), (2131, 3, 423858), (552, 0, 423859), (1894, 0, 446715), (17, 0, 450448), (2277, 0, 463662), (552, 0, 471418), (233, 3, 544659), (2819, 1, 592332), (17, 0, 650776), (1894, 0, 687494), (1894, 0, 689603), (552, 0, 701858), (441, 3, 767092), (552, 0, 772887), (1894, 0, 890903), (2216, 3, 905729), (68, 3, 941169), (2131, 3, 955868), (1894, 0, 1036414), (552, 0, 1208520), (552, 0, 1246255), (552, 0, 1246269), (17, 0, 1289579), (4724, 0, 1292539), (2881, 0, 1295143), (552, 0, 1431083), (2131, 3, 1503082), (552, 0, 1624186), (2216, 3, 1665925), (2131, 3, 1693638), (6564, 1, 1909782), (17, 0, 1909783), (6564, 1, 1909888), (22, 3, 1909934), (17, 0, 2084161)]"
8779 "[(571, 3, 270438), (40, 1, 1555445), (40, 1, 1558095), (68, 3, 1633127), (40, 1, 1637782)]"
8477 "[(750, 3, 271077), (3055, 1, 676474), (1854, 3, 688735), (441, 3, 835761), (2146, 0, 1021590), (2146, 0, 1186309)]"
1549 "[(8269, 3, 277839), (8273, 1, 294519), (8269, 3, 466161), (8688, 3, 615256), (8688, 3, 615756), (8688, 3, 616767), (8688, 3, 617812), (8887, 3, 678555), (8688, 3, 975058), (8688, 3, 975540)]"
1552 "[(8302, 3, 278256), (8302, 3, 280461), (8565, 0, 449674), (8565, 0, 449953), (8302, 3, 763735), (9006, 1, 1020278), (8266, 1, 1023106), (8278, 0, 1063541), (9069, 1, 1239895)]"
8253 "[(233, 3, 280810), (233, 3, 452148), (3364, 3, 789926), (2480, 3, 1445502), (4280, 3, 1540884), (6653, 3, 2066598), (68, 3, 2079113)]"
1570 "[(8791, 3, 284084), (8791, 3, 284729), (8544, 0, 1532310)]"
1173 "[(8300, 1, 285132), (8939, 0, 678921), (8968, 1, 969909), (8696, 0, 1037709), (8424, 1, 1126257), (8255, 0, 1139507)]"
8755 "[(233, 3, 285323), (1857, 1, 358269), (233, 3, 369232), (1670, 0, 380054), (870, 3, 401853), (870, 3, 402848), (233, 3, 454927), (68, 3, 464426), (233, 3, 542147), (68, 3, 687587), (233, 3, 717462), (68, 3, 759497), (233, 3, 887094), (73, 1, 888158), (608, 0, 1036712), (4524, 1, 1106703), (2953, 0, 1143787), (68, 3, 1663576), (68, 3, 1690195), (233, 3, 1748600), (233, 3, 1838995)]"
8313 "[(17, 0, 286459)]"
480 "[(8302, 3, 291083), (8588, 1, 311410), (8588, 1, 311847), (8446, 1, 919906), (8893, 0, 1029181), (9007, 1, 1711419)]"
1602 "[(8734, 3, 293668), (8969, 3, 780332), (8250, 3, 1231541), (8250, 3, 1231649)]"
1499 "[(8430, 1, 297162)]"
1634 "[(8274, 1, 304067)]"
739 "[(8563, 0, 304405), (8992, 0, 905773), (8658, 1, 1065568), (8992, 0, 1497774), (8563, 0, 1673076), (8563, 0, 1701967), (8563, 0, 1705591), (8563, 0, 1705719), (8563, 0, 1978682), (8563, 0, 2009923)]"
1668 "[(8292, 3, 312732)]"
8814 "[(1678, 1, 314470), (17, 0, 328209), (68, 3, 464354), (3517, 1, 783680), (1678, 1, 927708), (233, 3, 973279), (1678, 1, 1431369), (68, 3, 1477463), (744, 1, 1578463), (4085, 3, 2002803)]"
1682 "[(8302, 3, 315389)]"
8762 "[(537, 1, 319296), (537, 1, 319358), (68, 3, 327024), (233, 3, 364825), (2844, 3, 595950), (3037, 1, 643974), (83, 1, 930303), (537, 1, 984506), (83, 1, 1990851), (68, 3, 1992078), (68, 3, 2020585), (68, 3, 2030521), (67, 1, 2045099)]"
1720 "[(8241, 3, 323109), (8941, 0, 947743)]"
8733 "[(1321, 0, 325320), (1820, 0, 338051), (175, 1, 813918), (175, 1, 814035), (109, 1, 951015), (4112, 3, 984398), (109, 1, 1325170), (109, 1, 1839201), (3328, 1, 1946353), (3328, 1, 1947077), (331, 3, 1984263)]"
1729 "[(8719, 3, 325551), (8888, 0, 502415), (8241, 3, 822887)]"
1754 "[(8687, 3, 329149), (8598, 3, 999593), (8554, 3, 1177692), (8526, 3, 1279252)]"
1756 "[(8352, 3, 330438)]"
8425 "[(443, 1, 331586), (443, 1, 879283), (443, 1, 879298), (17, 0, 1098961), (4504, 1, 1099259), (497, 0, 1099586), (443, 1, 1454783), (443, 1, 1454866)]"
8319 "[(1780, 1, 332984), (2130, 3, 416667), (2130, 3, 416997), (233, 3, 2012748)]"
1812 "[(8734, 3, 336823)]"
304 "[(8579, 3, 337141)]"
8310 "[(387, 0, 340954), (68, 3, 374769), (387, 0, 599493), (68, 3, 691562)]"
1844 "[(8838, 0, 342578)]"
317 "[(8572, 1, 343311), (8883, 3, 513154), (8883, 3, 513155), (9023, 1, 1008604), (8260, 3, 1632528), (8260, 3, 1632600)]"
277 "[(8591, 3, 344702), (8591, 3, 463974), (8896, 3, 485828), (8896, 3, 502717), (8896, 3, 503009), (8896, 3, 503042), (8896, 3, 503104), (8896, 3, 503226), (8896, 3, 503244), (8896, 3, 503518), (8591, 3, 513869), (8896, 3, 598315), (8896, 3, 598413), (8872, 3, 598883), (8872, 3, 776204), (8893, 0, 944874), (8893, 0, 982667), (8893, 0, 1013052), (8893, 0, 1029995), (8872, 3, 1202551), (8872, 3, 1202604), (8893, 0, 1369407), (8591, 3, 1604039), (8260, 3, 1625456), (8260, 3, 1625995), (8591, 3, 1626094), (8591, 3, 1626314), (8591, 3, 1626696), (8260, 3, 1626771), (8260, 3, 1626915), (8260, 3, 1626985), (8260, 3, 1627624), (8260, 3, 1627664), (8260, 3, 1720397), (8591, 3, 1720596), (8591, 3, 1969837)]"
164 "[(8588, 1, 349437), (8888, 0, 518705), (8626, 1, 1243115)]"
1872 "[(8526, 3, 350535)]"
8338 "[(659, 3, 353872), (233, 3, 1144228)]"
8503 "[(993, 3, 354214)]"
1897 "[(8314, 3, 356130), (8466, 1, 401943), (8466, 1, 412991), (8466, 1, 482561), (8466, 1, 482628), (8466, 1, 578842), (8466, 1, 660209), (8314, 3, 1256008)]"
1157 "[(8849, 0, 359289)]"
1925 "[(8535, 3, 362427), (8535, 3, 362436), (8535, 3, 2054165), (8535, 3, 2054479)]"
84 "[(8644, 0, 365010), (8644, 0, 451149), (8896, 3, 492179)]"
8393 "[(1933, 3, 365962), (1184, 1, 439100), (68, 3, 1300462)]"
8569 "[(233, 3, 367631), (1970, 1, 400679), (233, 3, 452944), (1970, 1, 486515), (3641, 0, 833616), (233, 3, 882612), (3579, 1, 1527165), (3579, 1, 1527253)]"
8524 "[(233, 3, 368038), (233, 3, 617390), (68, 3, 834917), (68, 3, 929940)]"
8835 "[(233, 3, 368197), (1778, 0, 426212), (423, 3, 426417), (671, 0, 431803), (671, 0, 431831), (608, 0, 513380), (681, 1, 782147), (681, 1, 782173), (681, 1, 782209), (1778, 0, 900927)]"
1950 "[(8565, 0, 375013), (8574, 0, 1145300), (8574, 0, 1145365), (8335, 3, 1587160)]"
8854 "[(799, 3, 376618), (890, 3, 406680), (1184, 1, 410596), (890, 3, 412893), (890, 3, 413285), (890, 3, 413732), (799, 3, 420348), (659, 3, 453925), (890, 3, 477461), (2374, 3, 498613), (2427, 1, 499069), (799, 3, 506516), (2936, 0, 613965)]"
8856 "[(1970, 1, 380879), (233, 3, 452500), (233, 3, 1494830)]"
8846 "[(826, 1, 386798), (233, 3, 542231), (659, 3, 623523), (73, 1, 888495), (4001, 1, 1029249), (4085, 3, 1045664), (826, 1, 1130165)]"
8852 "[(1206, 3, 393225), (1206, 3, 644573), (17, 0, 679787), (109, 1, 759526), (17, 0, 926450), (17, 0, 1161250), (233, 3, 1576859), (1713, 3, 1677011), (1713, 3, 1677446), (1713, 3, 1677479), (1713, 3, 1677510), (1713, 3, 1677552), (233, 3, 1837552)]"
2035 "[(8295, 0, 396677), (8295, 0, 650397), (8295, 0, 651109)]"
547 "[(8868, 1, 399217), (8868, 1, 399378), (8868, 1, 399430), (8868, 1, 400439), (8868, 1, 400534), (8868, 1, 400557), (8868, 1, 402469), (8868, 1, 402711), (8868, 1, 403043), (8868, 1, 468831), (8868, 1, 468982), (8868, 1, 469139), (8868, 1, 469247), (8348, 0, 495189), (8348, 0, 496715), (8868, 1, 582669), (8348, 0, 583992), (8348, 0, 584148), (8348, 0, 584636), (8348, 0, 585058), (8348, 0, 585513), (8888, 0, 659809), (8888, 0, 659857), (8888, 0, 681919), (8868, 1, 684912), (8868, 1, 699329), (8868, 1, 709471), (8868, 1, 709567), (8868, 1, 1104094), (8868, 1, 1105447), (8868, 1, 1106492), (8868, 1, 1108920), (8868, 1, 1120974), (8868, 1, 1138043), (8868, 1, 1192051), (8868, 1, 1192163), (8868, 1, 1193811), (8868, 1, 1194209), (8868, 1, 1196762), (8868, 1, 1197568), (8868, 1, 1198095), (8868, 1, 1203914), (8868, 1, 1203971), (8868, 1, 1213126), (8868, 1, 1213366), (8868, 1, 1213571), (8868, 1, 1215024), (8868, 1, 1215453), (8868, 1, 1216541), (8868, 1, 1217263), (8868, 1, 1274345), (8868, 1, 1276209), (8868, 1, 1276800), (8868, 1, 1277604), (8868, 1, 1279017), (8868, 1, 1280154), (8868, 1, 1282475), (8868, 1, 1376460), (8868, 1, 1440439), (8868, 1, 1442016), (8868, 1, 1511070), (8868, 1, 1570308)]"
8869 "[(1449, 1, 400189)]"
2078 "[(8412, 0, 407108), (8412, 0, 407163), (8412, 0, 423176), (8526, 3, 930153), (8676, 0, 1641575)]"
2085 "[(8749, 0, 408920)]"
8816 "[(920, 1, 409224), (233, 3, 624275), (3224, 1, 694312), (3224, 1, 716112), (1813, 3, 1483687), (3146, 0, 1509668), (303, 1, 1577662)]"
974 "[(8734, 3, 411165), (8734, 3, 411331), (8734, 3, 411451), (9048, 1, 1014640), (9048, 1, 1014758), (9048, 1, 1014788), (9166, 3, 1794040)]"
2104 "[(8243, 3, 412268), (8243, 3, 412729)]"
8482 "[(17, 0, 417663), (1492, 0, 834435), (5398, 0, 1895929)]"
1594 "[(8291, 0, 417767), (8720, 3, 1684367), (8663, 3, 1697261)]"
2134 "[(8855, 1, 417897), (8855, 1, 418087), (9048, 1, 992383), (9048, 1, 992409), (9048, 1, 992465), (9048, 1, 1015621), (8888, 0, 1718587), (8438, 3, 2047211), (8347, 3, 2059386), (8347, 3, 2059887)]"
271 "[(8588, 1, 420947), (8588, 1, 421002), (8623, 0, 1275525)]"
2153 "[(8676, 0, 423569), (8243, 3, 425784), (8246, 0, 487364), (8246, 0, 597143), (8650, 1, 652234), (8687, 3, 652371), (8687, 3, 653004), (8687, 3, 655088), (8687, 3, 1017017), (8812, 3, 1188702), (8812, 3, 1362202), (8687, 3, 1439202)]"
1064 "[(8371, 3, 424648)]"
2174 "[(8274, 1, 427620), (8274, 1, 427648), (8239, 1, 1734170)]"
8373 "[(68, 3, 428004), (233, 3, 540724), (1764, 3, 575904), (2242, 3, 579186), (1036, 3, 597260), (1036, 3, 597332), (1036, 3, 597412), (1036, 3, 597435), (1036, 3, 597628), (1670, 0, 712278)]"
8633 "[(2178, 0, 428720), (487, 1, 432470), (912, 0, 503411), (233, 3, 545443), (2738, 1, 576955), (331, 3, 587006), (482, 3, 607091), (2230, 1, 627997), (482, 3, 659148), (482, 3, 659656), (2230, 1, 666249), (233, 3, 721501), (2836, 0, 1575363)]"
2190 "[(8658, 1, 431607)]"
1397 "[(8246, 0, 432923), (8541, 0, 498236), (8541, 0, 498437), (8623, 0, 541185), (8241, 3, 688835), (8236, 1, 709904), (8805, 3, 710091), (8805, 3, 710199), (8591, 3, 945891), (9006, 1, 1320548), (9086, 3, 1544482), (8466, 1, 1725053), (8466, 1, 1889821)]"
2200 "[(8468, 0, 433639)]"
26 "[(8240, 3, 433954), (8567, 1, 1377129), (8823, 1, 2078606)]"
2203 "[(8531, 3, 434216)]"
8602 "[(1921, 0, 435748), (608, 0, 525002), (125, 0, 612770), (2110, 0, 699649), (17, 0, 878497), (17, 0, 937114), (1013, 0, 937349), (1013, 0, 938087), (1013, 0, 938261), (2110, 0, 938457), (233, 3, 971997), (68, 3, 973235), (17, 0, 1025459), (22, 3, 1064017), (68, 3, 1351331), (17, 0, 1535197), (2110, 0, 1564099), (17, 0, 1587987), (4266, 3, 1623509), (611, 1, 1676466), (611, 1, 1677639), (1813, 3, 1829625), (1663, 0, 2072309)]"
8480 "[(2220, 3, 441136), (3299, 3, 722138), (3367, 3, 1097777), (608, 0, 1201105), (608, 0, 1201352), (1906, 3, 1298183), (1906, 3, 1298199)]"
698 "[(8377, 0, 445987), (8377, 0, 446016)]"
8882 "[(1471, 3, 447710)]"
8717 "[(2242, 3, 447984), (233, 3, 717101), (4085, 3, 1077137)]"
2246 "[(8531, 3, 450134), (8531, 3, 450139), (8887, 3, 658398), (8887, 3, 658400), (8791, 3, 1620703), (8791, 3, 1620705), (8469, 0, 1789927), (8469, 0, 1789929)]"
8627 "[(125, 0, 450240), (1641, 1, 652055), (1641, 1, 652075), (68, 3, 701447), (1004, 1, 1138457)]"
1586 "[(8231, 3, 451490), (8967, 3, 721158), (8784, 3, 969559), (8832, 3, 1066890), (9123, 0, 1498532), (8787, 1, 1585342)]"
2270 "[(8888, 0, 461356), (8888, 0, 461469), (8888, 0, 539167), (8888, 0, 539191)]"
590 "[(8888, 0, 473050), (8640, 1, 680559), (8588, 1, 823885)]"
2293 "[(8888, 0, 474562), (8260, 3, 996753)]"
466 "[(8896, 3, 476672), (8250, 3, 1385995), (9166, 3, 1855037)]"
8443 "[(68, 3, 480646)]"
644 "[(8896, 3, 481908), (8896, 3, 482787), (9069, 1, 1690210), (9069, 1, 1690636), (9069, 1, 1872901)]"
539 "[(8896, 3, 482325), (9069, 1, 1179056), (9069, 1, 1207446), (9069, 1, 1207508)]"
2335 "[(8896, 3, 483192), (8896, 3, 483297)]"
2353 "[(8888, 0, 485908), (8887, 3, 528278), (8887, 3, 528342), (8339, 3, 895829)]"
2357 "[(8896, 3, 486848)]"
172 "[(8351, 3, 488015), (8351, 3, 1788993), (8351, 3, 1976329)]"
2387 "[(8888, 0, 491832), (8888, 0, 491960)]"
8892 "[(1219, 1, 492709), (1219, 1, 500876), (1219, 1, 500957), (318, 3, 503428), (2477, 1, 509298), (1903, 1, 582152), (40, 1, 626288), (2719, 1, 646044), (623, 1, 667382), (623, 1, 667497), (623, 1, 667515), (623, 1, 667557), (623, 1, 667732), (623, 1, 667870), (623, 1, 667952), (623, 1, 1081708), (623, 1, 1082745), (1219, 1, 1116329), (1219, 1, 1197918), (1219, 1, 1198434), (1219, 1, 1256868), (2477, 1, 1651571), (2476, 1, 1727344), (1219, 1, 1778074), (1219, 1, 1803972)]"
2428 "[(8908, 3, 499111)]"
2436 "[(8896, 3, 500897), (8896, 3, 500946), (9069, 1, 1198241)]"
2447 "[(8896, 3, 502266), (8896, 3, 597945), (9069, 1, 1181161), (9069, 1, 1182197)]"
761 "[(8883, 3, 510299), (8883, 3, 510363), (8623, 0, 892704), (8623, 0, 892718), (8623, 0, 892741), (8623, 0, 892756), (8623, 0, 892770), (8623, 0, 892787), (8623, 0, 892816), (8623, 0, 892837), (8623, 0, 892852), (8806, 0, 1051466), (8241, 3, 1055165), (8250, 3, 1742604), (8250, 3, 1744594), (8250, 3, 1744987)]"
2483 "[(8780, 1, 512062), (8888, 0, 701403)]"
2507 "[(8691, 1, 516290)]"
703 "[(8485, 3, 523038), (8919, 3, 534017), (8322, 1, 687601), (8401, 1, 837633), (8401, 1, 839970), (8435, 1, 862657), (8611, 0, 945610), (8611, 0, 945702), (8611, 0, 945759), (8435, 1, 1041475), (8435, 1, 1042187), (8661, 3, 1486060), (8661, 3, 1486187)]"
985 "[(8887, 3, 523883), (8887, 3, 532693), (8887, 3, 532773), (8887, 3, 532894), (8887, 3, 533091), (8887, 3, 533222)]"
2564 "[(8562, 0, 527757), (8562, 0, 527779), (8562, 0, 1926422), (8562, 0, 2018480), (8562, 0, 2018916), (8562, 0, 2031656), (8562, 0, 2032995), (8562, 0, 2034738), (8562, 0, 2034851), (8562, 0, 2035603), (8562, 0, 2035675)]"
2572 "[(8887, 3, 529517)]"
645 "[(8292, 3, 529619)]"
142 "[(8887, 3, 530058), (8887, 3, 530396), (8887, 3, 530424), (8887, 3, 530680), (8887, 3, 530748), (8887, 3, 530902), (8887, 3, 531317), (8887, 3, 531403), (8887, 3, 531508), (8887, 3, 531919), (8887, 3, 532204), (8887, 3, 532416), (8887, 3, 533115), (8887, 3, 533205), (8887, 3, 533257), (8887, 3, 533557), (8887, 3, 533582), (8887, 3, 533881), (8887, 3, 533969), (8887, 3, 534032), (8887, 3, 534325), (8887, 3, 534464), (8887, 3, 534729), (8887, 3, 534977), (8887, 3, 542009), (8887, 3, 546050), (8887, 3, 593848), (8887, 3, 601028), (8887, 3, 603326), (8887, 3, 603352), (8887, 3, 698674), (8887, 3, 909722), (8511, 0, 926058), (8511, 0, 926088), (8887, 3, 1421511)]"
2055 "[(8888, 0, 551966), (8245, 3, 1601925), (8245, 3, 1602012), (8526, 3, 1602866), (8526, 3, 1602976)]"
8265 "[(509, 3, 562303), (611, 1, 1326649), (22, 3, 1364003)]"
2683 "[(8719, 3, 563511)]"
835 "[(8873, 1, 565485), (8324, 1, 997496), (8563, 0, 1257928), (8563, 0, 1257977), (8446, 1, 1327650), (8563, 0, 1327937), (8563, 0, 1327960), (8383, 1, 2054338), (8637, 1, 2054343)]"
2339 "[(8343, 0, 569544), (8343, 0, 2057933)]"
8930 "[(2242, 3, 576530)]"
1378 "[(8734, 3, 578016), (8339, 3, 685439)]"
2764 "[(8876, 3, 581354)]"
8936 "[(17, 0, 587862), (17, 0, 589851), (17, 0, 597371), (68, 3, 599795), (220, 1, 605896), (220, 1, 606235), (68, 3, 626152), (17, 0, 627789), (220, 1, 634984), (233, 3, 714563), (17, 0, 728806), (3324, 1, 728921), (1835, 0, 728974), (331, 3, 928420), (1835, 0, 1957920)]"
2797 "[(8887, 3, 589011), (8887, 3, 590802), (8969, 3, 761812), (8887, 3, 777416)]"
8456 "[(2810, 0, 591420), (2810, 0, 591486), (233, 3, 625282), (233, 3, 1152173)]"
1268 "[(8578, 1, 591829), (8613, 3, 756144), (8559, 3, 900615), (8848, 3, 900688), (8848, 3, 1184663), (8848, 3, 1624971), (8559, 3, 1756769), (8559, 3, 1761163)]"
8415 "[(2065, 3, 594057), (68, 3, 1226638), (1036, 3, 1227595), (68, 3, 1228846), (1036, 3, 1228963), (2110, 0, 1294664), (4402, 0, 1466264), (68, 3, 1988326), (3518, 3, 2081467), (3518, 3, 2081511)]"
2708 "[(8351, 3, 595117), (8939, 0, 684580), (8297, 1, 729012), (8355, 0, 735957), (8471, 1, 743126), (8401, 1, 743313), (8243, 3, 771582), (8257, 3, 974504), (8719, 3, 1008291), (8252, 3, 1008966), (8339, 3, 1010580), (8466, 1, 1289606), (8676, 0, 1289623), (8952, 0, 1362274), (8952, 0, 1363152), (8952, 0, 1363279), (8801, 0, 1363307), (8377, 0, 1418742), (8377, 0, 1419228), (8257, 3, 1871515), (8588, 1, 1872657)]"
8680 "[(1308, 0, 596597), (1308, 0, 1289932), (1308, 0, 1289947)]"
2855 "[(8887, 3, 597784), (8887, 3, 597922), (8887, 3, 598023), (8887, 3, 745698)]"
8498 "[(443, 1, 599426), (68, 3, 679200), (749, 1, 712832), (920, 1, 739016), (443, 1, 1010985), (1189, 1, 1146172), (3592, 0, 1264121), (443, 1, 1402429), (2065, 3, 1615850), (2065, 3, 1626889)]"
8771 "[(2863, 1, 599507), (2230, 1, 1022711), (2230, 1, 1022770), (2863, 1, 1025118), (233, 3, 1061313), (233, 3, 1233517), (233, 3, 1416990)]"
426 "[(8295, 0, 599956)]"
2864 "[(8609, 1, 600016), (8609, 1, 742186), (8590, 3, 1204593), (8590, 3, 1204890), (8590, 3, 1204923), (8590, 3, 1275153), (8590, 3, 1700692), (8590, 3, 1736209), (8609, 1, 1959289), (8609, 1, 2062082), (8609, 1, 2076236)]"
2877 "[(8872, 3, 603032), (8872, 3, 603060)]"
2899 "[(8351, 3, 606737), (8888, 0, 606940)]"
1595 "[(8408, 3, 608935)]"
2893 "[(8851, 3, 611966), (8851, 3, 612111), (8257, 3, 1127027), (8257, 3, 1220544)]"
2923 "[(8487, 1, 612398), (8812, 3, 658608), (8763, 1, 774099), (8812, 3, 935202), (8382, 1, 942261), (8487, 1, 948925), (9042, 1, 952218), (8653, 1, 954397), (9042, 1, 955626), (9042, 1, 956279), (8368, 1, 996103), (8855, 1, 1017879), (8972, 3, 1028079), (8687, 3, 1123078), (8812, 3, 1202565), (9088, 0, 1296152), (8459, 1, 1345813), (9052, 1, 1452818), (8273, 1, 1894008)]"
8651 "[(233, 3, 618833), (983, 3, 1471735), (5774, 1, 1534615), (233, 3, 1924382)]"
8381 "[(68, 3, 621979), (68, 3, 1285466), (95, 1, 1722949)]"
8750 "[(233, 3, 624757), (3152, 1, 677299), (3152, 1, 677930), (233, 3, 715349)]"
1529 "[(8560, 3, 626479), (8560, 3, 894394)]"
8752 "[(1046, 0, 630076), (421, 3, 680996), (421, 3, 681033), (482, 3, 768042), (482, 3, 768277), (482, 3, 768386), (482, 3, 768484), (482, 3, 768533), (482, 3, 768662), (482, 3, 768714), (482, 3, 768738), (482, 3, 768766), (482, 3, 768959), (482, 3, 769123), (482, 3, 769233), (233, 3, 1152347), (487, 1, 1809122), (487, 1, 1809388), (487, 1, 1809694)]"
3015 "[(8269, 3, 637417), (8269, 3, 637697), (8269, 3, 637721), (8269, 3, 637782)]"
768 "[(8616, 1, 641539)]"
3039 "[(8231, 3, 644683), (8231, 3, 644731), (8741, 0, 645414), (8591, 3, 1689611)]"
3046 "[(8387, 1, 649619), (8387, 1, 800106), (8387, 1, 807471), (8387, 1, 807653), (8387, 1, 808016), (8387, 1, 808177), (8387, 1, 926219), (8387, 1, 964075), (8387, 1, 1280375), (8387, 1, 1282543), (8387, 1, 1283114), (8387, 1, 1283156), (8387, 1, 1283660), (8387, 1, 1283927), (8387, 1, 1283965), (8387, 1, 1285510), (8387, 1, 1285562), (8387, 1, 1287116), (8387, 1, 1289561), (8387, 1, 1335151), (8387, 1, 1335641), (8387, 1, 1335662), (8387, 1, 1335831), (8387, 1, 1336289), (8387, 1, 1343189), (8387, 1, 1356719), (8387, 1, 1357219), (8387, 1, 1523513), (8387, 1, 1583860), (8387, 1, 1586840), (8387, 1, 2014958), (8387, 1, 2022283), (8387, 1, 2022971), (8387, 1, 2026212)]"
8614 "[(2196, 0, 655072), (233, 3, 716947)]"
1622 "[(8616, 1, 659963)]"
237 "[(8873, 1, 662775), (8873, 1, 663651), (8873, 1, 664453), (8873, 1, 664664), (8873, 1, 665801), (8873, 1, 665850), (8873, 1, 665974), (8873, 1, 666042), (8873, 1, 666805), (8873, 1, 666941), (8873, 1, 667116), (8873, 1, 667142), (8873, 1, 667640), (8873, 1, 667811), (8873, 1, 731425), (8873, 1, 736388), (8873, 1, 798265)]"
549 "[(8295, 0, 665321), (8849, 0, 1384974), (8577, 0, 2084773), (8577, 0, 2084827), (8577, 0, 2084919), (8577, 0, 2084979), (8577, 0, 2090226)]"
1527 "[(8887, 3, 668767)]"
2654 "[(8888, 0, 669690), (8887, 3, 681742), (8266, 1, 998097), (9166, 3, 1724554), (9166, 3, 1869318)]"
1775 "[(8341, 0, 669940)]"
1434 "[(8965, 1, 671109)]"
3114 "[(8444, 1, 671266), (8339, 3, 672893), (8504, 0, 745193), (8263, 3, 1191319), (8519, 0, 1875221), (8519, 0, 1932968), (8519, 0, 1933022), (8519, 0, 1933154), (8519, 0, 1933312), (8519, 0, 1933520), (8519, 0, 1933636), (8519, 0, 2033467)]"
8959 "[(285, 1, 671380), (285, 1, 731911), (537, 1, 740606), (285, 1, 749535)]"
1148 "[(8507, 1, 672846), (8507, 1, 749833), (8507, 1, 844078), (8507, 1, 1221802), (8507, 1, 1313211), (8589, 0, 1624762)]"
2101 "[(8940, 1, 681137), (8940, 1, 681165), (8940, 1, 681449), (8940, 1, 754403)]"
8943 "[(17, 0, 685350), (537, 1, 743458), (4085, 3, 1316275), (233, 3, 1410821), (40, 1, 1584096), (233, 3, 1749263), (1036, 3, 1829895), (1036, 3, 1829951), (1036, 3, 1829983)]"
3194 "[(8282, 0, 687566), (8282, 0, 821362), (8282, 0, 1604414), (9166, 3, 1830289), (8282, 0, 2083330)]"
3203 "[(8341, 0, 689018)]"
2441 "[(8282, 0, 700024), (8551, 1, 1173571), (8577, 0, 1179393)]"
3249 "[(8426, 1, 703403)]"
3266 "[(8887, 3, 709307)]"
1224 "[(8556, 1, 721730), (8887, 3, 840616), (9069, 1, 1178216)]"
3318 "[(8339, 3, 728095)]"
3360 "[(8888, 0, 739174), (8888, 0, 739199), (8888, 0, 782980), (8888, 0, 791067), (8888, 0, 791134), (9048, 1, 1026704), (8250, 3, 1561697), (8250, 3, 1561872)]"
8990 "[(537, 1, 741685), (799, 3, 765437), (3483, 1, 772357), (3483, 1, 772626), (67, 1, 776806), (67, 1, 777076), (67, 1, 777091), (3506, 3, 779487), (233, 3, 806915), (40, 1, 811213), (1359, 1, 813296), (799, 3, 1067855), (1184, 1, 1069893), (1184, 1, 1069949), (1184, 1, 1100181), (1184, 1, 1100203), (799, 3, 1111096), (233, 3, 1146388), (116, 3, 1353789), (116, 3, 1353824), (870, 3, 1355280), (870, 3, 1355496), (116, 3, 1477707), (116, 3, 1647454), (233, 3, 1839179), (40, 1, 1843595), (116, 3, 1862659), (116, 3, 1862823), (116, 3, 1871089), (116, 3, 1871218), (233, 3, 1922418), (2495, 0, 1941695), (116, 3, 1950701), (116, 3, 1950787)]"
3374 "[(8559, 3, 743217), (8559, 3, 743386)]"
8617 "[(1994, 3, 752793), (482, 3, 781576), (1994, 3, 820466), (318, 3, 900927), (284, 3, 1359833), (6011, 1, 1679763)]"
8998 "[(997, 1, 754379), (997, 1, 970443), (997, 1, 1583863), (997, 1, 1611281), (997, 1, 1613386), (997, 1, 1613425), (997, 1, 1613470), (997, 1, 1614625), (997, 1, 1614746), (997, 1, 1614929), (997, 1, 1615796), (997, 1, 1617563), (68, 3, 1620002), (997, 1, 1620150), (997, 1, 1622458), (2403, 1, 1719883), (233, 3, 1748605), (6155, 1, 1900023)]"
2138 "[(8348, 0, 755308), (9102, 3, 1342297), (9102, 3, 1342333), (8361, 0, 1342417), (8504, 0, 1631758), (8260, 3, 1632389), (8260, 3, 1632465), (8260, 3, 1632562), (8351, 3, 1969877)]"
152 "[(8339, 3, 755513)]"
2011 "[(8969, 3, 759391), (8969, 3, 759503), (8969, 3, 759546)]"
8711 "[(2093, 0, 771881)]"
675 "[(8887, 3, 776599), (8887, 3, 777797), (9048, 1, 1000858), (9048, 1, 1001423)]"
3497 "[(8590, 3, 776852), (9069, 1, 1216589), (9069, 1, 1216619)]"
8306 "[(1505, 0, 777935)]"
563 "[(8237, 0, 778155)]"
3512 "[(8263, 3, 781704), (8464, 0, 1552935), (8985, 3, 1710655), (8801, 0, 1901915), (8801, 0, 2061649)]"
5 "[(8461, 0, 781794)]"
9010 "[(1778, 0, 800296), (68, 3, 1125028), (68, 3, 1178657), (4517, 1, 1358716), (4517, 1, 1358835), (4517, 1, 1942761)]"
8410 "[(361, 3, 802143), (383, 3, 868245), (4587, 0, 1972700)]"
570 "[(8260, 3, 803817), (8304, 3, 864060), (8526, 3, 873479), (8356, 3, 874547), (8526, 3, 1029958), (8526, 3, 1029994), (8526, 3, 1040977), (8526, 3, 1040996), (8526, 3, 1481630), (8526, 3, 1539212), (8526, 3, 1547053), (8292, 3, 1915696), (8526, 3, 1975595)]"
8966 "[(233, 3, 805310), (233, 3, 810826)]"
9004 "[(233, 3, 808242), (233, 3, 1748129), (233, 3, 1841214)]"
8885 "[(68, 3, 809865)]"
8768 "[(1369, 3, 816281), (1369, 3, 816655), (1369, 3, 816748), (1369, 3, 818579), (1369, 3, 818653), (1369, 3, 818870), (1369, 3, 849258), (1369, 3, 851134)]"
3594 "[(8896, 3, 817134)]"
1280 "[(8888, 0, 822804), (8339, 3, 824092), (8551, 1, 1109219)]"
9012 "[(509, 3, 825575), (509, 3, 825746), (233, 3, 886407), (73, 1, 887811)]"
1647 "[(8325, 3, 826775), (9023, 1, 1007321), (8521, 0, 1440227), (8325, 3, 1521085), (8325, 3, 1521139), (8801, 0, 1598178), (8801, 0, 1598419), (8734, 3, 1969891)]"
3567 "[(8241, 3, 835287), (9092, 3, 1384556), (9092, 3, 1384618), (9166, 3, 1752678)]"
8825 "[(782, 1, 846329)]"
3694 "[(8612, 0, 848752), (8837, 0, 1721179), (8474, 3, 1805783)]"
3706 "[(8247, 3, 851500)]"
3715 "[(8858, 3, 853780), (9166, 3, 1824599), (9166, 3, 1824931)]"
2121 "[(8382, 1, 861889), (8382, 1, 1120955)]"
3748 "[(8339, 3, 864342), (8888, 0, 864817), (8260, 3, 930483), (8893, 0, 946317), (9069, 1, 1174843), (8247, 3, 1530202), (8549, 3, 1691329)]"
8288 "[(3755, 0, 867121), (17, 0, 1091842), (4076, 0, 1093768), (4076, 0, 1096819)]"
3764 "[(8267, 3, 870614), (8461, 0, 1781414)]"
636 "[(8517, 1, 873669), (8517, 1, 1115501), (8517, 1, 1117707), (8517, 1, 1118137), (8517, 1, 1118734), (8517, 1, 1133065), (8517, 1, 2010424), (8517, 1, 2010509)]"
3387 "[(8616, 1, 883607)]"
8610 "[(233, 3, 885993), (4085, 3, 972864)]"
8928 "[(233, 3, 886256), (1185, 3, 913972), (68, 3, 1190442), (68, 3, 1506524), (912, 0, 1919771), (68, 3, 1920649)]"
9013 "[(233, 3, 886888)]"
8543 "[(73, 1, 887975)]"
3837 "[(8295, 0, 892200)]"
2133 "[(8623, 0, 892226), (9069, 1, 1169317), (9069, 1, 1169689), (9069, 1, 1170753), (9069, 1, 1172474), (9069, 1, 1173387)]"
874 "[(9023, 1, 913754)]"
3893 "[(8521, 0, 917720), (8339, 3, 924111)]"
3899 "[(8684, 1, 918815)]"
3977 "[(8250, 3, 938324), (8250, 3, 1360095)]"
4020 "[(8601, 3, 949408)]"
4027 "[(8276, 3, 951804), (8849, 0, 1293542)]"
727 "[(8991, 1, 963876)]"
9005 "[(233, 3, 971001), (40, 1, 1043338), (233, 3, 1059059), (233, 3, 1151943)]"
9039 "[(233, 3, 973005)]"
8727 "[(233, 3, 973204), (233, 3, 1232925), (5457, 0, 1413923)]"
3676 "[(8721, 0, 989404)]"
9049 "[(3269, 3, 998853), (497, 0, 1035815), (3285, 0, 1043869), (233, 3, 1150719), (233, 3, 1415157), (233, 3, 1491312), (233, 3, 1837648)]"
4157 "[(8683, 3, 999943), (9062, 3, 1726922)]"
806 "[(9048, 1, 1000916), (8295, 0, 1204653)]"
484 "[(8893, 0, 1001626), (8893, 0, 1112737), (9069, 1, 1173657), (9069, 1, 1262694), (8363, 1, 1503227)]"
8513 "[(445, 1, 1008906)]"
4226 "[(9048, 1, 1014617)]"
256 "[(9048, 1, 1015034)]"
9054 "[(17, 0, 1015091), (2093, 0, 1015117), (17, 0, 1016013), (1057, 0, 1016182), (487, 1, 1017956), (487, 1, 1018206), (487, 1, 1019868), (487, 1, 1020116), (487, 1, 1020140), (487, 1, 1020192), (487, 1, 1021151), (487, 1, 1026015), (68, 3, 1030921), (482, 3, 1041893), (482, 3, 1041920), (482, 3, 1041989), (482, 3, 1042114), (482, 3, 1042164), (482, 3, 1042243), (482, 3, 1042324), (487, 1, 1078697), (17, 0, 1081021), (17, 0, 1081992), (2365, 0, 1095572), (482, 3, 1120373), (482, 3, 1120494), (487, 1, 1122998), (68, 3, 1269582), (487, 1, 1520933), (487, 1, 1521326)]"
511 "[(8887, 3, 1015326), (8887, 3, 1015439)]"
4230 "[(9048, 1, 1016350), (8263, 3, 1016517)]"
1355 "[(8435, 1, 1016588), (8435, 1, 1017281)]"
1143 "[(9048, 1, 1017986)]"
79 "[(8590, 3, 1020417), (8590, 3, 1448420), (8356, 3, 1448854), (8356, 3, 1449007), (8590, 3, 1524641), (8590, 3, 1565215), (8590, 3, 1707468), (8590, 3, 1710060), (8590, 3, 1710297), (8590, 3, 1710641), (8356, 3, 2048742), (8356, 3, 2049611), (8356, 3, 2049892)]"
4248 "[(9048, 1, 1022019), (9048, 1, 1022102), (9048, 1, 1022229), (9048, 1, 1022632), (8872, 3, 1356820), (8969, 3, 1532685), (8969, 3, 1532714), (8969, 3, 1722595), (8250, 3, 1817605), (8872, 3, 2059477), (8872, 3, 2059779), (8872, 3, 2061940)]"
4251 "[(9048, 1, 1022748), (9166, 3, 1749036), (9166, 3, 1787433), (9166, 3, 1788063), (9166, 3, 1788188), (9166, 3, 1859501), (9166, 3, 1859627)]"
4259 "[(8339, 3, 1024035)]"
4278 "[(9048, 1, 1028115), (9048, 1, 1028943), (9048, 1, 1119643)]"
398 "[(8583, 0, 1028646), (9041, 1, 1468180), (9041, 1, 1468221)]"
2148 "[(8509, 0, 1030164)]"
3130 "[(8339, 3, 1032229)]"
718 "[(8623, 0, 1039337), (8246, 0, 2091819)]"
9015 "[(993, 3, 1040772)]"
4334 "[(8502, 3, 1041288), (8502, 3, 1041351), (8257, 3, 1041432), (8257, 3, 1106289)]"
8550 "[(4329, 3, 1042465), (387, 0, 1143616), (4329, 3, 1387161), (4329, 3, 1397123)]"
434 "[(8502, 3, 1053389)]"
1672 "[(8548, 3, 1055177)]"
8976 "[(233, 3, 1057320)]"
844 "[(8623, 0, 1057352), (8623, 0, 1789200)]"
8440 "[(233, 3, 1060084), (4085, 3, 1221992), (611, 1, 1597003)]"
8305 "[(233, 3, 1061083), (2615, 3, 2065501)]"
646 "[(9048, 1, 1063408)]"
104 "[(8585, 0, 1070408), (8648, 1, 1093296), (8648, 1, 1093360), (8648, 1, 1755005), (8648, 1, 1755082), (8648, 1, 2045261), (8648, 1, 2045365), (8648, 1, 2045471)]"
8889 "[(4085, 3, 1076879), (627, 0, 1634357)]"
9055 "[(73, 1, 1077737), (3440, 3, 1790635)]"
2046 "[(8237, 0, 1083485)]"
4468 "[(8806, 0, 1088661)]"
4475 "[(8339, 3, 1092206)]"
9063 "[(83, 1, 1099677), (83, 1, 1099794), (6007, 1, 1631562)]"
3605 "[(8295, 0, 1101608), (8347, 3, 1452863), (8290, 3, 1893256)]"
4584 "[(8502, 3, 1122341)]"
8268 "[(4586, 0, 1124146), (17, 0, 1167999), (588, 3, 1175233), (4766, 1, 1181797), (1680, 3, 1193754), (68, 3, 1200380), (68, 3, 1202127), (233, 3, 1234347), (2119, 0, 1300411), (5151, 1, 1471656), (5151, 1, 1529392), (5151, 1, 1551309), (596, 1, 1555242)]"
43 "[(9048, 1, 1125466), (9048, 1, 1125497), (8250, 3, 1533630), (8250, 3, 1533642), (8250, 3, 1533659), (8250, 3, 1533674)]"
1880 "[(8900, 3, 1135519)]"
9072 "[(2234, 0, 1139251), (2234, 0, 1139347), (2234, 0, 1139463), (2234, 0, 1139495), (2234, 0, 1141319), (2234, 0, 1141342), (2863, 1, 1141969), (450, 1, 1146981), (1343, 3, 1149849), (1367, 1, 1151551), (1367, 1, 1151896), (1367, 1, 1152192), (1367, 1, 1152339), (1367, 1, 1152531), (1367, 1, 1152872), (1367, 1, 1153169), (1367, 1, 1153305), (1367, 1, 1155435), (1367, 1, 1156767), (1367, 1, 1156807), (1367, 1, 1157264), (1367, 1, 1157285), (1367, 1, 1157755), (1367, 1, 1157774), (1367, 1, 1158335), (1284, 1, 1159400), (1284, 1, 1159424), (1284, 1, 1171608), (1284, 1, 1174881), (588, 3, 1175612), (285, 1, 1178197), (754, 3, 1180774), (935, 3, 1186860), (935, 3, 1186869), (935, 3, 1186912), (2559, 3, 1198090), (4162, 1, 1198204), (4162, 1, 1198232), (4859, 3, 1203573), (1680, 3, 1205269), (1680, 3, 1205632), (1680, 3, 1205741), (1680, 3, 1205913), (1680, 3, 1206306), (2265, 3, 1206528), (2265, 3, 1206541), (1680, 3, 1206792), (2265, 3, 1206839), (2265, 3, 1207143), (2265, 3, 1207421), (2265, 3, 1210713), (2265, 3, 1211107), (68, 3, 1212313), (4910, 3, 1212713), (4910, 3, 1213042), (2637, 1, 1213457), (4506, 1, 1213866), (1992, 1, 1297489), (1284, 1, 1337978), (826, 1, 1344310), (1276, 0, 1348615), (68, 3, 1363998), (68, 3, 1418682), (1069, 0, 1464399), (3495, 3, 1466620), (233, 3, 1491604), (233, 3, 1750747)]"
1385 "[(8806, 0, 1140645)]"
4633 "[(8294, 1, 1145388), (8294, 1, 1146138), (8294, 1, 1146213), (8294, 1, 1146295), (8294, 1, 1228653), (8294, 1, 1228719), (8294, 1, 1228790), (8294, 1, 1228921), (9069, 1, 1283297), (9069, 1, 1283365), (9018, 3, 1289001), (9018, 3, 1289428), (9069, 1, 1665340)]"
8962 "[(233, 3, 1150358), (782, 1, 1577037), (782, 1, 1577104), (233, 3, 1749466), (3612, 0, 1779088), (233, 3, 1838383), (365, 1, 1866875), (40, 1, 1932066), (365, 1, 1954828), (291, 3, 2017959), (365, 1, 2045735), (365, 1, 2045836), (365, 1, 2045940), (365, 1, 2046077)]"
2678 "[(8644, 0, 1155035)]"
4674 "[(8971, 3, 1163513)]"
1786 "[(9075, 1, 1167619)]"
3302 "[(8577, 0, 1173432), (8577, 0, 1173484), (8577, 0, 1173500), (8577, 0, 1173519), (8577, 0, 1173553), (8577, 0, 1174081), (8577, 0, 1174119), (8577, 0, 1174624), (8577, 0, 1174714)]"
517 "[(9069, 1, 1174364)]"
2012 "[(8247, 3, 1175104), (8247, 3, 1269692)]"
4145 "[(9069, 1, 1175249)]"
181 "[(8577, 0, 1177257)]"
4140 "[(8577, 0, 1178031)]"
119 "[(9069, 1, 1180739), (9069, 1, 1181306), (9069, 1, 1181776), (9069, 1, 1181975), (9069, 1, 1182387), (9069, 1, 1182488), (9069, 1, 1201980), (9069, 1, 1203305), (9069, 1, 1205565), (9069, 1, 1214743), (9069, 1, 1214828), (9069, 1, 1215166), (9069, 1, 1215228), (8887, 3, 2085180), (8887, 3, 2085223), (8887, 3, 2085263), (8887, 3, 2085316), (8887, 3, 2085445), (8887, 3, 2085470), (8887, 3, 2086134), (8887, 3, 2086191), (8887, 3, 2086291), (8887, 3, 2086434), (8887, 3, 2087126), (8887, 3, 2087417), (8887, 3, 2087460), (8887, 3, 2087566), (8887, 3, 2088368)]"
3992 "[(9069, 1, 1183637), (9069, 1, 1183772)]"
595 "[(9069, 1, 1184432), (9069, 1, 1184667), (9069, 1, 1184736), (9069, 1, 1184813)]"
4793 "[(9069, 1, 1189238)]"
9078 "[(95, 1, 1197316), (95, 1, 1197365), (95, 1, 1197397), (1036, 3, 1228427), (1036, 3, 1228462), (1036, 3, 1228487), (1036, 3, 1228565), (17, 0, 1258061), (1921, 0, 1282242), (1036, 3, 1309935), (1036, 3, 1310666), (17, 0, 1525352)]"
4844 "[(9045, 3, 1199856)]"
3886 "[(8738, 1, 1205205), (8260, 3, 1595780)]"
4879 "[(8370, 0, 1206195), (8370, 0, 1211811), (8370, 0, 1212386)]"
105 "[(8260, 3, 1206803)]"
4888 "[(8507, 1, 1207923), (8507, 1, 1277036)]"
8575 "[(4739, 0, 1209765), (1046, 0, 1332078), (450, 1, 1356964), (68, 3, 1374388), (4739, 0, 1394088), (4739, 0, 1394140), (4739, 0, 1394448), (4739, 0, 1397452), (2247, 0, 1403097), (4739, 0, 1417701), (4739, 0, 1508100), (4252, 3, 1626508), (1680, 3, 1628791), (1680, 3, 1628819), (611, 1, 1635505), (1680, 3, 1637609), (4739, 0, 1640745), (4739, 0, 1640769), (5622, 1, 1641101), (17, 0, 1657356), (4085, 3, 1665266), (17, 0, 1683372), (17, 0, 1720005), (4739, 0, 1755117), (4739, 0, 1784021), (499, 3, 1817133), (499, 3, 1903152)]"
683 "[(8463, 0, 1224214), (8463, 0, 1224363), (8463, 0, 1260077), (8304, 3, 2039646)]"
8406 "[(95, 1, 1232701), (95, 1, 1233194), (1791, 3, 1288754), (3963, 1, 1363884), (233, 3, 1496104)]"
8634 "[(4109, 3, 1252500), (3735, 1, 1544653)]"
2103 "[(9069, 1, 1257881), (9069, 1, 1339123)]"
2013 "[(8241, 3, 1264936)]"
422 "[(8235, 1, 1265067), (8235, 1, 1265661), (8235, 1, 1265736)]"
187 "[(8241, 3, 1273079), (8540, 0, 1539166)]"
9089 "[(421, 3, 1283328), (421, 3, 1291407), (421, 3, 1291565), (421, 3, 1292666), (421, 3, 1295412), (421, 3, 1295479), (4895, 3, 1320086), (421, 3, 1344867), (421, 3, 1345011), (1359, 1, 1416670), (421, 3, 1427919), (421, 3, 1427983), (5518, 1, 1443051), (421, 3, 1450979), (935, 3, 1450993), (2615, 3, 1487434), (233, 3, 1494732), (421, 3, 1546181), (421, 3, 1582870), (660, 3, 1595887), (660, 3, 1597907), (2659, 1, 1633926)]"
3195 "[(8532, 0, 1283610)]"
9096 "[(8, 1, 1290524), (8, 1, 1290726), (8, 1, 1290872), (8, 1, 1291134), (8, 1, 1291215), (8, 1, 1291257), (8, 1, 1291534), (8, 1, 1291702), (8, 1, 1291717), (8, 1, 1291736), (8, 1, 1291980), (8, 1, 1292492), (8, 1, 1292565), (8, 1, 1292890), (8, 1, 1292935), (8, 1, 1293495), (8, 1, 1294506), (8, 1, 1294637), (8, 1, 1296695), (8, 1, 1297451), (8, 1, 1297717), (8, 1, 1298564), (8, 1, 1298975), (8, 1, 1300620), (8, 1, 1300659), (8, 1, 1300730), (8, 1, 1301134), (8, 1, 1301673), (318, 3, 1304998), (68, 3, 1311230), (3756, 1, 1330600), (8, 1, 1336497), (68, 3, 1340486), (17, 0, 1343767), (4015, 1, 1349321), (8, 1, 1357354), (8, 1, 1357430), (8, 1, 1359872), (8, 1, 1359898), (8, 1, 1359994), (8, 1, 1362149), (8, 1, 1363088), (8, 1, 1363178), (935, 3, 1384260), (935, 3, 1386969), (1059, 1, 1387685), (1059, 1, 1387712), (2925, 1, 1391878), (221, 3, 1400664), (221, 3, 1400829), (8, 1, 1425540), (8, 1, 1430921), (221, 3, 1458388), (221, 3, 1471760), (221, 3, 1478893), (221, 3, 1479578), (68, 3, 1487093), (5699, 1, 1499308), (8, 1, 1508888), (3085, 3, 1518428), (221, 3, 1554934), (935, 3, 1555521), (221, 3, 1556923), (221, 3, 1557034), (221, 3, 1557367), (221, 3, 1557472), (221, 3, 1557551), (221, 3, 1562211), (221, 3, 1563762), (221, 3, 1564315), (8, 1, 1610949), (3085, 3, 1627914), (425, 1, 1646178), (221, 3, 1653345), (221, 3, 1656790), (221, 3, 1661503), (221, 3, 1662539), (221, 3, 1663530), (221, 3, 1663924), (1392, 1, 1666990), (3085, 3, 1667127), (1392, 1, 1667566), (3085, 3, 1667972), (1392, 1, 1668748), (4015, 1, 1673200), (8, 1, 1673359), (6041, 3, 1675320), (221, 3, 1735127), (221, 3, 1822074), (221, 3, 1906021), (8, 1, 1931295)]"
8715 "[(68, 3, 1290538)]"
5138 "[(8806, 0, 1293961)]"
3091 "[(8339, 3, 1296498), (8761, 1, 1433775)]"
449 "[(8241, 3, 1297900), (9069, 1, 1571357), (9069, 1, 1572048), (8526, 3, 1653708), (8526, 3, 1653753), (8526, 3, 1653878)]"
9085 "[(4085, 3, 1301038), (68, 3, 1995222)]"
4292 "[(9092, 3, 1303273), (9092, 3, 1383865)]"
4635 "[(8556, 1, 1308479), (8245, 3, 1928677), (8245, 3, 1928938), (8245, 3, 1929902), (8245, 3, 2022005)]"
598 "[(8676, 0, 1309436), (8282, 0, 2077320)]"
1571 "[(8246, 0, 1315020)]"
9027 "[(233, 3, 1315476), (3517, 1, 1884115), (935, 3, 1916905)]"
5197 "[(8794, 3, 1318308)]"
8894 "[(68, 3, 1321452), (68, 3, 1340050), (68, 3, 1513266), (4085, 3, 1564217), (1471, 3, 1654643), (233, 3, 1749220)]"
3004 "[(8806, 0, 1321837), (8806, 0, 1321866), (8341, 0, 1496703), (8806, 0, 1750935)]"
4974 "[(8335, 3, 1324893)]"
3863 "[(8601, 3, 1330030)]"
8632 "[(4085, 3, 1331442), (233, 3, 1577430), (920, 1, 1866644)]"
9051 "[(4085, 3, 1331472), (1449, 1, 1476927)]"
5045 "[(9102, 3, 1331667)]"
327 "[(8989, 3, 1349164), (8989, 3, 1349188)]"
8937 "[(2172, 3, 1351950), (1206, 3, 1784487), (1488, 3, 1826440), (1488, 3, 1826624), (1488, 3, 1828484), (1488, 3, 1999711), (1488, 3, 1999811), (1488, 3, 2000590), (1488, 3, 2000794), (1488, 3, 2000908), (1488, 3, 2001102), (1488, 3, 2001311), (1488, 3, 2002022), (1488, 3, 2002103), (1488, 3, 2002212), (1488, 3, 2005812), (1488, 3, 2005988), (4859, 3, 2072655)]"
9100 "[(5215, 3, 1357033), (40, 1, 1667275), (233, 3, 1749567), (40, 1, 1820501), (233, 3, 1930981), (233, 3, 2014390), (375, 0, 2037236)]"
514 "[(8551, 1, 1359157), (8577, 0, 1453460)]"
3591 "[(9099, 3, 1361385), (8563, 0, 1700182), (8563, 0, 1700393), (8563, 0, 1700423), (9140, 1, 1727840), (8563, 0, 1972637)]"
1795 "[(8376, 0, 1368539), (8376, 0, 1369752)]"
3472 "[(8917, 0, 1374255), (8917, 0, 1374290)]"
8778 "[(17, 0, 1374825), (5813, 0, 1548704), (2646, 0, 1550932), (3259, 3, 1554218), (233, 3, 1577806), (2114, 3, 2045699)]"
1405 "[(8290, 3, 1386346), (8577, 0, 1744898)]"
2907 "[(8989, 3, 1390282)]"
75 "[(8356, 3, 1394539)]"
5424 "[(8474, 3, 1396190), (8474, 3, 1396737), (8474, 3, 1396796), (8474, 3, 1396859), (8761, 1, 1752021), (8761, 1, 1752045), (8761, 1, 1753882), (8761, 1, 1754210), (8761, 1, 1754372), (8761, 1, 1754824), (8761, 1, 1755095)]"
9117 "[(2810, 0, 1415107), (2659, 1, 1713436), (5622, 1, 1943483)]"
5475 "[(8251, 3, 1424405), (8389, 1, 2030347)]"
5491 "[(8250, 3, 1429566), (8250, 3, 1968768)]"
8818 "[(983, 3, 1447994), (233, 3, 2014084)]"
9104 "[(4085, 3, 1451911)]"
702 "[(8540, 0, 1453373)]"
5582 "[(8534, 3, 1461003)]"
5583 "[(8292, 3, 1461104)]"
5636 "[(8618, 0, 1473659)]"
5641 "[(8263, 3, 1475034)]"
195 "[(8746, 0, 1476022)]"
4887 "[(8623, 0, 1478887)]"
9132 "[(68, 3, 1483957), (68, 3, 1555648), (4085, 3, 1558542), (68, 3, 1561698), (3495, 3, 1713319)]"
9133 "[(78, 3, 1485566), (78, 3, 1485592), (5677, 0, 1488034), (233, 3, 1923115), (68, 3, 1930778), (2074, 1, 1988518)]"
728 "[(8753, 1, 1487195), (8370, 0, 1547400), (8754, 1, 2016340), (8754, 1, 2016403), (8862, 0, 2016504), (8862, 0, 2016588), (8862, 0, 2016651)]"
2578 "[(9113, 1, 1525192), (9113, 1, 1525763), (9113, 1, 1526225), (9113, 1, 1653727), (9113, 1, 1653804), (9113, 1, 1654014), (9113, 1, 1654212), (9113, 1, 1654250), (8347, 3, 2046411), (8347, 3, 2046616), (8347, 3, 2046756), (8347, 3, 2046953), (8347, 3, 2046989), (8347, 3, 2055527)]"
9144 "[(2128, 3, 1535527)]"
5795 "[(8247, 3, 1542801)]"
9071 "[(1511, 0, 1548315), (1835, 0, 1548372), (1835, 0, 1548453), (1835, 0, 1548497), (1835, 0, 1548621), (476, 0, 1548900), (17, 0, 1549220), (4752, 0, 1549296), (17, 0, 1549349), (3931, 3, 1550687), (1511, 0, 1550904), (4964, 0, 1550953), (1314, 3, 1551444), (331, 3, 1551654), (331, 3, 1551976), (331, 3, 1552083), (331, 3, 1552173), (331, 3, 1552218), (331, 3, 1552284), (1046, 0, 1553458), (3183, 0, 1554915), (1511, 0, 1556049), (2365, 0, 1556078), (17, 0, 1556188), (5836, 0, 1556475), (1511, 0, 1556633), (870, 3, 1558795), (3752, 3, 1559053), (68, 3, 1560256), (2143, 3, 1561290), (4845, 1, 1562012), (4845, 1, 1562238), (4845, 1, 1562422), (4845, 1, 1563205), (5854, 1, 1565524), (4085, 3, 1566998), (4845, 1, 1575690), (4845, 1, 1575954), (4845, 1, 1576386), (4845, 1, 1578240), (4845, 1, 1578348), (3067, 1, 1591073), (1951, 0, 1594736), (482, 3, 1610818), (482, 3, 1611062), (163, 3, 1632451), (4845, 1, 1635703), (2365, 0, 1650829), (5772, 0, 1667439), (4845, 1, 1670049), (163, 3, 1744503), (477, 3, 1829949), (2257, 0, 2001701), (2257, 0, 2002289), (2257, 0, 2002634)]"
4850 "[(8263, 3, 1554735)]"
5847 "[(9069, 1, 1562802)]"
4056 "[(8559, 3, 1566174)]"
5206 "[(8295, 0, 1582612), (8295, 0, 1582899), (8644, 0, 1584124)]"
8775 "[(5914, 1, 1592375), (2495, 0, 1597861), (40, 1, 1899722)]"
576 "[(8510, 3, 1611861), (8510, 3, 1921421)]"
9142 "[(912, 0, 1613632), (233, 3, 1662851), (1314, 3, 1800944), (68, 3, 1989128)]"
1885 "[(8260, 3, 1624791), (8260, 3, 1627428), (8260, 3, 1712513)]"
3734 "[(8514, 0, 1628356)]"
5286 "[(8872, 3, 1637321)]"
6045 "[(8304, 3, 1643526)]"
9163 "[(2231, 3, 1662214), (2231, 3, 1662237), (1392, 1, 1666814), (1392, 1, 1666908), (215, 1, 1667004), (1392, 1, 1675273), (109, 1, 1675607), (1367, 1, 1676406), (1367, 1, 1676684), (1367, 1, 1676735), (1367, 1, 1676833), (1367, 1, 1676913), (1367, 1, 1677088), (1367, 1, 1677276), (1367, 1, 1677291), (1367, 1, 1677848), (1367, 1, 1678112), (1367, 1, 1679119), (1367, 1, 1679241), (68, 3, 1681872), (1367, 1, 1684211), (1367, 1, 1694254), (68, 3, 1707239), (2468, 3, 1712016), (2468, 3, 1712071), (1276, 0, 1712812), (1276, 0, 1712977), (1276, 0, 1713105), (1276, 0, 1713229), (4895, 3, 1715438), (935, 3, 1717489), (935, 3, 1717505), (143, 0, 1718425), (350, 3, 1783871), (935, 3, 1814631), (5855, 3, 1816637), (17, 0, 1895544), (22, 3, 1901908), (1981, 1, 1927837), (1981, 1, 1929775), (1981, 1, 1929889)]"
9155 "[(233, 3, 1666010), (5262, 3, 1834726), (5262, 3, 1834865), (5262, 3, 1834902), (5262, 3, 1834921), (5262, 3, 1872011), (749, 1, 1921966)]"
9110 "[(4085, 3, 1668254)]"
1187 "[(8370, 0, 1670502), (8370, 0, 1670521), (8370, 0, 1670625), (8370, 0, 1673761), (8370, 0, 1674128), (8370, 0, 1674147), (8370, 0, 1674194), (8370, 0, 1681880)]"
9159 "[(537, 1, 1674012), (890, 3, 1703825), (745, 0, 1738560), (745, 0, 1738763), (745, 0, 1738908), (745, 0, 1739404), (772, 3, 1829551)]"
1635 "[(8292, 3, 1686733)]"
9167 "[(68, 3, 1706898), (233, 3, 1749773), (1359, 1, 1796247), (749, 1, 1973291)]"
5176 "[(9166, 3, 1708014), (9166, 3, 1780901), (8558, 3, 1780939)]"
1191 "[(8535, 3, 1711661)]"
462 "[(9166, 3, 1724019)]"
3678 "[(8428, 3, 1724159)]"
5864 "[(8683, 3, 1737985)]"
3819 "[(9166, 3, 1738187), (9166, 3, 1738300), (9166, 3, 1738566), (9166, 3, 1755581), (9166, 3, 1760883), (9166, 3, 1825650), (9166, 3, 1881849), (9166, 3, 1971501), (9166, 3, 1989834)]"
7 "[(8919, 3, 1742213), (8919, 3, 1745217)]"
959 "[(8535, 3, 1746987), (8535, 3, 1747113), (8535, 3, 1747142), (8535, 3, 1747256), (8535, 3, 1747275), (8535, 3, 1747303), (8535, 3, 1747764), (8535, 3, 1747823), (8535, 3, 1747865), (8535, 3, 1748011), (8535, 3, 1748104), (8535, 3, 1748136), (8535, 3, 1801279), (8535, 3, 1801337), (8535, 3, 1807623), (8535, 3, 1807686), (8535, 3, 1811046), (8535, 3, 1811080), (8535, 3, 1811107), (8535, 3, 1915981), (8535, 3, 1988590), (8535, 3, 1988660)]"
651 "[(8357, 0, 1749403), (8357, 0, 1749482), (8357, 0, 1749815), (8357, 0, 1749837), (8357, 0, 1749964), (8357, 0, 1750080), (8357, 0, 1750305), (8357, 0, 1750395), (8357, 0, 1768353)]"
8329 "[(233, 3, 1751866)]"
3026 "[(9166, 3, 1763103)]"
2594 "[(8732, 1, 1768600)]"
1305 "[(9166, 3, 1777001), (8285, 0, 1778607), (9166, 3, 1778878), (9166, 3, 1784332), (9166, 3, 1803288), (9166, 3, 1803669), (9166, 3, 1809107), (9166, 3, 1950000)]"
4997 "[(8590, 3, 1778592)]"
6358 "[(9166, 3, 1783814)]"
2373 "[(9140, 1, 1788994), (9140, 1, 1789243), (9140, 1, 1874082)]"
6383 "[(9166, 3, 1793724)]"
6395 "[(8537, 1, 1798608)]"
1114 "[(8290, 3, 1799299)]"
1460 "[(8868, 1, 1799976)]"
4665 "[(8577, 0, 1804635), (9102, 3, 1872501)]"
3407 "[(8250, 3, 1810638), (8260, 3, 1812178), (8260, 3, 1862250), (8247, 3, 1952082)]"
6442 "[(8263, 3, 1818563)]"
6446 "[(8474, 3, 1820978)]"
6464 "[(8241, 3, 1826455)]"
9168 "[(1188, 3, 1828301), (2930, 3, 1860778), (2930, 3, 1868861), (2930, 3, 1878434), (2930, 3, 1878705), (2930, 3, 1878887), (2930, 3, 1879227), (2930, 3, 1879402), (2930, 3, 1879840), (2930, 3, 1879855), (2930, 3, 1885001), (2930, 3, 1885130), (2930, 3, 1885368), (2930, 3, 1885470), (2930, 3, 1885484), (1737, 3, 1889571), (1737, 3, 1889657), (1188, 3, 1892353), (4554, 3, 1898607), (2930, 3, 1899749), (1069, 0, 1899899), (2930, 3, 1900068), (2930, 3, 1900944), (477, 3, 1912145), (1069, 0, 1912343), (1069, 0, 1912386), (1069, 0, 1912453), (1069, 0, 1912495), (1188, 3, 1918018), (1188, 3, 1918044), (2234, 0, 1921612), (233, 3, 1925388), (8, 1, 1934141), (8, 1, 1934323), (8, 1, 1934698), (8, 1, 1934864), (267, 0, 1937018), (267, 0, 1937113), (267, 0, 1937179), (139, 0, 1954402), (500, 0, 1961389), (8, 1, 1963893), (8, 1, 1963957), (8, 1, 1964071), (8, 1, 1964103), (8, 1, 1964218), (8, 1, 1970022), (8, 1, 1970190), (5633, 3, 1972189), (5633, 3, 1973108), (2185, 0, 1974682), (2185, 0, 1974913), (2185, 0, 1974965), (2930, 3, 1976258), (566, 0, 1978590), (935, 3, 1986780), (2185, 0, 1987391), (2185, 0, 1987507), (2185, 0, 1987672), (2185, 0, 1987749), (2185, 0, 1988111), (2185, 0, 1988242), (2185, 0, 1988284), (477, 3, 1989584), (4436, 1, 1999046), (1036, 3, 2000813), (494, 0, 2001267), (494, 0, 2001297), (2185, 0, 2005766), (6534, 3, 2008436), (2185, 0, 2012687), (8, 1, 2025378), (588, 3, 2051576), (139, 0, 2054255), (2185, 0, 2058637), (2930, 3, 2082333), (3932, 0, 2085477), (3932, 0, 2085554), (3932, 0, 2085715), (3932, 0, 2085742), (3932, 0, 2085954), (828, 3, 2091647), (828, 3, 2091927), (828, 3, 2091997)]"
51 "[(8836, 3, 1835832), (8836, 3, 1838230)]"
5442 "[(9166, 3, 1852616)]"
710 "[(9106, 3, 1855949)]"
4666 "[(8347, 3, 1860297)]"
1404 "[(8510, 3, 1866007), (8510, 3, 1866054), (8510, 3, 1866228), (8510, 3, 1866311), (8510, 3, 1866332), (8510, 3, 1866366), (8510, 3, 1866409), (8510, 3, 1866429), (8510, 3, 1866474), (8510, 3, 1866499), (8510, 3, 1866632), (8510, 3, 1866664), (8510, 3, 1866727), (8510, 3, 1866747), (8510, 3, 1867035)]"
4325 "[(8506, 1, 1873406), (8636, 1, 1921005)]"
3031 "[(8909, 0, 1873636)]"
1794 "[(8295, 0, 1873684)]"
6108 "[(9166, 3, 1878736)]"
4697 "[(8563, 0, 1885506), (8563, 0, 1885567)]"
6556 "[(9166, 3, 1894084), (9166, 3, 1894193), (9166, 3, 1894276), (9166, 3, 1894398), (9166, 3, 1894503), (9166, 3, 1894686)]"
6019 "[(9166, 3, 1897031)]"
2051 "[(8484, 1, 1902010)]"
1220 "[(9185, 3, 1905802), (9185, 3, 1905974), (9185, 3, 1906042), (9185, 3, 1908136), (9185, 3, 1908341), (9185, 3, 1908378), (9185, 3, 1908468), (9185, 3, 1908485), (9185, 3, 1908570), (9185, 3, 1969568), (9185, 3, 1971431), (9185, 3, 1971619), (9185, 3, 1971822), (9185, 3, 1971943), (9185, 3, 1973529), (9185, 3, 2004925), (9185, 3, 2005156), (9185, 3, 2069437), (9185, 3, 2069524), (9185, 3, 2071869), (9185, 3, 2075473), (9185, 3, 2090192), (9185, 3, 2090218)]"
8774 "[(823, 1, 1907438), (5702, 1, 1927444), (5702, 1, 1927565), (1300, 1, 2040678)]"
6654 "[(8592, 0, 1917715), (8592, 0, 1917718), (8592, 0, 1917795)]"
3849 "[(9185, 3, 1920787)]"
288 "[(9140, 1, 1933081)]"
2068 "[(8347, 3, 1938253), (8347, 3, 1938570), (8347, 3, 1938914), (8347, 3, 1977316)]"
3225 "[(8295, 0, 1943558)]"
5534 "[(8347, 3, 1944107), (8347, 3, 1944159), (8347, 3, 1944404), (8347, 3, 1944551), (8347, 3, 1944653), (8347, 3, 1945757), (8347, 3, 1945884), (8347, 3, 1947394), (8347, 3, 2011881), (8347, 3, 2012619), (8347, 3, 2025019), (8347, 3, 2025087), (8347, 3, 2025473)]"
3070 "[(8988, 1, 1950366), (8988, 1, 1950519), (8988, 1, 1969436), (8988, 1, 1969633), (8988, 1, 1969688), (8988, 1, 1969879), (8988, 1, 1970452), (8988, 1, 1970604), (8988, 1, 1970637), (8988, 1, 1971115), (8988, 1, 1971194)]"
9081 "[(628, 3, 1951742)]"
8757 "[(383, 3, 1959840)]"
3514 "[(8260, 3, 1965026)]"
3831 "[(8260, 3, 1980670)]"
3009 "[(8640, 1, 1983111)]"
86 "[(8699, 0, 1984054)]"
1255 "[(8251, 3, 1985269)]"
9181 "[(68, 3, 1989364), (4112, 3, 2008264), (537, 1, 2065951)]"
171 "[(8521, 0, 1996210)]"
6834 "[(8352, 3, 2001520)]"
4579 "[(8260, 3, 2004343)]"
242 "[(8349, 1, 2035094)]"
1739 "[(9166, 3, 2055188)]"
9197 "[(1066, 0, 2073850)]"
2892 "[(9124, 3, 2074424)]"
2769 "[(8446, 1, 2074847), (8446, 1, 2081623), (8618, 0, 2083528), (8446, 1, 2086396), (8548, 3, 2087718), (8801, 0, 2090971)]"
